"        MT= 91 recoil spectrum "
" Initial neutron energy corresponds to the group:"
   1.80000E+01    1.82000E+01       0.00000E+00           312           901           590



          Low               High              Mid              Energy           Number             dn/de            E*dn/de          Cumulative
         Energy            Energy            Energy             Width          Fraction                               Sum   
         [MeV]             [MeV]             [MeV]              [MeV]

       2.40000E-06       2.42500E-06       2.41250E-06       2.49999E-08       0.00000E+00       0.00000E+00       0.00000E+00       0.00000E+00
       2.42500E-06       2.45000E-06       2.43750E-06       2.50001E-08       5.94606E-12       2.37841E-04       5.79739E-10       5.94606E-12
       2.45000E-06       2.47500E-06       2.46250E-06       2.49999E-08       6.00697E-12       2.40280E-04       5.91690E-10       1.19530E-11
       2.47500E-06       2.50000E-06       2.48750E-06       2.50001E-08       6.06788E-12       2.42714E-04       6.03752E-10       1.80209E-11
       2.50000E-06       2.52500E-06       2.51250E-06       2.50001E-08       6.12879E-12       2.45151E-04       6.15941E-10       2.41497E-11
       2.52500E-06       2.55000E-06       2.53750E-06       2.49999E-08       6.18970E-12       2.47589E-04       6.28258E-10       3.03394E-11
       2.55000E-06       2.57500E-06       2.56250E-06       2.50001E-08       6.25120E-12       2.50047E-04       6.40745E-10       3.65906E-11
       2.57500E-06       2.60000E-06       2.58750E-06       2.49999E-08       6.31211E-12       2.52486E-04       6.53307E-10       4.29027E-11
       2.60000E-06       2.62500E-06       2.61250E-06       2.50001E-08       6.37302E-12       2.54920E-04       6.65978E-10       4.92757E-11
       2.62500E-06       2.65000E-06       2.63750E-06       2.50001E-08       6.43393E-12       2.57356E-04       6.78777E-10       5.57096E-11
       2.65000E-06       2.67500E-06       2.66250E-06       2.49999E-08       6.49484E-12       2.59795E-04       6.91704E-10       6.22045E-11
       2.67500E-06       2.70000E-06       2.68750E-06       2.50001E-08       6.55575E-12       2.62229E-04       7.04740E-10       6.87602E-11
       2.70000E-06       2.72500E-06       2.71250E-06       2.49999E-08       6.61665E-12       2.64668E-04       7.17911E-10       7.53769E-11
       2.72500E-06       2.75000E-06       2.73750E-06       2.50001E-08       6.67756E-12       2.67102E-04       7.31190E-10       8.20544E-11
       2.75000E-06       2.77500E-06       2.76250E-06       2.50001E-08       6.73907E-12       2.69562E-04       7.44664E-10       8.87935E-11
       2.77500E-06       2.80000E-06       2.78750E-06       2.49999E-08       6.79997E-12       2.72001E-04       7.58201E-10       9.55935E-11
       2.80000E-06       2.82500E-06       2.81250E-06       2.50001E-08       6.86088E-12       2.74434E-04       7.71846E-10       1.02454E-10
       2.82500E-06       2.85000E-06       2.83750E-06       2.49999E-08       6.92179E-12       2.76873E-04       7.85628E-10       1.09376E-10
       2.85000E-06       2.87500E-06       2.86250E-06       2.50001E-08       6.98270E-12       2.79307E-04       7.99516E-10       1.16359E-10
       2.87500E-06       2.90000E-06       2.88750E-06       2.50001E-08       7.04361E-12       2.81743E-04       8.13534E-10       1.23402E-10
       2.90000E-06       2.92500E-06       2.91250E-06       2.49999E-08       7.10452E-12       2.84183E-04       8.27682E-10       1.30507E-10
       2.92500E-06       2.95000E-06       2.93750E-06       2.50001E-08       7.16543E-12       2.86616E-04       8.41935E-10       1.37672E-10
       2.95000E-06       2.97500E-06       2.96250E-06       2.49999E-08       7.22693E-12       2.89079E-04       8.56396E-10       1.44899E-10
       2.97500E-06       3.00000E-06       2.98750E-06       2.50001E-08       7.28784E-12       2.91512E-04       8.70894E-10       1.52187E-10
       3.00000E-06       3.02500E-06       3.01250E-06       2.50001E-08       7.34875E-12       2.93949E-04       8.85521E-10       1.59536E-10
       3.02500E-06       3.05000E-06       3.03750E-06       2.49999E-08       7.40966E-12       2.96388E-04       9.00279E-10       1.66946E-10
       3.05000E-06       3.07500E-06       3.06250E-06       2.50001E-08       7.47057E-12       2.98822E-04       9.15141E-10       1.74416E-10
       3.07500E-06       3.10000E-06       3.08750E-06       2.49999E-08       7.53148E-12       3.01261E-04       9.30143E-10       1.81948E-10
       3.10000E-06       3.12500E-06       3.11250E-06       2.50001E-08       7.59239E-12       3.03694E-04       9.45249E-10       1.89540E-10
       3.12500E-06       3.15000E-06       3.13750E-06       2.50001E-08       7.65330E-12       3.06131E-04       9.60485E-10       1.97193E-10
       3.15000E-06       3.17500E-06       3.16250E-06       2.49999E-08       7.71480E-12       3.08594E-04       9.75928E-10       2.04908E-10
       3.17500E-06       3.20000E-06       3.18750E-06       2.50001E-08       7.77571E-12       3.11027E-04       9.91399E-10       2.12684E-10
       3.20000E-06       3.22500E-06       3.21250E-06       2.49999E-08       7.83662E-12       3.13466E-04       1.00701E-09       2.20520E-10
       3.22500E-06       3.25000E-06       3.23750E-06       2.50001E-08       7.89753E-12       3.15900E-04       1.02273E-09       2.28418E-10
       3.25000E-06       3.27500E-06       3.26250E-06       2.50001E-08       7.95844E-12       3.18336E-04       1.03857E-09       2.36376E-10
       3.27500E-06       3.30000E-06       3.28750E-06       2.49999E-08       8.01934E-12       3.20776E-04       1.05455E-09       2.44396E-10
       3.30000E-06       3.32500E-06       3.31250E-06       2.50001E-08       8.08026E-12       3.23209E-04       1.07063E-09       2.52476E-10
       3.32500E-06       3.35000E-06       3.33750E-06       2.49999E-08       8.14116E-12       3.25648E-04       1.08685E-09       2.60617E-10
       3.35000E-06       3.37500E-06       3.36250E-06       2.50001E-08       8.20267E-12       3.28105E-04       1.10325E-09       2.68820E-10
       3.37500E-06       3.40000E-06       3.38750E-06       2.50001E-08       8.26357E-12       3.30542E-04       1.11971E-09       2.77083E-10
       3.40000E-06       3.42500E-06       3.41250E-06       2.49999E-08       8.32448E-12       3.32981E-04       1.13630E-09       2.85408E-10
       3.42500E-06       3.45000E-06       3.43750E-06       2.50001E-08       8.38539E-12       3.35414E-04       1.15299E-09       2.93793E-10
       3.45000E-06       3.47500E-06       3.46250E-06       2.49999E-08       8.44630E-12       3.37854E-04       1.16982E-09       3.02240E-10
       3.47500E-06       3.50000E-06       3.48750E-06       2.50001E-08       8.50721E-12       3.40287E-04       1.18675E-09       3.10747E-10
       3.50000E-06       3.52500E-06       3.51250E-06       2.50001E-08       8.56812E-12       3.42724E-04       1.20382E-09       3.19315E-10
       3.52500E-06       3.55000E-06       3.53750E-06       2.49999E-08       8.62903E-12       3.45163E-04       1.22102E-09       3.27944E-10
       3.55000E-06       3.57500E-06       3.56250E-06       2.50001E-08       8.69053E-12       3.47620E-04       1.23840E-09       3.36634E-10
       3.57500E-06       3.60000E-06       3.58750E-06       2.49999E-08       8.75144E-12       3.50060E-04       1.25584E-09       3.45386E-10
       3.60000E-06       3.62500E-06       3.61250E-06       2.50001E-08       8.81235E-12       3.52493E-04       1.27338E-09       3.54198E-10
       3.62500E-06       3.65000E-06       3.63750E-06       2.50001E-08       8.87326E-12       3.54929E-04       1.29105E-09       3.63072E-10
       3.65000E-06       3.67500E-06       3.66250E-06       2.49999E-08       8.93417E-12       3.57369E-04       1.30886E-09       3.72006E-10
       3.67500E-06       3.70000E-06       3.68750E-06       2.50001E-08       8.99508E-12       3.59802E-04       1.32677E-09       3.81001E-10
       3.70000E-06       3.72500E-06       3.71250E-06       2.49999E-08       9.05599E-12       3.62242E-04       1.34482E-09       3.90057E-10
       3.72500E-06       3.75000E-06       3.73750E-06       2.50001E-08       9.11690E-12       3.64675E-04       1.36297E-09       3.99174E-10
       3.75000E-06       3.77500E-06       3.76250E-06       2.50001E-08       9.17840E-12       3.67134E-04       1.38134E-09       4.08352E-10
       3.77500E-06       3.80000E-06       3.78750E-06       2.49999E-08       9.23931E-12       3.69574E-04       1.39976E-09       4.17591E-10
       3.80000E-06       3.82500E-06       3.81250E-06       2.50001E-08       9.30022E-12       3.72007E-04       1.41828E-09       4.26892E-10
       3.82500E-06       3.85000E-06       3.83750E-06       2.49999E-08       9.36113E-12       3.74447E-04       1.43694E-09       4.36253E-10
       3.85000E-06       3.87500E-06       3.86250E-06       2.50001E-08       9.42204E-12       3.76880E-04       1.45570E-09       4.45675E-10
       3.87500E-06       3.90000E-06       3.88750E-06       2.50001E-08       9.48295E-12       3.79316E-04       1.47459E-09       4.55158E-10
       3.90000E-06       3.92500E-06       3.91250E-06       2.49999E-08       9.54385E-12       3.81756E-04       1.49362E-09       4.64702E-10
       3.92500E-06       3.95000E-06       3.93750E-06       2.50001E-08       9.60476E-12       3.84189E-04       1.51274E-09       4.74306E-10
       3.95000E-06       3.97500E-06       3.96250E-06       2.49999E-08       9.66627E-12       3.86653E-04       1.53211E-09       4.83973E-10
       3.97500E-06       4.00000E-06       3.98750E-06       2.50001E-08       9.72717E-12       3.89085E-04       1.55148E-09       4.93700E-10
       4.00000E-06       4.02500E-06       4.01250E-06       2.50001E-08       9.78808E-12       3.91522E-04       1.57098E-09       5.03488E-10
       4.02500E-06       4.05000E-06       4.03750E-06       2.50001E-08       9.84899E-12       3.93958E-04       1.59061E-09       5.13337E-10
       4.05000E-06       4.07500E-06       4.06250E-06       2.49996E-08       9.90990E-12       3.96402E-04       1.61038E-09       5.23247E-10
       4.07500E-06       4.10000E-06       4.08750E-06       2.50001E-08       9.97081E-12       3.98831E-04       1.63022E-09       5.33218E-10
       4.10000E-06       4.12500E-06       4.11250E-06       2.50001E-08       1.00317E-11       4.01267E-04       1.65021E-09       5.43249E-10
       4.12500E-06       4.15000E-06       4.13750E-06       2.50001E-08       1.00926E-11       4.03704E-04       1.67032E-09       5.53342E-10
       4.15000E-06       4.17500E-06       4.16250E-06       2.50001E-08       1.01541E-11       4.06164E-04       1.69066E-09       5.63496E-10
       4.17500E-06       4.20000E-06       4.18750E-06       2.49996E-08       1.02150E-11       4.08608E-04       1.71105E-09       5.73711E-10
       4.20000E-06       4.22500E-06       4.21250E-06       2.50001E-08       1.02760E-11       4.11036E-04       1.73149E-09       5.83987E-10
       4.22500E-06       4.25000E-06       4.23750E-06       2.50001E-08       1.03369E-11       4.13473E-04       1.75209E-09       5.94324E-10
       4.25000E-06       4.27500E-06       4.26250E-06       2.50001E-08       1.03978E-11       4.15909E-04       1.77281E-09       6.04722E-10
       4.27500E-06       4.30000E-06       4.28750E-06       2.50001E-08       1.04587E-11       4.18346E-04       1.79366E-09       6.15180E-10
       4.30000E-06       4.32500E-06       4.31250E-06       2.49996E-08       1.05196E-11       4.20790E-04       1.81466E-09       6.25700E-10
       4.32500E-06       4.35000E-06       4.33750E-06       2.50001E-08       1.05811E-11       4.23242E-04       1.83581E-09       6.36281E-10
       4.35000E-06       4.37500E-06       4.36250E-06       2.50001E-08       1.06420E-11       4.25678E-04       1.85702E-09       6.46923E-10
       4.37500E-06       4.40000E-06       4.38750E-06       2.50001E-08       1.07029E-11       4.28115E-04       1.87835E-09       6.57626E-10
       4.40000E-06       4.42500E-06       4.41250E-06       2.50001E-08       1.07638E-11       4.30551E-04       1.89981E-09       6.68390E-10
       4.42500E-06       4.45000E-06       4.43750E-06       2.49996E-08       1.08247E-11       4.32996E-04       1.92142E-09       6.79215E-10
       4.45000E-06       4.47500E-06       4.46250E-06       2.50001E-08       1.08856E-11       4.35424E-04       1.94308E-09       6.90100E-10
       4.47500E-06       4.50000E-06       4.48750E-06       2.50001E-08       1.09465E-11       4.37860E-04       1.96490E-09       7.01047E-10
       4.50000E-06       4.52500E-06       4.51250E-06       2.50001E-08       1.10075E-11       4.40296E-04       1.98684E-09       7.12054E-10
       4.52500E-06       4.55000E-06       4.53750E-06       2.50001E-08       1.10690E-11       4.42757E-04       2.00901E-09       7.23123E-10
       4.55000E-06       4.57500E-06       4.56250E-06       2.49996E-08       1.11299E-11       4.45201E-04       2.03123E-09       7.34253E-10
       4.57500E-06       4.60000E-06       4.58750E-06       2.50001E-08       1.11908E-11       4.47629E-04       2.05350E-09       7.45444E-10
       4.60000E-06       4.62500E-06       4.61250E-06       2.50001E-08       1.12517E-11       4.50066E-04       2.07593E-09       7.56695E-10
       4.62500E-06       4.65000E-06       4.63750E-06       2.50001E-08       1.13126E-11       4.52502E-04       2.09848E-09       7.68008E-10
       4.65000E-06       4.67500E-06       4.66250E-06       2.50001E-08       1.13735E-11       4.54938E-04       2.12115E-09       7.79382E-10
       4.67500E-06       4.70000E-06       4.68750E-06       2.49996E-08       1.14344E-11       4.57383E-04       2.14399E-09       7.90816E-10
       4.70000E-06       4.72500E-06       4.71250E-06       2.50001E-08       1.14953E-11       4.59811E-04       2.16686E-09       8.02311E-10
       4.72500E-06       4.75000E-06       4.73750E-06       2.50001E-08       1.15568E-11       4.62271E-04       2.19001E-09       8.13868E-10
       4.75000E-06       4.77500E-06       4.76250E-06       2.50001E-08       1.16177E-11       4.64707E-04       2.21317E-09       8.25486E-10
       4.77500E-06       4.80000E-06       4.78750E-06       2.50001E-08       1.16786E-11       4.67144E-04       2.23645E-09       8.37164E-10
       4.80000E-06       4.82500E-06       4.81250E-06       2.49996E-08       1.17396E-11       4.69589E-04       2.25990E-09       8.48904E-10
       4.82500E-06       4.85000E-06       4.83750E-06       2.50001E-08       1.18005E-11       4.72017E-04       2.28338E-09       8.60704E-10
       4.85000E-06       4.87500E-06       4.86250E-06       2.50001E-08       1.18614E-11       4.74453E-04       2.30703E-09       8.72566E-10
       4.87500E-06       4.90000E-06       4.88750E-06       2.50001E-08       1.19223E-11       4.76889E-04       2.33080E-09       8.84488E-10
       4.90000E-06       4.92500E-06       4.91250E-06       2.50001E-08       1.19832E-11       4.79326E-04       2.35469E-09       8.96471E-10
       4.92500E-06       4.95000E-06       4.93750E-06       2.49996E-08       1.20447E-11       4.81795E-04       2.37886E-09       9.08516E-10
       4.95000E-06       4.97500E-06       4.96250E-06       2.50001E-08       1.21056E-11       4.84222E-04       2.40295E-09       9.20622E-10
       4.97500E-06       5.00000E-06       4.98750E-06       2.50001E-08       1.21665E-11       4.86658E-04       2.42721E-09       9.32788E-10
       5.00000E-06       5.02500E-06       5.01250E-06       2.50001E-08       1.22274E-11       4.89095E-04       2.45159E-09       9.45016E-10
       5.02500E-06       5.05000E-06       5.03750E-06       2.50001E-08       1.22883E-11       4.91531E-04       2.47609E-09       9.57304E-10
       5.05000E-06       5.07500E-06       5.06250E-06       2.49996E-08       1.23492E-11       4.93977E-04       2.50076E-09       9.69653E-10
       5.07500E-06       5.10000E-06       5.08750E-06       2.50001E-08       1.24101E-11       4.96404E-04       2.52545E-09       9.82063E-10
       5.10000E-06       5.12500E-06       5.11250E-06       2.50001E-08       1.24711E-11       4.98840E-04       2.55032E-09       9.94534E-10
       5.12500E-06       5.15000E-06       5.13750E-06       2.50001E-08       1.25326E-11       5.01300E-04       2.57543E-09       1.00707E-09
       5.15000E-06       5.17500E-06       5.16250E-06       2.50001E-08       1.25935E-11       5.03737E-04       2.60054E-09       1.01966E-09
       5.17500E-06       5.20000E-06       5.18750E-06       2.49996E-08       1.26544E-11       5.06183E-04       2.62582E-09       1.03231E-09
       5.20000E-06       5.22500E-06       5.21250E-06       2.50001E-08       1.27153E-11       5.08609E-04       2.65113E-09       1.04503E-09
       5.22500E-06       5.25000E-06       5.23750E-06       2.50001E-08       1.27762E-11       5.11046E-04       2.67660E-09       1.05781E-09
       5.25000E-06       5.27500E-06       5.26250E-06       2.50001E-08       1.28371E-11       5.13482E-04       2.70220E-09       1.07064E-09
       5.27500E-06       5.30000E-06       5.28750E-06       2.50001E-08       1.28980E-11       5.15918E-04       2.72792E-09       1.08354E-09
       5.30000E-06       5.32500E-06       5.31250E-06       2.49996E-08       1.29589E-11       5.18365E-04       2.75381E-09       1.09650E-09
       5.32500E-06       5.35000E-06       5.33750E-06       2.50001E-08       1.30204E-11       5.20815E-04       2.77985E-09       1.10952E-09
       5.35000E-06       5.37500E-06       5.36250E-06       2.50001E-08       1.30813E-11       5.23251E-04       2.80593E-09       1.12260E-09
       5.37500E-06       5.40000E-06       5.38750E-06       2.50001E-08       1.31422E-11       5.25688E-04       2.83214E-09       1.13574E-09
       5.40000E-06       5.42500E-06       5.41250E-06       2.50001E-08       1.32032E-11       5.28124E-04       2.85847E-09       1.14895E-09
       5.42500E-06       5.45000E-06       5.43750E-06       2.49996E-08       1.32641E-11       5.30571E-04       2.88498E-09       1.16221E-09
       5.45000E-06       5.47500E-06       5.46250E-06       2.50001E-08       1.33250E-11       5.32997E-04       2.91149E-09       1.17554E-09
       5.47500E-06       5.50000E-06       5.48750E-06       2.50001E-08       1.33859E-11       5.35433E-04       2.93819E-09       1.18892E-09
       5.50000E-06       5.52500E-06       5.51250E-06       2.50001E-08       1.34468E-11       5.37869E-04       2.96501E-09       1.20237E-09
       5.52500E-06       5.55000E-06       5.53750E-06       2.50001E-08       1.35083E-11       5.40329E-04       2.99207E-09       1.21588E-09
       5.55000E-06       5.57500E-06       5.56250E-06       2.49996E-08       1.35692E-11       5.42776E-04       3.01919E-09       1.22945E-09
       5.57500E-06       5.60000E-06       5.58750E-06       2.50001E-08       1.36301E-11       5.45202E-04       3.04632E-09       1.24308E-09
       5.60000E-06       5.62500E-06       5.61250E-06       2.50001E-08       1.36910E-11       5.47639E-04       3.07362E-09       1.25677E-09
       5.62500E-06       5.65000E-06       5.63750E-06       2.50001E-08       1.37519E-11       5.50075E-04       3.10105E-09       1.27052E-09
       5.65000E-06       5.67500E-06       5.66250E-06       2.50001E-08       1.38128E-11       5.52511E-04       3.12860E-09       1.28433E-09
       5.67500E-06       5.70000E-06       5.68750E-06       2.49996E-08       1.38737E-11       5.54958E-04       3.15633E-09       1.29821E-09
       5.70000E-06       5.72500E-06       5.71250E-06       2.50001E-08       1.39347E-11       5.57384E-04       3.18406E-09       1.31214E-09
       5.72500E-06       5.75000E-06       5.73750E-06       2.50001E-08       1.39962E-11       5.59844E-04       3.21211E-09       1.32614E-09
       5.75000E-06       5.77500E-06       5.76250E-06       2.50001E-08       1.40571E-11       5.62280E-04       3.24014E-09       1.34019E-09
       5.77500E-06       5.80000E-06       5.78750E-06       2.50001E-08       1.41180E-11       5.64717E-04       3.26830E-09       1.35431E-09
       5.80000E-06       5.82500E-06       5.81250E-06       2.49996E-08       1.41789E-11       5.67164E-04       3.29664E-09       1.36849E-09
       5.82500E-06       5.85000E-06       5.83750E-06       2.50001E-08       1.42398E-11       5.69590E-04       3.32498E-09       1.38273E-09
       5.85000E-06       5.87500E-06       5.86250E-06       2.50001E-08       1.43007E-11       5.72026E-04       3.35350E-09       1.39703E-09
       5.87500E-06       5.90000E-06       5.88750E-06       2.50001E-08       1.43616E-11       5.74462E-04       3.38215E-09       1.41139E-09
       5.90000E-06       5.92500E-06       5.91250E-06       2.50001E-08       1.44225E-11       5.76899E-04       3.41091E-09       1.42582E-09
       5.92500E-06       5.95000E-06       5.93750E-06       2.49996E-08       1.44840E-11       5.79370E-04       3.44001E-09       1.44030E-09
       5.95000E-06       5.97500E-06       5.96250E-06       2.50001E-08       1.45449E-11       5.81795E-04       3.46895E-09       1.45484E-09
       5.97500E-06       6.00000E-06       5.98750E-06       2.50001E-08       1.46058E-11       5.84231E-04       3.49809E-09       1.46945E-09
       6.00000E-06       6.02500E-06       6.01250E-06       2.50001E-08       1.46668E-11       5.86668E-04       3.52734E-09       1.48412E-09
       6.02500E-06       6.05000E-06       6.03750E-06       2.50001E-08       1.47277E-11       5.89104E-04       3.55672E-09       1.49884E-09
       6.05000E-06       6.07500E-06       6.06250E-06       2.49996E-08       1.47886E-11       5.91552E-04       3.58628E-09       1.51363E-09
       6.07500E-06       6.10000E-06       6.08750E-06       2.50001E-08       1.48495E-11       5.93977E-04       3.61583E-09       1.52848E-09
       6.10000E-06       6.12500E-06       6.11250E-06       2.50001E-08       1.49110E-11       5.96437E-04       3.64572E-09       1.54339E-09
       6.12500E-06       6.15000E-06       6.13750E-06       2.50001E-08       1.49719E-11       5.98873E-04       3.67558E-09       1.55837E-09
       6.15000E-06       6.17500E-06       6.16250E-06       2.50001E-08       1.50328E-11       6.01310E-04       3.70557E-09       1.57340E-09
       6.17500E-06       6.20000E-06       6.18750E-06       2.49996E-08       1.50937E-11       6.03758E-04       3.73575E-09       1.58849E-09
       6.20000E-06       6.22500E-06       6.21250E-06       2.50001E-08       1.51546E-11       6.06182E-04       3.76591E-09       1.60365E-09
       6.22500E-06       6.25000E-06       6.23750E-06       2.50001E-08       1.52155E-11       6.08619E-04       3.79626E-09       1.61886E-09
       6.25000E-06       6.27500E-06       6.26250E-06       2.50001E-08       1.52764E-11       6.11055E-04       3.82673E-09       1.63414E-09
       6.27500E-06       6.30000E-06       6.28750E-06       2.50001E-08       1.53373E-11       6.13491E-04       3.85733E-09       1.64948E-09
       6.30000E-06       6.32500E-06       6.31250E-06       2.49996E-08       1.53988E-11       6.15963E-04       3.88827E-09       1.66487E-09
       6.32500E-06       6.35000E-06       6.33750E-06       2.50001E-08       1.54598E-11       6.18388E-04       3.91903E-09       1.68033E-09
       6.35000E-06       6.37500E-06       6.36250E-06       2.50001E-08       1.55207E-11       6.20824E-04       3.94999E-09       1.69586E-09
       6.37500E-06       6.40000E-06       6.38750E-06       2.50001E-08       1.55816E-11       6.23261E-04       3.98108E-09       1.71144E-09
       6.40000E-06       6.42500E-06       6.41250E-06       2.50001E-08       1.56425E-11       6.25697E-04       4.01228E-09       1.72708E-09
       6.42500E-06       6.45000E-06       6.43750E-06       2.49996E-08       1.57034E-11       6.28145E-04       4.04369E-09       1.74278E-09
       6.45000E-06       6.47500E-06       6.46250E-06       2.50001E-08       1.57643E-11       6.30570E-04       4.07506E-09       1.75855E-09
       6.47500E-06       6.50000E-06       6.48750E-06       2.50001E-08       1.58252E-11       6.33006E-04       4.10663E-09       1.77437E-09
       6.50000E-06       6.52500E-06       6.51250E-06       2.50001E-08       1.58867E-11       6.35466E-04       4.13847E-09       1.79026E-09
       6.52500E-06       6.55000E-06       6.53750E-06       2.50001E-08       1.59476E-11       6.37902E-04       4.17029E-09       1.80621E-09
       6.55000E-06       6.57500E-06       6.56250E-06       2.49996E-08       1.60085E-11       6.40351E-04       4.20230E-09       1.82222E-09
       6.57500E-06       6.60000E-06       6.58750E-06       2.50001E-08       1.60694E-11       6.42775E-04       4.23428E-09       1.83828E-09
       6.60000E-06       6.62500E-06       6.61250E-06       2.50001E-08       1.61304E-11       6.45212E-04       4.26646E-09       1.85441E-09
       6.62500E-06       6.65000E-06       6.63750E-06       2.50001E-08       1.61913E-11       6.47648E-04       4.29876E-09       1.87061E-09
       6.65000E-06       6.67500E-06       6.66250E-06       2.50001E-08       1.62522E-11       6.50084E-04       4.33119E-09       1.88686E-09
       6.67500E-06       6.70000E-06       6.68750E-06       2.49996E-08       1.63131E-11       6.52533E-04       4.36382E-09       1.90317E-09
       6.70000E-06       6.72500E-06       6.71250E-06       2.50001E-08       1.63746E-11       6.54981E-04       4.39656E-09       1.91955E-09
       6.72500E-06       6.75000E-06       6.73750E-06       2.50001E-08       1.64355E-11       6.57417E-04       4.42935E-09       1.93598E-09
       6.75000E-06       6.77500E-06       6.76250E-06       2.50001E-08       1.64964E-11       6.59853E-04       4.46226E-09       1.95248E-09
       6.77500E-06       6.80000E-06       6.78750E-06       2.50001E-08       1.65573E-11       6.62290E-04       4.49529E-09       1.96904E-09
       6.80000E-06       6.82500E-06       6.81250E-06       2.49996E-08       1.66182E-11       6.64739E-04       4.52853E-09       1.98565E-09
       6.82500E-06       6.85000E-06       6.83750E-06       2.50001E-08       1.66791E-11       6.67163E-04       4.56172E-09       2.00233E-09
       6.85000E-06       6.87500E-06       6.86250E-06       2.50001E-08       1.67400E-11       6.69599E-04       4.59512E-09       2.01907E-09
       6.87500E-06       6.90000E-06       6.88750E-06       2.50001E-08       1.68009E-11       6.72035E-04       4.62864E-09       2.03587E-09
       6.90000E-06       6.92500E-06       6.91250E-06       2.50001E-08       1.68624E-11       6.74495E-04       4.66245E-09       2.05274E-09
       6.92500E-06       6.95000E-06       6.93750E-06       2.49996E-08       1.69234E-11       6.76945E-04       4.69630E-09       2.06966E-09
       6.95000E-06       6.97500E-06       6.96250E-06       2.50001E-08       1.69843E-11       6.79368E-04       4.73010E-09       2.08664E-09
       6.97500E-06       7.00000E-06       6.98750E-06       2.50001E-08       1.70452E-11       6.81804E-04       4.76411E-09       2.10369E-09
       7.00000E-06       7.02500E-06       7.01250E-06       2.50001E-08       1.71061E-11       6.84241E-04       4.79824E-09       2.12079E-09
       7.02500E-06       7.05000E-06       7.03750E-06       2.50001E-08       1.71670E-11       6.86677E-04       4.83249E-09       2.13796E-09
       7.05000E-06       7.07500E-06       7.06250E-06       2.49996E-08       1.72279E-11       6.89127E-04       4.86696E-09       2.15519E-09
       7.07500E-06       7.10000E-06       7.08750E-06       2.50001E-08       1.72888E-11       6.91550E-04       4.90136E-09       2.17248E-09
       7.10000E-06       7.12500E-06       7.11250E-06       2.50001E-08       1.73503E-11       6.94010E-04       4.93615E-09       2.18983E-09
       7.12500E-06       7.15000E-06       7.13750E-06       2.50001E-08       1.74112E-11       6.96446E-04       4.97088E-09       2.20724E-09
       7.15000E-06       7.17500E-06       7.16250E-06       2.50001E-08       1.74721E-11       6.98883E-04       5.00575E-09       2.22471E-09
       7.17500E-06       7.20000E-06       7.18750E-06       2.49996E-08       1.75330E-11       7.01332E-04       5.04083E-09       2.24225E-09
       7.20000E-06       7.22500E-06       7.21250E-06       2.50001E-08       1.75940E-11       7.03755E-04       5.07583E-09       2.25984E-09
       7.22500E-06       7.25000E-06       7.23750E-06       2.50001E-08       1.76549E-11       7.06192E-04       5.11106E-09       2.27749E-09
       7.25000E-06       7.27500E-06       7.26250E-06       2.50001E-08       1.77158E-11       7.08628E-04       5.14641E-09       2.29521E-09
       7.27500E-06       7.30000E-06       7.28750E-06       2.50001E-08       1.77767E-11       7.11064E-04       5.18188E-09       2.31299E-09
       7.30000E-06       7.32500E-06       7.31250E-06       2.49996E-08       1.78382E-11       7.13538E-04       5.21775E-09       2.33082E-09
       7.32500E-06       7.35000E-06       7.33750E-06       2.50001E-08       1.78991E-11       7.15961E-04       5.25336E-09       2.34872E-09
       7.35000E-06       7.37500E-06       7.36250E-06       2.50001E-08       1.79600E-11       7.18397E-04       5.28920E-09       2.36668E-09
       7.37500E-06       7.40000E-06       7.38750E-06       2.50001E-08       1.80209E-11       7.20834E-04       5.32516E-09       2.38470E-09
       7.40000E-06       7.42500E-06       7.41250E-06       2.50001E-08       1.80818E-11       7.23270E-04       5.36124E-09       2.40279E-09
       7.42500E-06       7.45000E-06       7.43750E-06       2.49996E-08       1.81427E-11       7.25720E-04       5.39754E-09       2.42093E-09
       7.45000E-06       7.47500E-06       7.46250E-06       2.50001E-08       1.82036E-11       7.28143E-04       5.43376E-09       2.43913E-09
       7.47500E-06       7.50000E-06       7.48750E-06       2.50001E-08       1.82645E-11       7.30579E-04       5.47021E-09       2.45740E-09
       7.50000E-06       7.52500E-06       7.51250E-06       2.50001E-08       1.83260E-11       7.33039E-04       5.50696E-09       2.47572E-09
       7.52500E-06       7.55000E-06       7.53750E-06       2.50001E-08       1.83870E-11       7.35475E-04       5.54365E-09       2.49411E-09
       7.55000E-06       7.57500E-06       7.56250E-06       2.49996E-08       1.84479E-11       7.37926E-04       5.58056E-09       2.51256E-09
       7.57500E-06       7.60000E-06       7.58750E-06       2.50001E-08       1.85088E-11       7.40348E-04       5.61739E-09       2.53107E-09
       7.60000E-06       7.62500E-06       7.61250E-06       2.50001E-08       1.85697E-11       7.42785E-04       5.65445E-09       2.54964E-09
       7.62500E-06       7.65000E-06       7.63750E-06       2.50001E-08       1.86306E-11       7.45221E-04       5.69162E-09       2.56827E-09
       7.65000E-06       7.67500E-06       7.66250E-06       2.50001E-08       1.86915E-11       7.47657E-04       5.72892E-09       2.58696E-09
       7.67500E-06       7.70000E-06       7.68750E-06       2.49996E-08       1.87524E-11       7.50108E-04       5.76645E-09       2.60571E-09
       7.70000E-06       7.72500E-06       7.71250E-06       2.50001E-08       1.88139E-11       7.52554E-04       5.80407E-09       2.62452E-09
       7.72500E-06       7.75000E-06       7.73750E-06       2.50001E-08       1.88748E-11       7.54990E-04       5.84174E-09       2.64340E-09
       7.75000E-06       7.77500E-06       7.76250E-06       2.50001E-08       1.89357E-11       7.57426E-04       5.87952E-09       2.66234E-09
       7.77500E-06       7.80000E-06       7.78750E-06       2.50001E-08       1.89966E-11       7.59863E-04       5.91743E-09       2.68133E-09
       7.80000E-06       7.82500E-06       7.81250E-06       2.49996E-08       1.90576E-11       7.62314E-04       5.95558E-09       2.70039E-09
       7.82500E-06       7.85000E-06       7.83750E-06       2.50001E-08       1.91185E-11       7.64735E-04       5.99361E-09       2.71951E-09
       7.85000E-06       7.87500E-06       7.86250E-06       2.50001E-08       1.91794E-11       7.67172E-04       6.03189E-09       2.73869E-09
       7.87500E-06       7.90000E-06       7.88750E-06       2.50001E-08       1.92409E-11       7.69632E-04       6.07047E-09       2.75793E-09
       7.90000E-06       7.92500E-06       7.91250E-06       2.50001E-08       1.93018E-11       7.72068E-04       6.10899E-09       2.77723E-09
       7.92500E-06       7.95000E-06       7.93750E-06       2.49996E-08       1.93627E-11       7.74519E-04       6.14775E-09       2.79659E-09
       7.95000E-06       7.97500E-06       7.96250E-06       2.50001E-08       1.94236E-11       7.76941E-04       6.18639E-09       2.81602E-09
       7.97500E-06       8.00000E-06       7.98750E-06       2.50001E-08       1.94845E-11       7.79377E-04       6.22528E-09       2.83550E-09
       8.00000E-06       8.02500E-06       8.01250E-06       2.49996E-08       1.95454E-11       7.81829E-04       6.26440E-09       2.85505E-09
       8.02500E-06       8.05000E-06       8.03750E-06       2.50006E-08       1.96063E-11       7.84235E-04       6.30329E-09       2.87465E-09
       8.05000E-06       8.07500E-06       8.06250E-06       2.49996E-08       1.96672E-11       7.86701E-04       6.34278E-09       2.89432E-09
       8.07500E-06       8.10000E-06       8.08750E-06       2.50006E-08       1.97287E-11       7.89131E-04       6.38210E-09       2.91405E-09
       8.10000E-06       8.12500E-06       8.11250E-06       2.49996E-08       1.97896E-11       7.91598E-04       6.42184E-09       2.93384E-09
       8.12500E-06       8.15000E-06       8.13750E-06       2.49996E-08       1.98506E-11       7.94034E-04       6.46145E-09       2.95369E-09
       8.15000E-06       8.17500E-06       8.16250E-06       2.50006E-08       1.99115E-11       7.96440E-04       6.50094E-09       2.97360E-09
       8.17500E-06       8.20000E-06       8.18750E-06       2.49996E-08       1.99724E-11       7.98907E-04       6.54105E-09       2.99357E-09
       8.20000E-06       8.22500E-06       8.21250E-06       2.50006E-08       2.00333E-11       8.01313E-04       6.58078E-09       3.01361E-09
       8.22500E-06       8.25000E-06       8.23750E-06       2.49996E-08       2.00942E-11       8.03780E-04       6.62114E-09       3.03370E-09
       8.25000E-06       8.27500E-06       8.26250E-06       2.49996E-08       2.01551E-11       8.06216E-04       6.66136E-09       3.05386E-09
       8.27500E-06       8.30000E-06       8.28750E-06       2.50006E-08       2.02166E-11       8.08646E-04       6.70165E-09       3.07407E-09
       8.30000E-06       8.32500E-06       8.31250E-06       2.49996E-08       2.02775E-11       8.11113E-04       6.74238E-09       3.09435E-09
       8.32500E-06       8.35000E-06       8.33750E-06       2.50006E-08       2.03384E-11       8.13518E-04       6.78271E-09       3.11469E-09
       8.35000E-06       8.37500E-06       8.36250E-06       2.49996E-08       2.03993E-11       8.15986E-04       6.82368E-09       3.13509E-09
       8.37500E-06       8.40000E-06       8.38750E-06       2.49996E-08       2.04602E-11       8.18422E-04       6.86452E-09       3.15555E-09
       8.40000E-06       8.42500E-06       8.41250E-06       2.50006E-08       2.05212E-11       8.20827E-04       6.90521E-09       3.17607E-09
       8.42500E-06       8.45000E-06       8.43750E-06       2.49996E-08       2.05821E-11       8.23295E-04       6.94655E-09       3.19665E-09
       8.45000E-06       8.47500E-06       8.46250E-06       2.50006E-08       2.06430E-11       8.25700E-04       6.98748E-09       3.21729E-09
       8.47500E-06       8.50000E-06       8.48750E-06       2.49996E-08       2.07045E-11       8.28191E-04       7.02927E-09       3.23800E-09
       8.50000E-06       8.52500E-06       8.51250E-06       2.49996E-08       2.07654E-11       8.30628E-04       7.07072E-09       3.25876E-09
       8.52500E-06       8.55000E-06       8.53750E-06       2.50006E-08       2.08263E-11       8.33032E-04       7.11201E-09       3.27959E-09
       8.55000E-06       8.57500E-06       8.56250E-06       2.49996E-08       2.08872E-11       8.35501E-04       7.15397E-09       3.30048E-09
       8.57500E-06       8.60000E-06       8.58750E-06       2.50006E-08       2.09481E-11       8.37905E-04       7.19551E-09       3.32142E-09
       8.60000E-06       8.62500E-06       8.61250E-06       2.49996E-08       2.10090E-11       8.40374E-04       7.23772E-09       3.34243E-09
       8.62500E-06       8.65000E-06       8.63750E-06       2.49996E-08       2.10699E-11       8.42810E-04       7.27977E-09       3.36350E-09
       8.65000E-06       8.67500E-06       8.66250E-06       2.50006E-08       2.11308E-11       8.45214E-04       7.32167E-09       3.38463E-09
       8.67500E-06       8.70000E-06       8.68750E-06       2.49996E-08       2.11923E-11       8.47706E-04       7.36445E-09       3.40583E-09
       8.70000E-06       8.72500E-06       8.71250E-06       2.50006E-08       2.12532E-11       8.50110E-04       7.40659E-09       3.42708E-09
       8.72500E-06       8.75000E-06       8.73750E-06       2.49996E-08       2.13142E-11       8.52579E-04       7.44941E-09       3.44839E-09
       8.75000E-06       8.77500E-06       8.76250E-06       2.49996E-08       2.13751E-11       8.55016E-04       7.49207E-09       3.46977E-09
       8.77500E-06       8.80000E-06       8.78750E-06       2.50006E-08       2.14360E-11       8.57419E-04       7.53457E-09       3.49121E-09
       8.80000E-06       8.82500E-06       8.81250E-06       2.49996E-08       2.14969E-11       8.59889E-04       7.57777E-09       3.51270E-09
       8.82500E-06       8.85000E-06       8.83750E-06       2.50006E-08       2.15578E-11       8.62292E-04       7.62051E-09       3.53426E-09
       8.85000E-06       8.87500E-06       8.86250E-06       2.49996E-08       2.16187E-11       8.64761E-04       7.66395E-09       3.55588E-09
       8.87500E-06       8.90000E-06       8.88750E-06       2.49996E-08       2.16802E-11       8.67221E-04       7.70743E-09       3.57756E-09
       8.90000E-06       8.92500E-06       8.91250E-06       2.50006E-08       2.17411E-11       8.69625E-04       7.75053E-09       3.59930E-09
       8.92500E-06       8.95000E-06       8.93750E-06       2.49996E-08       2.18020E-11       8.72094E-04       7.79434E-09       3.62110E-09
       8.95000E-06       8.97500E-06       8.96250E-06       2.50006E-08       2.18629E-11       8.74497E-04       7.83768E-09       3.64297E-09
       8.97500E-06       9.00000E-06       8.98750E-06       2.49996E-08       2.19238E-11       8.76967E-04       7.88174E-09       3.66489E-09
       9.00000E-06       9.02500E-06       9.01250E-06       2.49996E-08       2.19848E-11       8.79404E-04       7.92562E-09       3.68687E-09
       9.02500E-06       9.05000E-06       9.03750E-06       2.50006E-08       2.20457E-11       8.81806E-04       7.96932E-09       3.70892E-09
       9.05000E-06       9.07500E-06       9.06250E-06       2.49996E-08       2.21066E-11       8.84276E-04       8.01375E-09       3.73103E-09
       9.07500E-06       9.10000E-06       9.08750E-06       2.50006E-08       2.21681E-11       8.86702E-04       8.05791E-09       3.75319E-09
       9.10000E-06       9.12500E-06       9.11250E-06       2.49996E-08       2.22290E-11       8.89173E-04       8.10259E-09       3.77542E-09
       9.12500E-06       9.15000E-06       9.13750E-06       2.49996E-08       2.22899E-11       8.91609E-04       8.14708E-09       3.79771E-09
       9.15000E-06       9.17500E-06       9.16250E-06       2.50006E-08       2.23508E-11       8.94011E-04       8.19138E-09       3.82006E-09
       9.17500E-06       9.20000E-06       9.18750E-06       2.49996E-08       2.24117E-11       8.96482E-04       8.23643E-09       3.84248E-09
       9.20000E-06       9.22500E-06       9.21250E-06       2.50006E-08       2.24726E-11       8.98884E-04       8.28097E-09       3.86495E-09
       9.22500E-06       9.25000E-06       9.23750E-06       2.49996E-08       2.25335E-11       9.01355E-04       8.32627E-09       3.88748E-09
       9.25000E-06       9.27500E-06       9.26250E-06       2.49996E-08       2.25944E-11       9.03791E-04       8.37137E-09       3.91008E-09
       9.27500E-06       9.30000E-06       9.28750E-06       2.50006E-08       2.26559E-11       9.06217E-04       8.41649E-09       3.93273E-09
       9.30000E-06       9.32500E-06       9.31250E-06       2.49996E-08       2.27168E-11       9.08688E-04       8.46215E-09       3.95545E-09
       9.32500E-06       9.35000E-06       9.33750E-06       2.50006E-08       2.27778E-11       9.11089E-04       8.50730E-09       3.97823E-09
       9.35000E-06       9.37500E-06       9.36250E-06       2.49996E-08       2.28387E-11       9.13561E-04       8.55321E-09       4.00107E-09
       9.37500E-06       9.40000E-06       9.38750E-06       2.49996E-08       2.28996E-11       9.15997E-04       8.59892E-09       4.02397E-09
       9.40000E-06       9.42500E-06       9.41250E-06       2.50006E-08       2.29605E-11       9.18398E-04       8.64442E-09       4.04693E-09
       9.42500E-06       9.45000E-06       9.43750E-06       2.49996E-08       2.30214E-11       9.20870E-04       8.69071E-09       4.06995E-09
       9.45000E-06       9.47500E-06       9.46250E-06       2.50006E-08       2.30823E-11       9.23271E-04       8.73645E-09       4.09303E-09
       9.47500E-06       9.50000E-06       9.48750E-06       2.49996E-08       2.31438E-11       9.25766E-04       8.78321E-09       4.11617E-09
       9.50000E-06       9.52500E-06       9.51250E-06       2.49996E-08       2.32047E-11       9.28203E-04       8.82953E-09       4.13938E-09
       9.52500E-06       9.55000E-06       9.53750E-06       2.50006E-08       2.32656E-11       9.30604E-04       8.87563E-09       4.16264E-09
       9.55000E-06       9.57500E-06       9.56250E-06       2.49996E-08       2.33265E-11       9.33076E-04       8.92253E-09       4.18597E-09
       9.57500E-06       9.60000E-06       9.58750E-06       2.50006E-08       2.33874E-11       9.35476E-04       8.96888E-09       4.20936E-09
       9.60000E-06       9.62500E-06       9.61250E-06       2.49996E-08       2.34484E-11       9.37948E-04       9.01603E-09       4.23281E-09
       9.62500E-06       9.65000E-06       9.63750E-06       2.49996E-08       2.35093E-11       9.40385E-04       9.06296E-09       4.25632E-09
       9.65000E-06       9.67500E-06       9.66250E-06       2.50006E-08       2.35708E-11       9.42809E-04       9.10989E-09       4.27989E-09
       9.67500E-06       9.70000E-06       9.68750E-06       2.49996E-08       2.36317E-11       9.45281E-04       9.15741E-09       4.30352E-09
       9.70000E-06       9.72500E-06       9.71250E-06       2.50006E-08       2.36926E-11       9.47681E-04       9.20436E-09       4.32721E-09
       9.72500E-06       9.75000E-06       9.73750E-06       2.49996E-08       2.37535E-11       9.50154E-04       9.25212E-09       4.35096E-09
       9.75000E-06       9.77500E-06       9.76250E-06       2.49996E-08       2.38144E-11       9.52591E-04       9.29967E-09       4.37478E-09
       9.77500E-06       9.80000E-06       9.78750E-06       2.50006E-08       2.38753E-11       9.54990E-04       9.34697E-09       4.39865E-09
       9.80000E-06       9.82500E-06       9.81250E-06       2.49996E-08       2.39362E-11       9.57463E-04       9.39511E-09       4.42259E-09
       9.82500E-06       9.85000E-06       9.83750E-06       2.50006E-08       2.39971E-11       9.59863E-04       9.44265E-09       4.44659E-09
       9.85000E-06       9.87500E-06       9.86250E-06       2.49996E-08       2.40586E-11       9.62360E-04       9.49127E-09       4.47065E-09
       9.87500E-06       9.90000E-06       9.88750E-06       2.49996E-08       2.41195E-11       9.64796E-04       9.53942E-09       4.49477E-09
       9.90000E-06       9.92500E-06       9.91250E-06       2.50006E-08       2.41804E-11       9.67196E-04       9.58733E-09       4.51895E-09
       9.92500E-06       9.95000E-06       9.93750E-06       2.49996E-08       2.42414E-11       9.69669E-04       9.63608E-09       4.54319E-09
       9.95000E-06       9.97500E-06       9.96250E-06       2.50006E-08       2.43023E-11       9.72068E-04       9.68423E-09       4.56749E-09
       9.97500E-06       1.00000E-05       9.98750E-06       2.49996E-08       2.43632E-11       9.74542E-04       9.73324E-09       4.59185E-09
       1.00000E-05       1.04713E-05       1.02356E-05       4.71300E-07       4.70700E-10       9.98726E-04       1.02226E-08       5.06255E-09
       1.04713E-05       1.09648E-05       1.07180E-05       4.93500E-07       5.16098E-10       1.04579E-03       1.12088E-08       5.57865E-09
       1.09648E-05       1.14815E-05       1.12232E-05       5.16700E-07       5.65902E-10       1.09522E-03       1.22919E-08       6.14455E-09
       1.14815E-05       1.20226E-05       1.17521E-05       5.41101E-07       6.20507E-10       1.14675E-03       1.34767E-08       6.76506E-09
       1.20226E-05       1.25892E-05       1.23059E-05       5.66600E-07       6.80352E-10       1.20076E-03       1.47765E-08       7.44541E-09
       1.25892E-05       1.31826E-05       1.28859E-05       5.93400E-07       7.45993E-10       1.25715E-03       1.61995E-08       8.19140E-09
       1.31826E-05       1.38038E-05       1.34932E-05       6.21200E-07       8.17960E-10       1.31674E-03       1.77671E-08       9.00936E-09
       1.38038E-05       1.44544E-05       1.41291E-05       6.50600E-07       8.96906E-10       1.37858E-03       1.94781E-08       9.90627E-09
       1.44544E-05       1.51356E-05       1.47950E-05       6.81200E-07       9.83421E-10       1.44366E-03       2.13589E-08       1.08897E-08
       1.51356E-05       1.58489E-05       1.54922E-05       7.13300E-07       1.07827E-09       1.51167E-03       2.34192E-08       1.19680E-08
       1.58489E-05       1.65959E-05       1.62224E-05       7.47000E-07       1.18235E-09       1.58280E-03       2.56768E-08       1.31503E-08
       1.65959E-05       1.73780E-05       1.69869E-05       7.82101E-07       1.29642E-09       1.65762E-03       2.81579E-08       1.44467E-08
       1.73780E-05       1.81970E-05       1.77875E-05       8.19000E-07       1.42150E-09       1.73565E-03       3.08728E-08       1.58682E-08
       1.81970E-05       1.90546E-05       1.86258E-05       8.57599E-07       1.55863E-09       1.81743E-03       3.38512E-08       1.74269E-08
       1.90546E-05       1.99526E-05       1.95036E-05       8.98001E-07       1.70895E-09       1.90306E-03       3.71166E-08       1.91358E-08
       1.99526E-05       2.08930E-05       2.04228E-05       9.40399E-07       1.87388E-09       1.99264E-03       4.06954E-08       2.10097E-08
       2.08930E-05       2.18776E-05       2.13853E-05       9.84600E-07       2.05466E-09       2.08679E-03       4.46267E-08       2.30644E-08
       2.18776E-05       2.29087E-05       2.23932E-05       1.03110E-06       2.25288E-09       2.18493E-03       4.89274E-08       2.53172E-08
       2.29087E-05       2.39883E-05       2.34485E-05       1.07960E-06       2.47020E-09       2.28807E-03       5.36519E-08       2.77874E-08
       2.39883E-05       2.51189E-05       2.45536E-05       1.13060E-06       2.70852E-09       2.39565E-03       5.88217E-08       3.04960E-08
       2.51189E-05       2.63027E-05       2.57108E-05       1.18380E-06       2.96990E-09       2.50878E-03       6.45028E-08       3.34658E-08
       2.63027E-05       2.75423E-05       2.69225E-05       1.23960E-06       3.25641E-09       2.62698E-03       7.07250E-08       3.67223E-08
       2.75423E-05       2.88403E-05       2.81913E-05       1.29800E-06       3.57059E-09       2.75084E-03       7.75498E-08       4.02928E-08
       2.88403E-05       3.01995E-05       2.95199E-05       1.35920E-06       3.91506E-09       2.88041E-03       8.50295E-08       4.42079E-08
       3.01995E-05       3.16228E-05       3.09111E-05       1.42330E-06       4.29275E-09       3.01605E-03       9.32297E-08       4.85007E-08
       3.16228E-05       3.31131E-05       3.23679E-05       1.49030E-06       4.69298E-09       3.14902E-03       1.01927E-07       5.31936E-08
       3.31131E-05       3.46737E-05       3.38934E-05       1.56060E-06       5.03685E-09       3.22751E-03       1.09391E-07       5.82305E-08
       3.46737E-05       3.63078E-05       3.54907E-05       1.63410E-06       5.38871E-09       3.29766E-03       1.17036E-07       6.36192E-08
       3.63078E-05       3.80189E-05       3.71634E-05       1.71110E-06       5.76824E-09       3.37107E-03       1.25280E-07       6.93874E-08
       3.80189E-05       3.98107E-05       3.89148E-05       1.79180E-06       6.17775E-09       3.44780E-03       1.34170E-07       7.55652E-08
       3.98107E-05       4.16869E-05       4.07488E-05       1.87620E-06       6.61985E-09       3.52832E-03       1.43775E-07       8.21850E-08
       4.16869E-05       4.36516E-05       4.26692E-05       1.96470E-06       7.09731E-09       3.61241E-03       1.54139E-07       8.92823E-08
       4.36516E-05       4.57088E-05       4.46802E-05       2.05720E-06       7.61326E-09       3.70079E-03       1.65352E-07       9.68956E-08
       4.57088E-05       4.78630E-05       4.67859E-05       2.15420E-06       8.17103E-09       3.79307E-03       1.77462E-07       1.05067E-07
       4.78630E-05       5.01187E-05       4.89908E-05       2.25570E-06       8.76634E-09       3.88631E-03       1.90394E-07       1.13833E-07
       5.01187E-05       5.24808E-05       5.12998E-05       2.36210E-06       9.38348E-09       3.97251E-03       2.03789E-07       1.23216E-07
       5.24808E-05       5.49541E-05       5.37174E-05       2.47330E-06       1.00469E-08       4.06213E-03       2.18207E-07       1.33263E-07
       5.49541E-05       5.75440E-05       5.62490E-05       2.58990E-06       1.07628E-08       4.15569E-03       2.33754E-07       1.44026E-07
       5.75440E-05       6.02560E-05       5.89000E-05       2.71200E-06       1.15359E-08       4.25366E-03       2.50541E-07       1.55562E-07
       6.02560E-05       6.30957E-05       6.16758E-05       2.83970E-06       1.23711E-08       4.35649E-03       2.68690E-07       1.67933E-07
       6.30957E-05       6.60693E-05       6.45825E-05       2.97360E-06       1.32689E-08       4.46224E-03       2.88183E-07       1.81202E-07
       6.60693E-05       6.91831E-05       6.76262E-05       3.11380E-06       1.41979E-08       4.55968E-03       3.08354E-07       1.95400E-07
       6.91831E-05       7.24436E-05       7.08134E-05       3.26051E-06       1.51894E-08       4.65860E-03       3.29891E-07       2.10589E-07
       7.24436E-05       7.58578E-05       7.41507E-05       3.41420E-06       1.62587E-08       4.76209E-03       3.53112E-07       2.26848E-07
       7.58578E-05       7.94328E-05       7.76453E-05       3.57500E-06       1.74126E-08       4.87066E-03       3.78184E-07       2.44261E-07
       7.94328E-05       8.31764E-05       8.13046E-05       3.74360E-06       1.86583E-08       4.98405E-03       4.05226E-07       2.62919E-07
       8.31764E-05       8.70964E-05       8.51364E-05       3.92000E-06       2.00035E-08       5.10295E-03       4.34446E-07       2.82923E-07
       8.70964E-05       9.12011E-05       8.91488E-05       4.10471E-06       2.14572E-08       5.22746E-03       4.66022E-07       3.04380E-07
       9.12011E-05       9.54993E-05       9.33502E-05       4.29820E-06       2.30287E-08       5.35777E-03       5.00149E-07       3.27408E-07
       9.54993E-05       1.00000E-04       9.77497E-05       4.50070E-06       2.47091E-08       5.49006E-03       5.36651E-07       3.52118E-07
       1.00000E-04       1.04713E-04       1.02356E-04       4.71300E-06       2.64501E-08       5.61216E-03       5.74442E-07       3.78568E-07
       1.04713E-04       1.09648E-04       1.07181E-04       4.93501E-06       2.83187E-08       5.73834E-03       6.15038E-07       4.06886E-07
       1.09648E-04       1.14815E-04       1.12232E-04       5.16700E-06       3.03369E-08       5.87128E-03       6.58943E-07       4.37223E-07
       1.14815E-04       1.20226E-04       1.17520E-04       5.41100E-06       3.25144E-08       6.00896E-03       7.06176E-07       4.69738E-07
       1.20226E-04       1.25892E-04       1.23059E-04       5.66600E-06       3.48682E-08       6.15394E-03       7.57297E-07       5.04606E-07
       1.25892E-04       1.31826E-04       1.28859E-04       5.93401E-06       3.74012E-08       6.30285E-03       8.12179E-07       5.42007E-07
       1.31826E-04       1.38038E-04       1.34932E-04       6.21199E-06       4.00230E-08       6.44287E-03       8.69349E-07       5.82030E-07
       1.38038E-04       1.44544E-04       1.41291E-04       6.50601E-06       4.28178E-08       6.58127E-03       9.29875E-07       6.24848E-07
       1.44544E-04       1.51356E-04       1.47950E-04       6.81200E-06       4.58306E-08       6.72793E-03       9.95396E-07       6.70679E-07
       1.51356E-04       1.58489E-04       1.54922E-04       7.13300E-06       4.90825E-08       6.88104E-03       1.06603E-06       7.19761E-07
       1.58489E-04       1.65959E-04       1.62224E-04       7.47000E-06       5.25926E-08       7.04051E-03       1.14214E-06       7.72354E-07
       1.65959E-04       1.73780E-04       1.69870E-04       7.82100E-06       5.63834E-08       7.20923E-03       1.22463E-06       8.28737E-07
       1.73780E-04       1.81970E-04       1.77875E-04       8.19000E-06       6.04795E-08       7.38455E-03       1.31353E-06       8.89217E-07
       1.81970E-04       1.90546E-04       1.86258E-04       8.57600E-06       6.49076E-08       7.56851E-03       1.40970E-06       9.54124E-07
       1.90546E-04       1.99526E-04       1.95036E-04       8.98000E-06       6.96502E-08       7.75615E-03       1.51273E-06       1.02377E-06
       1.99526E-04       2.08930E-04       2.04228E-04       9.40399E-06       7.45626E-08       7.92882E-03       1.61929E-06       1.09834E-06
       2.08930E-04       2.18776E-04       2.13853E-04       9.84601E-06       7.98310E-08       8.10795E-03       1.73391E-06       1.17817E-06
       2.18776E-04       2.29087E-04       2.23932E-04       1.03110E-05       8.55162E-08       8.29369E-03       1.85722E-06       1.26368E-06
       2.29087E-04       2.39883E-04       2.34485E-04       1.07960E-05       9.16545E-08       8.48968E-03       1.99070E-06       1.35534E-06
       2.39883E-04       2.51189E-04       2.45536E-04       1.13060E-05       9.82865E-08       8.69330E-03       2.13452E-06       1.45363E-06
       2.51189E-04       2.63027E-04       2.57108E-04       1.18380E-05       1.05434E-07       8.90641E-03       2.28991E-06       1.55906E-06
       2.63027E-04       2.75423E-04       2.69225E-04       1.23960E-05       1.12882E-07       9.10630E-03       2.45164E-06       1.67194E-06
       2.75423E-04       2.88403E-04       2.81913E-04       1.29800E-05       1.20819E-07       9.30807E-03       2.62407E-06       1.79276E-06
       2.88403E-04       3.01995E-04       2.95199E-04       1.35920E-05       1.29382E-07       9.51901E-03       2.81000E-06       1.92214E-06
       3.01995E-04       3.16228E-04       3.09111E-04       1.42330E-05       1.38626E-07       9.73978E-03       3.01068E-06       2.06077E-06
       3.16228E-04       3.31131E-04       3.23680E-04       1.49030E-05       1.48610E-07       9.97178E-03       3.22766E-06       2.20938E-06
       3.31131E-04       3.46737E-04       3.38934E-04       1.56060E-05       1.59398E-07       1.02139E-02       3.46183E-06       2.36878E-06
       3.46737E-04       3.63078E-04       3.54908E-04       1.63410E-05       1.71057E-07       1.04679E-02       3.71515E-06       2.53983E-06
       3.63078E-04       3.80189E-04       3.71634E-04       1.71110E-05       1.83666E-07       1.07338E-02       3.98904E-06       2.72350E-06
       3.80189E-04       3.98107E-04       3.89148E-04       1.79180E-05       1.97207E-07       1.10061E-02       4.28299E-06       2.92071E-06
       3.98107E-04       4.16869E-04       4.07488E-04       1.87620E-05       2.11259E-07       1.12600E-02       4.58830E-06       3.13196E-06
       4.16869E-04       4.36516E-04       4.26692E-04       1.96470E-05       2.26325E-07       1.15196E-02       4.91532E-06       3.35829E-06
       4.36516E-04       4.57088E-04       4.46802E-04       2.05720E-05       2.42596E-07       1.17925E-02       5.26892E-06       3.60089E-06
       4.57088E-04       4.78630E-04       4.67859E-04       2.15420E-05       2.60172E-07       1.20774E-02       5.65054E-06       3.86106E-06
       4.78630E-04       5.01187E-04       4.89909E-04       2.25570E-05       2.79169E-07       1.23761E-02       6.06317E-06       4.14023E-06
       5.01187E-04       5.24808E-04       5.12998E-04       2.36210E-05       2.99664E-07       1.26863E-02       6.50806E-06       4.43989E-06
       5.24808E-04       5.49541E-04       5.37175E-04       2.47330E-05       3.20933E-07       1.29759E-02       6.97031E-06       4.76082E-06
       5.49541E-04       5.75440E-04       5.62491E-04       2.58990E-05       3.43507E-07       1.32633E-02       7.46051E-06       5.10433E-06
       5.75440E-04       6.02560E-04       5.89000E-04       2.71200E-05       3.67866E-07       1.35644E-02       7.98943E-06       5.47220E-06
       6.02560E-04       6.30957E-04       6.16758E-04       2.83970E-05       3.94158E-07       1.38803E-02       8.56079E-06       5.86635E-06
       6.30957E-04       6.60693E-04       6.45825E-04       2.97360E-05       4.22556E-07       1.42103E-02       9.17734E-06       6.28891E-06
       6.60693E-04       6.91831E-04       6.76262E-04       3.11380E-05       4.53240E-07       1.45558E-02       9.84357E-06       6.74215E-06
       6.91831E-04       7.24436E-04       7.08133E-04       3.26050E-05       4.86407E-07       1.49182E-02       1.05641E-05       7.22856E-06
       7.24436E-04       7.58578E-04       7.41507E-04       3.41420E-05       5.22276E-07       1.52972E-02       1.13430E-05       7.75083E-06
       7.58578E-04       7.94328E-04       7.76453E-04       3.57500E-05       5.60831E-07       1.56876E-02       1.21807E-05       8.31166E-06
       7.94328E-04       8.31764E-04       8.13046E-04       3.74360E-05       6.00750E-07       1.60474E-02       1.30473E-05       8.91241E-06
       8.31764E-04       8.70964E-04       8.51364E-04       3.92000E-05       6.43458E-07       1.64147E-02       1.39749E-05       9.55587E-06
       8.70964E-04       9.12011E-04       8.91487E-04       4.10470E-05       6.89560E-07       1.67993E-02       1.49763E-05       1.02454E-05
       9.12011E-04       9.54993E-04       9.33502E-04       4.29820E-05       7.39363E-07       1.72017E-02       1.60578E-05       1.09848E-05
       9.54993E-04       1.00000E-03       9.77497E-04       4.50070E-05       7.93183E-07       1.76235E-02       1.72269E-05       1.17780E-05
       1.00000E-03       1.04713E-03       1.02356E-03       4.71300E-05       8.51277E-07       1.80623E-02       1.84880E-05       1.26293E-05
       1.04713E-03       1.09648E-03       1.07180E-03       4.93500E-05       9.11654E-07       1.84732E-02       1.97997E-05       1.35409E-05
       1.09648E-03       1.14815E-03       1.12231E-03       5.16700E-05       9.75627E-07       1.88819E-02       2.11914E-05       1.45165E-05
       1.14815E-03       1.20226E-03       1.17520E-03       5.41100E-05       1.04459E-06       1.93049E-02       2.26873E-05       1.55611E-05
       1.20226E-03       1.25892E-03       1.23059E-03       5.66600E-05       1.11907E-06       1.97506E-02       2.43049E-05       1.66802E-05
       1.25892E-03       1.31826E-03       1.28859E-03       5.93400E-05       1.19949E-06       2.02139E-02       2.60474E-05       1.78797E-05
       1.31826E-03       1.38038E-03       1.34932E-03       6.21200E-05       1.28634E-06       2.07073E-02       2.79407E-05       1.91660E-05
       1.38038E-03       1.44544E-03       1.41291E-03       6.50599E-05       1.38024E-06       2.12149E-02       2.99748E-05       2.05463E-05
       1.44544E-03       1.51356E-03       1.47950E-03       6.81201E-05       1.48174E-06       2.17518E-02       3.21818E-05       2.20280E-05
       1.51356E-03       1.58489E-03       1.54923E-03       7.13300E-05       1.59100E-06       2.23048E-02       3.45552E-05       2.36190E-05
       1.58489E-03       1.65959E-03       1.62224E-03       7.47000E-05       1.70419E-06       2.28138E-02       3.70095E-05       2.53232E-05
       1.65959E-03       1.73780E-03       1.69870E-03       7.82101E-05       1.82506E-06       2.33353E-02       3.96396E-05       2.71483E-05
       1.73780E-03       1.81970E-03       1.77875E-03       8.18999E-05       1.95554E-06       2.38772E-02       4.24716E-05       2.91038E-05
       1.81970E-03       1.90546E-03       1.86258E-03       8.57600E-05       2.09647E-06       2.44457E-02       4.55321E-05       3.12003E-05
       1.90546E-03       1.99526E-03       1.95036E-03       8.98001E-05       2.24872E-06       2.50414E-02       4.88397E-05       3.34490E-05
       1.99526E-03       2.08930E-03       2.04228E-03       9.40400E-05       2.41315E-06       2.56609E-02       5.24068E-05       3.58621E-05
       2.08930E-03       2.18776E-03       2.13853E-03       9.84600E-05       2.58439E-06       2.62481E-02       5.61323E-05       3.84465E-05
       2.18776E-03       2.29087E-03       2.23932E-03       1.03110E-04       2.76518E-06       2.68177E-02       6.00533E-05       4.12117E-05
       2.29087E-03       2.39883E-03       2.34485E-03       1.07960E-04       2.96018E-06       2.74192E-02       6.42940E-05       4.41719E-05
       2.39883E-03       2.51189E-03       2.45536E-03       1.13060E-04       3.17062E-06       2.80438E-02       6.88576E-05       4.73425E-05
       2.51189E-03       2.63027E-03       2.57108E-03       1.18380E-04       3.39786E-06       2.87029E-02       7.37976E-05       5.07404E-05
       2.63027E-03       2.75423E-03       2.69225E-03       1.23960E-04       3.64328E-06       2.93908E-02       7.91274E-05       5.43836E-05
       2.75423E-03       2.88403E-03       2.81913E-03       1.29800E-04       3.90849E-06       3.01116E-02       8.48886E-05       5.82921E-05
       2.88403E-03       3.01995E-03       2.95199E-03       1.35920E-04       4.19522E-06       3.08654E-02       9.11143E-05       6.24874E-05
       3.01995E-03       3.16228E-03       3.09112E-03       1.42330E-04       4.50347E-06       3.16410E-02       9.78061E-05       6.69908E-05
       3.16228E-03       3.31131E-03       3.23679E-03       1.49030E-04       4.81568E-06       3.23135E-02       1.04592E-04       7.18065E-05
       3.31131E-03       3.46737E-03       3.38934E-03       1.56060E-04       5.14559E-06       3.29719E-02       1.11753E-04       7.69521E-05
       3.46737E-03       3.63078E-03       3.54907E-03       1.63410E-04       5.50091E-06       3.36633E-02       1.19473E-04       8.24530E-05
       3.63078E-03       3.80189E-03       3.71633E-03       1.71110E-04       5.88388E-06       3.43866E-02       1.27792E-04       8.83369E-05
       3.80189E-03       3.98107E-03       3.89148E-03       1.79180E-04       6.29685E-06       3.51426E-02       1.36757E-04       9.46337E-05
       3.98107E-03       4.16869E-03       4.07488E-03       1.87620E-04       6.74208E-06       3.59348E-02       1.46430E-04       1.01376E-04
       4.16869E-03       4.36516E-03       4.26693E-03       1.96470E-04       7.20712E-06       3.66830E-02       1.56524E-04       1.08583E-04
       4.36516E-03       4.57088E-03       4.46802E-03       2.05720E-04       7.69700E-06       3.74150E-02       1.67171E-04       1.16280E-04
       4.57088E-03       4.78630E-03       4.67859E-03       2.15420E-04       8.22437E-06       3.81783E-02       1.78621E-04       1.24504E-04
       4.78630E-03       5.01187E-03       4.89909E-03       2.25570E-04       8.79248E-06       3.89789E-02       1.90961E-04       1.33297E-04
       5.01187E-03       5.24807E-03       5.12997E-03       2.36200E-04       9.40489E-06       3.98175E-02       2.04263E-04       1.42702E-04
       5.24807E-03       5.49541E-03       5.37174E-03       2.47340E-04       1.00651E-05       4.06935E-02       2.18595E-04       1.52767E-04
       5.49541E-03       5.75440E-03       5.62491E-03       2.58990E-04       1.07775E-05       4.16135E-02       2.34072E-04       1.63544E-04
       5.75440E-03       6.02560E-03       5.89000E-03       2.71200E-04       1.15464E-05       4.25752E-02       2.50768E-04       1.75091E-04
       6.02560E-03       6.30957E-03       6.16759E-03       2.83970E-04       1.23743E-05       4.35762E-02       2.68760E-04       1.87465E-04
       6.30957E-03       6.60693E-03       6.45825E-03       2.97360E-04       1.32343E-05       4.45058E-02       2.87429E-04       2.00699E-04
       6.60693E-03       6.91831E-03       6.76262E-03       3.11380E-04       1.41485E-05       4.54380E-02       3.07280E-04       2.14848E-04
       6.91831E-03       7.24436E-03       7.08133E-03       3.26050E-04       1.51338E-05       4.64156E-02       3.28684E-04       2.29982E-04
       7.24436E-03       7.58578E-03       7.41507E-03       3.41420E-04       1.61963E-05       4.74380E-02       3.51756E-04       2.46178E-04
       7.58578E-03       7.94328E-03       7.76453E-03       3.57500E-04       1.73426E-05       4.85107E-02       3.76663E-04       2.63520E-04
       7.94328E-03       8.31764E-03       8.13046E-03       3.74360E-04       1.85792E-05       4.96293E-02       4.03509E-04       2.82100E-04
       8.31764E-03       8.70964E-03       8.51364E-03       3.92000E-04       1.98606E-05       5.06648E-02       4.31342E-04       3.01960E-04
       8.70964E-03       9.12011E-03       8.91487E-03       4.10471E-04       2.11944E-05       5.16344E-02       4.60314E-04       3.23155E-04
       9.12011E-03       9.54993E-03       9.33502E-03       4.29819E-04       2.26294E-05       5.26486E-02       4.91476E-04       3.45784E-04
       9.54993E-03       1.00000E-02       9.77496E-03       4.50070E-04       2.41739E-05       5.37115E-02       5.25028E-04       3.69958E-04
       1.00000E-02       1.04713E-02       1.02357E-02       4.71300E-04       2.58378E-05       5.48224E-02       5.61143E-04       3.95796E-04
       1.04713E-02       1.09648E-02       1.07180E-02       4.93500E-04       2.76297E-05       5.59872E-02       6.00074E-04       4.23425E-04
       1.09648E-02       1.14815E-02       1.12232E-02       5.16700E-04       2.95629E-05       5.72148E-02       6.42130E-04       4.52988E-04
       1.14815E-02       1.20226E-02       1.17521E-02       5.41100E-04       3.16464E-05       5.84854E-02       6.87323E-04       4.84635E-04
       1.20226E-02       1.25892E-02       1.23059E-02       5.66601E-04       3.38896E-05       5.98122E-02       7.36043E-04       5.18524E-04
       1.25892E-02       1.31826E-02       1.28859E-02       5.93399E-04       3.61856E-05       6.09802E-02       7.85785E-04       5.54710E-04
       1.31826E-02       1.38038E-02       1.34932E-02       6.21200E-04       3.85999E-05       6.21376E-02       8.38435E-04       5.93310E-04
       1.38038E-02       1.44544E-02       1.41291E-02       6.50601E-04       4.11978E-05       6.33228E-02       8.94694E-04       6.34508E-04
       1.44544E-02       1.51356E-02       1.47950E-02       6.81199E-04       4.39920E-05       6.45803E-02       9.55465E-04       6.78500E-04
       1.51356E-02       1.58489E-02       1.54923E-02       7.13301E-04       4.70011E-05       6.58924E-02       1.02082E-03       7.25501E-04
       1.58489E-02       1.65959E-02       1.62224E-02       7.47000E-04       5.02413E-05       6.72575E-02       1.09108E-03       7.75742E-04
       1.65959E-02       1.73780E-02       1.69870E-02       7.82100E-04       5.36019E-05       6.85359E-02       1.16422E-03       8.29344E-04
       1.73780E-02       1.81970E-02       1.77875E-02       8.19000E-04       5.70797E-05       6.96944E-02       1.23969E-03       8.86424E-04
       1.81970E-02       1.90546E-02       1.86258E-02       8.57600E-04       6.08124E-05       7.09101E-02       1.32076E-03       9.47236E-04
       1.90546E-02       1.99526E-02       1.95036E-02       8.98000E-04       6.48212E-05       7.21840E-02       1.40785E-03       1.01206E-03
       1.99526E-02       2.08930E-02       2.04228E-02       9.40400E-04       6.91304E-05       7.35117E-02       1.50131E-03       1.08119E-03
       2.08930E-02       2.18776E-02       2.13853E-02       9.84600E-04       7.37631E-05       7.49168E-02       1.60212E-03       1.15495E-03
       2.18776E-02       2.29087E-02       2.23931E-02       1.03110E-03       7.87464E-05       7.63713E-02       1.71019E-03       1.23370E-03
       2.29087E-02       2.39883E-02       2.34485E-02       1.07960E-03       8.41100E-05       7.79084E-02       1.82683E-03       1.31781E-03
       2.39883E-02       2.51189E-02       2.45536E-02       1.13060E-03       8.98780E-05       7.94959E-02       1.95191E-03       1.40769E-03
       2.51189E-02       2.63027E-02       2.57108E-02       1.18380E-03       9.58862E-05       8.09987E-02       2.08254E-03       1.50357E-03
       2.63027E-02       2.75423E-02       2.69225E-02       1.23960E-03       1.02237E-04       8.24755E-02       2.22045E-03       1.60581E-03
       2.75423E-02       2.88403E-02       2.81913E-02       1.29800E-03       1.09063E-04       8.40241E-02       2.36875E-03       1.71487E-03
       2.88403E-02       3.01995E-02       2.95199E-02       1.35920E-03       1.16406E-04       8.56428E-02       2.52817E-03       1.83128E-03
       3.01995E-02       3.16228E-02       3.09112E-02       1.42330E-03       1.24307E-04       8.73369E-02       2.69968E-03       1.95558E-03
       3.16228E-02       3.31131E-02       3.23680E-02       1.49030E-03       1.32811E-04       8.91172E-02       2.88454E-03       2.08840E-03
       3.31131E-02       3.46737E-02       3.38934E-02       1.56060E-03       1.41533E-04       9.06914E-02       3.07384E-03       2.22993E-03
       3.46737E-02       3.63078E-02       3.54908E-02       1.63410E-03       1.50352E-04       9.20087E-02       3.26546E-03       2.38028E-03
       3.63078E-02       3.80189E-02       3.71633E-02       1.71110E-03       1.59787E-04       9.33826E-02       3.47041E-03       2.54007E-03
       3.80189E-02       3.98107E-02       3.89148E-02       1.79180E-03       1.69895E-04       9.48178E-02       3.68982E-03       2.70996E-03
       3.98107E-02       4.16869E-02       4.07488E-02       1.87620E-03       1.80726E-04       9.63255E-02       3.92515E-03       2.89069E-03
       4.16869E-02       4.36516E-02       4.26693E-02       1.96470E-03       1.92341E-04       9.78981E-02       4.17724E-03       3.08303E-03
       4.36516E-02       4.57088E-02       4.46802E-02       2.05720E-03       2.04803E-04       9.95542E-02       4.44810E-03       3.28783E-03
       4.57088E-02       4.78630E-02       4.67859E-02       2.15420E-03       2.18179E-04       1.01281E-01       4.73851E-03       3.50601E-03
       4.78630E-02       5.01187E-02       4.89908E-02       2.25570E-03       2.32529E-04       1.03085E-01       5.05023E-03       3.73854E-03
       5.01187E-02       5.24808E-02       5.12998E-02       2.36210E-03       2.47364E-04       1.04722E-01       5.37221E-03       3.98590E-03
       5.24808E-02       5.49541E-02       5.37174E-02       2.47330E-03       2.62896E-04       1.06293E-01       5.70981E-03       4.24880E-03
       5.49541E-02       5.75440E-02       5.62491E-02       2.58990E-03       2.79535E-04       1.07933E-01       6.07111E-03       4.52833E-03
       5.75440E-02       6.02560E-02       5.89000E-02       2.71200E-03       2.97369E-04       1.09649E-01       6.45835E-03       4.82570E-03
       6.02560E-02       6.30957E-02       6.16758E-02       2.83970E-03       3.16491E-04       1.11452E-01       6.87392E-03       5.14219E-03
       6.30957E-02       6.60693E-02       6.45825E-02       2.97360E-03       3.37009E-04       1.13334E-01       7.31937E-03       5.47920E-03
       6.60693E-02       6.91831E-02       6.76262E-02       3.11380E-03       3.58632E-04       1.15175E-01       7.78883E-03       5.83783E-03
       6.91831E-02       7.24436E-02       7.08134E-02       3.26050E-03       3.81227E-04       1.16923E-01       8.27971E-03       6.21906E-03
       7.24436E-02       7.58578E-02       7.41507E-02       3.41420E-03       4.05425E-04       1.18747E-01       8.80517E-03       6.62449E-03
       7.58578E-02       7.94328E-02       7.76453E-02       3.57500E-03       4.31365E-04       1.20662E-01       9.36881E-03       7.05585E-03
       7.94328E-02       8.31764E-02       8.13046E-02       3.74360E-03       4.59205E-04       1.22664E-01       9.97314E-03       7.51506E-03
       8.31764E-02       8.70964E-02       8.51364E-02       3.92000E-03       4.90405E-04       1.25103E-01       1.06508E-02       8.00546E-03
       8.70964E-02       9.12011E-02       8.91488E-02       4.10470E-03       5.25179E-04       1.27946E-01       1.14062E-02       8.53064E-03
       9.12011E-02       9.54993E-02       9.33502E-02       4.29820E-03       5.65860E-04       1.31651E-01       1.22896E-02       9.09650E-03
       9.54993E-02       1.00000E-01       9.77497E-02       4.50070E-03       6.13464E-04       1.36304E-01       1.33237E-02       9.70996E-03
       1.00000E-01       1.04713E-01       1.02357E-01       4.71300E-03       6.64131E-04       1.40915E-01       1.44235E-02       1.03741E-02
       1.04713E-01       1.09648E-01       1.07180E-01       4.93500E-03       7.18323E-04       1.45557E-01       1.56009E-02       1.10924E-02
       1.09648E-01       1.14815E-01       1.12231E-01       5.16700E-03       7.77317E-04       1.50439E-01       1.68840E-02       1.18697E-02
       1.14815E-01       1.20226E-01       1.17520E-01       5.41100E-03       8.41467E-04       1.55510E-01       1.82757E-02       1.27112E-02
       1.20226E-01       1.25892E-01       1.23059E-01       5.66600E-03       9.11341E-04       1.60844E-01       1.97933E-02       1.36225E-02
       1.25892E-01       1.31826E-01       1.28859E-01       5.93400E-03       9.87413E-04       1.66399E-01       2.14420E-02       1.46100E-02
       1.31826E-01       1.38038E-01       1.34932E-01       6.21200E-03       1.06857E-03       1.72017E-01       2.32106E-02       1.56785E-02
       1.38038E-01       1.44544E-01       1.41291E-01       6.50600E-03       1.15397E-03       1.77370E-01       2.50607E-02       1.68325E-02
       1.44544E-01       1.51356E-01       1.47950E-01       6.81200E-03       1.24664E-03       1.83006E-01       2.70758E-02       1.80791E-02
       1.51356E-01       1.58489E-01       1.54923E-01       7.13300E-03       1.34741E-03       1.88897E-01       2.92645E-02       1.94265E-02
       1.58489E-01       1.65959E-01       1.62224E-01       7.47000E-03       1.45695E-03       1.95041E-01       3.16403E-02       2.08835E-02
       1.65959E-01       1.73780E-01       1.69869E-01       7.82100E-03       1.57389E-03       2.01239E-01       3.41843E-02       2.24574E-02
       1.73780E-01       1.81970E-01       1.77875E-01       8.19000E-03       1.69867E-03       2.07408E-01       3.68928E-02       2.41561E-02
       1.81970E-01       1.90546E-01       1.86258E-01       8.57600E-03       1.83378E-03       2.13827E-01       3.98270E-02       2.59898E-02
       1.90546E-01       1.99526E-01       1.95036E-01       8.98000E-03       2.05517E-03       2.28860E-01       4.46360E-02       2.80450E-02
       1.99526E-01       2.08930E-01       2.04228E-01       9.40400E-03       2.40362E-03       2.55596E-01       5.21998E-02       3.04486E-02
       2.08930E-01       2.18776E-01       2.13853E-01       9.84600E-03       2.80694E-03       2.85085E-01       6.09662E-02       3.32556E-02
       2.18776E-01       2.29087E-01       2.23931E-01       1.03110E-02       3.25726E-03       3.15901E-01       7.07402E-02       3.65128E-02
       2.29087E-01       2.39883E-01       2.34485E-01       1.07960E-02       3.75314E-03       3.47642E-01       8.15168E-02       4.02660E-02
       2.39883E-01       2.51189E-01       2.45536E-01       1.13060E-02       4.28656E-03       3.79140E-01       9.30926E-02       4.45525E-02
       2.51189E-01       2.63027E-01       2.57108E-01       1.18380E-02       4.87807E-03       4.12069E-01       1.05946E-01       4.94306E-02
       2.63027E-01       2.75423E-01       2.69225E-01       1.23960E-02       5.52233E-03       4.45493E-01       1.19938E-01       5.49529E-02
       2.75423E-01       2.88403E-01       2.81913E-01       1.29800E-02       6.21004E-03       4.78431E-01       1.34876E-01       6.11630E-02
       2.88403E-01       3.01995E-01       2.95199E-01       1.35920E-02       6.97017E-03       5.12814E-01       1.51382E-01       6.81331E-02
       3.01995E-01       3.16228E-01       3.09112E-01       1.42330E-02       7.81131E-03       5.48817E-01       1.69646E-01       7.59444E-02
       3.16228E-01       3.31131E-01       3.23680E-01       1.49030E-02       8.73944E-03       5.86421E-01       1.89813E-01       8.46839E-02
       3.31131E-01       3.46737E-01       3.38934E-01       1.56060E-02       9.72623E-03       6.23237E-01       2.11236E-01       9.44101E-02
       3.46737E-01       3.63078E-01       3.54908E-01       1.63410E-02       1.07970E-02       6.60730E-01       2.34498E-01       1.05207E-01
       3.63078E-01       3.80189E-01       3.71633E-01       1.71110E-02       1.19774E-02       6.99982E-01       2.60137E-01       1.17184E-01
       3.80189E-01       3.98107E-01       3.89148E-01       1.79180E-02       1.32677E-02       7.40466E-01       2.88151E-01       1.30452E-01
       3.98107E-01       4.16869E-01       4.07488E-01       1.87620E-02       1.46225E-02       7.79366E-01       3.17582E-01       1.45075E-01
       4.16869E-01       4.36516E-01       4.26692E-01       1.96470E-02       1.60985E-02       8.19389E-01       3.49627E-01       1.61173E-01
       4.36516E-01       4.57088E-01       4.46802E-01       2.05720E-02       1.77201E-02       8.61372E-01       3.84863E-01       1.78893E-01
       4.57088E-01       4.78630E-01       4.67859E-01       2.15420E-02       1.95013E-02       9.05269E-01       4.23538E-01       1.98395E-01
       4.78630E-01       5.01187E-01       4.89909E-01       2.25570E-02       2.14577E-02       9.51267E-01       4.66034E-01       2.19852E-01
       5.01187E-01       5.24808E-01       5.12998E-01       2.36210E-02       2.36078E-02       9.99440E-01       5.12710E-01       2.43460E-01
       5.24808E-01       5.49541E-01       5.37174E-01       2.47330E-02       2.59763E-02       1.05027E+00       5.64177E-01       2.69436E-01
       5.49541E-01       5.75440E-01       5.62490E-01       2.58990E-02       2.85853E-02       1.10372E+00       6.20834E-01       2.98022E-01
       5.75440E-01       6.02560E-01       5.89000E-01       2.71200E-02       3.35857E-02       1.23841E+00       7.29424E-01       3.31607E-01
       6.02560E-01       6.30957E-01       6.16758E-01       2.83970E-02       4.20325E-02       1.48017E+00       9.12909E-01       3.73640E-01
       6.30957E-01       6.60693E-01       6.45825E-01       2.97360E-02       3.35257E-02       1.12745E+00       7.28133E-01       4.07166E-01
       6.60693E-01       6.91831E-01       6.76262E-01       3.11380E-02       3.31635E-02       1.06505E+00       7.20253E-01       4.40329E-01
       6.91831E-01       7.24436E-01       7.08133E-01       3.26050E-02       3.27702E-02       1.00507E+00       7.11722E-01       4.73099E-01
       7.24436E-01       7.58578E-01       7.41507E-01       3.41420E-02       3.24374E-02       9.50073E-01       7.04486E-01       5.05537E-01
       7.58578E-01       7.94328E-01       7.76453E-01       3.57500E-02       3.20107E-02       8.95404E-01       6.95239E-01       5.37547E-01
       7.94328E-01       8.31764E-01       8.13046E-01       3.74360E-02       3.14915E-02       8.41208E-01       6.83941E-01       5.69039E-01
       8.31764E-01       8.70964E-01       8.51364E-01       3.92000E-02       3.07535E-02       7.84527E-01       6.67918E-01       5.99792E-01
       8.70964E-01       9.12011E-01       8.91487E-01       4.10470E-02       2.97664E-02       7.25178E-01       6.46487E-01       6.29559E-01
       9.12011E-01       9.54993E-01       9.33502E-01       4.29820E-02       2.84978E-02       6.63017E-01       6.18928E-01       6.58056E-01
       9.54993E-01       1.00000E+00       9.77497E-01       4.50070E-02       2.69116E-02       5.97942E-01       5.84486E-01       6.84968E-01
       1.00000E+00       1.04713E+00       1.02357E+00       4.71300E-02       2.50733E-02       5.32004E-01       5.44540E-01       7.10041E-01
       1.04713E+00       1.09648E+00       1.07181E+00       4.93500E-02       2.30511E-02       4.67095E-01       5.00635E-01       7.33093E-01
       1.09648E+00       1.14815E+00       1.12231E+00       5.16700E-02       2.06434E-02       3.99524E-01       4.48391E-01       7.53736E-01
       1.14815E+00       1.20226E+00       1.17520E+00       5.41100E-02       1.79281E-02       3.31327E-01       3.89378E-01       7.71664E-01
       1.20226E+00       1.25892E+00       1.23059E+00       5.66600E-02       1.48051E-02       2.61298E-01       3.21550E-01       7.86469E-01
       1.25892E+00       1.31826E+00       1.28859E+00       5.93400E-02       1.30997E-02       2.20756E-01       2.84464E-01       7.99569E-01
       1.31826E+00       1.38038E+00       1.34932E+00       6.21200E-02       1.28135E-02       2.06270E-01       2.78325E-01       8.12382E-01
       1.38038E+00       1.44544E+00       1.41291E+00       6.50600E-02       1.24300E-02       1.91055E-01       2.69943E-01       8.24812E-01
       1.44544E+00       1.51356E+00       1.47950E+00       6.81200E-02       1.19328E-02       1.75173E-01       2.59169E-01       8.36745E-01
       1.51356E+00       1.58489E+00       1.54923E+00       7.13300E-02       1.13080E-02       1.58531E-01       2.45599E-01       8.48053E-01
       1.58489E+00       1.65959E+00       1.62224E+00       7.47000E-02       1.09099E-02       1.46049E-01       2.36927E-01       8.58963E-01
       1.65959E+00       1.73780E+00       1.69869E+00       7.82100E-02       1.09564E-02       1.40089E-01       2.37969E-01       8.69919E-01
       1.73780E+00       1.81970E+00       1.77875E+00       8.19000E-02       1.09711E-02       1.33958E-01       2.38277E-01       8.80890E-01
       1.81970E+00       1.90546E+00       1.86258E+00       8.57600E-02       1.09330E-02       1.27484E-01       2.37449E-01       8.91823E-01
       1.90546E+00       1.99526E+00       1.95036E+00       8.98000E-02       1.07696E-02       1.19929E-01       2.33904E-01       9.02593E-01
       1.99526E+00       2.08930E+00       2.04228E+00       9.40400E-02       1.05085E-02       1.11745E-01       2.28214E-01       9.13101E-01
       2.08930E+00       2.18776E+00       2.13853E+00       9.84600E-02       1.01464E-02       1.03051E-01       2.20379E-01       9.23248E-01
       2.18776E+00       2.29087E+00       2.23932E+00       1.03110E-01       9.60542E-03       9.31570E-02       2.08608E-01       9.32853E-01
       2.29087E+00       2.39883E+00       2.34485E+00       1.07960E-01       8.93003E-03       8.27161E-02       1.93957E-01       9.41783E-01
       2.39883E+00       2.51189E+00       2.45536E+00       1.13060E-01       8.20414E-03       7.25645E-02       1.78172E-01       9.49988E-01
       2.51189E+00       2.63027E+00       2.57108E+00       1.18380E-01       7.39020E-03       6.24278E-02       1.60507E-01       9.57378E-01
       2.63027E+00       2.75423E+00       2.69225E+00       1.23960E-01       6.62505E-03       5.34451E-02       1.43888E-01       9.64003E-01
       2.75423E+00       2.88403E+00       2.81913E+00       1.29800E-01       5.86119E-03       4.51555E-02       1.27299E-01       9.69864E-01
       2.88403E+00       3.01995E+00       2.95199E+00       1.35920E-01       5.21821E-03       3.83918E-02       1.13332E-01       9.75082E-01
       3.01995E+00       3.16228E+00       3.09111E+00       1.42330E-01       4.62173E-03       3.24719E-02       1.00374E-01       9.79704E-01
       3.16228E+00       3.31131E+00       3.23679E+00       1.49030E-01       4.11268E-03       2.75963E-02       8.93236E-02       9.83817E-01
       3.31131E+00       3.46737E+00       3.38934E+00       1.56060E-01       3.64784E-03       2.33746E-02       7.92244E-02       9.87464E-01
       3.46737E+00       3.63078E+00       3.54908E+00       1.63410E-01       3.18392E-03       1.94843E-02       6.91511E-02       9.90648E-01
       3.63078E+00       3.80189E+00       3.71633E+00       1.71110E-01       2.69463E-03       1.57480E-02       5.85247E-02       9.93343E-01
       3.80189E+00       3.98107E+00       3.89148E+00       1.79180E-01       2.16749E-03       1.20967E-02       4.70742E-02       9.95510E-01
       3.98107E+00       4.16869E+00       4.07488E+00       1.87620E-01       1.63218E-03       8.69938E-03       3.54489E-02       9.97143E-01
       4.16869E+00       4.36516E+00       4.26692E+00       1.96470E-01       1.16022E-03       5.90532E-03       2.51975E-02       9.98303E-01
       4.36516E+00       4.57088E+00       4.46802E+00       2.05720E-01       7.93626E-04       3.85780E-03       1.72367E-02       9.99096E-01
       4.57088E+00       4.78630E+00       4.67859E+00       2.15420E-01       5.17388E-04       2.40176E-03       1.12369E-02       9.99614E-01
       4.78630E+00       5.00000E+00       4.89315E+00       2.13700E-01       2.90094E-04       1.35748E-03       6.64237E-03       9.99904E-01
       5.00000E+00       5.20000E+00       5.10000E+00       2.00000E-01       9.58791E-05       4.79396E-04       2.44492E-03       1.00000E+00

 Sum =                                                                         1.00000E+00
 Renormalization bin#   966 =                                                  1.69104E-01 barn        1.80000E+07        1.82000E+07        1.81000E+07
 Avg. Energy     bin#   966 =                                                  9.71957E-01 MeV         1.80000E+07        1.82000E+07
