"        MT=  4 recoil spectrum "
" Initial neutron energy corresponds to the group:"
   1.54000E+01    1.56000E+01       0.00000E+00           269           898           630



          Low               High              Mid              Energy           Number             dn/de            E*dn/de          Cumulative
         Energy            Energy            Energy             Width          Fraction                               Sum   
         [MeV]             [MeV]             [MeV]              [MeV]

       1.32500E-06       1.35000E-06       1.33750E-06       2.50000E-08       0.00000E+00       0.00000E+00       0.00000E+00       0.00000E+00
       1.35000E-06       1.37500E-06       1.36250E-06       2.50000E-08       2.53870E-12       1.01548E-04       1.38359E-10       2.53870E-12
       1.37500E-06       1.40000E-06       1.38750E-06       2.50000E-08       2.58539E-12       1.03416E-04       1.43489E-10       5.12408E-12
       1.40000E-06       1.42500E-06       1.41250E-06       2.50000E-08       2.63182E-12       1.05273E-04       1.48698E-10       7.75590E-12
       1.42500E-06       1.45000E-06       1.43750E-06       2.50001E-08       2.67850E-12       1.07140E-04       1.54013E-10       1.04344E-11
       1.45000E-06       1.47500E-06       1.46250E-06       2.50000E-08       2.72519E-12       1.09008E-04       1.59424E-10       1.31596E-11
       1.47500E-06       1.50000E-06       1.48750E-06       2.50000E-08       2.77162E-12       1.10865E-04       1.64912E-10       1.59312E-11
       1.50000E-06       1.52500E-06       1.51250E-06       2.50000E-08       2.81831E-12       1.12732E-04       1.70508E-10       1.87495E-11
       1.52500E-06       1.55000E-06       1.53750E-06       2.50000E-08       2.86474E-12       1.14590E-04       1.76182E-10       2.16143E-11
       1.55000E-06       1.57500E-06       1.56250E-06       2.50001E-08       2.91143E-12       1.16457E-04       1.81964E-10       2.45257E-11
       1.57500E-06       1.60000E-06       1.58750E-06       2.50000E-08       2.95811E-12       1.18325E-04       1.87840E-10       2.74838E-11
       1.60000E-06       1.62500E-06       1.61250E-06       2.50000E-08       3.00455E-12       1.20182E-04       1.93794E-10       3.04884E-11
       1.62500E-06       1.65000E-06       1.63750E-06       2.50000E-08       3.05123E-12       1.22049E-04       1.99856E-10       3.35396E-11
       1.65000E-06       1.67500E-06       1.66250E-06       2.50000E-08       3.09767E-12       1.23907E-04       2.05995E-10       3.66373E-11
       1.67500E-06       1.70000E-06       1.68750E-06       2.50001E-08       3.14435E-12       1.25774E-04       2.12243E-10       3.97816E-11
       1.70000E-06       1.72500E-06       1.71250E-06       2.50000E-08       3.19104E-12       1.27642E-04       2.18586E-10       4.29727E-11
       1.72500E-06       1.75000E-06       1.73750E-06       2.50000E-08       3.23747E-12       1.29499E-04       2.25005E-10       4.62101E-11
       1.75000E-06       1.77500E-06       1.76250E-06       2.50000E-08       3.28416E-12       1.31366E-04       2.31533E-10       4.94943E-11
       1.77500E-06       1.80000E-06       1.78750E-06       2.50000E-08       3.33059E-12       1.33224E-04       2.38138E-10       5.28249E-11
       1.80000E-06       1.82500E-06       1.81250E-06       2.50001E-08       3.37728E-12       1.35091E-04       2.44852E-10       5.62022E-11
       1.82500E-06       1.85000E-06       1.83750E-06       2.50000E-08       3.42396E-12       1.36959E-04       2.51662E-10       5.96261E-11
       1.85000E-06       1.87500E-06       1.86250E-06       2.50000E-08       3.47040E-12       1.38816E-04       2.58545E-10       6.30965E-11
       1.87500E-06       1.90000E-06       1.88750E-06       2.50000E-08       3.51708E-12       1.40683E-04       2.65540E-10       6.66136E-11
       1.90000E-06       1.92500E-06       1.91250E-06       2.50000E-08       3.56352E-12       1.42541E-04       2.72609E-10       7.01771E-11
       1.92500E-06       1.95000E-06       1.93750E-06       2.50001E-08       3.61020E-12       1.44408E-04       2.79790E-10       7.37873E-11
       1.95000E-06       1.97500E-06       1.96250E-06       2.50000E-08       3.65664E-12       1.46266E-04       2.87046E-10       7.74440E-11
       1.97500E-06       2.00000E-06       1.98750E-06       2.50000E-08       3.70332E-12       1.48133E-04       2.94414E-10       8.11473E-11
       2.00000E-06       2.02500E-06       2.01250E-06       2.50001E-08       3.75001E-12       1.50000E-04       3.01874E-10       8.48973E-11
       2.02500E-06       2.05000E-06       2.03750E-06       2.49999E-08       3.79644E-12       1.51858E-04       3.09412E-10       8.86937E-11
       2.05000E-06       2.07500E-06       2.06250E-06       2.50001E-08       3.84313E-12       1.53724E-04       3.17057E-10       9.25369E-11
       2.07500E-06       2.10000E-06       2.08750E-06       2.49999E-08       3.88956E-12       1.55583E-04       3.24780E-10       9.64264E-11
       2.10000E-06       2.12500E-06       2.11250E-06       2.50001E-08       3.93625E-12       1.57449E-04       3.32611E-10       1.00363E-10
       2.12500E-06       2.15000E-06       2.13750E-06       2.50001E-08       3.98293E-12       1.59317E-04       3.40539E-10       1.04346E-10
       2.15000E-06       2.17500E-06       2.16250E-06       2.49999E-08       4.02936E-12       1.61176E-04       3.48542E-10       1.08375E-10
       2.17500E-06       2.20000E-06       2.18750E-06       2.50001E-08       4.07605E-12       1.63041E-04       3.56653E-10       1.12451E-10
       2.20000E-06       2.22500E-06       2.21250E-06       2.49999E-08       4.12248E-12       1.64900E-04       3.64842E-10       1.16574E-10
       2.22500E-06       2.25000E-06       2.23750E-06       2.50001E-08       4.16917E-12       1.66766E-04       3.73139E-10       1.20743E-10
       2.25000E-06       2.27500E-06       2.26250E-06       2.50001E-08       4.21586E-12       1.68634E-04       3.81533E-10       1.24959E-10
       2.27500E-06       2.30000E-06       2.28750E-06       2.49999E-08       4.26229E-12       1.70493E-04       3.90002E-10       1.29221E-10
       2.30000E-06       2.32500E-06       2.31250E-06       2.50001E-08       4.30898E-12       1.72358E-04       3.98579E-10       1.33530E-10
       2.32500E-06       2.35000E-06       2.33750E-06       2.49999E-08       4.35541E-12       1.74217E-04       4.07233E-10       1.37885E-10
       2.35000E-06       2.37500E-06       2.36250E-06       2.50001E-08       4.40209E-12       1.76083E-04       4.15996E-10       1.42287E-10
       2.37500E-06       2.40000E-06       2.38750E-06       2.50001E-08       4.44878E-12       1.77951E-04       4.24857E-10       1.46736E-10
       2.40000E-06       2.42500E-06       2.41250E-06       2.49999E-08       4.49521E-12       1.79810E-04       4.33791E-10       1.51231E-10
       2.42500E-06       2.45000E-06       2.43750E-06       2.50001E-08       4.54190E-12       1.81675E-04       4.42833E-10       1.55773E-10
       2.45000E-06       2.47500E-06       2.46250E-06       2.49999E-08       4.58833E-12       1.83534E-04       4.51953E-10       1.60361E-10
       2.47500E-06       2.50000E-06       2.48750E-06       2.50001E-08       4.63502E-12       1.85400E-04       4.61183E-10       1.64996E-10
       2.50000E-06       2.52500E-06       2.51250E-06       2.50001E-08       4.68170E-12       1.87267E-04       4.70510E-10       1.69678E-10
       2.52500E-06       2.55000E-06       2.53750E-06       2.49999E-08       4.72814E-12       1.89127E-04       4.79909E-10       1.74406E-10
       2.55000E-06       2.57500E-06       2.56250E-06       2.50001E-08       4.77482E-12       1.90992E-04       4.89418E-10       1.79181E-10
       2.57500E-06       2.60000E-06       2.58750E-06       2.49999E-08       4.82126E-12       1.92851E-04       4.99003E-10       1.84002E-10
       2.60000E-06       2.62500E-06       2.61250E-06       2.50001E-08       4.86794E-12       1.94717E-04       5.08698E-10       1.88870E-10
       2.62500E-06       2.65000E-06       2.63750E-06       2.50001E-08       4.91438E-12       1.96574E-04       5.18465E-10       1.93785E-10
       2.65000E-06       2.67500E-06       2.66250E-06       2.49999E-08       4.96106E-12       1.98444E-04       5.28356E-10       1.98746E-10
       2.67500E-06       2.70000E-06       2.68750E-06       2.50001E-08       5.00775E-12       2.00309E-04       5.38331E-10       2.03754E-10
       2.70000E-06       2.72500E-06       2.71250E-06       2.49999E-08       5.05418E-12       2.02168E-04       5.48382E-10       2.08808E-10
       2.72500E-06       2.75000E-06       2.73750E-06       2.50001E-08       5.10087E-12       2.04034E-04       5.58543E-10       2.13909E-10
       2.75000E-06       2.77500E-06       2.76250E-06       2.50001E-08       5.14730E-12       2.05891E-04       5.68775E-10       2.19056E-10
       2.77500E-06       2.80000E-06       2.78750E-06       2.49999E-08       5.19399E-12       2.07761E-04       5.79133E-10       2.24250E-10
       2.80000E-06       2.82500E-06       2.81250E-06       2.50001E-08       5.24067E-12       2.09626E-04       5.89573E-10       2.29491E-10
       2.82500E-06       2.85000E-06       2.83750E-06       2.49999E-08       5.28711E-12       2.11485E-04       6.00090E-10       2.34778E-10
       2.85000E-06       2.87500E-06       2.86250E-06       2.50001E-08       5.33379E-12       2.13351E-04       6.10717E-10       2.40111E-10
       2.87500E-06       2.90000E-06       2.88750E-06       2.50001E-08       5.38022E-12       2.15208E-04       6.21414E-10       2.45492E-10
       2.90000E-06       2.92500E-06       2.91250E-06       2.49999E-08       5.42691E-12       2.17078E-04       6.32239E-10       2.50919E-10
       2.92500E-06       2.95000E-06       2.93750E-06       2.50001E-08       5.47360E-12       2.18943E-04       6.43145E-10       2.56392E-10
       2.95000E-06       2.97500E-06       2.96250E-06       2.49999E-08       5.52003E-12       2.20802E-04       6.54127E-10       2.61912E-10
       2.97500E-06       3.00000E-06       2.98750E-06       2.50001E-08       5.56672E-12       2.22668E-04       6.65220E-10       2.67479E-10
       3.00000E-06       3.02500E-06       3.01250E-06       2.50001E-08       5.61315E-12       2.24525E-04       6.76382E-10       2.73092E-10
       3.02500E-06       3.05000E-06       3.03750E-06       2.49999E-08       5.65984E-12       2.26395E-04       6.87674E-10       2.78752E-10
       3.05000E-06       3.07500E-06       3.06250E-06       2.50001E-08       5.70652E-12       2.28260E-04       6.99046E-10       2.84458E-10
       3.07500E-06       3.10000E-06       3.08750E-06       2.49999E-08       5.75295E-12       2.30120E-04       7.10494E-10       2.90211E-10
       3.10000E-06       3.12500E-06       3.11250E-06       2.50001E-08       5.79964E-12       2.31985E-04       7.22052E-10       2.96011E-10
       3.12500E-06       3.15000E-06       3.13750E-06       2.50001E-08       5.84607E-12       2.33842E-04       7.33680E-10       3.01857E-10
       3.15000E-06       3.17500E-06       3.16250E-06       2.49999E-08       5.89276E-12       2.35712E-04       7.45438E-10       3.07750E-10
       3.17500E-06       3.20000E-06       3.18750E-06       2.50001E-08       5.93945E-12       2.37577E-04       7.57276E-10       3.13689E-10
       3.20000E-06       3.22500E-06       3.21250E-06       2.49999E-08       5.98588E-12       2.39437E-04       7.69190E-10       3.19675E-10
       3.22500E-06       3.25000E-06       3.23750E-06       2.50001E-08       6.03257E-12       2.41302E-04       7.81214E-10       3.25708E-10
       3.25000E-06       3.27500E-06       3.26250E-06       2.50001E-08       6.07900E-12       2.43159E-04       7.93306E-10       3.31787E-10
       3.27500E-06       3.30000E-06       3.28750E-06       2.49999E-08       6.12568E-12       2.45029E-04       8.05532E-10       3.37912E-10
       3.30000E-06       3.32500E-06       3.31250E-06       2.50001E-08       6.17212E-12       2.46884E-04       8.17802E-10       3.44084E-10
       3.32500E-06       3.35000E-06       3.33750E-06       2.49999E-08       6.21880E-12       2.48754E-04       8.30215E-10       3.50303E-10
       3.35000E-06       3.37500E-06       3.36250E-06       2.50001E-08       6.26549E-12       2.50619E-04       8.42705E-10       3.56569E-10
       3.37500E-06       3.40000E-06       3.38750E-06       2.50001E-08       6.31192E-12       2.52476E-04       8.55262E-10       3.62881E-10
       3.40000E-06       3.42500E-06       3.41250E-06       2.49999E-08       6.35861E-12       2.54346E-04       8.67955E-10       3.69239E-10
       3.42500E-06       3.45000E-06       3.43750E-06       2.50001E-08       6.40504E-12       2.56201E-04       8.80690E-10       3.75644E-10
       3.45000E-06       3.47500E-06       3.46250E-06       2.49999E-08       6.45173E-12       2.58071E-04       8.93569E-10       3.82096E-10
       3.47500E-06       3.50000E-06       3.48750E-06       2.50001E-08       6.49841E-12       2.59936E-04       9.06525E-10       3.88594E-10
       3.50000E-06       3.52500E-06       3.51250E-06       2.50001E-08       6.54485E-12       2.61793E-04       9.19547E-10       3.95139E-10
       3.52500E-06       3.55000E-06       3.53750E-06       2.49999E-08       6.59153E-12       2.63663E-04       9.32707E-10       4.01731E-10
       3.55000E-06       3.57500E-06       3.56250E-06       2.50001E-08       6.63797E-12       2.65518E-04       9.45907E-10       4.08369E-10
       3.57500E-06       3.60000E-06       3.58750E-06       2.49999E-08       6.68465E-12       2.67388E-04       9.59253E-10       4.15053E-10
       3.60000E-06       3.62500E-06       3.61250E-06       2.50001E-08       6.73134E-12       2.69252E-04       9.72675E-10       4.21785E-10
       3.62500E-06       3.65000E-06       3.63750E-06       2.50001E-08       6.77777E-12       2.71110E-04       9.86162E-10       4.28563E-10
       3.65000E-06       3.67500E-06       3.66250E-06       2.49999E-08       6.82446E-12       2.72980E-04       9.99789E-10       4.35387E-10
       3.67500E-06       3.70000E-06       3.68750E-06       2.50001E-08       6.87089E-12       2.74835E-04       1.01345E-09       4.42258E-10
       3.70000E-06       3.72500E-06       3.71250E-06       2.49999E-08       6.91758E-12       2.76705E-04       1.02727E-09       4.49176E-10
       3.72500E-06       3.75000E-06       3.73750E-06       2.50001E-08       6.96426E-12       2.78569E-04       1.04115E-09       4.56140E-10
       3.75000E-06       3.77500E-06       3.76250E-06       2.50001E-08       7.01070E-12       2.80427E-04       1.05511E-09       4.63150E-10
       3.77500E-06       3.80000E-06       3.78750E-06       2.49999E-08       7.05738E-12       2.82297E-04       1.06920E-09       4.70208E-10
       3.80000E-06       3.82500E-06       3.81250E-06       2.50001E-08       7.10382E-12       2.84152E-04       1.08333E-09       4.77312E-10
       3.82500E-06       3.85000E-06       3.83750E-06       2.49999E-08       7.15050E-12       2.86022E-04       1.09761E-09       4.84462E-10
       3.85000E-06       3.87500E-06       3.86250E-06       2.50001E-08       7.19719E-12       2.87886E-04       1.11196E-09       4.91659E-10
       3.87500E-06       3.90000E-06       3.88750E-06       2.50001E-08       7.24362E-12       2.89744E-04       1.12638E-09       4.98903E-10
       3.90000E-06       3.92500E-06       3.91250E-06       2.49999E-08       7.29031E-12       2.91614E-04       1.14094E-09       5.06193E-10
       3.92500E-06       3.95000E-06       3.93750E-06       2.50001E-08       7.33674E-12       2.93468E-04       1.15553E-09       5.13530E-10
       3.95000E-06       3.97500E-06       3.96250E-06       2.49999E-08       7.38343E-12       2.95339E-04       1.17028E-09       5.20913E-10
       3.97500E-06       4.00000E-06       3.98750E-06       2.50001E-08       7.42986E-12       2.97193E-04       1.18506E-09       5.28343E-10
       4.00000E-06       4.02500E-06       4.01250E-06       2.50001E-08       7.47654E-12       2.99061E-04       1.19998E-09       5.35820E-10
       4.02500E-06       4.05000E-06       4.03750E-06       2.50001E-08       7.52323E-12       3.00928E-04       1.21500E-09       5.43343E-10
       4.05000E-06       4.07500E-06       4.06250E-06       2.49996E-08       7.56966E-12       3.02791E-04       1.23009E-09       5.50913E-10
       4.07500E-06       4.10000E-06       4.08750E-06       2.50001E-08       7.61635E-12       3.04653E-04       1.24527E-09       5.58529E-10
       4.10000E-06       4.12500E-06       4.11250E-06       2.50001E-08       7.66278E-12       3.06510E-04       1.26052E-09       5.66192E-10
       4.12500E-06       4.15000E-06       4.13750E-06       2.50001E-08       7.70947E-12       3.08378E-04       1.27591E-09       5.73901E-10
       4.15000E-06       4.17500E-06       4.16250E-06       2.50001E-08       7.75616E-12       3.10245E-04       1.29139E-09       5.81657E-10
       4.17500E-06       4.20000E-06       4.18750E-06       2.49996E-08       7.80259E-12       3.12108E-04       1.30695E-09       5.89460E-10
       4.20000E-06       4.22500E-06       4.21250E-06       2.50001E-08       7.84927E-12       3.13970E-04       1.32260E-09       5.97309E-10
       4.22500E-06       4.25000E-06       4.23750E-06       2.50001E-08       7.89571E-12       3.15827E-04       1.33832E-09       6.05205E-10
       4.25000E-06       4.27500E-06       4.26250E-06       2.50001E-08       7.94239E-12       3.17695E-04       1.35417E-09       6.13147E-10
       4.27500E-06       4.30000E-06       4.28750E-06       2.50001E-08       7.98908E-12       3.19562E-04       1.37012E-09       6.21136E-10
       4.30000E-06       4.32500E-06       4.31250E-06       2.49996E-08       8.03551E-12       3.21425E-04       1.38615E-09       6.29172E-10
       4.32500E-06       4.35000E-06       4.33750E-06       2.50001E-08       8.08220E-12       3.23287E-04       1.40226E-09       6.37254E-10
       4.35000E-06       4.37500E-06       4.36250E-06       2.50001E-08       8.12863E-12       3.25144E-04       1.41844E-09       6.45383E-10
       4.37500E-06       4.40000E-06       4.38750E-06       2.50001E-08       8.17532E-12       3.27011E-04       1.43476E-09       6.53558E-10
       4.40000E-06       4.42500E-06       4.41250E-06       2.50001E-08       8.22200E-12       3.28879E-04       1.45118E-09       6.61780E-10
       4.42500E-06       4.45000E-06       4.43750E-06       2.49996E-08       8.26844E-12       3.30743E-04       1.46767E-09       6.70048E-10
       4.45000E-06       4.47500E-06       4.46250E-06       2.50001E-08       8.31512E-12       3.32604E-04       1.48424E-09       6.78363E-10
       4.47500E-06       4.50000E-06       4.48750E-06       2.50001E-08       8.36156E-12       3.34461E-04       1.50089E-09       6.86725E-10
       4.50000E-06       4.52500E-06       4.51250E-06       2.50001E-08       8.40824E-12       3.36328E-04       1.51768E-09       6.95133E-10
       4.52500E-06       4.55000E-06       4.53750E-06       2.50001E-08       8.45468E-12       3.38186E-04       1.53452E-09       7.03588E-10
       4.55000E-06       4.57500E-06       4.56250E-06       2.49996E-08       8.50136E-12       3.40060E-04       1.55152E-09       7.12089E-10
       4.57500E-06       4.60000E-06       4.58750E-06       2.50001E-08       8.54805E-12       3.41921E-04       1.56856E-09       7.20637E-10
       4.60000E-06       4.62500E-06       4.61250E-06       2.50001E-08       8.59448E-12       3.43778E-04       1.58568E-09       7.29232E-10
       4.62500E-06       4.65000E-06       4.63750E-06       2.50001E-08       8.64117E-12       3.45645E-04       1.60293E-09       7.37873E-10
       4.65000E-06       4.67500E-06       4.66250E-06       2.50001E-08       8.68760E-12       3.47503E-04       1.62023E-09       7.46561E-10
       4.67500E-06       4.70000E-06       4.68750E-06       2.49996E-08       8.73429E-12       3.49377E-04       1.63770E-09       7.55295E-10
       4.70000E-06       4.72500E-06       4.71250E-06       2.50001E-08       8.78097E-12       3.51238E-04       1.65521E-09       7.64076E-10
       4.72500E-06       4.75000E-06       4.73750E-06       2.50001E-08       8.82740E-12       3.53095E-04       1.67279E-09       7.72903E-10
       4.75000E-06       4.77500E-06       4.76250E-06       2.50001E-08       8.87409E-12       3.54962E-04       1.69051E-09       7.81777E-10
       4.77500E-06       4.80000E-06       4.78750E-06       2.50001E-08       8.92052E-12       3.56820E-04       1.70827E-09       7.90698E-10
       4.80000E-06       4.82500E-06       4.81250E-06       2.49996E-08       8.96721E-12       3.58694E-04       1.72621E-09       7.99665E-10
       4.82500E-06       4.85000E-06       4.83750E-06       2.50001E-08       9.01390E-12       3.60554E-04       1.74418E-09       8.08679E-10
       4.85000E-06       4.87500E-06       4.86250E-06       2.50001E-08       9.06033E-12       3.62412E-04       1.76223E-09       8.17739E-10
       4.87500E-06       4.90000E-06       4.88750E-06       2.50001E-08       9.10702E-12       3.64279E-04       1.78041E-09       8.26846E-10
       4.90000E-06       4.92500E-06       4.91250E-06       2.50001E-08       9.15345E-12       3.66137E-04       1.79865E-09       8.36000E-10
       4.92500E-06       4.95000E-06       4.93750E-06       2.49996E-08       9.20014E-12       3.68011E-04       1.81705E-09       8.45200E-10
       4.95000E-06       4.97500E-06       4.96250E-06       2.50001E-08       9.24682E-12       3.69871E-04       1.83549E-09       8.54447E-10
       4.97500E-06       5.00000E-06       4.98750E-06       2.50001E-08       9.29325E-12       3.71729E-04       1.85400E-09       8.63740E-10
       5.00000E-06       5.02500E-06       5.01250E-06       2.50001E-08       9.33994E-12       3.73596E-04       1.87265E-09       8.73080E-10
       5.02500E-06       5.05000E-06       5.03750E-06       2.50001E-08       9.38637E-12       3.75453E-04       1.89135E-09       8.82466E-10
       5.05000E-06       5.07500E-06       5.06250E-06       2.49996E-08       9.43306E-12       3.77328E-04       1.91022E-09       8.91899E-10
       5.07500E-06       5.10000E-06       5.08750E-06       2.50001E-08       9.47975E-12       3.79188E-04       1.92912E-09       9.01379E-10
       5.10000E-06       5.12500E-06       5.11250E-06       2.50001E-08       9.52618E-12       3.81046E-04       1.94810E-09       9.10905E-10
       5.12500E-06       5.15000E-06       5.13750E-06       2.50001E-08       9.57287E-12       3.82913E-04       1.96722E-09       9.20478E-10
       5.15000E-06       5.17500E-06       5.16250E-06       2.50001E-08       9.61930E-12       3.84770E-04       1.98638E-09       9.30097E-10
       5.17500E-06       5.20000E-06       5.18750E-06       2.49996E-08       9.66598E-12       3.86645E-04       2.00572E-09       9.39763E-10
       5.20000E-06       5.22500E-06       5.21250E-06       2.50001E-08       9.71242E-12       3.88495E-04       2.02503E-09       9.49476E-10
       5.22500E-06       5.25000E-06       5.23750E-06       2.50001E-08       9.75910E-12       3.90363E-04       2.04452E-09       9.59235E-10
       5.25000E-06       5.27500E-06       5.26250E-06       2.50001E-08       9.80579E-12       3.92230E-04       2.06411E-09       9.69041E-10
       5.27500E-06       5.30000E-06       5.28750E-06       2.50001E-08       9.85222E-12       3.94087E-04       2.08374E-09       9.78893E-10
       5.30000E-06       5.32500E-06       5.31250E-06       2.49996E-08       9.89891E-12       3.95962E-04       2.10355E-09       9.88792E-10
       5.32500E-06       5.35000E-06       5.33750E-06       2.50001E-08       9.94534E-12       3.97812E-04       2.12332E-09       9.98737E-10
       5.35000E-06       5.37500E-06       5.36250E-06       2.50001E-08       9.99203E-12       3.99680E-04       2.14328E-09       1.00873E-09
       5.37500E-06       5.40000E-06       5.38750E-06       2.50001E-08       1.00387E-11       4.01547E-04       2.16333E-09       1.01877E-09
       5.40000E-06       5.42500E-06       5.41250E-06       2.50001E-08       1.00851E-11       4.03404E-04       2.18343E-09       1.02885E-09
       5.42500E-06       5.45000E-06       5.43750E-06       2.49996E-08       1.01318E-11       4.05280E-04       2.20371E-09       1.03898E-09
       5.45000E-06       5.47500E-06       5.46250E-06       2.50001E-08       1.01783E-11       4.07129E-04       2.22394E-09       1.04916E-09
       5.47500E-06       5.50000E-06       5.48750E-06       2.50001E-08       1.02250E-11       4.08996E-04       2.24437E-09       1.05939E-09
       5.50000E-06       5.52500E-06       5.51250E-06       2.50001E-08       1.02716E-11       4.10864E-04       2.26489E-09       1.06966E-09
       5.52500E-06       5.55000E-06       5.53750E-06       2.50001E-08       1.03181E-11       4.12721E-04       2.28544E-09       1.07998E-09
       5.55000E-06       5.57500E-06       5.56250E-06       2.49996E-08       1.03648E-11       4.14597E-04       2.30619E-09       1.09034E-09
       5.57500E-06       5.60000E-06       5.58750E-06       2.50001E-08       1.04112E-11       4.16446E-04       2.32689E-09       1.10075E-09
       5.60000E-06       5.62500E-06       5.61250E-06       2.50001E-08       1.04579E-11       4.18313E-04       2.34778E-09       1.11121E-09
       5.62500E-06       5.65000E-06       5.63750E-06       2.50001E-08       1.05046E-11       4.20181E-04       2.36877E-09       1.12172E-09
       5.65000E-06       5.67500E-06       5.66250E-06       2.50001E-08       1.05510E-11       4.22038E-04       2.38979E-09       1.13227E-09
       5.67500E-06       5.70000E-06       5.68750E-06       2.49996E-08       1.05977E-11       4.23914E-04       2.41101E-09       1.14286E-09
       5.70000E-06       5.72500E-06       5.71250E-06       2.50001E-08       1.06441E-11       4.25763E-04       2.43217E-09       1.15351E-09
       5.72500E-06       5.75000E-06       5.73750E-06       2.50001E-08       1.06908E-11       4.27630E-04       2.45353E-09       1.16420E-09
       5.75000E-06       5.77500E-06       5.76250E-06       2.50001E-08       1.07375E-11       4.29498E-04       2.47498E-09       1.17494E-09
       5.77500E-06       5.80000E-06       5.78750E-06       2.50001E-08       1.07839E-11       4.31355E-04       2.49647E-09       1.18572E-09
       5.80000E-06       5.82500E-06       5.81250E-06       2.49996E-08       1.08306E-11       4.33231E-04       2.51815E-09       1.19655E-09
       5.82500E-06       5.85000E-06       5.83750E-06       2.50001E-08       1.08770E-11       4.35080E-04       2.53978E-09       1.20743E-09
       5.85000E-06       5.87500E-06       5.86250E-06       2.50001E-08       1.09237E-11       4.36947E-04       2.56160E-09       1.21835E-09
       5.87500E-06       5.90000E-06       5.88750E-06       2.50001E-08       1.09702E-11       4.38805E-04       2.58346E-09       1.22932E-09
       5.90000E-06       5.92500E-06       5.91250E-06       2.50001E-08       1.10168E-11       4.40672E-04       2.60547E-09       1.24034E-09
       5.92500E-06       5.95000E-06       5.93750E-06       2.49996E-08       1.10635E-11       4.42548E-04       2.62763E-09       1.25140E-09
       5.95000E-06       5.97500E-06       5.96250E-06       2.50001E-08       1.11100E-11       4.44397E-04       2.64972E-09       1.26251E-09
       5.97500E-06       6.00000E-06       5.98750E-06       2.50001E-08       1.11566E-11       4.46264E-04       2.67201E-09       1.27367E-09
       6.00000E-06       6.02500E-06       6.01250E-06       2.50001E-08       1.12031E-11       4.48122E-04       2.69433E-09       1.28487E-09
       6.02500E-06       6.05000E-06       6.03750E-06       2.50001E-08       1.12498E-11       4.49989E-04       2.71681E-09       1.29612E-09
       6.05000E-06       6.07500E-06       6.06250E-06       2.49996E-08       1.12965E-11       4.51865E-04       2.73943E-09       1.30742E-09
       6.07500E-06       6.10000E-06       6.08750E-06       2.50001E-08       1.13429E-11       4.53714E-04       2.76198E-09       1.31876E-09
       6.10000E-06       6.12500E-06       6.11250E-06       2.50001E-08       1.13896E-11       4.55581E-04       2.78474E-09       1.33015E-09
       6.12500E-06       6.15000E-06       6.13750E-06       2.50001E-08       1.14360E-11       4.57439E-04       2.80753E-09       1.34159E-09
       6.15000E-06       6.17500E-06       6.16250E-06       2.50001E-08       1.14827E-11       4.59306E-04       2.83047E-09       1.35307E-09
       6.17500E-06       6.20000E-06       6.18750E-06       2.49996E-08       1.15294E-11       4.61182E-04       2.85356E-09       1.36460E-09
       6.20000E-06       6.22500E-06       6.21250E-06       2.50001E-08       1.15758E-11       4.63031E-04       2.87658E-09       1.37618E-09
       6.22500E-06       6.25000E-06       6.23750E-06       2.50001E-08       1.16225E-11       4.64898E-04       2.89980E-09       1.38780E-09
       6.25000E-06       6.27500E-06       6.26250E-06       2.50001E-08       1.16689E-11       4.66755E-04       2.92306E-09       1.39947E-09
       6.27500E-06       6.30000E-06       6.28750E-06       2.50001E-08       1.17156E-11       4.68623E-04       2.94647E-09       1.41118E-09
       6.30000E-06       6.32500E-06       6.31250E-06       2.49996E-08       1.17623E-11       4.70499E-04       2.97003E-09       1.42294E-09
       6.32500E-06       6.35000E-06       6.33750E-06       2.50001E-08       1.18087E-11       4.72348E-04       2.99350E-09       1.43475E-09
       6.35000E-06       6.37500E-06       6.36250E-06       2.50001E-08       1.18554E-11       4.74215E-04       3.01719E-09       1.44661E-09
       6.37500E-06       6.40000E-06       6.38750E-06       2.50001E-08       1.19019E-11       4.76072E-04       3.04091E-09       1.45851E-09
       6.40000E-06       6.42500E-06       6.41250E-06       2.50001E-08       1.19485E-11       4.77940E-04       3.06479E-09       1.47046E-09
       6.42500E-06       6.45000E-06       6.43750E-06       2.49996E-08       1.19952E-11       4.79816E-04       3.08882E-09       1.48245E-09
       6.45000E-06       6.47500E-06       6.46250E-06       2.50001E-08       1.20417E-11       4.81665E-04       3.11276E-09       1.49450E-09
       6.47500E-06       6.50000E-06       6.48750E-06       2.50001E-08       1.20883E-11       4.83532E-04       3.13691E-09       1.50658E-09
       6.50000E-06       6.52500E-06       6.51250E-06       2.50001E-08       1.21348E-11       4.85389E-04       3.16110E-09       1.51872E-09
       6.52500E-06       6.55000E-06       6.53750E-06       2.50001E-08       1.21815E-11       4.87257E-04       3.18544E-09       1.53090E-09
       6.55000E-06       6.57500E-06       6.56250E-06       2.49996E-08       1.22279E-11       4.89123E-04       3.20987E-09       1.54313E-09
       6.57500E-06       6.60000E-06       6.58750E-06       2.50001E-08       1.22746E-11       4.90982E-04       3.23434E-09       1.55540E-09
       6.60000E-06       6.62500E-06       6.61250E-06       2.50001E-08       1.23213E-11       4.92849E-04       3.25896E-09       1.56772E-09
       6.62500E-06       6.65000E-06       6.63750E-06       2.50001E-08       1.23677E-11       4.94706E-04       3.28361E-09       1.58009E-09
       6.65000E-06       6.67500E-06       6.66250E-06       2.50001E-08       1.24144E-11       4.96574E-04       3.30842E-09       1.59251E-09
       6.67500E-06       6.70000E-06       6.68750E-06       2.49996E-08       1.24608E-11       4.98441E-04       3.33332E-09       1.60497E-09
       6.70000E-06       6.72500E-06       6.71250E-06       2.50001E-08       1.25075E-11       5.00298E-04       3.35825E-09       1.61747E-09
       6.72500E-06       6.75000E-06       6.73750E-06       2.50001E-08       1.25542E-11       5.02166E-04       3.38334E-09       1.63003E-09
       6.75000E-06       6.77500E-06       6.76250E-06       2.50001E-08       1.26006E-11       5.04023E-04       3.40846E-09       1.64263E-09
       6.77500E-06       6.80000E-06       6.78750E-06       2.50001E-08       1.26473E-11       5.05891E-04       3.43373E-09       1.65528E-09
       6.80000E-06       6.82500E-06       6.81250E-06       2.49996E-08       1.26937E-11       5.07758E-04       3.45910E-09       1.66797E-09
       6.82500E-06       6.85000E-06       6.83750E-06       2.50001E-08       1.27404E-11       5.09615E-04       3.48450E-09       1.68071E-09
       6.85000E-06       6.87500E-06       6.86250E-06       2.50001E-08       1.27871E-11       5.11483E-04       3.51005E-09       1.69350E-09
       6.87500E-06       6.90000E-06       6.88750E-06       2.50001E-08       1.28336E-11       5.13340E-04       3.53563E-09       1.70633E-09
       6.90000E-06       6.92500E-06       6.91250E-06       2.50001E-08       1.28802E-11       5.15208E-04       3.56137E-09       1.71921E-09
       6.92500E-06       6.95000E-06       6.93750E-06       2.49996E-08       1.29267E-11       5.17075E-04       3.58721E-09       1.73214E-09
       6.95000E-06       6.97500E-06       6.96250E-06       2.50001E-08       1.29734E-11       5.18932E-04       3.61307E-09       1.74511E-09
       6.97500E-06       7.00000E-06       6.98750E-06       2.50001E-08       1.30200E-11       5.20800E-04       3.63909E-09       1.75813E-09
       7.00000E-06       7.02500E-06       7.01250E-06       2.50001E-08       1.30665E-11       5.22657E-04       3.66513E-09       1.77120E-09
       7.02500E-06       7.05000E-06       7.03750E-06       2.50001E-08       1.31132E-11       5.24525E-04       3.69134E-09       1.78431E-09
       7.05000E-06       7.07500E-06       7.06250E-06       2.49996E-08       1.31596E-11       5.26392E-04       3.71764E-09       1.79747E-09
       7.07500E-06       7.10000E-06       7.08750E-06       2.50001E-08       1.32063E-11       5.28249E-04       3.74397E-09       1.81068E-09
       7.10000E-06       7.12500E-06       7.11250E-06       2.50001E-08       1.32527E-11       5.30107E-04       3.77038E-09       1.82393E-09
       7.12500E-06       7.15000E-06       7.13750E-06       2.50001E-08       1.32994E-11       5.31974E-04       3.79696E-09       1.83723E-09
       7.15000E-06       7.17500E-06       7.16250E-06       2.50001E-08       1.33461E-11       5.33841E-04       3.82364E-09       1.85058E-09
       7.17500E-06       7.20000E-06       7.18750E-06       2.49996E-08       1.33925E-11       5.35709E-04       3.85041E-09       1.86397E-09
       7.20000E-06       7.22500E-06       7.21250E-06       2.50001E-08       1.34392E-11       5.37566E-04       3.87720E-09       1.87741E-09
       7.22500E-06       7.25000E-06       7.23750E-06       2.50001E-08       1.34856E-11       5.39424E-04       3.90408E-09       1.89089E-09
       7.25000E-06       7.27500E-06       7.26250E-06       2.50001E-08       1.35323E-11       5.41291E-04       3.93113E-09       1.90443E-09
       7.27500E-06       7.30000E-06       7.28750E-06       2.50001E-08       1.35790E-11       5.43158E-04       3.95827E-09       1.91800E-09
       7.30000E-06       7.32500E-06       7.31250E-06       2.49996E-08       1.36254E-11       5.45026E-04       3.98550E-09       1.93163E-09
       7.32500E-06       7.35000E-06       7.33750E-06       2.50001E-08       1.36721E-11       5.46883E-04       4.01276E-09       1.94530E-09
       7.35000E-06       7.37500E-06       7.36250E-06       2.50001E-08       1.37186E-11       5.48740E-04       4.04010E-09       1.95902E-09
       7.37500E-06       7.40000E-06       7.38750E-06       2.50001E-08       1.37653E-11       5.50608E-04       4.06762E-09       1.97279E-09
       7.40000E-06       7.42500E-06       7.41250E-06       2.50001E-08       1.38119E-11       5.52475E-04       4.09522E-09       1.98660E-09
       7.42500E-06       7.45000E-06       7.43750E-06       2.49996E-08       1.38584E-11       5.54343E-04       4.12293E-09       2.00046E-09
       7.45000E-06       7.47500E-06       7.46250E-06       2.50001E-08       1.39051E-11       5.56200E-04       4.15064E-09       2.01436E-09
       7.47500E-06       7.50000E-06       7.48750E-06       2.50001E-08       1.39515E-11       5.58057E-04       4.17845E-09       2.02831E-09
       7.50000E-06       7.52500E-06       7.51250E-06       2.50001E-08       1.39982E-11       5.59925E-04       4.20644E-09       2.04231E-09
       7.52500E-06       7.55000E-06       7.53750E-06       2.50001E-08       1.40449E-11       5.61792E-04       4.23451E-09       2.05636E-09
       7.55000E-06       7.57500E-06       7.56250E-06       2.49996E-08       1.40913E-11       5.63660E-04       4.26268E-09       2.07045E-09
       7.57500E-06       7.60000E-06       7.58750E-06       2.50001E-08       1.41380E-11       5.65517E-04       4.29086E-09       2.08458E-09
       7.60000E-06       7.62500E-06       7.61250E-06       2.50001E-08       1.41844E-11       5.67374E-04       4.31914E-09       2.09877E-09
       7.62500E-06       7.65000E-06       7.63750E-06       2.50001E-08       1.42311E-11       5.69242E-04       4.34758E-09       2.11300E-09
       7.65000E-06       7.67500E-06       7.66250E-06       2.50001E-08       1.42778E-11       5.71109E-04       4.37612E-09       2.12728E-09
       7.67500E-06       7.70000E-06       7.68750E-06       2.49996E-08       1.43242E-11       5.72978E-04       4.40476E-09       2.14160E-09
       7.70000E-06       7.72500E-06       7.71250E-06       2.50001E-08       1.43709E-11       5.74834E-04       4.43341E-09       2.15597E-09
       7.72500E-06       7.75000E-06       7.73750E-06       2.50001E-08       1.44173E-11       5.76691E-04       4.46215E-09       2.17039E-09
       7.75000E-06       7.77500E-06       7.76250E-06       2.50001E-08       1.44640E-11       5.78559E-04       4.49106E-09       2.18485E-09
       7.77500E-06       7.80000E-06       7.78750E-06       2.50001E-08       1.45105E-11       5.80416E-04       4.51999E-09       2.19937E-09
       7.80000E-06       7.82500E-06       7.81250E-06       2.49996E-08       1.45571E-11       5.82295E-04       4.54918E-09       2.21392E-09
       7.82500E-06       7.85000E-06       7.83750E-06       2.50001E-08       1.46038E-11       5.84151E-04       4.57828E-09       2.22853E-09
       7.85000E-06       7.87500E-06       7.86250E-06       2.50001E-08       1.46503E-11       5.86008E-04       4.60749E-09       2.24318E-09
       7.87500E-06       7.90000E-06       7.88750E-06       2.50001E-08       1.46970E-11       5.87876E-04       4.63687E-09       2.25787E-09
       7.90000E-06       7.92500E-06       7.91250E-06       2.50001E-08       1.47434E-11       5.89733E-04       4.66626E-09       2.27262E-09
       7.92500E-06       7.95000E-06       7.93750E-06       2.49996E-08       1.47901E-11       5.91612E-04       4.69592E-09       2.28741E-09
       7.95000E-06       7.97500E-06       7.96250E-06       2.50001E-08       1.48368E-11       5.93468E-04       4.72549E-09       2.30224E-09
       7.97500E-06       8.00000E-06       7.98750E-06       2.50001E-08       1.48832E-11       5.95325E-04       4.75516E-09       2.31713E-09
       8.00000E-06       8.02500E-06       8.01250E-06       2.49996E-08       1.49299E-11       5.97204E-04       4.78510E-09       2.33206E-09
       8.02500E-06       8.05000E-06       8.03750E-06       2.50006E-08       1.49763E-11       5.99039E-04       4.81477E-09       2.34703E-09
       8.05000E-06       8.07500E-06       8.06250E-06       2.49996E-08       1.50230E-11       6.00929E-04       4.84499E-09       2.36206E-09
       8.07500E-06       8.10000E-06       8.08750E-06       2.50006E-08       1.50697E-11       6.02773E-04       4.87493E-09       2.37713E-09
       8.10000E-06       8.12500E-06       8.11250E-06       2.49996E-08       1.51161E-11       6.04654E-04       4.90525E-09       2.39224E-09
       8.12500E-06       8.15000E-06       8.13750E-06       2.49996E-08       1.51628E-11       6.06521E-04       4.93557E-09       2.40740E-09
       8.15000E-06       8.17500E-06       8.16250E-06       2.50006E-08       1.52092E-11       6.08355E-04       4.96570E-09       2.42261E-09
       8.17500E-06       8.20000E-06       8.18750E-06       2.49996E-08       1.52559E-11       6.10246E-04       4.99639E-09       2.43787E-09
       8.20000E-06       8.22500E-06       8.21250E-06       2.50006E-08       1.53026E-11       6.12090E-04       5.02679E-09       2.45317E-09
       8.22500E-06       8.25000E-06       8.23750E-06       2.49996E-08       1.53490E-11       6.13971E-04       5.05759E-09       2.46852E-09
       8.25000E-06       8.27500E-06       8.26250E-06       2.49996E-08       1.53957E-11       6.15838E-04       5.08836E-09       2.48392E-09
       8.27500E-06       8.30000E-06       8.28750E-06       2.50006E-08       1.54422E-11       6.17672E-04       5.11896E-09       2.49936E-09
       8.30000E-06       8.32500E-06       8.31250E-06       2.49996E-08       1.54888E-11       6.19563E-04       5.15012E-09       2.51485E-09
       8.32500E-06       8.35000E-06       8.33750E-06       2.50006E-08       1.55355E-11       6.21407E-04       5.18098E-09       2.53038E-09
       8.35000E-06       8.37500E-06       8.36250E-06       2.49996E-08       1.55820E-11       6.23288E-04       5.21225E-09       2.54597E-09
       8.37500E-06       8.40000E-06       8.38750E-06       2.49996E-08       1.56286E-11       6.25155E-04       5.24349E-09       2.56159E-09
       8.40000E-06       8.42500E-06       8.41250E-06       2.50006E-08       1.56751E-11       6.26989E-04       5.27454E-09       2.57727E-09
       8.42500E-06       8.45000E-06       8.43750E-06       2.49996E-08       1.57218E-11       6.28880E-04       5.30618E-09       2.59299E-09
       8.45000E-06       8.47500E-06       8.46250E-06       2.50006E-08       1.57682E-11       6.30714E-04       5.33741E-09       2.60876E-09
       8.47500E-06       8.50000E-06       8.48750E-06       2.49996E-08       1.58149E-11       6.32605E-04       5.36924E-09       2.62457E-09
       8.50000E-06       8.52500E-06       8.51250E-06       2.49996E-08       1.58616E-11       6.34473E-04       5.40095E-09       2.64044E-09
       8.52500E-06       8.55000E-06       8.53750E-06       2.50006E-08       1.59080E-11       6.36306E-04       5.43246E-09       2.65634E-09
       8.55000E-06       8.57500E-06       8.56250E-06       2.49996E-08       1.59547E-11       6.38197E-04       5.46456E-09       2.67230E-09
       8.57500E-06       8.60000E-06       8.58750E-06       2.50006E-08       1.60011E-11       6.40030E-04       5.49626E-09       2.68830E-09
       8.60000E-06       8.62500E-06       8.61250E-06       2.49996E-08       1.60478E-11       6.41922E-04       5.52855E-09       2.70435E-09
       8.62500E-06       8.65000E-06       8.63750E-06       2.49996E-08       1.60945E-11       6.43790E-04       5.56073E-09       2.72044E-09
       8.65000E-06       8.67500E-06       8.66250E-06       2.50006E-08       1.61409E-11       6.45622E-04       5.59270E-09       2.73658E-09
       8.67500E-06       8.70000E-06       8.68750E-06       2.49996E-08       1.61876E-11       6.47514E-04       5.62528E-09       2.75277E-09
       8.70000E-06       8.72500E-06       8.71250E-06       2.50006E-08       1.62340E-11       6.49347E-04       5.65744E-09       2.76901E-09
       8.72500E-06       8.75000E-06       8.73750E-06       2.49996E-08       1.62807E-11       6.51239E-04       5.69020E-09       2.78529E-09
       8.75000E-06       8.77500E-06       8.76250E-06       2.49996E-08       1.63274E-11       6.53107E-04       5.72285E-09       2.80161E-09
       8.77500E-06       8.80000E-06       8.78750E-06       2.50006E-08       1.63739E-11       6.54939E-04       5.75528E-09       2.81799E-09
       8.80000E-06       8.82500E-06       8.81250E-06       2.49996E-08       1.64205E-11       6.56832E-04       5.78833E-09       2.83441E-09
       8.82500E-06       8.85000E-06       8.83750E-06       2.50006E-08       1.64670E-11       6.58664E-04       5.82094E-09       2.85087E-09
       8.85000E-06       8.87500E-06       8.86250E-06       2.49996E-08       1.65137E-11       6.60556E-04       5.85418E-09       2.86739E-09
       8.87500E-06       8.90000E-06       8.88750E-06       2.49996E-08       1.65603E-11       6.62424E-04       5.88729E-09       2.88395E-09
       8.90000E-06       8.92500E-06       8.91250E-06       2.50006E-08       1.66068E-11       6.64256E-04       5.92018E-09       2.90056E-09
       8.92500E-06       8.95000E-06       8.93750E-06       2.49996E-08       1.66535E-11       6.66149E-04       5.95370E-09       2.91721E-09
       8.95000E-06       8.97500E-06       8.96250E-06       2.50006E-08       1.66999E-11       6.67981E-04       5.98678E-09       2.93391E-09
       8.97500E-06       9.00000E-06       8.98750E-06       2.49996E-08       1.67466E-11       6.69873E-04       6.02049E-09       2.95066E-09
       9.00000E-06       9.02500E-06       9.01250E-06       2.49996E-08       1.67933E-11       6.71741E-04       6.05407E-09       2.96745E-09
       9.02500E-06       9.05000E-06       9.03750E-06       2.50006E-08       1.68397E-11       6.73573E-04       6.08741E-09       2.98429E-09
       9.05000E-06       9.07500E-06       9.06250E-06       2.49996E-08       1.68864E-11       6.75466E-04       6.12141E-09       3.00117E-09
       9.07500E-06       9.10000E-06       9.08750E-06       2.50006E-08       1.69328E-11       6.77297E-04       6.15494E-09       3.01811E-09
       9.10000E-06       9.12500E-06       9.11250E-06       2.49996E-08       1.69795E-11       6.79191E-04       6.18913E-09       3.03509E-09
       9.12500E-06       9.15000E-06       9.13750E-06       2.49996E-08       1.70259E-11       6.81048E-04       6.22308E-09       3.05211E-09
       9.15000E-06       9.17500E-06       9.16250E-06       2.50006E-08       1.70726E-11       6.82889E-04       6.25697E-09       3.06919E-09
       9.17500E-06       9.20000E-06       9.18750E-06       2.49996E-08       1.71193E-11       6.84783E-04       6.29144E-09       3.08631E-09
       9.20000E-06       9.22500E-06       9.21250E-06       2.50006E-08       1.71657E-11       6.86614E-04       6.32543E-09       3.10347E-09
       9.22500E-06       9.25000E-06       9.23750E-06       2.49996E-08       1.72124E-11       6.88508E-04       6.36009E-09       3.12068E-09
       9.25000E-06       9.27500E-06       9.26250E-06       2.49996E-08       1.72589E-11       6.90365E-04       6.39451E-09       3.13794E-09
       9.27500E-06       9.30000E-06       9.28750E-06       2.50006E-08       1.73056E-11       6.92206E-04       6.42886E-09       3.15525E-09
       9.30000E-06       9.32500E-06       9.31250E-06       2.49996E-08       1.73522E-11       6.94100E-04       6.46381E-09       3.17260E-09
       9.32500E-06       9.35000E-06       9.33750E-06       2.50006E-08       1.73987E-11       6.95931E-04       6.49825E-09       3.19000E-09
       9.35000E-06       9.37500E-06       9.36250E-06       2.49996E-08       1.74454E-11       6.97825E-04       6.53339E-09       3.20744E-09
       9.37500E-06       9.40000E-06       9.38750E-06       2.49996E-08       1.74918E-11       6.99682E-04       6.56827E-09       3.22494E-09
       9.40000E-06       9.42500E-06       9.41250E-06       2.50006E-08       1.75385E-11       7.01523E-04       6.60308E-09       3.24247E-09
       9.42500E-06       9.45000E-06       9.43750E-06       2.49996E-08       1.75852E-11       7.03417E-04       6.63850E-09       3.26006E-09
       9.45000E-06       9.47500E-06       9.46250E-06       2.50006E-08       1.76316E-11       7.05248E-04       6.67341E-09       3.27769E-09
       9.47500E-06       9.50000E-06       9.48750E-06       2.49996E-08       1.76783E-11       7.07142E-04       6.70901E-09       3.29537E-09
       9.50000E-06       9.52500E-06       9.51250E-06       2.49996E-08       1.77247E-11       7.08999E-04       6.74436E-09       3.31309E-09
       9.52500E-06       9.55000E-06       9.53750E-06       2.50006E-08       1.77714E-11       7.10840E-04       6.77963E-09       3.33087E-09
       9.55000E-06       9.57500E-06       9.56250E-06       2.49996E-08       1.78181E-11       7.12734E-04       6.81552E-09       3.34868E-09
       9.57500E-06       9.60000E-06       9.58750E-06       2.50006E-08       1.78645E-11       7.14564E-04       6.85089E-09       3.36655E-09
       9.60000E-06       9.62500E-06       9.61250E-06       2.49996E-08       1.79112E-11       7.16459E-04       6.88696E-09       3.38446E-09
       9.62500E-06       9.65000E-06       9.63750E-06       2.49996E-08       1.79576E-11       7.18317E-04       6.92278E-09       3.40242E-09
       9.65000E-06       9.67500E-06       9.66250E-06       2.50006E-08       1.80043E-11       7.20156E-04       6.95851E-09       3.42042E-09
       9.67500E-06       9.70000E-06       9.68750E-06       2.49996E-08       1.80510E-11       7.22051E-04       6.99487E-09       3.43847E-09
       9.70000E-06       9.72500E-06       9.71250E-06       2.50006E-08       1.80974E-11       7.23881E-04       7.03070E-09       3.45657E-09
       9.72500E-06       9.75000E-06       9.73750E-06       2.49996E-08       1.81441E-11       7.25776E-04       7.06725E-09       3.47471E-09
       9.75000E-06       9.77500E-06       9.76250E-06       2.49996E-08       1.81906E-11       7.27634E-04       7.10352E-09       3.49291E-09
       9.77500E-06       9.80000E-06       9.78750E-06       2.50006E-08       1.82372E-11       7.29473E-04       7.13972E-09       3.51114E-09
       9.80000E-06       9.82500E-06       9.81250E-06       2.49996E-08       1.82837E-11       7.31358E-04       7.17645E-09       3.52943E-09
       9.82500E-06       9.85000E-06       9.83750E-06       2.50006E-08       1.83304E-11       7.33198E-04       7.21284E-09       3.54776E-09
       9.85000E-06       9.87500E-06       9.86250E-06       2.49996E-08       1.83771E-11       7.35093E-04       7.24986E-09       3.56613E-09
       9.87500E-06       9.90000E-06       9.88750E-06       2.49996E-08       1.84235E-11       7.36951E-04       7.28660E-09       3.58456E-09
       9.90000E-06       9.92500E-06       9.91250E-06       2.50006E-08       1.84702E-11       7.38790E-04       7.32326E-09       3.60303E-09
       9.92500E-06       9.95000E-06       9.93750E-06       2.49996E-08       1.85166E-11       7.40676E-04       7.36046E-09       3.62154E-09
       9.95000E-06       9.97500E-06       9.96250E-06       2.50006E-08       1.85633E-11       7.42515E-04       7.39730E-09       3.64011E-09
       9.97500E-06       1.00000E-05       9.98750E-06       2.49996E-08       1.86100E-11       7.44410E-04       7.43480E-09       3.65872E-09
       1.00000E-05       1.04713E-05       1.02356E-05       4.71300E-07       3.59531E-10       7.62850E-04       7.80827E-09       4.01825E-09
       1.04713E-05       1.09648E-05       1.07180E-05       4.93500E-07       3.94230E-10       7.98846E-04       8.56207E-09       4.41248E-09
       1.09648E-05       1.14815E-05       1.12232E-05       5.16700E-07       4.32260E-10       8.36579E-04       9.38905E-09       4.84474E-09
       1.14815E-05       1.20226E-05       1.17521E-05       5.41101E-07       4.73949E-10       8.75899E-04       1.02936E-08       5.31869E-09
       1.20226E-05       1.25892E-05       1.23059E-05       5.66600E-07       5.19702E-10       9.17229E-04       1.12873E-08       5.83839E-09
       1.25892E-05       1.31826E-05       1.28859E-05       5.93400E-07       5.69845E-10       9.60304E-04       1.23744E-08       6.40823E-09
       1.31826E-05       1.38038E-05       1.34932E-05       6.21200E-07       6.24808E-10       1.00581E-03       1.35716E-08       7.03304E-09
       1.38038E-05       1.44544E-05       1.41291E-05       6.50600E-07       6.85096E-10       1.05302E-03       1.48782E-08       7.71814E-09
       1.44544E-05       1.51356E-05       1.47950E-05       6.81200E-07       7.51188E-10       1.10274E-03       1.63151E-08       8.46932E-09
       1.51356E-05       1.58489E-05       1.54922E-05       7.13300E-07       8.23664E-10       1.15472E-03       1.78893E-08       9.29299E-09
       1.58489E-05       1.65959E-05       1.62224E-05       7.47000E-07       9.03131E-10       1.20901E-03       1.96131E-08       1.01961E-08
       1.65959E-05       1.73780E-05       1.69869E-05       7.82101E-07       9.90244E-10       1.26613E-03       2.15077E-08       1.11864E-08
       1.73780E-05       1.81970E-05       1.77875E-05       8.19000E-07       1.08579E-09       1.32575E-03       2.35817E-08       1.22721E-08
       1.81970E-05       1.90546E-05       1.86258E-05       8.57599E-07       1.19054E-09       1.38822E-03       2.58568E-08       1.34627E-08
       1.90546E-05       1.99526E-05       1.95036E-05       8.98001E-07       1.30539E-09       1.45366E-03       2.83516E-08       1.47681E-08
       1.99526E-05       2.08930E-05       2.04228E-05       9.40399E-07       1.43136E-09       1.52208E-03       3.10851E-08       1.61994E-08
       2.08930E-05       2.18776E-05       2.13853E-05       9.84600E-07       1.56945E-09       1.59400E-03       3.40881E-08       1.77689E-08
       2.18776E-05       2.29087E-05       2.23932E-05       1.03110E-06       1.72086E-09       1.66896E-03       3.73732E-08       1.94898E-08
       2.29087E-05       2.39883E-05       2.34485E-05       1.07960E-06       1.88689E-09       1.74777E-03       4.09825E-08       2.13766E-08
       2.39883E-05       2.51189E-05       2.45536E-05       1.13060E-06       2.06891E-09       1.82993E-03       4.49313E-08       2.34456E-08
       2.51189E-05       2.63027E-05       2.57108E-05       1.18380E-06       2.26855E-09       1.91633E-03       4.92704E-08       2.57141E-08
       2.63027E-05       2.75423E-05       2.69225E-05       1.23960E-06       2.48740E-09       2.00661E-03       5.40230E-08       2.82015E-08
       2.75423E-05       2.88403E-05       2.81913E-05       1.29800E-06       2.70286E-09       2.08232E-03       5.87034E-08       3.09044E-08
       2.88403E-05       3.01995E-05       2.95199E-05       1.35920E-06       2.89250E-09       2.12809E-03       6.28211E-08       3.37969E-08
       3.01995E-05       3.16228E-05       3.09111E-05       1.42330E-06       3.09557E-09       2.17492E-03       6.72294E-08       3.68924E-08
       3.16228E-05       3.31131E-05       3.23679E-05       1.49030E-06       3.31464E-09       2.22415E-03       7.19911E-08       4.02071E-08
       3.31131E-05       3.46737E-05       3.38934E-05       1.56060E-06       3.55113E-09       2.27549E-03       7.71240E-08       4.37582E-08
       3.46737E-05       3.63078E-05       3.54907E-05       1.63410E-06       3.80648E-09       2.32940E-03       8.26723E-08       4.75647E-08
       3.63078E-05       3.80189E-05       3.71634E-05       1.71110E-06       4.08233E-09       2.38579E-03       8.86641E-08       5.16470E-08
       3.80189E-05       3.98107E-05       3.89148E-05       1.79180E-06       4.38054E-09       2.44478E-03       9.51380E-08       5.60276E-08
       3.98107E-05       4.16869E-05       4.07488E-05       1.87620E-06       4.70288E-09       2.50659E-03       1.02141E-07       6.07304E-08
       4.16869E-05       4.36516E-05       4.26692E-05       1.96470E-06       5.04111E-09       2.56584E-03       1.09483E-07       6.57716E-08
       4.36516E-05       4.57088E-05       4.46802E-05       2.05720E-06       5.39655E-09       2.62325E-03       1.17207E-07       7.11681E-08
       4.57088E-05       4.78630E-05       4.67859E-05       2.15420E-06       5.78006E-09       2.68316E-03       1.25534E-07       7.69482E-08
       4.78630E-05       5.01187E-05       4.89908E-05       2.25570E-06       6.19412E-09       2.74599E-03       1.34528E-07       8.31423E-08
       5.01187E-05       5.24808E-05       5.12998E-05       2.36210E-06       6.64137E-09       2.81164E-03       1.44236E-07       8.97837E-08
       5.24808E-05       5.49541E-05       5.37174E-05       2.47330E-06       7.12466E-09       2.88063E-03       1.54740E-07       9.69083E-08
       5.49541E-05       5.75440E-05       5.62490E-05       2.58990E-06       7.63757E-09       2.94899E-03       1.65878E-07       1.04546E-07
       5.75440E-05       6.02560E-05       5.89000E-05       2.71200E-06       8.17065E-09       3.01277E-03       1.77452E-07       1.12717E-07
       6.02560E-05       6.30957E-05       6.16758E-05       2.83970E-06       8.74451E-09       3.07938E-03       1.89923E-07       1.21461E-07
       6.30957E-05       6.60693E-05       6.45825E-05       2.97360E-06       9.36364E-09       3.14892E-03       2.03365E-07       1.30825E-07
       6.60693E-05       6.91831E-05       6.76262E-05       3.11380E-06       1.00320E-08       3.22177E-03       2.17876E-07       1.40857E-07
       6.91831E-05       7.24436E-05       7.08134E-05       3.26051E-06       1.07536E-08       3.29814E-03       2.33553E-07       1.51610E-07
       7.24436E-05       7.58578E-05       7.41507E-05       3.41420E-06       1.15333E-08       3.37804E-03       2.50484E-07       1.63144E-07
       7.58578E-05       7.94328E-05       7.76453E-05       3.57500E-06       1.23761E-08       3.46184E-03       2.68795E-07       1.75520E-07
       7.94328E-05       8.31764E-05       8.13046E-05       3.74360E-06       1.32873E-08       3.54934E-03       2.88578E-07       1.88807E-07
       8.31764E-05       8.70964E-05       8.51364E-05       3.92000E-06       1.42460E-08       3.63418E-03       3.09401E-07       2.03053E-07
       8.70964E-05       9.12011E-05       8.91488E-05       4.10471E-06       1.52511E-08       3.71553E-03       3.31235E-07       2.18304E-07
       9.12011E-05       9.54993E-05       9.33502E-05       4.29820E-06       1.63357E-08       3.80059E-03       3.54786E-07       2.34640E-07
       9.54993E-05       1.00000E-04       9.77497E-05       4.50070E-06       1.75066E-08       3.88974E-03       3.80221E-07       2.52146E-07
       1.00000E-04       1.04713E-04       1.02356E-04       4.71300E-06       1.87715E-08       3.98292E-03       4.07678E-07       2.70918E-07
       1.04713E-04       1.09648E-04       1.07181E-04       4.93501E-06       2.01379E-08       4.08062E-03       4.37363E-07       2.91056E-07
       1.09648E-04       1.14815E-04       1.12232E-04       5.16700E-06       2.15924E-08       4.17891E-03       4.69006E-07       3.12648E-07
       1.14815E-04       1.20226E-04       1.17520E-04       5.41100E-06       2.31012E-08       4.26930E-03       5.01730E-07       3.35749E-07
       1.20226E-04       1.25892E-04       1.23059E-04       5.66600E-06       2.47253E-08       4.36381E-03       5.37006E-07       3.60475E-07
       1.25892E-04       1.31826E-04       1.28859E-04       5.93401E-06       2.64777E-08       4.46202E-03       5.74972E-07       3.86952E-07
       1.31826E-04       1.38038E-04       1.34932E-04       6.21199E-06       2.83683E-08       4.56670E-03       6.16195E-07       4.15321E-07
       1.38038E-04       1.44544E-04       1.41291E-04       6.50601E-06       3.04111E-08       4.67431E-03       6.60439E-07       4.45732E-07
       1.44544E-04       1.51356E-04       1.47950E-04       6.81200E-06       3.26172E-08       4.78821E-03       7.08415E-07       4.78349E-07
       1.51356E-04       1.58489E-04       1.54922E-04       7.13300E-06       3.50028E-08       4.90716E-03       7.60230E-07       5.13352E-07
       1.58489E-04       1.65959E-04       1.62224E-04       7.47000E-06       3.75823E-08       5.03110E-03       8.16165E-07       5.50934E-07
       1.65959E-04       1.73780E-04       1.69870E-04       7.82100E-06       4.03035E-08       5.15324E-03       8.75378E-07       5.91237E-07
       1.73780E-04       1.81970E-04       1.77875E-04       8.19000E-06       4.31508E-08       5.26872E-03       9.37173E-07       6.34388E-07
       1.81970E-04       1.90546E-04       1.86258E-04       8.57600E-06       4.62225E-08       5.38975E-03       1.00388E-06       6.80611E-07
       1.90546E-04       1.99526E-04       1.95036E-04       8.98000E-06       4.95385E-08       5.51653E-03       1.07592E-06       7.30149E-07
       1.99526E-04       2.08930E-04       2.04228E-04       9.40399E-06       5.31214E-08       5.64881E-03       1.15365E-06       7.83271E-07
       2.08930E-04       2.18776E-04       2.13853E-04       9.84601E-06       5.69935E-08       5.78849E-03       1.23789E-06       8.40264E-07
       2.18776E-04       2.29087E-04       2.23932E-04       1.03110E-05       6.11211E-08       5.92775E-03       1.32741E-06       9.01385E-07
       2.29087E-04       2.39883E-04       2.34485E-04       1.07960E-05       6.54008E-08       6.05788E-03       1.42048E-06       9.66786E-07
       2.39883E-04       2.51189E-04       2.45536E-04       1.13060E-05       7.00012E-08       6.19151E-03       1.52024E-06       1.03679E-06
       2.51189E-04       2.63027E-04       2.57108E-04       1.18380E-05       7.49661E-08       6.33266E-03       1.62818E-06       1.11175E-06
       2.63027E-04       2.75423E-04       2.69225E-04       1.23960E-05       8.03249E-08       6.47990E-03       1.74455E-06       1.19208E-06
       2.75423E-04       2.88403E-04       2.81913E-04       1.29800E-05       8.61121E-08       6.63421E-03       1.87027E-06       1.27819E-06
       2.88403E-04       3.01995E-04       2.95199E-04       1.35920E-05       9.23652E-08       6.79557E-03       2.00605E-06       1.37056E-06
       3.01995E-04       3.16228E-04       3.09111E-04       1.42330E-05       9.91254E-08       6.96447E-03       2.15280E-06       1.46968E-06
       3.16228E-04       3.31131E-04       3.23680E-04       1.49030E-05       1.06435E-07       7.14187E-03       2.31168E-06       1.57612E-06
       3.31131E-04       3.46737E-04       3.38934E-04       1.56060E-05       1.14169E-07       7.31574E-03       2.47955E-06       1.69029E-06
       3.46737E-04       3.63078E-04       3.54908E-04       1.63410E-05       1.22244E-07       7.48079E-03       2.65499E-06       1.81253E-06
       3.63078E-04       3.80189E-04       3.71634E-04       1.71110E-05       1.30952E-07       7.65309E-03       2.84414E-06       1.94348E-06
       3.80189E-04       3.98107E-04       3.89148E-04       1.79180E-05       1.40356E-07       7.83323E-03       3.04828E-06       2.08384E-06
       3.98107E-04       4.16869E-04       4.07488E-04       1.87620E-05       1.50514E-07       8.02226E-03       3.26897E-06       2.23435E-06
       4.16869E-04       4.36516E-04       4.26692E-04       1.96470E-05       1.61492E-07       8.21968E-03       3.50728E-06       2.39584E-06
       4.36516E-04       4.57088E-04       4.46802E-04       2.05720E-05       1.73224E-07       8.42037E-03       3.76224E-06       2.56907E-06
       4.57088E-04       4.78630E-04       4.67859E-04       2.15420E-05       1.85386E-07       8.60578E-03       4.02629E-06       2.75445E-06
       4.78630E-04       5.01187E-04       4.89909E-04       2.25570E-05       1.98449E-07       8.79766E-03       4.31005E-06       2.95290E-06
       5.01187E-04       5.24808E-04       5.12998E-04       2.36210E-05       2.12547E-07       8.99822E-03       4.61606E-06       3.16545E-06
       5.24808E-04       5.49541E-04       5.37175E-04       2.47330E-05       2.27765E-07       9.20893E-03       4.94680E-06       3.39321E-06
       5.49541E-04       5.75440E-04       5.62491E-04       2.58990E-05       2.44202E-07       9.42902E-03       5.30374E-06       3.63741E-06
       5.75440E-04       6.02560E-04       5.89000E-04       2.71200E-05       2.61965E-07       9.65950E-03       5.68944E-06       3.89938E-06
       6.02560E-04       6.30957E-04       6.16758E-04       2.83970E-05       2.81170E-07       9.90140E-03       6.10677E-06       4.18055E-06
       6.30957E-04       6.60693E-04       6.45825E-04       2.97360E-05       3.01939E-07       1.01540E-02       6.55769E-06       4.48249E-06
       6.60693E-04       6.91831E-04       6.76262E-04       3.11380E-05       3.23974E-07       1.04045E-02       7.03615E-06       4.80646E-06
       6.91831E-04       7.24436E-04       7.08133E-04       3.26050E-05       3.46954E-07       1.06411E-02       7.53534E-06       5.15342E-06
       7.24436E-04       7.58578E-04       7.41507E-04       3.41420E-05       3.71730E-07       1.08878E-02       8.07335E-06       5.52515E-06
       7.58578E-04       7.94328E-04       7.76453E-04       3.57500E-05       3.98487E-07       1.11465E-02       8.65474E-06       5.92363E-06
       7.94328E-04       8.31764E-04       8.13046E-04       3.74360E-05       4.27397E-07       1.14168E-02       9.28235E-06       6.35103E-06
       8.31764E-04       8.70964E-04       8.51364E-04       3.92000E-05       4.58644E-07       1.17001E-02       9.96104E-06       6.80968E-06
       8.70964E-04       9.12011E-04       8.91487E-04       4.10470E-05       4.92104E-07       1.19888E-02       1.06879E-05       7.30178E-06
       9.12011E-04       9.54993E-04       9.33502E-04       4.29820E-05       5.26795E-07       1.22562E-02       1.14412E-05       7.82858E-06
       9.54993E-04       1.00000E-03       9.77497E-04       4.50070E-05       5.64025E-07       1.25319E-02       1.22499E-05       8.39260E-06
       1.00000E-03       1.04713E-03       1.02356E-03       4.71300E-05       6.04215E-07       1.28202E-02       1.31223E-05       8.99682E-06
       1.04713E-03       1.09648E-03       1.07180E-03       4.93500E-05       6.47588E-07       1.31224E-02       1.40646E-05       9.64440E-06
       1.09648E-03       1.14815E-03       1.12231E-03       5.16700E-05       6.94476E-07       1.34406E-02       1.50846E-05       1.03389E-05
       1.14815E-03       1.20226E-03       1.17520E-03       5.41100E-05       7.45116E-07       1.37704E-02       1.61830E-05       1.10840E-05
       1.20226E-03       1.25892E-03       1.23059E-03       5.66600E-05       7.99905E-07       1.41176E-02       1.73730E-05       1.18839E-05
       1.25892E-03       1.31826E-03       1.28859E-03       5.93400E-05       8.59168E-07       1.44787E-02       1.86572E-05       1.27431E-05
       1.31826E-03       1.38038E-03       1.34932E-03       6.21200E-05       9.22184E-07       1.48452E-02       2.00309E-05       1.36653E-05
       1.38038E-03       1.44544E-03       1.41291E-03       6.50599E-05       9.87877E-07       1.51841E-02       2.14538E-05       1.46531E-05
       1.44544E-03       1.51356E-03       1.47950E-03       6.81201E-05       1.05865E-06       1.55410E-02       2.29929E-05       1.57118E-05
       1.51356E-03       1.58489E-03       1.54923E-03       7.13300E-05       1.13513E-06       1.59137E-02       2.46540E-05       1.68469E-05
       1.58489E-03       1.65959E-03       1.62224E-03       7.47000E-05       1.21776E-06       1.63021E-02       2.64459E-05       1.80647E-05
       1.65959E-03       1.73780E-03       1.69870E-03       7.82101E-05       1.30710E-06       1.67126E-02       2.83897E-05       1.93718E-05
       1.73780E-03       1.81970E-03       1.77875E-03       8.18999E-05       1.40293E-06       1.71298E-02       3.04696E-05       2.07747E-05
       1.81970E-03       1.90546E-03       1.86258E-03       8.57600E-05       1.50228E-06       1.75173E-02       3.26274E-05       2.22770E-05
       1.90546E-03       1.99526E-03       1.95036E-03       8.98001E-05       9.29736E-06       1.03534E-01       2.01929E-04       3.15743E-05
       1.99526E-03       2.08930E-03       2.04228E-03       9.40400E-05       2.15344E-05       2.28992E-01       4.67665E-04       5.31087E-05
       2.08930E-03       2.18776E-03       2.13853E-03       9.84600E-05       2.25762E-05       2.29293E-01       4.90350E-04       7.56849E-05
       2.18776E-03       2.29087E-03       2.23932E-03       1.03110E-04       2.36665E-05       2.29526E-01       5.13982E-04       9.93514E-05
       2.29087E-03       2.39883E-03       2.34485E-03       1.07960E-04       2.48084E-05       2.29793E-01       5.38829E-04       1.24160E-04
       2.39883E-03       2.51189E-03       2.45536E-03       1.13060E-04       2.59985E-05       2.29954E-01       5.64619E-04       1.50158E-04
       2.51189E-03       2.63027E-03       2.57108E-03       1.18380E-04       2.72615E-05       2.30288E-01       5.92088E-04       1.77420E-04
       2.63027E-03       2.75423E-03       2.69225E-03       1.23960E-04       2.85808E-05       2.30564E-01       6.20737E-04       2.06001E-04
       2.75423E-03       2.88403E-03       2.81913E-03       1.29800E-04       2.99551E-05       2.30779E-01       6.50596E-04       2.35956E-04
       2.88403E-03       3.01995E-03       2.95199E-03       1.35920E-04       3.13892E-05       2.30939E-01       6.81730E-04       2.67345E-04
       3.01995E-03       3.16228E-03       3.09112E-03       1.42330E-04       3.28992E-05       2.31147E-01       7.14502E-04       3.00244E-04
       3.16228E-03       3.31131E-03       3.23679E-03       1.49030E-04       3.44743E-05       2.31325E-01       7.48751E-04       3.34718E-04
       3.31131E-03       3.46737E-03       3.38934E-03       1.56060E-04       3.61430E-05       2.31597E-01       7.84960E-04       3.70861E-04
       3.46737E-03       3.63078E-03       3.54907E-03       1.63410E-04       3.78803E-05       2.31812E-01       8.22717E-04       4.08742E-04
       3.63078E-03       3.80189E-03       3.71633E-03       1.71110E-04       3.96958E-05       2.31990E-01       8.62154E-04       4.48438E-04
       3.80189E-03       3.98107E-03       3.89148E-03       1.79180E-04       4.15984E-05       2.32160E-01       9.03445E-04       4.90036E-04
       3.98107E-03       4.16869E-03       4.07488E-03       1.87620E-04       4.35919E-05       2.32342E-01       9.46764E-04       5.33628E-04
       4.16869E-03       4.36516E-03       4.26693E-03       1.96470E-04       4.56879E-05       2.32544E-01       9.92246E-04       5.79316E-04
       4.36516E-03       4.57088E-03       4.46802E-03       2.05720E-04       4.78815E-05       2.32751E-01       1.03994E-03       6.27197E-04
       4.57088E-03       4.78630E-03       4.67859E-03       2.15420E-04       5.01898E-05       2.32986E-01       1.09005E-03       6.77387E-04
       4.78630E-03       5.01187E-03       4.89909E-03       2.25570E-04       5.26002E-05       2.33188E-01       1.14241E-03       7.29987E-04
       5.01187E-03       5.24807E-03       5.12997E-03       2.36200E-04       5.51407E-05       2.33449E-01       1.19759E-03       7.85128E-04
       5.24807E-03       5.49541E-03       5.37174E-03       2.47340E-04       5.77930E-05       2.33658E-01       1.25515E-03       8.42921E-04
       5.49541E-03       5.75440E-03       5.62491E-03       2.58990E-04       6.05633E-05       2.33844E-01       1.31535E-03       9.03484E-04
       5.75440E-03       6.02560E-03       5.89000E-03       2.71200E-04       6.34680E-05       2.34026E-01       1.37842E-03       9.66952E-04
       6.02560E-03       6.30957E-03       6.16759E-03       2.83970E-04       6.65165E-05       2.34238E-01       1.44468E-03       1.03347E-03
       6.30957E-03       6.60693E-03       6.45825E-03       2.97360E-04       6.97132E-05       2.34440E-01       1.51407E-03       1.10318E-03
       6.60693E-03       6.91831E-03       6.76262E-03       3.11380E-04       7.30672E-05       2.34656E-01       1.58689E-03       1.17625E-03
       6.91831E-03       7.24436E-03       7.08133E-03       3.26050E-04       7.65902E-05       2.34903E-01       1.66343E-03       1.25284E-03
       7.24436E-03       7.58578E-03       7.41507E-03       3.41420E-04       8.02322E-05       2.34996E-01       1.74251E-03       1.33307E-03
       7.58578E-03       7.94328E-03       7.76453E-03       3.57500E-04       8.40491E-05       2.35103E-01       1.82546E-03       1.41712E-03
       7.94328E-03       8.31764E-03       8.13046E-03       3.74360E-04       8.80573E-05       2.35221E-01       1.91246E-03       1.50518E-03
       8.31764E-03       8.70964E-03       8.51364E-03       3.92000E-04       9.22550E-05       2.35345E-01       2.00364E-03       1.59743E-03
       8.70964E-03       9.12011E-03       8.91487E-03       4.10471E-04       9.66580E-05       2.35481E-01       2.09928E-03       1.69409E-03
       9.12011E-03       9.54993E-03       9.33502E-03       4.29819E-04       1.01288E-04       2.35653E-01       2.19982E-03       1.79538E-03
       9.54993E-03       1.00000E-02       9.77496E-03       4.50070E-04       1.06145E-04       2.35841E-01       2.30534E-03       1.90152E-03
       1.00000E-02       1.04713E-02       1.02357E-02       4.71300E-04       1.11237E-04       2.36021E-01       2.41583E-03       2.01276E-03
       1.04713E-02       1.09648E-02       1.07180E-02       4.93500E-04       1.16564E-04       2.36199E-01       2.53159E-03       2.12932E-03
       1.09648E-02       1.14815E-02       1.12232E-02       5.16700E-04       1.22086E-04       2.36281E-01       2.65182E-03       2.25141E-03
       1.14815E-02       1.20226E-02       1.17521E-02       5.41100E-04       1.27876E-04       2.36326E-01       2.77731E-03       2.37929E-03
       1.20226E-02       1.25892E-02       1.23059E-02       5.66601E-04       1.33936E-04       2.36385E-01       2.90893E-03       2.51322E-03
       1.25892E-02       1.31826E-02       1.28859E-02       5.93399E-04       1.40313E-04       2.36457E-01       3.04696E-03       2.65354E-03
       1.31826E-02       1.38038E-02       1.34932E-02       6.21200E-04       1.46999E-04       2.36637E-01       3.19299E-03       2.80053E-03
       1.38038E-02       1.44544E-02       1.41291E-02       6.50601E-04       1.54017E-04       2.36730E-01       3.34478E-03       2.95455E-03
       1.44544E-02       1.51356E-02       1.47950E-02       6.81199E-04       1.70394E-04       2.50138E-01       3.70079E-03       3.12495E-03
       1.51356E-02       1.58489E-02       1.54923E-02       7.13301E-04       1.87643E-04       2.63063E-01       4.07545E-03       3.31259E-03
       1.58489E-02       1.65959E-02       1.62224E-02       7.47000E-04       1.96479E-04       2.63024E-01       4.26687E-03       3.50907E-03
       1.65959E-02       1.73780E-02       1.69870E-02       7.82100E-04       2.05769E-04       2.63098E-01       4.46923E-03       3.71484E-03
       1.73780E-02       1.81970E-02       1.77875E-02       8.19000E-04       2.17639E-04       2.65737E-01       4.72680E-03       3.93247E-03
       1.81970E-02       1.90546E-02       1.86258E-02       8.57600E-04       2.28290E-04       2.66196E-01       4.95812E-03       4.16076E-03
       1.90546E-02       1.99526E-02       1.95036E-02       8.98000E-04       2.39141E-04       2.66304E-01       5.19389E-03       4.39991E-03
       1.99526E-02       2.08930E-02       2.04228E-02       9.40400E-04       2.50542E-04       2.66421E-01       5.44106E-03       4.65045E-03
       2.08930E-02       2.18776E-02       2.13853E-02       9.84600E-04       2.62506E-04       2.66612E-01       5.70158E-03       4.91295E-03
       2.18776E-02       2.29087E-02       2.23931E-02       1.03110E-03       2.74956E-04       2.66663E-01       5.97142E-03       5.18791E-03
       2.29087E-02       2.39883E-02       2.34485E-02       1.07960E-03       2.88044E-04       2.66806E-01       6.25619E-03       5.47595E-03
       2.39883E-02       2.51189E-02       2.45536E-02       1.13060E-03       3.01823E-04       2.66958E-01       6.55479E-03       5.77778E-03
       2.51189E-02       2.63027E-02       2.57108E-02       1.18380E-03       3.16321E-04       2.67208E-01       6.87014E-03       6.09410E-03
       2.63027E-02       2.75423E-02       2.69225E-02       1.23960E-03       3.31617E-04       2.67519E-01       7.20229E-03       6.42572E-03
       2.75423E-02       2.88403E-02       2.81913E-02       1.29800E-03       3.47726E-04       2.67894E-01       7.55228E-03       6.77344E-03
       2.88403E-02       3.01995E-02       2.95199E-02       1.35920E-03       3.67334E-04       2.70257E-01       7.97797E-03       7.14078E-03
       3.01995E-02       3.16228E-02       3.09112E-02       1.42330E-03       3.88088E-04       2.72667E-01       8.42846E-03       7.52886E-03
       3.16228E-02       3.31131E-02       3.23680E-02       1.49030E-03       4.06813E-04       2.72974E-01       8.83560E-03       7.93568E-03
       3.31131E-02       3.46737E-02       3.38934E-02       1.56060E-03       4.27618E-04       2.74009E-01       9.28710E-03       8.36329E-03
       3.46737E-02       3.63078E-02       3.54908E-02       1.63410E-03       4.51824E-04       2.76497E-01       9.81307E-03       8.81512E-03
       3.63078E-02       3.80189E-02       3.71633E-02       1.71110E-03       5.27809E-04       3.08462E-01       1.14635E-02       9.34293E-03
       3.80189E-02       3.98107E-02       3.89148E-02       1.79180E-03       5.64968E-04       3.15307E-01       1.22701E-02       9.90789E-03
       3.98107E-02       4.16869E-02       4.07488E-02       1.87620E-03       5.93247E-04       3.16196E-01       1.28846E-02       1.05011E-02
       4.16869E-02       4.36516E-02       4.26693E-02       1.96470E-03       6.25573E-04       3.18406E-01       1.35861E-02       1.11267E-02
       4.36516E-02       4.57088E-02       4.46802E-02       2.05720E-03       6.74040E-04       3.27649E-01       1.46394E-02       1.18008E-02
       4.57088E-02       4.78630E-02       4.67859E-02       2.15420E-03       7.09159E-04       3.29199E-01       1.54018E-02       1.25099E-02
       4.78630E-02       5.01187E-02       4.89908E-02       2.25570E-03       7.48218E-04       3.31701E-01       1.62503E-02       1.32581E-02
       5.01187E-02       5.24808E-02       5.12998E-02       2.36210E-03       7.98367E-04       3.37990E-01       1.73388E-02       1.40565E-02
       5.24808E-02       5.49541E-02       5.37174E-02       2.47330E-03       8.47441E-04       3.42636E-01       1.84055E-02       1.49039E-02
       5.49541E-02       5.75440E-02       5.62491E-02       2.58990E-03       8.94948E-04       3.45553E-01       1.94370E-02       1.57989E-02
       5.75440E-02       6.02560E-02       5.89000E-02       2.71200E-03       9.62937E-04       3.55065E-01       2.09133E-02       1.67618E-02
       6.02560E-02       6.30957E-02       6.16758E-02       2.83970E-03       1.02556E-03       3.61152E-01       2.22744E-02       1.77874E-02
       6.30957E-02       6.60693E-02       6.45825E-02       2.97360E-03       1.08068E-03       3.63424E-01       2.34708E-02       1.88681E-02
       6.60693E-02       6.91831E-02       6.76262E-02       3.11380E-03       1.13950E-03       3.65950E-01       2.47478E-02       2.00076E-02
       6.91831E-02       7.24436E-02       7.08134E-02       3.26050E-03       1.20255E-03       3.68823E-01       2.61176E-02       2.12101E-02
       7.24436E-02       7.58578E-02       7.41507E-02       3.41420E-03       1.27180E-03       3.72505E-01       2.76215E-02       2.24819E-02
       7.58578E-02       7.94328E-02       7.76453E-02       3.57500E-03       1.34650E-03       3.76644E-01       2.92446E-02       2.38284E-02
       7.94328E-02       8.31764E-02       8.13046E-02       3.74360E-03       1.42669E-03       3.81102E-01       3.09853E-02       2.52551E-02
       8.31764E-02       8.70964E-02       8.51364E-02       3.92000E-03       1.51288E-03       3.85938E-01       3.28573E-02       2.67680E-02
       8.70964E-02       9.12011E-02       8.91488E-02       4.10470E-03       1.60603E-03       3.91267E-01       3.48809E-02       2.83740E-02
       9.12011E-02       9.54993E-02       9.33502E-02       4.29820E-03       1.70634E-03       3.96990E-01       3.70591E-02       3.00804E-02
       9.54993E-02       1.00000E-01       9.77497E-02       4.50070E-03       1.81422E-03       4.03098E-01       3.94027E-02       3.18946E-02
       1.00000E-01       1.04713E-01       1.02357E-01       4.71300E-03       1.93033E-03       4.09576E-01       4.19228E-02       3.38249E-02
       1.04713E-01       1.09648E-01       1.07180E-01       4.93500E-03       2.05519E-03       4.16452E-01       4.46355E-02       3.58801E-02
       1.09648E-01       1.14815E-01       1.12231E-01       5.16700E-03       2.18954E-03       4.23755E-01       4.75587E-02       3.80696E-02
       1.14815E-01       1.20226E-01       1.17520E-01       5.41100E-03       2.33211E-03       4.30994E-01       5.06506E-02       4.04018E-02
       1.20226E-01       1.25892E-01       1.23059E-01       5.66600E-03       2.48447E-03       4.38487E-01       5.39598E-02       4.28862E-02
       1.25892E-01       1.31826E-01       1.28859E-01       5.93400E-03       2.64801E-03       4.46244E-01       5.75026E-02       4.55342E-02
       1.31826E-01       1.38038E-01       1.34932E-01       6.21200E-03       2.82337E-03       4.54502E-01       6.13269E-02       4.83576E-02
       1.38038E-01       1.44544E-01       1.41291E-01       6.50600E-03       3.01122E-03       4.62838E-01       6.53948E-02       5.13688E-02
       1.44544E-01       1.51356E-01       1.47950E-01       6.81200E-03       3.21025E-03       4.71264E-01       6.97235E-02       5.45791E-02
       1.51356E-01       1.58489E-01       1.54923E-01       7.13300E-03       3.42245E-03       4.79805E-01       7.43325E-02       5.80015E-02
       1.58489E-01       1.65959E-01       1.62224E-01       7.47000E-03       3.65256E-03       4.88964E-01       7.93217E-02       6.16541E-02
       1.65959E-01       1.73780E-01       1.69869E-01       7.82100E-03       3.94828E-03       5.04830E-01       8.57553E-02       6.56024E-02
       1.73780E-01       1.81970E-01       1.77875E-01       8.19000E-03       4.29030E-03       5.23846E-01       9.31790E-02       6.98927E-02
       1.81970E-01       1.90546E-01       1.86258E-01       8.57600E-03       4.66221E-03       5.43634E-01       1.01256E-01       7.45549E-02
       1.90546E-01       1.99526E-01       1.95036E-01       8.98000E-03       5.06450E-03       5.63976E-01       1.09996E-01       7.96194E-02
       1.99526E-01       2.08930E-01       2.04228E-01       9.40400E-03       5.49943E-03       5.84797E-01       1.19432E-01       8.51188E-02
       2.08930E-01       2.18776E-01       2.13853E-01       9.84600E-03       5.96911E-03       6.06247E-01       1.29648E-01       9.10879E-02
       2.18776E-01       2.29087E-01       2.23931E-01       1.03110E-02       6.47563E-03       6.28031E-01       1.40636E-01       9.75635E-02
       2.29087E-01       2.39883E-01       2.34485E-01       1.07960E-02       7.01197E-03       6.49497E-01       1.52297E-01       1.04576E-01
       2.39883E-01       2.51189E-01       2.45536E-01       1.13060E-02       7.58326E-03       6.70729E-01       1.64688E-01       1.12159E-01
       2.51189E-01       2.63027E-01       2.57108E-01       1.18380E-02       8.19794E-03       6.92510E-01       1.78050E-01       1.20357E-01
       2.63027E-01       2.75423E-01       2.69225E-01       1.23960E-02       8.85906E-03       7.14671E-01       1.92407E-01       1.29216E-01
       2.75423E-01       2.88403E-01       2.81913E-01       1.29800E-02       9.56381E-03       7.36811E-01       2.07717E-01       1.38780E-01
       2.88403E-01       3.01995E-01       2.95199E-01       1.35920E-02       1.02970E-02       7.57578E-01       2.23636E-01       1.49077E-01
       3.01995E-01       3.16228E-01       3.09112E-01       1.42330E-02       1.10818E-02       7.78601E-01       2.40674E-01       1.60158E-01
       3.16228E-01       3.31131E-01       3.23680E-01       1.49030E-02       1.19255E-02       8.00211E-01       2.59012E-01       1.72084E-01
       3.31131E-01       3.46737E-01       3.38934E-01       1.56060E-02       1.28149E-02       8.21151E-01       2.78316E-01       1.84899E-01
       3.46737E-01       3.63078E-01       3.54908E-01       1.63410E-02       1.37399E-02       8.40826E-01       2.98415E-01       1.98639E-01
       3.63078E-01       3.80189E-01       3.71633E-01       1.71110E-02       1.47353E-02       8.61160E-01       3.20036E-01       2.13374E-01
       3.80189E-01       3.98107E-01       3.89148E-01       1.79180E-02       1.58100E-02       8.82352E-01       3.43366E-01       2.29184E-01
       3.98107E-01       4.16869E-01       4.07488E-01       1.87620E-02       1.69731E-02       9.04655E-01       3.68636E-01       2.46157E-01
       4.16869E-01       4.36516E-01       4.26692E-01       1.96470E-02       1.82357E-02       9.28166E-01       3.96042E-01       2.64393E-01
       4.36516E-01       4.57088E-01       4.46802E-01       2.05720E-02       1.96111E-02       9.53291E-01       4.25932E-01       2.84004E-01
       4.57088E-01       4.78630E-01       4.67859E-01       2.15420E-02       2.11141E-02       9.80137E-01       4.58566E-01       3.05118E-01
       4.78630E-01       5.01187E-01       4.89909E-01       2.25570E-02       2.28307E-02       1.01213E+00       4.95853E-01       3.27949E-01
       5.01187E-01       5.24808E-01       5.12998E-01       2.36210E-02       2.94191E-02       1.24546E+00       6.38919E-01       3.57368E-01
       5.24808E-01       5.49541E-01       5.37174E-01       2.47330E-02       2.65653E-02       1.07408E+00       5.76970E-01       3.83933E-01
       5.49541E-01       5.75440E-01       5.62490E-01       2.58990E-02       2.52858E-02       9.76322E-01       5.49172E-01       4.09219E-01
       5.75440E-01       6.02560E-01       5.89000E-01       2.71200E-02       2.52293E-02       9.30284E-01       5.47938E-01       4.34448E-01
       6.02560E-01       6.30957E-01       6.16758E-01       2.83970E-02       2.51939E-02       8.87203E-01       5.47190E-01       4.59642E-01
       6.30957E-01       6.60693E-01       6.45825E-01       2.97360E-02       2.51512E-02       8.45816E-01       5.46249E-01       4.84793E-01
       6.60693E-01       6.91831E-01       6.76262E-01       3.11380E-02       2.51282E-02       8.06996E-01       5.45741E-01       5.09922E-01
       6.91831E-01       7.24436E-01       7.08133E-01       3.26050E-02       2.50582E-02       7.68540E-01       5.44229E-01       5.34980E-01
       7.24436E-01       7.58578E-01       7.41507E-01       3.41420E-02       2.48927E-02       7.29094E-01       5.40629E-01       5.59873E-01
       7.58578E-01       7.94328E-01       7.76453E-01       3.57500E-02       2.46118E-02       6.88441E-01       5.34542E-01       5.84484E-01
       7.94328E-01       8.31764E-01       8.13046E-01       3.74360E-02       2.41907E-02       6.46188E-01       5.25381E-01       6.08675E-01
       8.31764E-01       8.70964E-01       8.51364E-01       3.92000E-02       2.36048E-02       6.02163E-01       5.12660E-01       6.32280E-01
       8.70964E-01       9.12011E-01       8.91487E-01       4.10470E-02       2.29603E-02       5.59365E-01       4.98667E-01       6.55240E-01
       9.12011E-01       9.54993E-01       9.33502E-01       4.29820E-02       2.21703E-02       5.15805E-01       4.81505E-01       6.77410E-01
       9.54993E-01       1.00000E+00       9.77497E-01       4.50070E-02       2.11244E-02       4.69357E-01       4.58795E-01       6.98535E-01
       1.00000E+00       1.04713E+00       1.02357E+00       4.71300E-02       1.97778E-02       4.19642E-01       4.29531E-01       7.18313E-01
       1.04713E+00       1.09648E+00       1.07181E+00       4.93500E-02       1.82753E-02       3.70320E-01       3.96910E-01       7.36588E-01
       1.09648E+00       1.14815E+00       1.12231E+00       5.16700E-02       1.79594E-02       3.47579E-01       3.90093E-01       7.54547E-01
       1.14815E+00       1.20226E+00       1.17520E+00       5.41100E-02       1.78537E-02       3.29951E-01       3.87760E-01       7.72401E-01
       1.20226E+00       1.25892E+00       1.23059E+00       5.66600E-02       1.76301E-02       3.11156E-01       3.82905E-01       7.90031E-01
       1.25892E+00       1.31826E+00       1.28859E+00       5.93400E-02       1.73177E-02       2.91839E-01       3.76061E-01       8.07349E-01
       1.31826E+00       1.38038E+00       1.34932E+00       6.21200E-02       1.70026E-02       2.73706E-01       3.69317E-01       8.24351E-01
       1.38038E+00       1.44544E+00       1.41291E+00       6.50600E-02       1.71028E-02       2.62878E-01       3.71423E-01       8.41454E-01
       1.44544E+00       1.51356E+00       1.47950E+00       6.81200E-02       1.67341E-02       2.45656E-01       3.63448E-01       8.58188E-01
       1.51356E+00       1.58489E+00       1.54923E+00       7.13300E-02       1.62561E-02       2.27900E-01       3.53068E-01       8.74444E-01
       1.58489E+00       1.65959E+00       1.62224E+00       7.47000E-02       1.51051E-02       2.02211E-01       3.28034E-01       8.89549E-01
       1.65959E+00       1.73780E+00       1.69869E+00       7.82100E-02       1.57131E-02       2.00909E-01       3.41282E-01       9.05262E-01
       1.73780E+00       1.81970E+00       1.77875E+00       8.19000E-02       1.52885E-02       1.86672E-01       3.32043E-01       9.20551E-01
       1.81970E+00       1.90546E+00       1.86258E+00       8.57600E-02       1.35825E-02       1.58378E-01       2.94992E-01       9.34133E-01
       1.90546E+00       1.99526E+00       1.95036E+00       8.98000E-02       9.39209E-03       1.04589E-01       2.03986E-01       9.43526E-01
       1.99526E+00       2.08930E+00       2.04228E+00       9.40400E-02       7.50135E-03       7.97677E-02       1.62908E-01       9.51027E-01
       2.08930E+00       2.18776E+00       2.13853E+00       9.84600E-02       6.98031E-03       7.08949E-02       1.51611E-01       9.58007E-01
       2.18776E+00       2.29087E+00       2.23932E+00       1.03110E-01       6.37900E-03       6.18660E-02       1.38537E-01       9.64386E-01
       2.29087E+00       2.39883E+00       2.34485E+00       1.07960E-01       5.77912E-03       5.35302E-02       1.25520E-01       9.70165E-01
       2.39883E+00       2.51189E+00       2.45536E+00       1.13060E-01       5.15124E-03       4.55620E-02       1.11871E-01       9.75317E-01
       2.51189E+00       2.63027E+00       2.57108E+00       1.18380E-01       4.55896E-03       3.85112E-02       9.90154E-02       9.79876E-01
       2.63027E+00       2.75423E+00       2.69225E+00       1.23960E-01       4.00236E-03       3.22875E-02       8.69261E-02       9.83878E-01
       2.75423E+00       2.88403E+00       2.81913E+00       1.29800E-01       3.46641E-03       2.67058E-02       7.52871E-02       9.87344E-01
       2.88403E+00       3.01995E+00       2.95199E+00       1.35920E-01       2.96521E-03       2.18158E-02       6.44001E-02       9.90310E-01
       3.01995E+00       3.16228E+00       3.09111E+00       1.42330E-01       2.48627E-03       1.74684E-02       5.39968E-02       9.92796E-01
       3.16228E+00       3.31131E+00       3.23679E+00       1.49030E-01       2.02984E-03       1.36204E-02       4.40863E-02       9.94826E-01
       3.31131E+00       3.46737E+00       3.38934E+00       1.56060E-01       1.61461E-03       1.03461E-02       3.50663E-02       9.96440E-01
       3.46737E+00       3.63078E+00       3.54908E+00       1.63410E-01       1.25447E-03       7.67684E-03       2.72457E-02       9.97695E-01
       3.63078E+00       3.80189E+00       3.71633E+00       1.71110E-01       9.47957E-04       5.54004E-03       2.05887E-02       9.98643E-01
       3.80189E+00       3.98107E+00       3.89148E+00       1.79180E-01       6.78605E-04       3.78728E-03       1.47381E-02       9.99321E-01
       3.98107E+00       4.16869E+00       4.07488E+00       1.87620E-01       4.38044E-04       2.33474E-03       9.51379E-03       9.99759E-01
       4.16869E+00       4.36516E+00       4.26692E+00       1.96470E-01       2.22641E-04       1.13321E-03       4.83531E-03       9.99982E-01
       4.36516E+00       4.57088E+00       4.46802E+00       2.05720E-01       1.81211E-05       8.80861E-05       3.93570E-04       1.00000E+00

 Sum =                                                                         1.00000E+00
 Renormalization bin#   953 =                                                  3.96266E-01 barn        1.54000E+07        1.56000E+07        1.55000E+07
 Avg. Energy     bin#   953 =                                                  8.52359E-01 MeV         1.54000E+07        1.56000E+07
