"        MT= 91 recoil spectrum "
" Initial neutron energy corresponds to the group:"
   2.40000E+01    2.42000E+01       0.00000E+00           615           910           296



          Low               High              Mid              Energy           Number             dn/de            E*dn/de          Cumulative
         Energy            Energy            Energy             Width          Fraction                               Sum   
         [MeV]             [MeV]             [MeV]              [MeV]

       9.97500E-06       1.00000E-05       9.98750E-06       2.49996E-08       0.00000E+00       0.00000E+00       0.00000E+00       0.00000E+00
       1.00000E-05       1.04713E-05       1.02356E-05       4.71300E-07       1.83264E-10       3.88847E-04       3.98010E-09       1.83264E-10
       1.04713E-05       1.09648E-05       1.07180E-05       4.93500E-07       2.00946E-10       4.07185E-04       4.36423E-09       3.84209E-10
       1.09648E-05       1.14815E-05       1.12232E-05       5.16700E-07       2.20330E-10       4.26417E-04       4.78574E-09       6.04539E-10
       1.14815E-05       1.20226E-05       1.17521E-05       5.41101E-07       2.41586E-10       4.46472E-04       5.24697E-09       8.46125E-10
       1.20226E-05       1.25892E-05       1.23059E-05       5.66600E-07       2.64898E-10       4.67523E-04       5.75329E-09       1.11102E-09
       1.25892E-05       1.31826E-05       1.28859E-05       5.93400E-07       2.90458E-10       4.89481E-04       6.30741E-09       1.40148E-09
       1.31826E-05       1.38038E-05       1.34932E-05       6.21200E-07       3.18469E-10       5.12668E-04       6.91753E-09       1.71995E-09
       1.38038E-05       1.44544E-05       1.41291E-05       6.50600E-07       3.49198E-10       5.36733E-04       7.58355E-09       2.06915E-09
       1.44544E-05       1.51356E-05       1.47950E-05       6.81200E-07       3.82882E-10       5.62070E-04       8.31582E-09       2.45203E-09
       1.51356E-05       1.58489E-05       1.54922E-05       7.13300E-07       4.19830E-10       5.88575E-04       9.11835E-09       2.87186E-09
       1.58489E-05       1.65959E-05       1.62224E-05       7.47000E-07       4.60332E-10       6.16241E-04       9.99691E-09       3.33219E-09
       1.65959E-05       1.73780E-05       1.69869E-05       7.82101E-07       5.04751E-10       6.45378E-04       1.09630E-08       3.83694E-09
       1.73780E-05       1.81970E-05       1.77875E-05       8.19000E-07       5.53441E-10       6.75752E-04       1.20199E-08       4.39038E-09
       1.81970E-05       1.90546E-05       1.86258E-05       8.57599E-07       6.06840E-10       7.07603E-04       1.31797E-08       4.99722E-09
       1.90546E-05       1.99526E-05       1.95036E-05       8.98001E-07       6.65377E-10       7.40954E-04       1.44513E-08       5.66260E-09
       1.99526E-05       2.08930E-05       2.04228E-05       9.40399E-07       7.29587E-10       7.75827E-04       1.58445E-08       6.39219E-09
       2.08930E-05       2.18776E-05       2.13853E-05       9.84600E-07       7.99972E-10       8.12484E-04       1.73752E-08       7.19216E-09
       2.18776E-05       2.29087E-05       2.23932E-05       1.03110E-06       8.77154E-10       8.50697E-04       1.90498E-08       8.06931E-09
       2.29087E-05       2.39883E-05       2.34485E-05       1.07960E-06       9.61775E-10       8.90863E-04       2.08894E-08       9.03109E-09
       2.39883E-05       2.51189E-05       2.45536E-05       1.13060E-06       1.05456E-09       9.32747E-04       2.29023E-08       1.00857E-08
       2.51189E-05       2.63027E-05       2.57108E-05       1.18380E-06       1.15629E-09       9.76760E-04       2.51133E-08       1.12419E-08
       2.63027E-05       2.75423E-05       2.69225E-05       1.23960E-06       1.26782E-09       1.02276E-03       2.75354E-08       1.25098E-08
       2.75423E-05       2.88403E-05       2.81913E-05       1.29800E-06       1.39016E-09       1.07100E-03       3.01929E-08       1.38999E-08
       2.88403E-05       3.01995E-05       2.95199E-05       1.35920E-06       1.52427E-09       1.12145E-03       3.31050E-08       1.54242E-08
       3.01995E-05       3.16228E-05       3.09111E-05       1.42330E-06       1.67134E-09       1.17427E-03       3.62979E-08       1.70955E-08
       3.16228E-05       3.31131E-05       3.23679E-05       1.49030E-06       1.83264E-09       1.22971E-03       3.98033E-08       1.89282E-08
       3.31131E-05       3.46737E-05       3.38934E-05       1.56060E-06       2.00946E-09       1.28762E-03       4.36417E-08       2.09376E-08
       3.46737E-05       3.63078E-05       3.54907E-05       1.63410E-06       2.20329E-09       1.34832E-03       4.78529E-08       2.31409E-08
       3.63078E-05       3.80189E-05       3.71634E-05       1.71110E-06       2.41586E-09       1.41188E-03       5.24701E-08       2.55568E-08
       3.80189E-05       3.98107E-05       3.89148E-05       1.79180E-06       2.64898E-09       1.47839E-03       5.75314E-08       2.82058E-08
       3.98107E-05       4.16869E-05       4.07488E-05       1.87620E-06       2.90447E-09       1.54806E-03       6.30816E-08       3.11102E-08
       4.16869E-05       4.36516E-05       4.26692E-05       1.96470E-06       3.18244E-09       1.61981E-03       6.91161E-08       3.42927E-08
       4.36516E-05       4.57088E-05       4.46802E-05       2.05720E-06       3.42819E-09       1.66643E-03       7.44566E-08       3.77209E-08
       4.57088E-05       4.78630E-05       4.67859E-05       2.15420E-06       3.66720E-09       1.70235E-03       7.96460E-08       4.13881E-08
       4.78630E-05       5.01187E-05       4.89908E-05       2.25570E-06       3.92504E-09       1.74006E-03       8.52468E-08       4.53131E-08
       5.01187E-05       5.24808E-05       5.12998E-05       2.36210E-06       4.20312E-09       1.77940E-03       9.12826E-08       4.95162E-08
       5.24808E-05       5.49541E-05       5.37174E-05       2.47330E-06       4.50335E-09       1.82078E-03       9.78079E-08       5.40196E-08
       5.49541E-05       5.75440E-05       5.62490E-05       2.58990E-06       4.82755E-09       1.86399E-03       1.04848E-07       5.88471E-08
       5.75440E-05       6.02560E-05       5.89000E-05       2.71200E-06       5.17788E-09       1.90925E-03       1.12455E-07       6.40250E-08
       6.02560E-05       6.30957E-05       6.16758E-05       2.83970E-06       5.55646E-09       1.95671E-03       1.20682E-07       6.95815E-08
       6.30957E-05       6.60693E-05       6.45825E-05       2.97360E-06       5.96383E-09       2.00559E-03       1.29526E-07       7.55453E-08
       6.60693E-05       6.91831E-05       6.76262E-05       3.11380E-06       6.38543E-09       2.05069E-03       1.38680E-07       8.19307E-08
       6.91831E-05       7.24436E-05       7.08134E-05       3.26051E-06       6.83594E-09       2.09659E-03       1.48466E-07       8.87667E-08
       7.24436E-05       7.58578E-05       7.41507E-05       3.41420E-06       7.32220E-09       2.14463E-03       1.59026E-07       9.60889E-08
       7.58578E-05       7.94328E-05       7.76453E-05       3.57500E-06       7.84720E-09       2.19502E-03       1.70433E-07       1.03936E-07
       7.94328E-05       8.31764E-05       8.13046E-05       3.74360E-06       8.41426E-09       2.24764E-03       1.82744E-07       1.12350E-07
       8.31764E-05       8.70964E-05       8.51364E-05       3.92000E-06       9.02650E-09       2.30268E-03       1.96042E-07       1.21377E-07
       8.70964E-05       9.12011E-05       8.91488E-05       4.10471E-06       9.66346E-09       2.35424E-03       2.09877E-07       1.31040E-07
       9.12011E-05       9.54993E-05       9.33502E-05       4.29820E-06       1.03370E-08       2.40497E-03       2.24504E-07       1.41377E-07
       9.54993E-05       1.00000E-04       9.77497E-05       4.50070E-06       1.10634E-08       2.45814E-03       2.40282E-07       1.52441E-07
       1.00000E-04       1.04713E-04       1.02356E-04       4.71300E-06       1.18472E-08       2.51372E-03       2.57296E-07       1.64288E-07
       1.04713E-04       1.09648E-04       1.07181E-04       4.93501E-06       1.26927E-08       2.57198E-03       2.75666E-07       1.76981E-07
       1.09648E-04       1.14815E-04       1.12232E-04       5.16700E-06       1.36066E-08       2.63336E-03       2.95546E-07       1.90587E-07
       1.14815E-04       1.20226E-04       1.17520E-04       5.41100E-06       1.45931E-08       2.69694E-03       3.16946E-07       2.05180E-07
       1.20226E-04       1.25892E-04       1.23059E-04       5.66600E-06       1.56601E-08       2.76388E-03       3.40120E-07       2.20840E-07
       1.25892E-04       1.31826E-04       1.28859E-04       5.93401E-06       1.68092E-08       2.83268E-03       3.65017E-07       2.37650E-07
       1.31826E-04       1.38038E-04       1.34932E-04       6.21199E-06       1.79991E-08       2.89747E-03       3.90961E-07       2.55649E-07
       1.38038E-04       1.44544E-04       1.41291E-04       6.50601E-06       1.92689E-08       2.96171E-03       4.18463E-07       2.74918E-07
       1.44544E-04       1.51356E-04       1.47950E-04       6.81200E-06       2.06387E-08       3.02976E-03       4.48253E-07       2.95556E-07
       1.51356E-04       1.58489E-04       1.54922E-04       7.13300E-06       2.21181E-08       3.10082E-03       4.80387E-07       3.17674E-07
       1.58489E-04       1.65959E-04       1.62224E-04       7.47000E-06       2.37161E-08       3.17484E-03       5.15035E-07       3.41390E-07
       1.65959E-04       1.73780E-04       1.69870E-04       7.82100E-06       2.54417E-08       3.25299E-03       5.52584E-07       3.66832E-07
       1.73780E-04       1.81970E-04       1.77875E-04       8.19000E-06       2.72411E-08       3.32614E-03       5.91638E-07       3.94073E-07
       1.81970E-04       1.90546E-04       1.86258E-04       8.57600E-06       2.91394E-08       3.39778E-03       6.32863E-07       4.23213E-07
       1.90546E-04       1.99526E-04       1.95036E-04       8.98000E-06       3.11860E-08       3.47283E-03       6.77326E-07       4.54399E-07
       1.99526E-04       2.08930E-04       2.04228E-04       9.40399E-06       3.33945E-08       3.55110E-03       7.25234E-07       4.87793E-07
       2.08930E-04       2.18776E-04       2.13853E-04       9.84601E-06       3.57783E-08       3.63378E-03       7.77095E-07       5.23571E-07
       2.18776E-04       2.29087E-04       2.23932E-04       1.03110E-05       3.83521E-08       3.71953E-03       8.32920E-07       5.61923E-07
       2.29087E-04       2.39883E-04       2.34485E-04       1.07960E-05       4.11331E-08       3.81003E-03       8.93395E-07       6.03056E-07
       2.39883E-04       2.51189E-04       2.45536E-04       1.13060E-05       4.41390E-08       3.90403E-03       9.58581E-07       6.47195E-07
       2.51189E-04       2.63027E-04       2.57108E-04       1.18380E-05       4.73798E-08       4.00234E-03       1.02903E-06       6.94575E-07
       2.63027E-04       2.75423E-04       2.69225E-04       1.23960E-05       5.07402E-08       4.09327E-03       1.10201E-06       7.45315E-07
       2.75423E-04       2.88403E-04       2.81913E-04       1.29800E-05       5.43183E-08       4.18476E-03       1.17974E-06       7.99634E-07
       2.88403E-04       3.01995E-04       2.95199E-04       1.35920E-05       5.81793E-08       4.28041E-03       1.26357E-06       8.57813E-07
       3.01995E-04       3.16228E-04       3.09111E-04       1.42330E-05       6.23481E-08       4.38053E-03       1.35407E-06       9.20161E-07
       3.16228E-04       3.31131E-04       3.23680E-04       1.49030E-05       6.68507E-08       4.48571E-03       1.45193E-06       9.87012E-07
       3.31131E-04       3.46737E-04       3.38934E-04       1.56060E-05       7.17167E-08       4.59546E-03       1.55756E-06       1.05873E-06
       3.46737E-04       3.63078E-04       3.54908E-04       1.63410E-05       7.69242E-08       4.70743E-03       1.67070E-06       1.13565E-06
       3.63078E-04       3.80189E-04       3.71634E-04       1.71110E-05       8.25117E-08       4.82214E-03       1.79207E-06       1.21816E-06
       3.80189E-04       3.98107E-04       3.89148E-04       1.79180E-05       8.85523E-08       4.94209E-03       1.92320E-06       1.30672E-06
       3.98107E-04       4.16869E-04       4.07488E-04       1.87620E-05       9.50847E-08       5.06794E-03       2.06513E-06       1.40180E-06
       4.16869E-04       4.36516E-04       4.26692E-04       1.96470E-05       1.02153E-07       5.19940E-03       2.21855E-06       1.50395E-06
       4.36516E-04       4.57088E-04       4.46802E-04       2.05720E-05       1.09804E-07       5.33754E-03       2.38482E-06       1.61376E-06
       4.57088E-04       4.78630E-04       4.67859E-04       2.15420E-05       1.18088E-07       5.48178E-03       2.56470E-06       1.73185E-06
       4.78630E-04       5.01187E-04       4.89909E-04       2.25570E-05       1.27064E-07       5.63303E-03       2.75967E-06       1.85891E-06
       5.01187E-04       5.24808E-04       5.12998E-04       2.36210E-05       1.36772E-07       5.79029E-03       2.97041E-06       1.99568E-06
       5.24808E-04       5.49541E-04       5.37175E-04       2.47330E-05       1.46910E-07       5.93981E-03       3.19071E-06       2.14259E-06
       5.49541E-04       5.75440E-04       5.62491E-04       2.58990E-05       1.57723E-07       6.08994E-03       3.42553E-06       2.30032E-06
       5.75440E-04       6.02560E-04       5.89000E-04       2.71200E-05       1.69422E-07       6.24712E-03       3.67956E-06       2.46974E-06
       6.02560E-04       6.30957E-04       6.16758E-04       2.83970E-05       1.82083E-07       6.41206E-03       3.95469E-06       2.65182E-06
       6.30957E-04       6.60693E-04       6.45825E-04       2.97360E-05       1.95793E-07       6.58437E-03       4.25235E-06       2.84761E-06
       6.60693E-04       6.91831E-04       6.76262E-04       3.11380E-05       2.10642E-07       6.76478E-03       4.57477E-06       3.05826E-06
       6.91831E-04       7.24436E-04       7.08133E-04       3.26050E-05       2.26207E-07       6.93780E-03       4.91289E-06       3.28446E-06
       7.24436E-04       7.58578E-04       7.41507E-04       3.41420E-05       2.42539E-07       7.10383E-03       5.26754E-06       3.52700E-06
       7.58578E-04       7.94328E-04       7.76453E-04       3.57500E-05       2.60188E-07       7.27798E-03       5.65101E-06       3.78719E-06
       7.94328E-04       8.31764E-04       8.13046E-04       3.74360E-05       2.79270E-07       7.45993E-03       6.06527E-06       4.06646E-06
       8.31764E-04       8.70964E-04       8.51364E-04       3.92000E-05       2.99907E-07       7.65069E-03       6.51352E-06       4.36637E-06
       8.70964E-04       9.12011E-04       8.91487E-04       4.10470E-05       3.22239E-07       7.85048E-03       6.99861E-06       4.68861E-06
       9.12011E-04       9.54993E-04       9.33502E-04       4.29820E-05       3.46416E-07       8.05955E-03       7.52361E-06       5.03502E-06
       9.54993E-04       1.00000E-03       9.77497E-04       4.50070E-05       3.72597E-07       8.27865E-03       8.09235E-06       5.40762E-06
       1.00000E-03       1.04713E-03       1.02356E-03       4.71300E-05       4.00922E-07       8.50672E-03       8.70718E-06       5.80854E-06
       1.04713E-03       1.09648E-03       1.07180E-03       4.93500E-05       4.30354E-07       8.72045E-03       9.34662E-06       6.23889E-06
       1.09648E-03       1.14815E-03       1.12231E-03       5.16700E-05       4.61603E-07       8.93367E-03       1.00264E-05       6.70050E-06
       1.14815E-03       1.20226E-03       1.17520E-03       5.41100E-05       4.95359E-07       9.15466E-03       1.07586E-05       7.19586E-06
       1.20226E-03       1.25892E-03       1.23059E-03       5.66600E-05       5.31884E-07       9.38729E-03       1.15519E-05       7.72774E-06
       1.25892E-03       1.31826E-03       1.28859E-03       5.93400E-05       5.71401E-07       9.62928E-03       1.24082E-05       8.29914E-06
       1.31826E-03       1.38038E-03       1.34932E-03       6.21200E-05       6.14155E-07       9.88659E-03       1.33402E-05       8.91330E-06
       1.38038E-03       1.44544E-03       1.41291E-03       6.50599E-05       6.59124E-07       1.01310E-02       1.43142E-05       9.57242E-06
       1.44544E-03       1.51356E-03       1.47950E-03       6.81201E-05       7.06161E-07       1.03664E-02       1.53371E-05       1.02786E-05
       1.51356E-03       1.58489E-03       1.54923E-03       7.13300E-05       7.56965E-07       1.06122E-02       1.64406E-05       1.10355E-05
       1.58489E-03       1.65959E-03       1.62224E-03       7.47000E-05       8.11851E-07       1.08682E-02       1.76308E-05       1.18474E-05
       1.65959E-03       1.73780E-03       1.69870E-03       7.82101E-05       8.71171E-07       1.11389E-02       1.89215E-05       1.27186E-05
       1.73780E-03       1.81970E-03       1.77875E-03       8.18999E-05       9.35320E-07       1.14203E-02       2.03138E-05       1.36539E-05
       1.81970E-03       1.90546E-03       1.86258E-03       8.57600E-05       1.00472E-06       1.17155E-02       2.18211E-05       1.46586E-05
       1.90546E-03       1.99526E-03       1.95036E-03       8.98001E-05       1.07983E-06       1.20249E-02       2.34528E-05       1.57384E-05
       1.99526E-03       2.08930E-03       2.04228E-03       9.40400E-05       1.16109E-06       1.23468E-02       2.52156E-05       1.68995E-05
       2.08930E-03       2.18776E-03       2.13853E-03       9.84600E-05       1.24576E-06       1.26524E-02       2.70576E-05       1.81453E-05
       2.18776E-03       2.29087E-03       2.23932E-03       1.03110E-04       1.33533E-06       1.29506E-02       2.90004E-05       1.94806E-05
       2.29087E-03       2.39883E-03       2.34485E-03       1.07960E-04       1.43211E-06       1.32652E-02       3.11050E-05       2.09127E-05
       2.39883E-03       2.51189E-03       2.45536E-03       1.13060E-04       1.53672E-06       1.35921E-02       3.33735E-05       2.24495E-05
       2.51189E-03       2.63027E-03       2.57108E-03       1.18380E-04       1.64985E-06       1.39369E-02       3.58329E-05       2.40993E-05
       2.63027E-03       2.75423E-03       2.69225E-03       1.23960E-04       1.77224E-06       1.42968E-02       3.84907E-05       2.58716E-05
       2.75423E-03       2.88403E-03       2.81913E-03       1.29800E-04       1.90128E-06       1.46477E-02       4.12939E-05       2.77728E-05
       2.88403E-03       3.01995E-03       2.95199E-03       1.35920E-04       2.03596E-06       1.49791E-02       4.42182E-05       2.98088E-05
       3.01995E-03       3.16228E-03       3.09112E-03       1.42330E-04       2.18130E-06       1.53256E-02       4.73733E-05       3.19901E-05
       3.16228E-03       3.31131E-03       3.23679E-03       1.49030E-04       2.33824E-06       1.56897E-02       5.07845E-05       3.43283E-05
       3.31131E-03       3.46737E-03       3.38934E-03       1.56060E-04       2.50784E-06       1.60697E-02       5.44657E-05       3.68362E-05
       3.46737E-03       3.63078E-03       3.54907E-03       1.63410E-04       2.69112E-06       1.64685E-02       5.84481E-05       3.95273E-05
       3.63078E-03       3.80189E-03       3.71633E-03       1.71110E-04       2.88933E-06       1.68858E-02       6.27533E-05       4.24166E-05
       3.80189E-03       3.98107E-03       3.89148E-03       1.79180E-04       3.10378E-06       1.73221E-02       6.74087E-05       4.55204E-05
       3.98107E-03       4.16869E-03       4.07488E-03       1.87620E-04       3.33566E-06       1.77788E-02       7.24466E-05       4.88561E-05
       4.16869E-03       4.36516E-03       4.26693E-03       1.96470E-04       3.57108E-06       1.81762E-02       7.75565E-05       5.24272E-05
       4.36516E-03       4.57088E-03       4.46802E-03       2.05720E-04       3.81432E-06       1.85413E-02       8.28430E-05       5.62415E-05
       4.57088E-03       4.78630E-03       4.67859E-03       2.15420E-04       4.07621E-06       1.89222E-02       8.85290E-05       6.03177E-05
       4.78630E-03       5.01187E-03       4.89909E-03       2.25570E-04       4.35837E-06       1.93216E-02       9.46580E-05       6.46761E-05
       5.01187E-03       5.24807E-03       5.12997E-03       2.36200E-04       4.66255E-06       1.97399E-02       1.01265E-04       6.93386E-05
       5.24807E-03       5.49541E-03       5.37174E-03       2.47340E-04       4.99055E-06       2.01768E-02       1.08385E-04       7.43291E-05
       5.49541E-03       5.75440E-03       5.62491E-03       2.58990E-04       5.33689E-06       2.06066E-02       1.15910E-04       7.96660E-05
       5.75440E-03       6.02560E-03       5.89000E-03       2.71200E-04       5.69747E-06       2.10084E-02       1.23739E-04       8.53635E-05
       6.02560E-03       6.30957E-03       6.16759E-03       2.83970E-04       6.08528E-06       2.14293E-02       1.32167E-04       9.14488E-05
       6.30957E-03       6.60693E-03       6.45825E-03       2.97360E-04       6.50291E-06       2.18688E-02       1.41234E-04       9.79517E-05
       6.60693E-03       6.91831E-03       6.76262E-03       3.11380E-04       6.95285E-06       2.23292E-02       1.51004E-04       1.04905E-04
       6.91831E-03       7.24436E-03       7.08133E-03       3.26050E-04       7.43781E-06       2.28119E-02       1.61539E-04       1.12342E-04
       7.24436E-03       7.58578E-03       7.41507E-03       3.41420E-04       7.96080E-06       2.33168E-02       1.72895E-04       1.20303E-04
       7.58578E-03       7.94328E-03       7.76453E-03       3.57500E-04       8.52509E-06       2.38464E-02       1.85156E-04       1.28828E-04
       7.94328E-03       8.31764E-03       8.13046E-03       3.74360E-04       9.13410E-06       2.43993E-02       1.98377E-04       1.37962E-04
       8.31764E-03       8.70964E-03       8.51364E-03       3.92000E-04       9.77180E-06       2.49281E-02       2.12228E-04       1.47734E-04
       8.70964E-03       9.12011E-03       8.91487E-03       4.10471E-04       1.04429E-05       2.54412E-02       2.26805E-04       1.58177E-04
       9.12011E-03       9.54993E-03       9.33502E-03       4.29819E-04       1.11659E-05       2.59781E-02       2.42506E-04       1.69343E-04
       9.54993E-03       1.00000E-02       9.77496E-03       4.50070E-04       1.19453E-05       2.65410E-02       2.59437E-04       1.81288E-04
       1.00000E-02       1.04713E-02       1.02357E-02       4.71300E-04       1.27860E-05       2.71291E-02       2.77684E-04       1.94074E-04
       1.04713E-02       1.09648E-02       1.07180E-02       4.93500E-04       1.36925E-05       2.77458E-02       2.97381E-04       2.07767E-04
       1.09648E-02       1.14815E-02       1.12232E-02       5.16700E-04       1.46561E-05       2.83647E-02       3.18342E-04       2.22423E-04
       1.14815E-02       1.20226E-02       1.17521E-02       5.41100E-04       1.56629E-05       2.89465E-02       3.40180E-04       2.38086E-04
       1.20226E-02       1.25892E-02       1.23059E-02       5.66601E-04       1.67474E-05       2.95577E-02       3.63734E-04       2.54833E-04
       1.25892E-02       1.31826E-02       1.28859E-02       5.93399E-04       1.79164E-05       3.01929E-02       3.89062E-04       2.72750E-04
       1.31826E-02       1.38038E-02       1.34932E-02       6.21200E-04       1.91764E-05       3.08700E-02       4.16535E-04       2.91926E-04
       1.38038E-02       1.44544E-02       1.41291E-02       6.50601E-04       2.05367E-05       3.15658E-02       4.45996E-04       3.12463E-04
       1.44544E-02       1.51356E-02       1.47950E-02       6.81199E-04       2.20046E-05       3.23027E-02       4.77919E-04       3.34467E-04
       1.51356E-02       1.58489E-02       1.54923E-02       7.13301E-04       2.35903E-05       3.30720E-02       5.12360E-04       3.58058E-04
       1.58489E-02       1.65959E-02       1.62224E-02       7.47000E-04       2.53034E-05       3.38733E-02       5.49507E-04       3.83361E-04
       1.65959E-02       1.73780E-02       1.69870E-02       7.82100E-04       2.70942E-05       3.46428E-02       5.88476E-04       4.10455E-04
       1.73780E-02       1.81970E-02       1.77875E-02       8.19000E-04       2.89660E-05       3.53675E-02       6.29099E-04       4.39421E-04
       1.81970E-02       1.90546E-02       1.86258E-02       8.57600E-04       3.09833E-05       3.61280E-02       6.72913E-04       4.70404E-04
       1.90546E-02       1.99526E-02       1.95036E-02       8.98000E-04       3.31583E-05       3.69246E-02       7.20162E-04       5.03563E-04
       1.99526E-02       2.08930E-02       2.04228E-02       9.40400E-04       3.55054E-05       3.77556E-02       7.71076E-04       5.39068E-04
       2.08930E-02       2.18776E-02       2.13853E-02       9.84600E-04       3.80386E-05       3.86336E-02       8.26191E-04       5.77107E-04
       2.18776E-02       2.29087E-02       2.23931E-02       1.03110E-03       4.07107E-05       3.94828E-02       8.84144E-04       6.17817E-04
       2.29087E-02       2.39883E-02       2.34485E-02       1.07960E-03       4.34417E-05       4.02386E-02       9.43535E-04       6.61259E-04
       2.39883E-02       2.51189E-02       2.45536E-02       1.13060E-03       4.63727E-05       4.10160E-02       1.00709E-03       7.07632E-04
       2.51189E-02       2.63027E-02       2.57108E-02       1.18380E-03       4.95275E-05       4.18378E-02       1.07568E-03       7.57159E-04
       2.63027E-02       2.75423E-02       2.69225E-02       1.23960E-03       5.29241E-05       4.26945E-02       1.14944E-03       8.10083E-04
       2.75423E-02       2.88403E-02       2.81913E-02       1.29800E-03       5.65833E-05       4.35927E-02       1.22893E-03       8.66667E-04
       2.88403E-02       3.01995E-02       2.95199E-02       1.35920E-03       6.05272E-05       4.45315E-02       1.31457E-03       9.27194E-04
       3.01995E-02       3.16228E-02       3.09112E-02       1.42330E-03       6.47805E-05       4.55143E-02       1.40690E-03       9.91974E-04
       3.16228E-02       3.31131E-02       3.23680E-02       1.49030E-03       6.93690E-05       4.65469E-02       1.50663E-03       1.06134E-03
       3.31131E-02       3.46737E-02       3.38934E-02       1.56060E-03       7.41953E-05       4.75429E-02       1.61139E-03       1.13554E-03
       3.46737E-02       3.63078E-02       3.54908E-02       1.63410E-03       7.92433E-05       4.84935E-02       1.72107E-03       1.21478E-03
       3.63078E-02       3.80189E-02       3.71633E-02       1.71110E-03       8.46781E-05       4.94876E-02       1.83913E-03       1.29946E-03
       3.80189E-02       3.98107E-02       3.89148E-02       1.79180E-03       9.05337E-05       5.05267E-02       1.96624E-03       1.38999E-03
       3.98107E-02       4.16869E-02       4.07488E-02       1.87620E-03       9.68447E-05       5.16175E-02       2.10335E-03       1.48684E-03
       4.16869E-02       4.36516E-02       4.26693E-02       1.96470E-03       1.03650E-04       5.27562E-02       2.25107E-03       1.59049E-03
       4.36516E-02       4.57088E-02       4.46802E-02       2.05720E-03       1.10811E-04       5.38651E-02       2.40670E-03       1.70130E-03
       4.57088E-02       4.78630E-02       4.67859E-02       2.15420E-03       1.18004E-04       5.47785E-02       2.56286E-03       1.81930E-03
       4.78630E-02       5.01187E-02       4.89908E-02       2.25570E-03       1.25692E-04       5.57220E-02       2.72987E-03       1.94500E-03
       5.01187E-02       5.24808E-02       5.12998E-02       2.36210E-03       1.33949E-04       5.67075E-02       2.90908E-03       2.07895E-03
       5.24808E-02       5.49541E-02       5.37174E-02       2.47330E-03       1.42818E-04       5.77437E-02       3.10185E-03       2.22176E-03
       5.49541E-02       5.75440E-02       5.62491E-02       2.58990E-03       1.52352E-04       5.88256E-02       3.30888E-03       2.37411E-03
       5.75440E-02       6.02560E-02       5.89000E-02       2.71200E-03       1.62608E-04       5.99588E-02       3.53157E-03       2.53672E-03
       6.02560E-02       6.30957E-02       6.16758E-02       2.83970E-03       1.73641E-04       6.11478E-02       3.77134E-03       2.71036E-03
       6.30957E-02       6.60693E-02       6.45825E-02       2.97360E-03       1.85521E-04       6.23894E-02       4.02926E-03       2.89589E-03
       6.60693E-02       6.91831E-02       6.76262E-02       3.11380E-03       1.97993E-04       6.35854E-02       4.30004E-03       3.09388E-03
       6.91831E-02       7.24436E-02       7.08134E-02       3.26050E-03       2.10933E-04       6.46934E-02       4.58116E-03       3.30481E-03
       7.24436E-02       7.58578E-02       7.41507E-02       3.41420E-03       2.24826E-04       6.58504E-02       4.88285E-03       3.52964E-03
       7.58578E-02       7.94328E-02       7.76453E-02       3.57500E-03       2.39755E-04       6.70644E-02       5.20723E-03       3.76939E-03
       7.94328E-02       8.31764E-02       8.13046E-02       3.74360E-03       2.55806E-04       6.83315E-02       5.55567E-03       4.02520E-03
       8.31764E-02       8.70964E-02       8.51364E-02       3.92000E-03       2.73072E-04       6.96611E-02       5.93070E-03       4.29827E-03
       8.70964E-02       9.12011E-02       8.91488E-02       4.10470E-03       2.91477E-04       7.10105E-02       6.33050E-03       4.58975E-03
       9.12011E-02       9.54993E-02       9.33502E-02       4.29820E-03       3.10683E-04       7.22823E-02       6.74756E-03       4.90043E-03
       9.54993E-02       1.00000E-01       9.77497E-02       4.50070E-03       3.31269E-04       7.36039E-02       7.19475E-03       5.23170E-03
       1.00000E-01       1.04713E-01       1.02357E-01       4.71300E-03       3.53402E-04       7.49844E-02       7.67514E-03       5.58510E-03
       1.04713E-01       1.09648E-01       1.07180E-01       4.93500E-03       3.77194E-04       7.64325E-02       8.19207E-03       5.96229E-03
       1.09648E-01       1.14815E-01       1.12231E-01       5.16700E-03       4.03545E-04       7.81004E-02       8.76533E-03       6.36584E-03
       1.14815E-01       1.20226E-01       1.17520E-01       5.41100E-03       4.33420E-04       8.00998E-02       9.41337E-03       6.79926E-03
       1.20226E-01       1.25892E-01       1.23059E-01       5.66600E-03       4.67218E-04       8.24600E-02       1.01474E-02       7.26648E-03
       1.25892E-01       1.31826E-01       1.28859E-01       5.93400E-03       5.07490E-04       8.55224E-02       1.10203E-02       7.77397E-03
       1.31826E-01       1.38038E-01       1.34932E-01       6.21200E-03       5.50886E-04       8.86809E-02       1.19659E-02       8.32485E-03
       1.38038E-01       1.44544E-01       1.41291E-01       6.50600E-03       5.96983E-04       9.17589E-02       1.29647E-02       8.92184E-03
       1.44544E-01       1.51356E-01       1.47950E-01       6.81200E-03       6.47150E-04       9.50015E-02       1.40555E-02       9.56899E-03
       1.51356E-01       1.58489E-01       1.54923E-01       7.13300E-03       7.01822E-04       9.83908E-02       1.52430E-02       1.02708E-02
       1.58489E-01       1.65959E-01       1.62224E-01       7.47000E-03       7.61399E-04       1.01928E-01       1.65351E-02       1.10322E-02
       1.65959E-01       1.73780E-01       1.69869E-01       7.82100E-03       8.26337E-04       1.05656E-01       1.79478E-02       1.18585E-02
       1.73780E-01       1.81970E-01       1.77875E-01       8.19000E-03       8.96367E-04       1.09447E-01       1.94678E-02       1.27549E-02
       1.81970E-01       1.90546E-01       1.86258E-01       8.57600E-03       9.69537E-04       1.13052E-01       2.10569E-02       1.37244E-02
       1.90546E-01       1.99526E-01       1.95036E-01       8.98000E-03       1.04877E-03       1.16790E-01       2.27783E-02       1.47732E-02
       1.99526E-01       2.08930E-01       2.04228E-01       9.40400E-03       1.13500E-03       1.20693E-01       2.46489E-02       1.59082E-02
       2.08930E-01       2.18776E-01       2.13853E-01       9.84600E-03       1.22884E-03       1.24806E-01       2.66901E-02       1.71371E-02
       2.18776E-01       2.29087E-01       2.23931E-01       1.03110E-02       1.32980E-03       1.28969E-01       2.88803E-02       1.84669E-02
       2.29087E-01       2.39883E-01       2.34485E-01       1.07960E-02       1.43682E-03       1.33089E-01       3.12073E-02       1.99037E-02
       2.39883E-01       2.51189E-01       2.45536E-01       1.13060E-02       1.55272E-03       1.37336E-01       3.37209E-02       2.14564E-02
       2.51189E-01       2.63027E-01       2.57108E-01       1.18380E-02       1.73520E-03       1.46579E-01       3.76867E-02       2.31916E-02
       2.63027E-01       2.75423E-01       2.69225E-01       1.23960E-02       2.10083E-03       1.69477E-01       4.56273E-02       2.52924E-02
       2.75423E-01       2.88403E-01       2.81913E-01       1.29800E-02       2.53709E-03       1.95462E-01       5.51031E-02       2.78295E-02
       2.88403E-01       3.01995E-01       2.95199E-01       1.35920E-02       3.02700E-03       2.22704E-01       6.57421E-02       3.08565E-02
       3.01995E-01       3.16228E-01       3.09112E-01       1.42330E-02       3.57263E-03       2.51011E-01       7.75903E-02       3.44292E-02
       3.16228E-01       3.31131E-01       3.23680E-01       1.49030E-02       4.16007E-03       2.79143E-01       9.03529E-02       3.85892E-02
       3.31131E-01       3.46737E-01       3.38934E-01       1.56060E-02       4.81088E-03       3.08271E-01       1.04484E-01       4.34001E-02
       3.46737E-01       3.63078E-01       3.54908E-01       1.63410E-02       5.52907E-03       3.38355E-01       1.20085E-01       4.89292E-02
       3.63078E-01       3.80189E-01       3.71633E-01       1.71110E-02       6.29350E-03       3.67804E-01       1.36688E-01       5.52227E-02
       3.80189E-01       3.98107E-01       3.89148E-01       1.79180E-02       7.13767E-03       3.98352E-01       1.55018E-01       6.23603E-02
       3.98107E-01       4.16869E-01       4.07488E-01       1.87620E-02       8.07440E-03       4.30359E-01       1.75366E-01       7.04347E-02
       4.16869E-01       4.36516E-01       4.26692E-01       1.96470E-02       9.11312E-03       4.63843E-01       1.97918E-01       7.95479E-02
       4.36516E-01       4.57088E-01       4.46802E-01       2.05720E-02       1.02299E-02       4.97271E-01       2.22182E-01       8.97777E-02
       4.57088E-01       4.78630E-01       4.67859E-01       2.15420E-02       1.14307E-02       5.30624E-01       2.48257E-01       1.01208E-01
       4.78630E-01       5.01187E-01       4.89909E-01       2.25570E-02       1.27574E-02       5.65562E-01       2.77074E-01       1.13966E-01
       5.01187E-01       5.24808E-01       5.12998E-01       2.36210E-02       1.42194E-02       6.01980E-01       3.08814E-01       1.28185E-01
       5.24808E-01       5.49541E-01       5.37174E-01       2.47330E-02       1.57615E-02       6.37266E-01       3.42323E-01       1.43947E-01
       5.49541E-01       5.75440E-01       5.62490E-01       2.58990E-02       1.74296E-02       6.72985E-01       3.78547E-01       1.61376E-01
       5.75440E-01       6.02560E-01       5.89000E-01       2.71200E-02       1.92658E-02       7.10391E-01       4.18420E-01       1.80642E-01
       6.02560E-01       6.30957E-01       6.16758E-01       2.83970E-02       2.12861E-02       7.49589E-01       4.62315E-01       2.01928E-01
       6.30957E-01       6.60693E-01       6.45825E-01       2.97360E-02       2.35092E-02       7.90596E-01       5.10587E-01       2.25437E-01
       6.60693E-01       6.91831E-01       6.76262E-01       3.11380E-02       2.59553E-02       8.33558E-01       5.63703E-01       2.51393E-01
       6.91831E-01       7.24436E-01       7.08133E-01       3.26050E-02       2.86588E-02       8.78969E-01       6.22427E-01       2.80051E-01
       7.24436E-01       7.58578E-01       7.41507E-01       3.41420E-02       3.16381E-02       9.26661E-01       6.87126E-01       3.11689E-01
       7.58578E-01       7.94328E-01       7.76453E-01       3.57500E-02       3.56604E-02       9.97494E-01       7.74507E-01       3.47350E-01
       7.94328E-01       8.31764E-01       8.13046E-01       3.74360E-02       5.00466E-02       1.33686E+00       1.08693E+00       3.97397E-01
       8.31764E-01       8.70964E-01       8.51364E-01       3.92000E-02       3.82162E-02       9.74902E-01       8.29997E-01       4.35613E-01
       8.70964E-01       9.12011E-01       8.91487E-01       4.10470E-02       3.75399E-02       9.14560E-01       8.15318E-01       4.73153E-01
       9.12011E-01       9.54993E-01       9.33502E-01       4.29820E-02       3.69366E-02       8.59350E-01       8.02205E-01       5.10089E-01
       9.54993E-01       1.00000E+00       9.77497E-01       4.50070E-02       3.64289E-02       8.09406E-01       7.91191E-01       5.46518E-01
       1.00000E+00       1.04713E+00       1.02357E+00       4.71300E-02       3.57933E-02       7.59460E-01       7.77357E-01       5.82312E-01
       1.04713E+00       1.09648E+00       1.07181E+00       4.93500E-02       3.50770E-02       7.10779E-01       7.61817E-01       6.17389E-01
       1.09648E+00       1.14815E+00       1.12231E+00       5.16700E-02       3.41084E-02       6.60120E-01       7.40863E-01       6.51497E-01
       1.14815E+00       1.20226E+00       1.17520E+00       5.41100E-02       3.28393E-02       6.06899E-01       7.13231E-01       6.84336E-01
       1.20226E+00       1.25892E+00       1.23059E+00       5.66600E-02       3.12346E-02       5.51263E-01       6.78379E-01       7.15571E-01
       1.25892E+00       1.31826E+00       1.28859E+00       5.93400E-02       2.92496E-02       4.92916E-01       6.35166E-01       7.44820E-01
       1.31826E+00       1.38038E+00       1.34932E+00       6.21200E-02       2.69019E-02       4.33064E-01       5.84342E-01       7.71722E-01
       1.38038E+00       1.44544E+00       1.41291E+00       6.50600E-02       2.43664E-02       3.74522E-01       5.29166E-01       7.96089E-01
       1.44544E+00       1.51356E+00       1.47950E+00       6.81200E-02       2.13788E-02       3.13840E-01       4.64326E-01       8.17467E-01
       1.51356E+00       1.58489E+00       1.54923E+00       7.13300E-02       1.79913E-02       2.52227E-01       3.90756E-01       8.35459E-01
       1.58489E+00       1.65959E+00       1.62224E+00       7.47000E-02       1.41295E-02       1.89149E-01       3.06846E-01       8.49588E-01
       1.65959E+00       1.73780E+00       1.69869E+00       7.82100E-02       1.11758E-02       1.42895E-01       2.42736E-01       8.60764E-01
       1.73780E+00       1.81970E+00       1.77875E+00       8.19000E-02       1.07856E-02       1.31692E-01       2.34248E-01       8.71550E-01
       1.81970E+00       1.90546E+00       1.86258E+00       8.57600E-02       1.03782E-02       1.21014E-01       2.25398E-01       8.81928E-01
       1.90546E+00       1.99526E+00       1.95036E+00       8.98000E-02       9.86312E-03       1.09834E-01       2.14216E-01       8.91791E-01
       1.99526E+00       2.08930E+00       2.04228E+00       9.40400E-02       9.22711E-03       9.81190E-02       2.00387E-01       9.01018E-01
       2.08930E+00       2.18776E+00       2.13853E+00       9.84600E-02       8.62492E-03       8.75982E-02       1.87331E-01       9.09643E-01
       2.18776E+00       2.29087E+00       2.23932E+00       1.03110E-01       8.46304E-03       8.20778E-02       1.83798E-01       9.18106E-01
       2.29087E+00       2.39883E+00       2.34485E+00       1.07960E-01       8.28657E-03       7.67560E-02       1.79981E-01       9.26393E-01
       2.39883E+00       2.51189E+00       2.45536E+00       1.13060E-01       8.04600E-03       7.11658E-02       1.74738E-01       9.34439E-01
       2.51189E+00       2.63027E+00       2.57108E+00       1.18380E-01       7.70333E-03       6.50729E-02       1.67308E-01       9.42142E-01
       2.63027E+00       2.75423E+00       2.69225E+00       1.23960E-01       7.25186E-03       5.85016E-02       1.57501E-01       9.49394E-01
       2.75423E+00       2.88403E+00       2.81913E+00       1.29800E-01       6.70514E-03       5.16575E-02       1.45629E-01       9.56099E-01
       2.88403E+00       3.01995E+00       2.95199E+00       1.35920E-01       6.12591E-03       4.50700E-02       1.33046E-01       9.62225E-01
       3.01995E+00       3.16228E+00       3.09111E+00       1.42330E-01       5.46371E-03       3.83876E-02       1.18661E-01       9.67689E-01
       3.16228E+00       3.31131E+00       3.23679E+00       1.49030E-01       4.81818E-03       3.23303E-02       1.04646E-01       9.72507E-01
       3.31131E+00       3.46737E+00       3.38934E+00       1.56060E-01       4.22720E-03       2.70870E-02       9.18071E-02       9.76734E-01
       3.46737E+00       3.63078E+00       3.54908E+00       1.63410E-01       3.68049E-03       2.25231E-02       7.99360E-02       9.80415E-01
       3.63078E+00       3.80189E+00       3.71633E+00       1.71110E-01       3.22752E-03       1.88623E-02       7.00985E-02       9.83642E-01
       3.80189E+00       3.98107E+00       3.89148E+00       1.79180E-01       2.85430E-03       1.59298E-02       6.19904E-02       9.86496E-01
       3.98107E+00       4.16869E+00       4.07488E+00       1.87620E-01       2.52531E-03       1.34597E-02       5.48466E-02       9.89022E-01
       4.16869E+00       4.36516E+00       4.26692E+00       1.96470E-01       2.24724E-03       1.14381E-02       4.88055E-02       9.91269E-01
       4.36516E+00       4.57088E+00       4.46802E+00       2.05720E-01       1.98104E-03       9.62978E-03       4.30261E-02       9.93250E-01
       4.57088E+00       4.78630E+00       4.67859E+00       2.15420E-01       1.71269E-03       7.95049E-03       3.71971E-02       9.94963E-01
       4.78630E+00       5.00000E+00       4.89315E+00       2.13700E-01       1.36993E-03       6.41052E-03       3.13676E-02       9.96333E-01
       5.00000E+00       5.20000E+00       5.10000E+00       2.00000E-01       1.01511E-03       5.07556E-03       2.58853E-02       9.97348E-01
       5.20000E+00       5.40000E+00       5.30000E+00       2.00000E-01       7.88860E-04       3.94430E-03       2.09048E-02       9.98137E-01
       5.40000E+00       5.60000E+00       5.50000E+00       2.00000E-01       5.95140E-04       2.97570E-03       1.63664E-02       9.98732E-01
       5.60000E+00       5.80000E+00       5.70000E+00       2.00000E-01       4.33569E-04       2.16785E-03       1.23567E-02       9.99165E-01
       5.80000E+00       6.00000E+00       5.90000E+00       2.00000E-01       3.05819E-04       1.52909E-03       9.02165E-03       9.99471E-01
       6.00000E+00       6.20000E+00       6.10000E+00       2.00000E-01       2.12472E-04       1.06236E-03       6.48040E-03       9.99684E-01
       6.20000E+00       6.40000E+00       6.30000E+00       2.00000E-01       1.48569E-04       7.42843E-04       4.67991E-03       9.99832E-01
       6.40000E+00       6.60000E+00       6.50000E+00       2.00000E-01       9.98204E-05       4.99102E-04       3.24416E-03       9.99932E-01
       6.60000E+00       6.80000E+00       6.70000E+00       2.00000E-01       5.97740E-05       2.98870E-04       2.00243E-03       9.99992E-01
       6.80000E+00       7.00000E+00       6.90000E+00       2.00000E-01       8.26316E-06       4.13158E-05       2.85079E-04       1.00000E+00

 Sum =                                                                         1.00000E+00
 Renormalization bin#   996 =                                                  9.34283E-02 barn        2.40000E+07        2.42000E+07        2.41000E+07
 Avg. Energy     bin#   996 =                                                  1.14695E+00 MeV         2.40000E+07        2.42000E+07
