"        MT= 91 recoil spectrum "
" Initial neutron energy corresponds to the group:"
   2.00000E+01    2.02000E+01       0.00000E+00           389           904           516



          Low               High              Mid              Energy           Number             dn/de            E*dn/de          Cumulative
         Energy            Energy            Energy             Width          Fraction                               Sum   
         [MeV]             [MeV]             [MeV]              [MeV]

       4.32500E-06       4.35000E-06       4.33750E-06       2.50001E-08       0.00000E+00       0.00000E+00       0.00000E+00       0.00000E+00
       4.35000E-06       4.37500E-06       4.36250E-06       2.50001E-08       7.76920E-12       3.10767E-04       1.35572E-09       7.76920E-12
       4.37500E-06       4.40000E-06       4.38750E-06       2.50001E-08       7.81424E-12       3.12568E-04       1.37139E-09       1.55834E-11
       4.40000E-06       4.42500E-06       4.41250E-06       2.50001E-08       7.85850E-12       3.14339E-04       1.38702E-09       2.34419E-11
       4.42500E-06       4.45000E-06       4.43750E-06       2.49996E-08       7.90277E-12       3.16115E-04       1.40276E-09       3.13447E-11
       4.45000E-06       4.47500E-06       4.46250E-06       2.50001E-08       7.94780E-12       3.17911E-04       1.41868E-09       3.92925E-11
       4.47500E-06       4.50000E-06       4.48750E-06       2.50001E-08       7.99207E-12       3.19681E-04       1.43457E-09       4.72846E-11
       4.50000E-06       4.52500E-06       4.51250E-06       2.50001E-08       8.03633E-12       3.21452E-04       1.45055E-09       5.53209E-11
       4.52500E-06       4.55000E-06       4.53750E-06       2.50001E-08       8.08137E-12       3.23253E-04       1.46676E-09       6.34023E-11
       4.55000E-06       4.57500E-06       4.56250E-06       2.49996E-08       8.12563E-12       3.25030E-04       1.48295E-09       7.15279E-11
       4.57500E-06       4.60000E-06       4.58750E-06       2.50001E-08       8.16989E-12       3.26794E-04       1.49917E-09       7.96978E-11
       4.60000E-06       4.62500E-06       4.61250E-06       2.50001E-08       8.21493E-12       3.28596E-04       1.51565E-09       8.79127E-11
       4.62500E-06       4.65000E-06       4.63750E-06       2.50001E-08       8.25919E-12       3.30366E-04       1.53207E-09       9.61719E-11
       4.65000E-06       4.67500E-06       4.66250E-06       2.50001E-08       8.30346E-12       3.32137E-04       1.54859E-09       1.04475E-10
       4.67500E-06       4.70000E-06       4.68750E-06       2.49996E-08       8.34849E-12       3.33945E-04       1.56537E-09       1.12824E-10
       4.70000E-06       4.72500E-06       4.71250E-06       2.50001E-08       8.39276E-12       3.35709E-04       1.58203E-09       1.21217E-10
       4.72500E-06       4.75000E-06       4.73750E-06       2.50001E-08       8.43702E-12       3.37480E-04       1.59881E-09       1.29654E-10
       4.75000E-06       4.77500E-06       4.76250E-06       2.50001E-08       8.48206E-12       3.39281E-04       1.61583E-09       1.38136E-10
       4.77500E-06       4.80000E-06       4.78750E-06       2.50001E-08       8.52632E-12       3.41052E-04       1.63278E-09       1.46662E-10
       4.80000E-06       4.82500E-06       4.81250E-06       2.49996E-08       8.57058E-12       3.42829E-04       1.64986E-09       1.55233E-10
       4.82500E-06       4.85000E-06       4.83750E-06       2.50001E-08       8.61562E-12       3.44624E-04       1.66712E-09       1.63848E-10
       4.85000E-06       4.87500E-06       4.86250E-06       2.50001E-08       8.65989E-12       3.46394E-04       1.68434E-09       1.72508E-10
       4.87500E-06       4.90000E-06       4.88750E-06       2.50001E-08       8.70415E-12       3.48165E-04       1.70165E-09       1.81212E-10
       4.90000E-06       4.92500E-06       4.91250E-06       2.50001E-08       8.74919E-12       3.49966E-04       1.71921E-09       1.89961E-10
       4.92500E-06       4.95000E-06       4.93750E-06       2.49996E-08       8.79345E-12       3.51743E-04       1.73673E-09       1.98755E-10
       4.95000E-06       4.97500E-06       4.96250E-06       2.50001E-08       8.83771E-12       3.53507E-04       1.75428E-09       2.07593E-10
       4.97500E-06       5.00000E-06       4.98750E-06       2.50001E-08       8.88275E-12       3.55309E-04       1.77210E-09       2.16475E-10
       5.00000E-06       5.02500E-06       5.01250E-06       2.50001E-08       8.92701E-12       3.57079E-04       1.78986E-09       2.25402E-10
       5.02500E-06       5.05000E-06       5.03750E-06       2.50001E-08       8.97127E-12       3.58850E-04       1.80770E-09       2.34374E-10
       5.05000E-06       5.07500E-06       5.06250E-06       2.49996E-08       9.01631E-12       3.60658E-04       1.82583E-09       2.43390E-10
       5.07500E-06       5.10000E-06       5.08750E-06       2.50001E-08       9.06058E-12       3.62422E-04       1.84382E-09       2.52451E-10
       5.10000E-06       5.12500E-06       5.11250E-06       2.50001E-08       9.10484E-12       3.64192E-04       1.86193E-09       2.61555E-10
       5.12500E-06       5.15000E-06       5.13750E-06       2.50001E-08       9.14988E-12       3.65994E-04       1.88029E-09       2.70705E-10
       5.15000E-06       5.17500E-06       5.16250E-06       2.50001E-08       9.19414E-12       3.67764E-04       1.89858E-09       2.79899E-10
       5.17500E-06       5.20000E-06       5.18750E-06       2.49996E-08       9.23840E-12       3.69542E-04       1.91700E-09       2.89138E-10
       5.20000E-06       5.22500E-06       5.21250E-06       2.50001E-08       9.28344E-12       3.71336E-04       1.93559E-09       2.98421E-10
       5.22500E-06       5.25000E-06       5.23750E-06       2.50001E-08       9.32770E-12       3.73107E-04       1.95415E-09       3.07749E-10
       5.25000E-06       5.27500E-06       5.26250E-06       2.50001E-08       9.37197E-12       3.74877E-04       1.97279E-09       3.17121E-10
       5.27500E-06       5.30000E-06       5.28750E-06       2.50001E-08       9.41700E-12       3.76679E-04       1.99169E-09       3.26538E-10
       5.30000E-06       5.32500E-06       5.31250E-06       2.49996E-08       9.46127E-12       3.78456E-04       2.01055E-09       3.35999E-10
       5.32500E-06       5.35000E-06       5.33750E-06       2.50001E-08       9.50553E-12       3.80220E-04       2.02942E-09       3.45505E-10
       5.35000E-06       5.37500E-06       5.36250E-06       2.50001E-08       9.55057E-12       3.82021E-04       2.04859E-09       3.55055E-10
       5.37500E-06       5.40000E-06       5.38750E-06       2.50001E-08       9.59483E-12       3.83792E-04       2.06768E-09       3.64650E-10
       5.40000E-06       5.42500E-06       5.41250E-06       2.50001E-08       9.63909E-12       3.85562E-04       2.08686E-09       3.74289E-10
       5.42500E-06       5.45000E-06       5.43750E-06       2.49996E-08       9.68413E-12       3.87371E-04       2.10633E-09       3.83973E-10
       5.45000E-06       5.47500E-06       5.46250E-06       2.50001E-08       9.72839E-12       3.89134E-04       2.12565E-09       3.93702E-10
       5.47500E-06       5.50000E-06       5.48750E-06       2.50001E-08       9.77265E-12       3.90905E-04       2.14509E-09       4.03474E-10
       5.50000E-06       5.52500E-06       5.51250E-06       2.50001E-08       9.81769E-12       3.92706E-04       2.16479E-09       4.13292E-10
       5.52500E-06       5.55000E-06       5.53750E-06       2.50001E-08       9.86196E-12       3.94477E-04       2.18442E-09       4.23154E-10
       5.55000E-06       5.57500E-06       5.56250E-06       2.49996E-08       9.90622E-12       3.96255E-04       2.20417E-09       4.33060E-10
       5.57500E-06       5.60000E-06       5.58750E-06       2.50001E-08       9.95126E-12       3.98049E-04       2.22410E-09       4.43011E-10
       5.60000E-06       5.62500E-06       5.61250E-06       2.50001E-08       9.99552E-12       3.99819E-04       2.24399E-09       4.53007E-10
       5.62500E-06       5.65000E-06       5.63750E-06       2.50001E-08       1.00398E-11       4.01590E-04       2.26396E-09       4.63047E-10
       5.65000E-06       5.67500E-06       5.66250E-06       2.50001E-08       1.00848E-11       4.03391E-04       2.28420E-09       4.73132E-10
       5.67500E-06       5.70000E-06       5.68750E-06       2.49996E-08       1.01291E-11       4.05169E-04       2.30440E-09       4.83261E-10
       5.70000E-06       5.72500E-06       5.71250E-06       2.50001E-08       1.01733E-11       4.06932E-04       2.32460E-09       4.93434E-10
       5.72500E-06       5.75000E-06       5.73750E-06       2.50001E-08       1.02184E-11       4.08734E-04       2.34511E-09       5.03652E-10
       5.75000E-06       5.77500E-06       5.76250E-06       2.50001E-08       1.02626E-11       4.10504E-04       2.36553E-09       5.13915E-10
       5.77500E-06       5.80000E-06       5.78750E-06       2.50001E-08       1.03069E-11       4.12275E-04       2.38604E-09       5.24222E-10
       5.80000E-06       5.82500E-06       5.81250E-06       2.49996E-08       1.03519E-11       4.14084E-04       2.40686E-09       5.34574E-10
       5.82500E-06       5.85000E-06       5.83750E-06       2.50001E-08       1.03962E-11       4.15847E-04       2.42751E-09       5.44970E-10
       5.85000E-06       5.87500E-06       5.86250E-06       2.50001E-08       1.04405E-11       4.17617E-04       2.44828E-09       5.55411E-10
       5.87500E-06       5.90000E-06       5.88750E-06       2.50001E-08       1.04855E-11       4.19419E-04       2.46933E-09       5.65896E-10
       5.90000E-06       5.92500E-06       5.91250E-06       2.50001E-08       1.05298E-11       4.21189E-04       2.49028E-09       5.76426E-10
       5.92500E-06       5.95000E-06       5.93750E-06       2.49996E-08       1.05748E-11       4.22999E-04       2.51156E-09       5.87001E-10
       5.95000E-06       5.97500E-06       5.96250E-06       2.50001E-08       1.06191E-11       4.24761E-04       2.53264E-09       5.97620E-10
       5.97500E-06       6.00000E-06       5.98750E-06       2.50001E-08       1.06633E-11       4.26532E-04       2.55386E-09       6.08283E-10
       6.00000E-06       6.02500E-06       6.01250E-06       2.50001E-08       1.07084E-11       4.28333E-04       2.57535E-09       6.18991E-10
       6.02500E-06       6.05000E-06       6.03750E-06       2.50001E-08       1.07526E-11       4.30104E-04       2.59675E-09       6.29744E-10
       6.05000E-06       6.07500E-06       6.06250E-06       2.49996E-08       1.07969E-11       4.31883E-04       2.61829E-09       6.40541E-10
       6.07500E-06       6.10000E-06       6.08750E-06       2.50001E-08       1.08419E-11       4.33676E-04       2.64000E-09       6.51383E-10
       6.10000E-06       6.12500E-06       6.11250E-06       2.50001E-08       1.08862E-11       4.35446E-04       2.66167E-09       6.62269E-10
       6.12500E-06       6.15000E-06       6.13750E-06       2.50001E-08       1.09305E-11       4.37217E-04       2.68342E-09       6.73200E-10
       6.15000E-06       6.17500E-06       6.16250E-06       2.50001E-08       1.09755E-11       4.39018E-04       2.70545E-09       6.84175E-10
       6.17500E-06       6.20000E-06       6.18750E-06       2.49996E-08       1.10198E-11       4.40797E-04       2.72743E-09       6.95195E-10
       6.20000E-06       6.22500E-06       6.21250E-06       2.50001E-08       1.10640E-11       4.42559E-04       2.74940E-09       7.06259E-10
       6.22500E-06       6.25000E-06       6.23750E-06       2.50001E-08       1.11091E-11       4.44361E-04       2.77170E-09       7.17368E-10
       6.25000E-06       6.27500E-06       6.26250E-06       2.50001E-08       1.11533E-11       4.46131E-04       2.79390E-09       7.28521E-10
       6.27500E-06       6.30000E-06       6.28750E-06       2.50001E-08       1.11976E-11       4.47902E-04       2.81618E-09       7.39719E-10
       6.30000E-06       6.32500E-06       6.31250E-06       2.49996E-08       1.12426E-11       4.49712E-04       2.83881E-09       7.50962E-10
       6.32500E-06       6.35000E-06       6.33750E-06       2.50001E-08       1.12869E-11       4.51474E-04       2.86122E-09       7.62248E-10
       6.35000E-06       6.37500E-06       6.36250E-06       2.50001E-08       1.13312E-11       4.53244E-04       2.88377E-09       7.73580E-10
       6.37500E-06       6.40000E-06       6.38750E-06       2.50001E-08       1.13762E-11       4.55046E-04       2.90661E-09       7.84956E-10
       6.40000E-06       6.42500E-06       6.41250E-06       2.50001E-08       1.14205E-11       4.56816E-04       2.92934E-09       7.96376E-10
       6.42500E-06       6.45000E-06       6.43750E-06       2.49996E-08       1.14647E-11       4.58596E-04       2.95221E-09       8.07841E-10
       6.45000E-06       6.47500E-06       6.46250E-06       2.50001E-08       1.15098E-11       4.60388E-04       2.97526E-09       8.19351E-10
       6.47500E-06       6.50000E-06       6.48750E-06       2.50001E-08       1.15540E-11       4.62159E-04       2.99826E-09       8.30905E-10
       6.50000E-06       6.52500E-06       6.51250E-06       2.50001E-08       1.15983E-11       4.63929E-04       3.02134E-09       8.42503E-10
       6.52500E-06       6.55000E-06       6.53750E-06       2.50001E-08       1.16433E-11       4.65731E-04       3.04472E-09       8.54146E-10
       6.55000E-06       6.57500E-06       6.56250E-06       2.49996E-08       1.16876E-11       4.67510E-04       3.06804E-09       8.65834E-10
       6.57500E-06       6.60000E-06       6.58750E-06       2.50001E-08       1.17318E-11       4.69272E-04       3.09133E-09       8.77566E-10
       6.60000E-06       6.62500E-06       6.61250E-06       2.50001E-08       1.17769E-11       4.71074E-04       3.11497E-09       8.89343E-10
       6.62500E-06       6.65000E-06       6.63750E-06       2.50001E-08       1.18211E-11       4.72844E-04       3.13850E-09       9.01164E-10
       6.65000E-06       6.67500E-06       6.66250E-06       2.50001E-08       1.18654E-11       4.74614E-04       3.16212E-09       9.13029E-10
       6.67500E-06       6.70000E-06       6.68750E-06       2.49996E-08       1.19104E-11       4.76425E-04       3.18609E-09       9.24940E-10
       6.70000E-06       6.72500E-06       6.71250E-06       2.50001E-08       1.19547E-11       4.78187E-04       3.20983E-09       9.36894E-10
       6.72500E-06       6.75000E-06       6.73750E-06       2.50001E-08       1.19990E-11       4.79957E-04       3.23371E-09       9.48893E-10
       6.75000E-06       6.77500E-06       6.76250E-06       2.50001E-08       1.20440E-11       4.81759E-04       3.25789E-09       9.60937E-10
       6.77500E-06       6.80000E-06       6.78750E-06       2.50001E-08       1.20883E-11       4.83529E-04       3.28195E-09       9.73026E-10
       6.80000E-06       6.82500E-06       6.81250E-06       2.49996E-08       1.21325E-11       4.85309E-04       3.30617E-09       9.85158E-10
       6.82500E-06       6.85000E-06       6.83750E-06       2.50001E-08       1.21776E-11       4.87101E-04       3.33055E-09       9.97336E-10
       6.85000E-06       6.87500E-06       6.86250E-06       2.50001E-08       1.22218E-11       4.88872E-04       3.35488E-09       1.00956E-09
       6.87500E-06       6.90000E-06       6.88750E-06       2.50001E-08       1.22661E-11       4.90642E-04       3.37930E-09       1.02182E-09
       6.90000E-06       6.92500E-06       6.91250E-06       2.50001E-08       1.23111E-11       4.92444E-04       3.40402E-09       1.03413E-09
       6.92500E-06       6.95000E-06       6.93750E-06       2.49996E-08       1.23554E-11       4.94224E-04       3.42868E-09       1.04649E-09
       6.95000E-06       6.97500E-06       6.96250E-06       2.50001E-08       1.23997E-11       4.95985E-04       3.45329E-09       1.05889E-09
       6.97500E-06       7.00000E-06       6.98750E-06       2.50001E-08       1.24447E-11       4.97786E-04       3.47828E-09       1.07133E-09
       7.00000E-06       7.02500E-06       7.01250E-06       2.50001E-08       1.24890E-11       4.99557E-04       3.50314E-09       1.08382E-09
       7.02500E-06       7.05000E-06       7.03750E-06       2.50001E-08       1.25332E-11       5.01327E-04       3.52809E-09       1.09636E-09
       7.05000E-06       7.07500E-06       7.06250E-06       2.49996E-08       1.25783E-11       5.03138E-04       3.55341E-09       1.10894E-09
       7.07500E-06       7.10000E-06       7.08750E-06       2.50001E-08       1.26225E-11       5.04899E-04       3.57847E-09       1.12156E-09
       7.10000E-06       7.12500E-06       7.11250E-06       2.50001E-08       1.26668E-11       5.06670E-04       3.60369E-09       1.13422E-09
       7.12500E-06       7.15000E-06       7.13750E-06       2.50001E-08       1.27118E-11       5.08471E-04       3.62921E-09       1.14694E-09
       7.15000E-06       7.17500E-06       7.16250E-06       2.50001E-08       1.27561E-11       5.10242E-04       3.65461E-09       1.15969E-09
       7.17500E-06       7.20000E-06       7.18750E-06       2.49996E-08       1.28004E-11       5.12022E-04       3.68016E-09       1.17249E-09
       7.20000E-06       7.22500E-06       7.21250E-06       2.50001E-08       1.28454E-11       5.13814E-04       3.70588E-09       1.18534E-09
       7.22500E-06       7.25000E-06       7.23750E-06       2.50001E-08       1.28897E-11       5.15584E-04       3.73154E-09       1.19823E-09
       7.25000E-06       7.27500E-06       7.26250E-06       2.50001E-08       1.29339E-11       5.17355E-04       3.75729E-09       1.21116E-09
       7.27500E-06       7.30000E-06       7.28750E-06       2.50001E-08       1.29790E-11       5.19156E-04       3.78335E-09       1.22414E-09
       7.30000E-06       7.32500E-06       7.31250E-06       2.49996E-08       1.30232E-11       5.20937E-04       3.80935E-09       1.23716E-09
       7.32500E-06       7.35000E-06       7.33750E-06       2.50001E-08       1.30675E-11       5.22697E-04       3.83529E-09       1.25023E-09
       7.35000E-06       7.37500E-06       7.36250E-06       2.50001E-08       1.31125E-11       5.24499E-04       3.86162E-09       1.26334E-09
       7.37500E-06       7.40000E-06       7.38750E-06       2.50001E-08       1.31568E-11       5.26269E-04       3.88781E-09       1.27650E-09
       7.40000E-06       7.42500E-06       7.41250E-06       2.50001E-08       1.32010E-11       5.28040E-04       3.91409E-09       1.28970E-09
       7.42500E-06       7.45000E-06       7.43750E-06       2.49996E-08       1.32461E-11       5.29851E-04       3.94077E-09       1.30295E-09
       7.45000E-06       7.47500E-06       7.46250E-06       2.50001E-08       1.32903E-11       5.31612E-04       3.96715E-09       1.31624E-09
       7.47500E-06       7.50000E-06       7.48750E-06       2.50001E-08       1.33346E-11       5.33382E-04       3.99370E-09       1.32957E-09
       7.50000E-06       7.52500E-06       7.51250E-06       2.50001E-08       1.33796E-11       5.35184E-04       4.02057E-09       1.34295E-09
       7.52500E-06       7.55000E-06       7.53750E-06       2.50001E-08       1.34239E-11       5.36954E-04       4.04729E-09       1.35638E-09
       7.55000E-06       7.57500E-06       7.56250E-06       2.49996E-08       1.34682E-11       5.38735E-04       4.07418E-09       1.36984E-09
       7.57500E-06       7.60000E-06       7.58750E-06       2.50001E-08       1.35132E-11       5.40526E-04       4.10124E-09       1.38336E-09
       7.60000E-06       7.62500E-06       7.61250E-06       2.50001E-08       1.35575E-11       5.42297E-04       4.12823E-09       1.39691E-09
       7.62500E-06       7.65000E-06       7.63750E-06       2.50001E-08       1.36017E-11       5.44067E-04       4.15531E-09       1.41052E-09
       7.65000E-06       7.67500E-06       7.66250E-06       2.50001E-08       1.36468E-11       5.45869E-04       4.18272E-09       1.42416E-09
       7.67500E-06       7.70000E-06       7.68750E-06       2.49996E-08       1.36910E-11       5.47650E-04       4.21006E-09       1.43785E-09
       7.70000E-06       7.72500E-06       7.71250E-06       2.50001E-08       1.37353E-11       5.49410E-04       4.23732E-09       1.45159E-09
       7.72500E-06       7.75000E-06       7.73750E-06       2.50001E-08       1.37803E-11       5.51211E-04       4.26500E-09       1.46537E-09
       7.75000E-06       7.77500E-06       7.76250E-06       2.50001E-08       1.38246E-11       5.52982E-04       4.29252E-09       1.47919E-09
       7.77500E-06       7.80000E-06       7.78750E-06       2.50001E-08       1.38689E-11       5.54752E-04       4.32013E-09       1.49306E-09
       7.80000E-06       7.82500E-06       7.81250E-06       2.49996E-08       1.39139E-11       5.56564E-04       4.34816E-09       1.50698E-09
       7.82500E-06       7.85000E-06       7.83750E-06       2.50001E-08       1.39582E-11       5.58324E-04       4.37587E-09       1.52094E-09
       7.85000E-06       7.87500E-06       7.86250E-06       2.50001E-08       1.40024E-11       5.60095E-04       4.40375E-09       1.53494E-09
       7.87500E-06       7.90000E-06       7.88750E-06       2.50001E-08       1.40475E-11       5.61896E-04       4.43196E-09       1.54899E-09
       7.90000E-06       7.92500E-06       7.91250E-06       2.50001E-08       1.40917E-11       5.63667E-04       4.46001E-09       1.56308E-09
       7.92500E-06       7.95000E-06       7.93750E-06       2.49996E-08       1.41360E-11       5.65448E-04       4.48824E-09       1.57721E-09
       7.95000E-06       7.97500E-06       7.96250E-06       2.50001E-08       1.41810E-11       5.67239E-04       4.51664E-09       1.59139E-09
       7.97500E-06       8.00000E-06       7.98750E-06       2.50001E-08       1.42253E-11       5.69009E-04       4.54496E-09       1.60562E-09
       8.00000E-06       8.02500E-06       8.01250E-06       2.49996E-08       1.42696E-11       5.70791E-04       4.57346E-09       1.61989E-09
       8.02500E-06       8.05000E-06       8.03750E-06       2.50006E-08       1.43146E-11       5.72570E-04       4.60203E-09       1.63420E-09
       8.05000E-06       8.07500E-06       8.06250E-06       2.49996E-08       1.43589E-11       5.74363E-04       4.63080E-09       1.64856E-09
       8.07500E-06       8.10000E-06       8.08750E-06       2.50006E-08       1.44031E-11       5.76111E-04       4.65930E-09       1.66297E-09
       8.10000E-06       8.12500E-06       8.11250E-06       2.49996E-08       1.44482E-11       5.77935E-04       4.68850E-09       1.67741E-09
       8.12500E-06       8.15000E-06       8.13750E-06       2.49996E-08       1.44924E-11       5.79706E-04       4.71735E-09       1.69191E-09
       8.15000E-06       8.17500E-06       8.16250E-06       2.50006E-08       1.45367E-11       5.81454E-04       4.74612E-09       1.70644E-09
       8.17500E-06       8.20000E-06       8.18750E-06       2.49996E-08       1.45817E-11       5.83278E-04       4.77559E-09       1.72102E-09
       8.20000E-06       8.22500E-06       8.21250E-06       2.50006E-08       1.46260E-11       5.85026E-04       4.80452E-09       1.73565E-09
       8.22500E-06       8.25000E-06       8.23750E-06       2.49996E-08       1.46702E-11       5.86819E-04       4.83392E-09       1.75032E-09
       8.25000E-06       8.27500E-06       8.26250E-06       2.49996E-08       1.47153E-11       5.88620E-04       4.86347E-09       1.76504E-09
       8.27500E-06       8.30000E-06       8.28750E-06       2.50006E-08       1.47595E-11       5.90368E-04       4.89268E-09       1.77980E-09
       8.30000E-06       8.32500E-06       8.31250E-06       2.49996E-08       1.48046E-11       5.92192E-04       4.92260E-09       1.79460E-09
       8.32500E-06       8.35000E-06       8.33750E-06       2.50006E-08       1.48488E-11       5.93940E-04       4.95198E-09       1.80945E-09
       8.35000E-06       8.37500E-06       8.36250E-06       2.49996E-08       1.48931E-11       5.95733E-04       4.98182E-09       1.82434E-09
       8.37500E-06       8.40000E-06       8.38750E-06       2.49996E-08       1.49381E-11       5.97535E-04       5.01182E-09       1.83928E-09
       8.40000E-06       8.42500E-06       8.41250E-06       2.50006E-08       1.49824E-11       5.99283E-04       5.04146E-09       1.85426E-09
       8.42500E-06       8.45000E-06       8.43750E-06       2.49996E-08       1.50267E-11       6.01076E-04       5.07158E-09       1.86929E-09
       8.45000E-06       8.47500E-06       8.46250E-06       2.50006E-08       1.50717E-11       6.02855E-04       5.10166E-09       1.88436E-09
       8.47500E-06       8.50000E-06       8.48750E-06       2.49996E-08       1.51160E-11       6.04648E-04       5.13195E-09       1.89948E-09
       8.50000E-06       8.52500E-06       8.51250E-06       2.49996E-08       1.51602E-11       6.06419E-04       5.16214E-09       1.91464E-09
       8.52500E-06       8.55000E-06       8.53750E-06       2.50006E-08       1.52053E-11       6.08197E-04       5.19248E-09       1.92984E-09
       8.55000E-06       8.57500E-06       8.56250E-06       2.49996E-08       1.52495E-11       6.09991E-04       5.22305E-09       1.94509E-09
       8.57500E-06       8.60000E-06       8.58750E-06       2.50006E-08       1.52938E-11       6.11738E-04       5.25330E-09       1.96039E-09
       8.60000E-06       8.62500E-06       8.61250E-06       2.49996E-08       1.53388E-11       6.13563E-04       5.28431E-09       1.97572E-09
       8.62500E-06       8.65000E-06       8.63750E-06       2.49996E-08       1.53831E-11       6.15333E-04       5.31494E-09       1.99111E-09
       8.65000E-06       8.67500E-06       8.66250E-06       2.50006E-08       1.54274E-11       6.17080E-04       5.34546E-09       2.00654E-09
       8.67500E-06       8.70000E-06       8.68750E-06       2.49996E-08       1.54724E-11       6.18905E-04       5.37674E-09       2.02201E-09
       8.70000E-06       8.72500E-06       8.71250E-06       2.50006E-08       1.55167E-11       6.20652E-04       5.40743E-09       2.03752E-09
       8.72500E-06       8.75000E-06       8.73750E-06       2.49996E-08       1.55609E-11       6.22446E-04       5.43863E-09       2.05309E-09
       8.75000E-06       8.77500E-06       8.76250E-06       2.49996E-08       1.56060E-11       6.24248E-04       5.46997E-09       2.06869E-09
       8.77500E-06       8.80000E-06       8.78750E-06       2.50006E-08       1.56502E-11       6.25995E-04       5.50093E-09       2.08434E-09
       8.80000E-06       8.82500E-06       8.81250E-06       2.49996E-08       1.56945E-11       6.27789E-04       5.53239E-09       2.10004E-09
       8.82500E-06       8.85000E-06       8.83750E-06       2.50006E-08       1.57395E-11       6.29567E-04       5.56380E-09       2.11578E-09
       8.85000E-06       8.87500E-06       8.86250E-06       2.49996E-08       1.57838E-11       6.31361E-04       5.59544E-09       2.13156E-09
       8.87500E-06       8.90000E-06       8.88750E-06       2.49996E-08       1.58281E-11       6.33132E-04       5.62696E-09       2.14739E-09
       8.90000E-06       8.92500E-06       8.91250E-06       2.50006E-08       1.58731E-11       6.34909E-04       5.65863E-09       2.16326E-09
       8.92500E-06       8.95000E-06       8.93750E-06       2.49996E-08       1.59174E-11       6.36704E-04       5.69054E-09       2.17918E-09
       8.95000E-06       8.97500E-06       8.96250E-06       2.50006E-08       1.59616E-11       6.38450E-04       5.72211E-09       2.19514E-09
       8.97500E-06       9.00000E-06       8.98750E-06       2.49996E-08       1.60067E-11       6.40276E-04       5.75448E-09       2.21115E-09
       9.00000E-06       9.02500E-06       9.01250E-06       2.49996E-08       1.60509E-11       6.42046E-04       5.78644E-09       2.22720E-09
       9.02500E-06       9.05000E-06       9.03750E-06       2.50006E-08       1.60952E-11       6.43792E-04       5.81827E-09       2.24329E-09
       9.05000E-06       9.07500E-06       9.06250E-06       2.49996E-08       1.61402E-11       6.45619E-04       5.85092E-09       2.25943E-09
       9.07500E-06       9.10000E-06       9.08750E-06       2.50006E-08       1.61845E-11       6.47364E-04       5.88292E-09       2.27562E-09
       9.10000E-06       9.12500E-06       9.11250E-06       2.49996E-08       1.62287E-11       6.49160E-04       5.91547E-09       2.29185E-09
       9.12500E-06       9.15000E-06       9.13750E-06       2.49996E-08       1.62738E-11       6.50961E-04       5.94816E-09       2.30812E-09
       9.15000E-06       9.17500E-06       9.16250E-06       2.50006E-08       1.63180E-11       6.52707E-04       5.98042E-09       2.32444E-09
       9.17500E-06       9.20000E-06       9.18750E-06       2.49996E-08       1.63623E-11       6.54502E-04       6.01324E-09       2.34080E-09
       9.20000E-06       9.22500E-06       9.21250E-06       2.50006E-08       1.64073E-11       6.56279E-04       6.04597E-09       2.35721E-09
       9.22500E-06       9.25000E-06       9.23750E-06       2.49996E-08       1.64516E-11       6.58074E-04       6.07896E-09       2.37366E-09
       9.25000E-06       9.27500E-06       9.26250E-06       2.49996E-08       1.64959E-11       6.59845E-04       6.11181E-09       2.39015E-09
       9.27500E-06       9.30000E-06       9.28750E-06       2.50006E-08       1.65409E-11       6.61621E-04       6.14481E-09       2.40670E-09
       9.30000E-06       9.32500E-06       9.31250E-06       2.49996E-08       1.65852E-11       6.63417E-04       6.17807E-09       2.42328E-09
       9.32500E-06       9.35000E-06       9.33750E-06       2.50006E-08       1.66294E-11       6.65162E-04       6.21095E-09       2.43991E-09
       9.35000E-06       9.37500E-06       9.36250E-06       2.49996E-08       1.66745E-11       6.66989E-04       6.24468E-09       2.45658E-09
       9.37500E-06       9.40000E-06       9.38750E-06       2.49996E-08       1.67187E-11       6.68760E-04       6.27798E-09       2.47330E-09
       9.40000E-06       9.42500E-06       9.41250E-06       2.50006E-08       1.67630E-11       6.70505E-04       6.31112E-09       2.49007E-09
       9.42500E-06       9.45000E-06       9.43750E-06       2.49996E-08       1.68080E-11       6.72332E-04       6.34513E-09       2.50687E-09
       9.45000E-06       9.47500E-06       9.46250E-06       2.50006E-08       1.68523E-11       6.74076E-04       6.37845E-09       2.52373E-09
       9.47500E-06       9.50000E-06       9.48750E-06       2.49996E-08       1.68966E-11       6.75873E-04       6.41234E-09       2.54062E-09
       9.50000E-06       9.52500E-06       9.51250E-06       2.49996E-08       1.69416E-11       6.77674E-04       6.44638E-09       2.55756E-09
       9.52500E-06       9.55000E-06       9.53750E-06       2.50006E-08       1.69859E-11       6.79419E-04       6.47996E-09       2.57455E-09
       9.55000E-06       9.57500E-06       9.56250E-06       2.49996E-08       1.70301E-11       6.81215E-04       6.51412E-09       2.59158E-09
       9.57500E-06       9.60000E-06       9.58750E-06       2.50006E-08       1.70752E-11       6.82991E-04       6.54817E-09       2.60866E-09
       9.60000E-06       9.62500E-06       9.61250E-06       2.49996E-08       1.71194E-11       6.84787E-04       6.58252E-09       2.62578E-09
       9.62500E-06       9.65000E-06       9.63750E-06       2.49996E-08       1.71637E-11       6.86558E-04       6.61670E-09       2.64294E-09
       9.65000E-06       9.67500E-06       9.66250E-06       2.50006E-08       1.72087E-11       6.88333E-04       6.65102E-09       2.66015E-09
       9.67500E-06       9.70000E-06       9.68750E-06       2.49996E-08       1.72530E-11       6.90130E-04       6.68564E-09       2.67740E-09
       9.70000E-06       9.72500E-06       9.71250E-06       2.50006E-08       1.72972E-11       6.91874E-04       6.71983E-09       2.69470E-09
       9.72500E-06       9.75000E-06       9.73750E-06       2.49996E-08       1.73423E-11       6.93702E-04       6.75492E-09       2.71204E-09
       9.75000E-06       9.77500E-06       9.76250E-06       2.49996E-08       1.73866E-11       6.95473E-04       6.78955E-09       2.72943E-09
       9.77500E-06       9.80000E-06       9.78750E-06       2.50006E-08       1.74308E-11       6.97217E-04       6.82401E-09       2.74686E-09
       9.80000E-06       9.82500E-06       9.81250E-06       2.49996E-08       1.74759E-11       6.99045E-04       6.85938E-09       2.76433E-09
       9.82500E-06       9.85000E-06       9.83750E-06       2.50006E-08       1.75201E-11       7.00789E-04       6.89401E-09       2.78185E-09
       9.85000E-06       9.87500E-06       9.86250E-06       2.49996E-08       1.75644E-11       7.02586E-04       6.92925E-09       2.79942E-09
       9.87500E-06       9.90000E-06       9.88750E-06       2.49996E-08       1.76094E-11       7.04387E-04       6.96463E-09       2.81703E-09
       9.90000E-06       9.92500E-06       9.91250E-06       2.50006E-08       1.76537E-11       7.06131E-04       6.99952E-09       2.83468E-09
       9.92500E-06       9.95000E-06       9.93750E-06       2.49996E-08       1.76979E-11       7.07928E-04       7.03504E-09       2.85238E-09
       9.95000E-06       9.97500E-06       9.96250E-06       2.50006E-08       1.77430E-11       7.09703E-04       7.07041E-09       2.87012E-09
       9.97500E-06       1.00000E-05       9.98750E-06       2.49996E-08       1.77872E-11       7.11501E-04       7.10611E-09       2.88791E-09
       1.00000E-05       1.04713E-05       1.02356E-05       4.71300E-07       3.43646E-10       7.29146E-04       7.46328E-09       3.23156E-09
       1.04713E-05       1.09648E-05       1.07180E-05       4.93500E-07       3.76797E-10       7.63519E-04       8.18344E-09       3.60835E-09
       1.09648E-05       1.14815E-05       1.12232E-05       5.16700E-07       4.13162E-10       7.99616E-04       8.97421E-09       4.02151E-09
       1.14815E-05       1.20226E-05       1.17521E-05       5.41101E-07       4.53005E-10       8.37193E-04       9.83873E-09       4.47452E-09
       1.20226E-05       1.25892E-05       1.23059E-05       5.66600E-07       4.96724E-10       8.76676E-04       1.07883E-08       4.97124E-09
       1.25892E-05       1.31826E-05       1.28859E-05       5.93400E-07       5.44652E-10       9.17849E-04       1.18273E-08       5.51590E-09
       1.31826E-05       1.38038E-05       1.34932E-05       6.21200E-07       5.97184E-10       9.61340E-04       1.29716E-08       6.11308E-09
       1.38038E-05       1.44544E-05       1.41291E-05       6.50600E-07       6.54811E-10       1.00647E-03       1.42205E-08       6.76789E-09
       1.44544E-05       1.51356E-05       1.47950E-05       6.81200E-07       7.17974E-10       1.05398E-03       1.55937E-08       7.48586E-09
       1.51356E-05       1.58489E-05       1.54922E-05       7.13300E-07       7.87248E-10       1.10367E-03       1.70983E-08       8.27311E-09
       1.58489E-05       1.65959E-05       1.62224E-05       7.47000E-07       8.63193E-10       1.15555E-03       1.87457E-08       9.13631E-09
       1.65959E-05       1.73780E-05       1.69869E-05       7.82101E-07       9.46515E-10       1.21022E-03       2.05580E-08       1.00828E-08
       1.73780E-05       1.81970E-05       1.77875E-05       8.19000E-07       1.03784E-09       1.26720E-03       2.25403E-08       1.11207E-08
       1.81970E-05       1.90546E-05       1.86258E-05       8.57599E-07       1.13793E-09       1.32688E-03       2.47142E-08       1.22586E-08
       1.90546E-05       1.99526E-05       1.95036E-05       8.98001E-07       1.24773E-09       1.38945E-03       2.70994E-08       1.35063E-08
       1.99526E-05       2.08930E-05       2.04228E-05       9.40399E-07       1.36809E-09       1.45480E-03       2.97111E-08       1.48744E-08
       2.08930E-05       2.18776E-05       2.13853E-05       9.84600E-07       1.50010E-09       1.52357E-03       3.25819E-08       1.63745E-08
       2.18776E-05       2.29087E-05       2.23932E-05       1.03110E-06       1.64477E-09       1.59516E-03       3.57207E-08       1.80193E-08
       2.29087E-05       2.39883E-05       2.34485E-05       1.07960E-06       1.80350E-09       1.67052E-03       3.91713E-08       1.98228E-08
       2.39883E-05       2.51189E-05       2.45536E-05       1.13060E-06       1.97744E-09       1.74902E-03       4.29447E-08       2.18002E-08
       2.51189E-05       2.63027E-05       2.57108E-05       1.18380E-06       2.16831E-09       1.83165E-03       4.70933E-08       2.39685E-08
       2.63027E-05       2.75423E-05       2.69225E-05       1.23960E-06       2.37743E-09       1.91790E-03       5.16347E-08       2.63460E-08
       2.75423E-05       2.88403E-05       2.81913E-05       1.29800E-06       2.60682E-09       2.00833E-03       5.66175E-08       2.89528E-08
       2.88403E-05       3.01995E-05       2.95199E-05       1.35920E-06       2.85834E-09       2.10296E-03       6.20790E-08       3.18111E-08
       3.01995E-05       3.16228E-05       3.09111E-05       1.42330E-06       3.13408E-09       2.20198E-03       6.80658E-08       3.49452E-08
       3.16228E-05       3.31131E-05       3.23679E-05       1.49030E-06       3.43646E-09       2.30589E-03       7.46370E-08       3.83817E-08
       3.31131E-05       3.46737E-05       3.38934E-05       1.56060E-06       3.76804E-09       2.41448E-03       8.18350E-08       4.21497E-08
       3.46737E-05       3.63078E-05       3.54907E-05       1.63410E-06       4.12936E-09       2.52699E-03       8.96849E-08       4.62791E-08
       3.63078E-05       3.80189E-05       3.71634E-05       1.71110E-06       4.45248E-09       2.60211E-03       9.67032E-08       5.07316E-08
       3.80189E-05       3.98107E-05       3.89148E-05       1.79180E-06       4.76278E-09       2.65810E-03       1.03440E-07       5.54943E-08
       3.98107E-05       4.16869E-05       4.07488E-05       1.87620E-06       5.09747E-09       2.71691E-03       1.10711E-07       6.05918E-08
       4.16869E-05       4.36516E-05       4.26692E-05       1.96470E-06       5.45855E-09       2.77832E-03       1.18549E-07       6.60504E-08
       4.36516E-05       4.57088E-05       4.46802E-05       2.05720E-06       5.84830E-09       2.84284E-03       1.27019E-07       7.18987E-08
       4.57088E-05       4.78630E-05       4.67859E-05       2.15420E-06       6.26918E-09       2.91021E-03       1.36157E-07       7.81678E-08
       4.78630E-05       5.01187E-05       4.89908E-05       2.25570E-06       6.72391E-09       2.98086E-03       1.46035E-07       8.48917E-08
       5.01187E-05       5.24808E-05       5.12998E-05       2.36210E-06       7.21546E-09       3.05468E-03       1.56704E-07       9.21072E-08
       5.24808E-05       5.49541E-05       5.37174E-05       2.47330E-06       7.74466E-09       3.13131E-03       1.68206E-07       9.98519E-08
       5.49541E-05       5.75440E-05       5.62490E-05       2.58990E-06       8.29290E-09       3.20202E-03       1.80110E-07       1.08145E-07
       5.75440E-05       6.02560E-05       5.89000E-05       2.71200E-06       8.87793E-09       3.27357E-03       1.92813E-07       1.17023E-07
       6.02560E-05       6.30957E-05       6.16758E-05       2.83970E-06       9.50910E-09       3.34863E-03       2.06530E-07       1.26532E-07
       6.30957E-05       6.60693E-05       6.45825E-05       2.97360E-06       1.01907E-08       3.42705E-03       2.21327E-07       1.36722E-07
       6.60693E-05       6.91831E-05       6.76262E-05       3.11380E-06       1.09269E-08       3.50918E-03       2.37313E-07       1.47649E-07
       6.91831E-05       7.24436E-05       7.08134E-05       3.26051E-06       1.17218E-08       3.59509E-03       2.54581E-07       1.59371E-07
       7.24436E-05       7.58578E-05       7.41507E-05       3.41420E-06       1.25507E-08       3.67603E-03       2.72580E-07       1.71922E-07
       7.58578E-05       7.94328E-05       7.76453E-05       3.57500E-06       1.34251E-08       3.75529E-03       2.91581E-07       1.85347E-07
       7.94328E-05       8.31764E-05       8.13046E-05       3.74360E-06       1.43682E-08       3.83806E-03       3.12052E-07       1.99715E-07
       8.31764E-05       8.70964E-05       8.51364E-05       3.92000E-06       1.53855E-08       3.92488E-03       3.34150E-07       2.15101E-07
       8.70964E-05       9.12011E-05       8.91488E-05       4.10471E-06       1.64837E-08       4.01580E-03       3.58004E-07       2.31584E-07
       9.12011E-05       9.54993E-05       9.33502E-05       4.29820E-06       1.76696E-08       4.11093E-03       3.83756E-07       2.49254E-07
       9.54993E-05       1.00000E-04       9.77497E-05       4.50070E-06       1.89508E-08       4.21063E-03       4.11588E-07       2.68205E-07
       1.00000E-04       1.04713E-04       1.02356E-04       4.71300E-06       2.03358E-08       4.31484E-03       4.41652E-07       2.88541E-07
       1.04713E-04       1.09648E-04       1.07181E-04       4.93501E-06       2.18279E-08       4.42308E-03       4.74068E-07       3.10369E-07
       1.09648E-04       1.14815E-04       1.12232E-04       5.16700E-06       2.33763E-08       4.52416E-03       5.07753E-07       3.33745E-07
       1.14815E-04       1.20226E-04       1.17520E-04       5.41100E-06       2.50240E-08       4.62465E-03       5.43491E-07       3.58769E-07
       1.20226E-04       1.25892E-04       1.23059E-04       5.66600E-06       2.68030E-08       4.73050E-03       5.82130E-07       3.85572E-07
       1.25892E-04       1.31826E-04       1.28859E-04       5.93401E-06       2.87237E-08       4.84052E-03       6.23745E-07       4.14296E-07
       1.31826E-04       1.38038E-04       1.34932E-04       6.21199E-06       3.07973E-08       4.95772E-03       6.68956E-07       4.45093E-07
       1.38038E-04       1.44544E-04       1.41291E-04       6.50601E-06       3.30385E-08       5.07815E-03       7.17496E-07       4.78131E-07
       1.44544E-04       1.51356E-04       1.47950E-04       6.81200E-06       3.53800E-08       5.19377E-03       7.68419E-07       5.13511E-07
       1.51356E-04       1.58489E-04       1.54922E-04       7.13300E-06       3.78446E-08       5.30557E-03       8.21952E-07       5.51356E-07
       1.58489E-04       1.65959E-04       1.62224E-04       7.47000E-06       4.05021E-08       5.42197E-03       8.79574E-07       5.91858E-07
       1.65959E-04       1.73780E-04       1.69870E-04       7.82100E-06       4.33688E-08       5.54518E-03       9.41957E-07       6.35227E-07
       1.73780E-04       1.81970E-04       1.77875E-04       8.19000E-06       4.64632E-08       5.67317E-03       1.00911E-06       6.81690E-07
       1.81970E-04       1.90546E-04       1.86258E-04       8.57600E-06       4.98050E-08       5.80748E-03       1.08169E-06       7.31495E-07
       1.90546E-04       1.99526E-04       1.95036E-04       8.98000E-06       5.34148E-08       5.94819E-03       1.16011E-06       7.84910E-07
       1.99526E-04       2.08930E-04       2.04228E-04       9.40399E-06       5.73175E-08       6.09501E-03       1.24477E-06       8.42227E-07
       2.08930E-04       2.18776E-04       2.13853E-04       9.84601E-06       6.15270E-08       6.24893E-03       1.33635E-06       9.03754E-07
       2.18776E-04       2.29087E-04       2.23932E-04       1.03110E-05       6.58978E-08       6.39102E-03       1.43115E-06       9.69652E-07
       2.29087E-04       2.39883E-04       2.34485E-04       1.07960E-05       7.05429E-08       6.53417E-03       1.53217E-06       1.04020E-06
       2.39883E-04       2.51189E-04       2.45536E-04       1.13060E-05       7.55554E-08       6.68277E-03       1.64086E-06       1.11575E-06
       2.51189E-04       2.63027E-04       2.57108E-04       1.18380E-05       8.09682E-08       6.83968E-03       1.75854E-06       1.19672E-06
       2.63027E-04       2.75423E-04       2.69225E-04       1.23960E-05       8.68132E-08       7.00332E-03       1.88547E-06       1.28353E-06
       2.75423E-04       2.88403E-04       2.81913E-04       1.29800E-05       9.31287E-08       7.17478E-03       2.02266E-06       1.37666E-06
       2.88403E-04       3.01995E-04       2.95199E-04       1.35920E-05       9.98077E-08       7.34313E-03       2.16768E-06       1.47647E-06
       3.01995E-04       3.16228E-04       3.09111E-04       1.42330E-05       1.06880E-07       7.50933E-03       2.32122E-06       1.58335E-06
       3.16228E-04       3.31131E-04       3.23680E-04       1.49030E-05       1.14514E-07       7.68392E-03       2.48713E-06       1.69786E-06
       3.31131E-04       3.46737E-04       3.38934E-04       1.56060E-05       1.22759E-07       7.86614E-03       2.66610E-06       1.82062E-06
       3.46737E-04       3.63078E-04       3.54908E-04       1.63410E-05       1.31666E-07       8.05743E-03       2.85964E-06       1.95229E-06
       3.63078E-04       3.80189E-04       3.71634E-04       1.71110E-05       1.41295E-07       8.25754E-03       3.06878E-06       2.09358E-06
       3.80189E-04       3.98107E-04       3.89148E-04       1.79180E-05       1.51708E-07       8.46679E-03       3.29483E-06       2.24529E-06
       3.98107E-04       4.16869E-04       4.07488E-04       1.87620E-05       1.62973E-07       8.68634E-03       3.53958E-06       2.40826E-06
       4.16869E-04       4.36516E-04       4.26692E-04       1.96470E-05       1.75148E-07       8.91472E-03       3.80384E-06       2.58341E-06
       4.36516E-04       4.57088E-04       4.46802E-04       2.05720E-05       1.87863E-07       9.13198E-03       4.08019E-06       2.77127E-06
       4.57088E-04       4.78630E-04       4.67859E-04       2.15420E-05       2.01382E-07       9.34834E-03       4.37371E-06       2.97266E-06
       4.78630E-04       5.01187E-04       4.89909E-04       2.25570E-05       2.15988E-07       9.57523E-03       4.69099E-06       3.18864E-06
       5.01187E-04       5.24808E-04       5.12998E-04       2.36210E-05       2.31778E-07       9.81237E-03       5.03372E-06       3.42042E-06
       5.24808E-04       5.49541E-04       5.37175E-04       2.47330E-05       2.48851E-07       1.00615E-02       5.40478E-06       3.66927E-06
       5.49541E-04       5.75440E-04       5.62491E-04       2.58990E-05       2.67320E-07       1.03217E-02       5.80583E-06       3.93659E-06
       5.75440E-04       6.02560E-04       5.89000E-04       2.71200E-05       2.86734E-07       1.05728E-02       6.22737E-06       4.22333E-06
       6.02560E-04       6.30957E-04       6.16758E-04       2.83970E-05       3.07051E-07       1.08128E-02       6.66889E-06       4.53038E-06
       6.30957E-04       6.60693E-04       6.45825E-04       2.97360E-05       3.28981E-07       1.10634E-02       7.14501E-06       4.85936E-06
       6.60693E-04       6.91831E-04       6.76262E-04       3.11380E-05       3.52664E-07       1.13258E-02       7.65923E-06       5.21202E-06
       6.91831E-04       7.24436E-04       7.08133E-04       3.26050E-05       3.78250E-07       1.16010E-02       8.21505E-06       5.59027E-06
       7.24436E-04       7.58578E-04       7.41507E-04       3.41420E-05       4.05908E-07       1.18888E-02       8.81563E-06       5.99618E-06
       7.58578E-04       7.94328E-04       7.76453E-04       3.57500E-05       4.35818E-07       1.21907E-02       9.46551E-06       6.43200E-06
       7.94328E-04       8.31764E-04       8.13046E-04       3.74360E-05       4.68180E-07       1.25061E-02       1.01681E-05       6.90018E-06
       8.31764E-04       8.70964E-04       8.51364E-04       3.92000E-05       5.03164E-07       1.28358E-02       1.09279E-05       7.40334E-06
       8.70964E-04       9.12011E-04       8.91487E-04       4.10470E-05       5.39612E-07       1.31462E-02       1.17197E-05       7.94295E-06
       9.12011E-04       9.54993E-04       9.33502E-04       4.29820E-05       5.78185E-07       1.34518E-02       1.25573E-05       8.52114E-06
       9.54993E-04       1.00000E-03       9.77497E-04       4.50070E-05       6.19842E-07       1.37721E-02       1.34622E-05       9.14098E-06
       1.00000E-03       1.04713E-03       1.02356E-03       4.71300E-05       6.64859E-07       1.41069E-02       1.44393E-05       9.80584E-06
       1.04713E-03       1.09648E-03       1.07180E-03       4.93500E-05       7.13499E-07       1.44579E-02       1.54961E-05       1.05193E-05
       1.09648E-03       1.14815E-03       1.12231E-03       5.16700E-05       7.66137E-07       1.48275E-02       1.66411E-05       1.12855E-05
       1.14815E-03       1.20226E-03       1.17520E-03       5.41100E-05       8.21571E-07       1.51833E-02       1.78435E-05       1.21070E-05
       1.20226E-03       1.25892E-03       1.23059E-03       5.66600E-05       8.79485E-07       1.55221E-02       1.91014E-05       1.29865E-05
       1.25892E-03       1.31826E-03       1.28859E-03       5.93400E-05       9.41957E-07       1.58739E-02       2.04549E-05       1.39285E-05
       1.31826E-03       1.38038E-03       1.34932E-03       6.21200E-05       1.00937E-06       1.62487E-02       2.19247E-05       1.49379E-05
       1.38038E-03       1.44544E-03       1.41291E-03       6.50599E-05       1.08221E-06       1.66341E-02       2.35025E-05       1.60201E-05
       1.44544E-03       1.51356E-03       1.47950E-03       6.81201E-05       1.16090E-06       1.70420E-02       2.52136E-05       1.71810E-05
       1.51356E-03       1.58489E-03       1.54923E-03       7.13300E-05       1.24599E-06       1.74680E-02       2.70619E-05       1.84270E-05
       1.58489E-03       1.65959E-03       1.62224E-03       7.47000E-05       1.33802E-06       1.79119E-02       2.90574E-05       1.97650E-05
       1.65959E-03       1.73780E-03       1.69870E-03       7.82101E-05       1.43752E-06       1.83802E-02       3.12223E-05       2.12025E-05
       1.73780E-03       1.81970E-03       1.77875E-03       8.18999E-05       1.54142E-06       1.88207E-02       3.34774E-05       2.27439E-05
       1.81970E-03       1.90546E-03       1.86258E-03       8.57600E-05       1.65109E-06       1.92525E-02       3.58593E-05       2.43950E-05
       1.90546E-03       1.99526E-03       1.95036E-03       8.98001E-05       1.76950E-06       1.97049E-02       3.84316E-05       2.61645E-05
       1.99526E-03       2.08930E-03       2.04228E-03       9.40400E-05       1.89742E-06       2.01768E-02       4.12066E-05       2.80619E-05
       2.08930E-03       2.18776E-03       2.13853E-03       9.84600E-05       2.03567E-06       2.06751E-02       4.42144E-05       3.00976E-05
       2.18776E-03       2.29087E-03       2.23932E-03       1.03110E-04       2.18512E-06       2.11921E-02       4.74558E-05       3.22827E-05
       2.29087E-03       2.39883E-03       2.34485E-03       1.07960E-04       2.34304E-06       2.17028E-02       5.08899E-05       3.46258E-05
       2.39883E-03       2.51189E-03       2.45536E-03       1.13060E-04       2.50752E-06       2.21787E-02       5.44568E-05       3.71333E-05
       2.51189E-03       2.63027E-03       2.57108E-03       1.18380E-04       2.68487E-06       2.26801E-02       5.83124E-05       3.98182E-05
       2.63027E-03       2.75423E-03       2.69225E-03       1.23960E-04       2.87627E-06       2.32032E-02       6.24688E-05       4.26944E-05
       2.75423E-03       2.88403E-03       2.81913E-03       1.29800E-04       3.08294E-06       2.37515E-02       6.69585E-05       4.57774E-05
       2.88403E-03       3.01995E-03       2.95199E-03       1.35920E-04       3.30621E-06       2.43247E-02       7.18062E-05       4.90836E-05
       3.01995E-03       3.16228E-03       3.09112E-03       1.42330E-04       3.54754E-06       2.49247E-02       7.70452E-05       5.26311E-05
       3.16228E-03       3.31131E-03       3.23679E-03       1.49030E-04       3.80847E-06       2.55551E-02       8.27165E-05       5.64396E-05
       3.31131E-03       3.46737E-03       3.38934E-03       1.56060E-04       4.09062E-06       2.62119E-02       8.88409E-05       6.05302E-05
       3.46737E-03       3.63078E-03       3.54907E-03       1.63410E-04       4.37952E-06       2.68008E-02       9.51180E-05       6.49097E-05
       3.63078E-03       3.80189E-03       3.71633E-03       1.71110E-04       4.67777E-06       2.73378E-02       1.01596E-04       6.95875E-05
       3.80189E-03       3.98107E-03       3.89148E-03       1.79180E-04       4.99896E-06       2.78991E-02       1.08569E-04       7.45864E-05
       3.98107E-03       4.16869E-03       4.07488E-03       1.87620E-04       5.34498E-06       2.84883E-02       1.16087E-04       7.99314E-05
       4.16869E-03       4.36516E-03       4.26693E-03       1.96470E-04       5.71796E-06       2.91035E-02       1.24182E-04       8.56494E-05
       4.36516E-03       4.57088E-03       4.46802E-03       2.05720E-04       6.12024E-06       2.97504E-02       1.32925E-04       9.17696E-05
       4.57088E-03       4.78630E-03       4.67859E-03       2.15420E-04       6.54605E-06       3.03874E-02       1.42170E-04       9.83157E-05
       4.78630E-03       5.01187E-03       4.89909E-03       2.25570E-04       6.98906E-06       3.09839E-02       1.51793E-04       1.05305E-04
       5.01187E-03       5.24807E-03       5.12997E-03       2.36200E-04       7.46545E-06       3.16065E-02       1.62140E-04       1.12770E-04
       5.24807E-03       5.49541E-03       5.37174E-03       2.47340E-04       7.97840E-06       3.22568E-02       1.73275E-04       1.20749E-04
       5.49541E-03       5.75440E-03       5.62491E-03       2.58990E-04       8.53106E-06       3.29398E-02       1.85283E-04       1.29280E-04
       5.75440E-03       6.02560E-03       5.89000E-03       2.71200E-04       9.12689E-06       3.36537E-02       1.98220E-04       1.38407E-04
       6.02560E-03       6.30957E-03       6.16759E-03       2.83970E-04       9.76947E-06       3.44032E-02       2.12185E-04       1.48176E-04
       6.30957E-03       6.60693E-03       6.45825E-03       2.97360E-04       1.04628E-05       3.51857E-02       2.27238E-04       1.58639E-04
       6.60693E-03       6.91831E-03       6.76262E-03       3.11380E-04       1.12112E-05       3.60048E-02       2.43487E-04       1.69850E-04
       6.91831E-03       7.24436E-03       7.08133E-03       3.26050E-04       1.19967E-05       3.67941E-02       2.60552E-04       1.81847E-04
       7.24436E-03       7.58578E-03       7.41507E-03       3.41420E-04       1.28215E-05       3.75534E-02       2.78461E-04       1.94668E-04
       7.58578E-03       7.94328E-03       7.76453E-03       3.57500E-04       1.37100E-05       3.83496E-02       2.97767E-04       2.08378E-04
       7.94328E-03       8.31764E-03       8.13046E-03       3.74360E-04       1.46679E-05       3.91813E-02       3.18562E-04       2.23046E-04
       8.31764E-03       8.70964E-03       8.51364E-03       3.92000E-04       1.57010E-05       4.00536E-02       3.41002E-04       2.38747E-04
       8.70964E-03       9.12011E-03       8.91487E-03       4.10471E-04       1.68158E-05       4.09671E-02       3.65217E-04       2.55563E-04
       9.12011E-03       9.54993E-03       9.33502E-03       4.29819E-04       1.79946E-05       4.18654E-02       3.90815E-04       2.73557E-04
       9.54993E-03       1.00000E-02       9.77496E-03       4.50070E-04       1.92084E-05       4.26786E-02       4.17182E-04       2.92766E-04
       1.00000E-02       1.04713E-02       1.02357E-02       4.71300E-04       2.05120E-05       4.35222E-02       4.45478E-04       3.13278E-04
       1.04713E-02       1.09648E-02       1.07180E-02       4.93500E-04       2.19149E-05       4.44071E-02       4.75957E-04       3.35193E-04
       1.09648E-02       1.14815E-02       1.12232E-02       5.16700E-04       2.34271E-05       4.53399E-02       5.08856E-04       3.58620E-04
       1.14815E-02       1.20226E-02       1.17521E-02       5.41100E-04       2.50555E-05       4.63048E-02       5.44176E-04       3.83675E-04
       1.20226E-02       1.25892E-02       1.23059E-02       5.66601E-04       2.68124E-05       4.73215E-02       5.82334E-04       4.10488E-04
       1.25892E-02       1.31826E-02       1.28859E-02       5.93399E-04       2.87075E-05       4.83780E-02       6.23394E-04       4.39195E-04
       1.31826E-02       1.38038E-02       1.34932E-02       6.21200E-04       3.07518E-05       4.95038E-02       6.67964E-04       4.69947E-04
       1.38038E-02       1.44544E-02       1.41291E-02       6.50601E-04       3.28840E-05       5.05440E-02       7.14141E-04       5.02831E-04
       1.44544E-02       1.51356E-02       1.47950E-02       6.81199E-04       3.50908E-05       5.15132E-02       7.62138E-04       5.37922E-04
       1.51356E-02       1.58489E-02       1.54923E-02       7.13301E-04       3.74653E-05       5.25238E-02       8.13712E-04       5.75387E-04
       1.58489E-02       1.65959E-02       1.62224E-02       7.47000E-04       4.00210E-05       5.35756E-02       8.69125E-04       6.15408E-04
       1.65959E-02       1.73780E-02       1.69870E-02       7.82100E-04       4.27731E-05       5.46901E-02       9.29018E-04       6.58181E-04
       1.73780E-02       1.81970E-02       1.77875E-02       8.19000E-04       4.57385E-05       5.58468E-02       9.93375E-04       7.03920E-04
       1.81970E-02       1.90546E-02       1.86258E-02       8.57600E-04       4.88706E-05       5.69853E-02       1.06140E-03       7.52790E-04
       1.90546E-02       1.99526E-02       1.95036E-02       8.98000E-04       5.20629E-05       5.79765E-02       1.13075E-03       8.04853E-04
       1.99526E-02       2.08930E-02       2.04228E-02       9.40400E-04       5.54806E-05       5.89967E-02       1.20488E-03       8.60334E-04
       2.08930E-02       2.18776E-02       2.13853E-02       9.84600E-04       5.91519E-05       6.00771E-02       1.28477E-03       9.19486E-04
       2.18776E-02       2.29087E-02       2.23931E-02       1.03110E-03       6.30977E-05       6.11946E-02       1.37034E-03       9.82583E-04
       2.29087E-02       2.39883E-02       2.34485E-02       1.07960E-03       6.73415E-05       6.23762E-02       1.46263E-03       1.04992E-03
       2.39883E-02       2.51189E-02       2.45536E-02       1.13060E-03       7.19077E-05       6.36014E-02       1.56164E-03       1.12183E-03
       2.51189E-02       2.63027E-02       2.57108E-02       1.18380E-03       7.68243E-05       6.48964E-02       1.66854E-03       1.19866E-03
       2.63027E-02       2.75423E-02       2.69225E-02       1.23960E-03       8.21190E-05       6.62463E-02       1.78352E-03       1.28078E-03
       2.75423E-02       2.88403E-02       2.81913E-02       1.29800E-03       8.76992E-05       6.75649E-02       1.90474E-03       1.36848E-03
       2.88403E-02       3.01995E-02       2.95199E-02       1.35920E-03       9.35263E-05       6.88098E-02       2.03126E-03       1.46200E-03
       3.01995E-02       3.16228E-02       3.09112E-02       1.42330E-03       9.97890E-05       7.01110E-02       2.16721E-03       1.56179E-03
       3.16228E-02       3.31131E-02       3.23680E-02       1.49030E-03       1.06526E-04       7.14797E-02       2.31365E-03       1.66832E-03
       3.31131E-02       3.46737E-02       3.38934E-02       1.56060E-03       1.13777E-04       7.29063E-02       2.47104E-03       1.78209E-03
       3.46737E-02       3.63078E-02       3.54908E-02       1.63410E-03       1.21585E-04       7.44046E-02       2.64068E-03       1.90368E-03
       3.63078E-02       3.80189E-02       3.71633E-02       1.71110E-03       1.29790E-04       7.58516E-02       2.81890E-03       2.03347E-03
       3.80189E-02       3.98107E-02       3.89148E-02       1.79180E-03       1.37933E-04       7.69801E-02       2.99567E-03       2.17140E-03
       3.98107E-02       4.16869E-02       4.07488E-02       1.87620E-03       1.46594E-04       7.81337E-02       3.18386E-03       2.31800E-03
       4.16869E-02       4.36516E-02       4.26693E-02       1.96470E-03       1.55873E-04       7.93368E-02       3.38524E-03       2.47387E-03
       4.36516E-02       4.57088E-02       4.46802E-02       2.05720E-03       1.65819E-04       8.06043E-02       3.60142E-03       2.63969E-03
       4.57088E-02       4.78630E-02       4.67859E-02       2.15420E-03       1.76483E-04       8.19252E-02       3.83294E-03       2.81617E-03
       4.78630E-02       5.01187E-02       4.89908E-02       2.25570E-03       1.87925E-04       8.33114E-02       4.08149E-03       3.00410E-03
       5.01187E-02       5.24808E-02       5.12998E-02       2.36210E-03       2.00209E-04       8.47590E-02       4.34812E-03       3.20431E-03
       5.24808E-02       5.49541E-02       5.37174E-02       2.47330E-03       2.13400E-04       8.62816E-02       4.63483E-03       3.41771E-03
       5.49541E-02       5.75440E-02       5.62491E-02       2.58990E-03       2.27246E-04       8.77432E-02       4.93547E-03       3.64495E-03
       5.75440E-02       6.02560E-02       5.89000E-02       2.71200E-03       2.41546E-04       8.90658E-02       5.24598E-03       3.88650E-03
       6.02560E-02       6.30957E-02       6.16758E-02       2.83970E-03       2.56853E-04       9.04507E-02       5.57862E-03       4.14335E-03
       6.30957E-02       6.60693E-02       6.45825E-02       2.97360E-03       2.73260E-04       9.18954E-02       5.93484E-03       4.41661E-03
       6.60693E-02       6.91831E-02       6.76262E-02       3.11380E-03       2.90855E-04       9.34084E-02       6.31685E-03       4.70747E-03
       6.91831E-02       7.24436E-02       7.08134E-02       3.26050E-03       3.09735E-04       9.49960E-02       6.72699E-03       5.01720E-03
       7.24436E-02       7.58578E-02       7.41507E-02       3.41420E-03       3.29833E-04       9.66063E-02       7.16342E-03       5.34703E-03
       7.58578E-02       7.94328E-02       7.76453E-02       3.57500E-03       3.50740E-04       9.81091E-02       7.61771E-03       5.69777E-03
       7.94328E-02       8.31764E-02       8.13046E-02       3.74360E-03       3.73075E-04       9.96568E-02       8.10256E-03       6.07085E-03
       8.31764E-02       8.70964E-02       8.51364E-02       3.92000E-03       3.97022E-04       1.01281E-01       8.62271E-03       6.46787E-03
       8.70964E-02       9.12011E-02       8.91488E-02       4.10470E-03       4.22712E-04       1.02982E-01       9.18075E-03       6.89058E-03
       9.12011E-02       9.54993E-02       9.33502E-02       4.29820E-03       4.50999E-04       1.04927E-01       9.79500E-03       7.34158E-03
       9.54993E-02       1.00000E-01       9.77497E-02       4.50070E-03       4.83091E-04       1.07337E-01       1.04921E-02       7.82467E-03
       1.00000E-01       1.04713E-01       1.02357E-01       4.71300E-03       5.19305E-04       1.10186E-01       1.12782E-02       8.34398E-03
       1.04713E-01       1.09648E-01       1.07180E-01       4.93500E-03       5.62888E-04       1.14060E-01       1.22250E-02       8.90687E-03
       1.09648E-01       1.14815E-01       1.12231E-01       5.16700E-03       6.10048E-04       1.18066E-01       1.32507E-02       9.51691E-03
       1.14815E-01       1.20226E-01       1.17520E-01       5.41100E-03       6.60027E-04       1.21979E-01       1.43350E-02       1.01769E-02
       1.20226E-01       1.25892E-01       1.23059E-01       5.66600E-03       7.14390E-04       1.26084E-01       1.55157E-02       1.08913E-02
       1.25892E-01       1.31826E-01       1.28859E-01       5.93400E-03       7.73556E-04       1.30360E-01       1.67981E-02       1.16649E-02
       1.31826E-01       1.38038E-01       1.34932E-01       6.21200E-03       8.37948E-04       1.34892E-01       1.82012E-02       1.25028E-02
       1.38038E-01       1.44544E-01       1.41291E-01       6.50600E-03       9.08092E-04       1.39578E-01       1.97211E-02       1.34109E-02
       1.44544E-01       1.51356E-01       1.47950E-01       6.81200E-03       9.83788E-04       1.44420E-01       2.13669E-02       1.43947E-02
       1.51356E-01       1.58489E-01       1.54923E-01       7.13300E-03       1.06295E-03       1.49018E-01       2.30863E-02       1.54577E-02
       1.58489E-01       1.65959E-01       1.62224E-01       7.47000E-03       1.14854E-03       1.53753E-01       2.49425E-02       1.66062E-02
       1.65959E-01       1.73780E-01       1.69869E-01       7.82100E-03       1.24157E-03       1.58749E-01       2.69666E-02       1.78478E-02
       1.73780E-01       1.81970E-01       1.77875E-01       8.19000E-03       1.34275E-03       1.63950E-01       2.91626E-02       1.91905E-02
       1.81970E-01       1.90546E-01       1.86258E-01       8.57600E-03       1.45175E-03       1.69281E-01       3.15299E-02       2.06423E-02
       1.90546E-01       1.99526E-01       1.95036E-01       8.98000E-03       1.56729E-03       1.74531E-01       3.40399E-02       2.22096E-02
       1.99526E-01       2.08930E-01       2.04228E-01       9.40400E-03       1.69235E-03       1.79961E-01       3.67530E-02       2.39019E-02
       2.08930E-01       2.18776E-01       2.13853E-01       9.84600E-03       1.86981E-03       1.89906E-01       4.06119E-02       2.57717E-02
       2.18776E-01       2.29087E-01       2.23931E-01       1.03110E-02       2.20707E-03       2.14051E-01       4.79326E-02       2.79788E-02
       2.29087E-01       2.39883E-01       2.34485E-01       1.07960E-02       2.61465E-03       2.42186E-01       5.67891E-02       3.05934E-02
       2.39883E-01       2.51189E-01       2.45536E-01       1.13060E-02       3.07171E-03       2.71689E-01       6.67093E-02       3.36652E-02
       2.51189E-01       2.63027E-01       2.57108E-01       1.18380E-02       3.58018E-03       3.02432E-01       7.77576E-02       3.72453E-02
       2.63027E-01       2.75423E-01       2.69225E-01       1.23960E-02       4.12693E-03       3.32925E-01       8.96316E-02       4.13723E-02
       2.75423E-01       2.88403E-01       2.81913E-01       1.29800E-02       4.73069E-03       3.64460E-01       1.02746E-01       4.61030E-02
       2.88403E-01       3.01995E-01       2.95199E-01       1.35920E-02       5.39676E-03       3.97054E-01       1.17210E-01       5.14997E-02
       3.01995E-01       3.16228E-01       3.09112E-01       1.42330E-02       6.10461E-03       4.28905E-01       1.32579E-01       5.76043E-02
       3.16228E-01       3.31131E-01       3.23680E-01       1.49030E-02       6.88389E-03       4.61913E-01       1.49512E-01       6.44882E-02
       3.31131E-01       3.46737E-01       3.38934E-01       1.56060E-02       7.74744E-03       4.96440E-01       1.68260E-01       7.22357E-02
       3.46737E-01       3.63078E-01       3.54908E-01       1.63410E-02       8.70353E-03       5.32619E-01       1.89030E-01       8.09392E-02
       3.63078E-01       3.80189E-01       3.71633E-01       1.71110E-02       9.73290E-03       5.68809E-01       2.11389E-01       9.06721E-02
       3.80189E-01       3.98107E-01       3.89148E-01       1.79180E-02       1.08361E-02       6.04761E-01       2.35342E-01       1.01508E-01
       3.98107E-01       4.16869E-01       4.07488E-01       1.87620E-02       1.20533E-02       6.42429E-01       2.61782E-01       1.13561E-01
       4.16869E-01       4.36516E-01       4.26692E-01       1.96470E-02       1.33936E-02       6.81713E-01       2.90882E-01       1.26955E-01
       4.36516E-01       4.57088E-01       4.46802E-01       2.05720E-02       1.48096E-02       7.19893E-01       3.21649E-01       1.41765E-01
       4.57088E-01       4.78630E-01       4.67859E-01       2.15420E-02       1.63361E-02       7.58339E-01       3.54796E-01       1.58101E-01
       4.78630E-01       5.01187E-01       4.89909E-01       2.25570E-02       1.80145E-02       7.98619E-01       3.91250E-01       1.76115E-01
       5.01187E-01       5.24808E-01       5.12998E-01       2.36210E-02       1.98597E-02       8.40762E-01       4.31309E-01       1.95975E-01
       5.24808E-01       5.49541E-01       5.37174E-01       2.47330E-02       2.18878E-02       8.84963E-01       4.75380E-01       2.17863E-01
       5.49541E-01       5.75440E-01       5.62490E-01       2.58990E-02       2.41172E-02       9.31203E-01       5.23793E-01       2.41980E-01
       5.75440E-01       6.02560E-01       5.89000E-01       2.71200E-02       2.65763E-02       9.79954E-01       5.77193E-01       2.68556E-01
       6.02560E-01       6.30957E-01       6.16758E-01       2.83970E-02       2.92833E-02       1.03121E+00       6.36007E-01       2.97840E-01
       6.30957E-01       6.60693E-01       6.45825E-01       2.97360E-02       3.28051E-02       1.10321E+00       7.12482E-01       3.30645E-01
       6.60693E-01       6.91831E-01       6.76262E-01       3.11380E-02       4.58145E-02       1.47134E+00       9.95010E-01       3.76459E-01
       6.91831E-01       7.24436E-01       7.08133E-01       3.26050E-02       3.56223E-02       1.09254E+00       7.73665E-01       4.12082E-01
       7.24436E-01       7.58578E-01       7.41507E-01       3.41420E-02       3.49925E-02       1.02491E+00       7.59978E-01       4.47074E-01
       7.58578E-01       7.94328E-01       7.76453E-01       3.57500E-02       3.45062E-02       9.65209E-01       7.49439E-01       4.81580E-01
       7.94328E-01       8.31764E-01       8.13046E-01       3.74360E-02       3.41117E-02       9.11201E-01       7.40848E-01       5.15692E-01
       8.31764E-01       8.70964E-01       8.51364E-01       3.92000E-02       3.36091E-02       8.57375E-01       7.29938E-01       5.49301E-01
       8.70964E-01       9.12011E-01       8.91487E-01       4.10470E-02       3.30419E-02       8.04977E-01       7.17627E-01       5.82343E-01
       9.12011E-01       9.54993E-01       9.33502E-01       4.29820E-02       3.22551E-02       7.50433E-01       7.00531E-01       6.14598E-01
       9.54993E-01       1.00000E+00       9.77497E-01       4.50070E-02       3.12050E-02       6.93337E-01       6.77734E-01       6.45803E-01
       1.00000E+00       1.04713E+00       1.02357E+00       4.71300E-02       2.98578E-02       6.33520E-01       6.48449E-01       6.75661E-01
       1.04713E+00       1.09648E+00       1.07181E+00       4.93500E-02       2.81742E-02       5.70906E-01       6.11900E-01       7.03835E-01
       1.09648E+00       1.14815E+00       1.12231E+00       5.16700E-02       2.61638E-02       5.06363E-01       5.68299E-01       7.29999E-01
       1.14815E+00       1.20226E+00       1.17520E+00       5.41100E-02       2.39885E-02       4.43328E-01       5.21001E-01       7.53987E-01
       1.20226E+00       1.25892E+00       1.23059E+00       5.66600E-02       2.14227E-02       3.78091E-01       4.65275E-01       7.75410E-01
       1.25892E+00       1.31826E+00       1.28859E+00       5.93400E-02       1.84935E-02       3.11653E-01       4.01593E-01       7.93904E-01
       1.31826E+00       1.38038E+00       1.34932E+00       6.21200E-02       1.51550E-02       2.43963E-01       3.29184E-01       8.09058E-01
       1.38038E+00       1.44544E+00       1.41291E+00       6.50600E-02       1.24430E-02       1.91254E-01       2.70225E-01       8.21501E-01
       1.44544E+00       1.51356E+00       1.47950E+00       6.81200E-02       1.20552E-02       1.76970E-01       2.61827E-01       8.33557E-01
       1.51356E+00       1.58489E+00       1.54923E+00       7.13300E-02       1.16873E-02       1.63849E-01       2.53839E-01       8.45244E-01
       1.58489E+00       1.65959E+00       1.62224E+00       7.47000E-02       1.12119E-02       1.50092E-01       2.43485E-01       8.56456E-01
       1.65959E+00       1.73780E+00       1.69869E+00       7.82100E-02       1.06148E-02       1.35722E-01       2.30550E-01       8.67071E-01
       1.73780E+00       1.81970E+00       1.77875E+00       8.19000E-02       1.00448E-02       1.22647E-01       2.18159E-01       8.77116E-01
       1.81970E+00       1.90546E+00       1.86258E+00       8.57600E-02       9.99078E-03       1.16497E-01       2.16985E-01       8.87106E-01
       1.90546E+00       1.99526E+00       1.95036E+00       8.98000E-02       9.95506E-03       1.10858E-01       2.16213E-01       8.97061E-01
       1.99526E+00       2.08930E+00       2.04228E+00       9.40400E-02       9.86856E-03       1.04940E-01       2.14317E-01       9.06930E-01
       2.08930E+00       2.18776E+00       2.13853E+00       9.84600E-02       9.66798E-03       9.81919E-02       2.09986E-01       9.16598E-01
       2.18776E+00       2.29087E+00       2.23932E+00       1.03110E-01       9.34160E-03       9.05984E-02       2.02878E-01       9.25940E-01
       2.29087E+00       2.39883E+00       2.34485E+00       1.07960E-01       8.92328E-03       8.26536E-02       1.93810E-01       9.34863E-01
       2.39883E+00       2.51189E+00       2.45536E+00       1.13060E-01       8.37800E-03       7.41023E-02       1.81948E-01       9.43241E-01
       2.51189E+00       2.63027E+00       2.57108E+00       1.18380E-01       7.70269E-03       6.50675E-02       1.67294E-01       9.50944E-01
       2.63027E+00       2.75423E+00       2.69225E+00       1.23960E-01       6.98011E-03       5.63094E-02       1.51599E-01       9.57924E-01
       2.75423E+00       2.88403E+00       2.81913E+00       1.29800E-01       6.24725E-03       4.81298E-02       1.35684E-01       9.64171E-01
       2.88403E+00       3.01995E+00       2.95199E+00       1.35920E-01       5.52031E-03       4.06144E-02       1.19893E-01       9.69691E-01
       3.01995E+00       3.16228E+00       3.09111E+00       1.42330E-01       4.87247E-03       3.42336E-02       1.05820E-01       9.74564E-01
       3.16228E+00       3.31131E+00       3.23679E+00       1.49030E-01       4.31287E-03       2.89396E-02       9.36715E-02       9.78877E-01
       3.31131E+00       3.46737E+00       3.38934E+00       1.56060E-01       3.81770E-03       2.44630E-02       8.29136E-02       9.82694E-01
       3.46737E+00       3.63078E+00       3.54908E+00       1.63410E-01       3.41303E-03       2.08863E-02       7.41270E-02       9.86107E-01
       3.63078E+00       3.80189E+00       3.71633E+00       1.71110E-01       3.04092E-03       1.77717E-02       6.60457E-02       9.89148E-01
       3.80189E+00       3.98107E+00       3.89148E+00       1.79180E-01       2.67663E-03       1.49382E-02       5.81317E-02       9.91825E-01
       3.98107E+00       4.16869E+00       4.07488E+00       1.87620E-01       2.29690E-03       1.22423E-02       4.98858E-02       9.94122E-01
       4.16869E+00       4.36516E+00       4.26692E+00       1.96470E-01       1.88519E-03       9.59533E-03       4.09425E-02       9.96007E-01
       4.36516E+00       4.57088E+00       4.46802E+00       2.05720E-01       1.44989E-03       7.04786E-03       3.14900E-02       9.97457E-01
       4.57088E+00       4.78630E+00       4.67859E+00       2.15420E-01       1.02809E-03       4.77249E-03       2.23285E-02       9.98485E-01
       4.78630E+00       5.00000E+00       4.89315E+00       2.13700E-01       6.54854E-04       3.06436E-03       1.49944E-02       9.99140E-01
       5.00000E+00       5.20000E+00       5.10000E+00       2.00000E-01       3.98088E-04       1.99044E-03       1.01513E-02       9.99538E-01
       5.20000E+00       5.40000E+00       5.30000E+00       2.00000E-01       2.57551E-04       1.28775E-03       6.82510E-03       9.99795E-01
       5.40000E+00       5.60000E+00       5.50000E+00       2.00000E-01       1.57097E-04       7.85485E-04       4.32017E-03       9.99953E-01
       5.60000E+00       5.80000E+00       5.70000E+00       2.00000E-01       4.75402E-05       2.37701E-04       1.35490E-03       1.00000E+00

 Sum =                                                                         1.00000E+00
 Renormalization bin#   976 =                                                  1.28778E-01 barn        2.00000E+07        2.02000E+07        2.01000E+07
 Avg. Energy     bin#   976 =                                                  1.02994E+00 MeV         2.00000E+07        2.02000E+07
