"        MT= 91 recoil spectrum "
" Initial neutron energy corresponds to the group:"
   2.22000E+01    2.24000E+01       0.00000E+00           514           907           394



          Low               High              Mid              Energy           Number             dn/de            E*dn/de          Cumulative
         Energy            Energy            Energy             Width          Fraction                               Sum   
         [MeV]             [MeV]             [MeV]              [MeV]

       7.45000E-06       7.47500E-06       7.46250E-06       2.50001E-08       0.00000E+00       0.00000E+00       0.00000E+00       0.00000E+00
       7.47500E-06       7.50000E-06       7.48750E-06       2.50001E-08       9.43844E-12       3.77536E-04       2.82680E-09       9.43844E-12
       7.50000E-06       7.52500E-06       7.51250E-06       2.50001E-08       9.47047E-12       3.78817E-04       2.84587E-09       1.89089E-11
       7.52500E-06       7.55000E-06       7.53750E-06       2.50001E-08       9.50156E-12       3.80061E-04       2.86471E-09       2.84105E-11
       7.55000E-06       7.57500E-06       7.56250E-06       2.49996E-08       9.53264E-12       3.81312E-04       2.88367E-09       3.79431E-11
       7.57500E-06       7.60000E-06       7.58750E-06       2.50001E-08       9.56468E-12       3.82586E-04       2.90287E-09       4.75078E-11
       7.60000E-06       7.62500E-06       7.61250E-06       2.50001E-08       9.59576E-12       3.83829E-04       2.92190E-09       5.71035E-11
       7.62500E-06       7.65000E-06       7.63750E-06       2.50001E-08       9.62779E-12       3.85110E-04       2.94128E-09       6.67313E-11
       7.65000E-06       7.67500E-06       7.66250E-06       2.50001E-08       9.65888E-12       3.86354E-04       2.96044E-09       7.63902E-11
       7.67500E-06       7.70000E-06       7.68750E-06       2.49996E-08       9.69091E-12       3.87642E-04       2.98000E-09       8.60811E-11
       7.70000E-06       7.72500E-06       7.71250E-06       2.50001E-08       9.72200E-12       3.88878E-04       2.99922E-09       9.58031E-11
       7.72500E-06       7.75000E-06       7.73750E-06       2.50001E-08       9.75403E-12       3.90160E-04       3.01886E-09       1.05557E-10
       7.75000E-06       7.77500E-06       7.76250E-06       2.50001E-08       9.78511E-12       3.91403E-04       3.03827E-09       1.15342E-10
       7.77500E-06       7.80000E-06       7.78750E-06       2.50001E-08       9.81620E-12       3.92647E-04       3.05774E-09       1.25158E-10
       7.80000E-06       7.82500E-06       7.81250E-06       2.49996E-08       9.84823E-12       3.93935E-04       3.07762E-09       1.35007E-10
       7.82500E-06       7.85000E-06       7.83750E-06       2.50001E-08       9.87932E-12       3.95171E-04       3.09715E-09       1.44886E-10
       7.85000E-06       7.87500E-06       7.86250E-06       2.50001E-08       9.91135E-12       3.96452E-04       3.11711E-09       1.54797E-10
       7.87500E-06       7.90000E-06       7.88750E-06       2.50001E-08       9.94244E-12       3.97696E-04       3.13683E-09       1.64740E-10
       7.90000E-06       7.92500E-06       7.91250E-06       2.50001E-08       9.97447E-12       3.98977E-04       3.15691E-09       1.74714E-10
       7.92500E-06       7.95000E-06       7.93750E-06       2.49996E-08       1.00056E-11       4.00228E-04       3.17681E-09       1.84720E-10
       7.95000E-06       7.97500E-06       7.96250E-06       2.50001E-08       1.00376E-11       4.01502E-04       3.19696E-09       1.94757E-10
       7.97500E-06       8.00000E-06       7.98750E-06       2.50001E-08       1.00687E-11       4.02745E-04       3.21693E-09       2.04826E-10
       8.00000E-06       8.02500E-06       8.01250E-06       2.49996E-08       1.01007E-11       4.04034E-04       3.23732E-09       2.14927E-10
       8.02500E-06       8.05000E-06       8.03750E-06       2.50006E-08       1.01318E-11       4.05262E-04       3.25730E-09       2.25059E-10
       8.05000E-06       8.07500E-06       8.06250E-06       2.49996E-08       1.01629E-11       4.06521E-04       3.27758E-09       2.35221E-10
       8.07500E-06       8.10000E-06       8.08750E-06       2.50006E-08       1.01949E-11       4.07787E-04       3.29798E-09       2.45416E-10
       8.10000E-06       8.12500E-06       8.11250E-06       2.49996E-08       1.02260E-11       4.09046E-04       3.31839E-09       2.55642E-10
       8.12500E-06       8.15000E-06       8.13750E-06       2.49996E-08       1.02580E-11       4.10327E-04       3.33904E-09       2.65900E-10
       8.15000E-06       8.17500E-06       8.16250E-06       2.50006E-08       1.02891E-11       4.11555E-04       3.35932E-09       2.76189E-10
       8.17500E-06       8.20000E-06       8.18750E-06       2.49996E-08       1.03211E-11       4.12852E-04       3.38023E-09       2.86511E-10
       8.20000E-06       8.22500E-06       8.21250E-06       2.50006E-08       1.03522E-11       4.14080E-04       3.40063E-09       2.96863E-10
       8.22500E-06       8.25000E-06       8.23750E-06       2.49996E-08       1.03843E-11       4.15377E-04       3.42167E-09       3.07247E-10
       8.25000E-06       8.27500E-06       8.26250E-06       2.49996E-08       1.04153E-11       4.16620E-04       3.44233E-09       3.17662E-10
       8.27500E-06       8.30000E-06       8.28750E-06       2.50006E-08       1.04474E-11       4.17886E-04       3.46323E-09       3.28110E-10
       8.30000E-06       8.32500E-06       8.31250E-06       2.49996E-08       1.04785E-11       4.19145E-04       3.48414E-09       3.38588E-10
       8.32500E-06       8.35000E-06       8.33750E-06       2.50006E-08       1.05096E-11       4.20373E-04       3.50486E-09       3.49098E-10
       8.35000E-06       8.37500E-06       8.36250E-06       2.49996E-08       1.05416E-11       4.21670E-04       3.52621E-09       3.59639E-10
       8.37500E-06       8.40000E-06       8.38750E-06       2.49996E-08       1.05727E-11       4.22913E-04       3.54719E-09       3.70212E-10
       8.40000E-06       8.42500E-06       8.41250E-06       2.50006E-08       1.06047E-11       4.24178E-04       3.56840E-09       3.80817E-10
       8.42500E-06       8.45000E-06       8.43750E-06       2.49996E-08       1.06358E-11       4.25438E-04       3.58963E-09       3.91453E-10
       8.45000E-06       8.47500E-06       8.46250E-06       2.50006E-08       1.06678E-11       4.26703E-04       3.61097E-09       4.02120E-10
       8.47500E-06       8.50000E-06       8.48750E-06       2.49996E-08       1.06989E-11       4.27963E-04       3.63233E-09       4.12819E-10
       8.50000E-06       8.52500E-06       8.51250E-06       2.49996E-08       1.07309E-11       4.29244E-04       3.65394E-09       4.23550E-10
       8.52500E-06       8.55000E-06       8.53750E-06       2.50006E-08       1.07620E-11       4.30471E-04       3.67515E-09       4.34312E-10
       8.55000E-06       8.57500E-06       8.56250E-06       2.49996E-08       1.07941E-11       4.31769E-04       3.69702E-09       4.45106E-10
       8.57500E-06       8.60000E-06       8.58750E-06       2.50006E-08       1.08251E-11       4.32996E-04       3.71835E-09       4.55932E-10
       8.60000E-06       8.62500E-06       8.61250E-06       2.49996E-08       1.08562E-11       4.34256E-04       3.74003E-09       4.66788E-10
       8.62500E-06       8.65000E-06       8.63750E-06       2.49996E-08       1.08883E-11       4.35537E-04       3.76195E-09       4.77676E-10
       8.65000E-06       8.67500E-06       8.66250E-06       2.50006E-08       1.09193E-11       4.36764E-04       3.78347E-09       4.88595E-10
       8.67500E-06       8.70000E-06       8.68750E-06       2.49996E-08       1.09514E-11       4.38062E-04       3.80566E-09       4.99547E-10
       8.70000E-06       8.72500E-06       8.71250E-06       2.50006E-08       1.09825E-11       4.39289E-04       3.82730E-09       5.10529E-10
       8.72500E-06       8.75000E-06       8.73750E-06       2.49996E-08       1.10145E-11       4.40587E-04       3.84963E-09       5.21544E-10
       8.75000E-06       8.77500E-06       8.76250E-06       2.49996E-08       1.10456E-11       4.41830E-04       3.87154E-09       5.32589E-10
       8.77500E-06       8.80000E-06       8.78750E-06       2.50006E-08       1.10776E-11       4.43094E-04       3.89369E-09       5.43667E-10
       8.80000E-06       8.82500E-06       8.81250E-06       2.49996E-08       1.11087E-11       4.44355E-04       3.91588E-09       5.54776E-10
       8.82500E-06       8.85000E-06       8.83750E-06       2.50006E-08       1.11398E-11       4.45581E-04       3.93783E-09       5.65915E-10
       8.85000E-06       8.87500E-06       8.86250E-06       2.49996E-08       1.11718E-11       4.46880E-04       3.96047E-09       5.77087E-10
       8.87500E-06       8.90000E-06       8.88750E-06       2.49996E-08       1.12029E-11       4.48123E-04       3.98269E-09       5.88290E-10
       8.90000E-06       8.92500E-06       8.91250E-06       2.50006E-08       1.12349E-11       4.49387E-04       4.00516E-09       5.99525E-10
       8.92500E-06       8.95000E-06       8.93750E-06       2.49996E-08       1.12660E-11       4.50648E-04       4.02766E-09       6.10791E-10
       8.95000E-06       8.97500E-06       8.96250E-06       2.50006E-08       1.12981E-11       4.51912E-04       4.05026E-09       6.22089E-10
       8.97500E-06       9.00000E-06       8.98750E-06       2.49996E-08       1.13291E-11       4.53173E-04       4.07289E-09       6.33418E-10
       9.00000E-06       9.02500E-06       9.01250E-06       2.49996E-08       1.13612E-11       4.54454E-04       4.09576E-09       6.44780E-10
       9.02500E-06       9.05000E-06       9.03750E-06       2.50006E-08       1.13923E-11       4.55680E-04       4.11821E-09       6.56172E-10
       9.05000E-06       9.07500E-06       9.06250E-06       2.49996E-08       1.14243E-11       4.56979E-04       4.14137E-09       6.67596E-10
       9.07500E-06       9.10000E-06       9.08750E-06       2.50006E-08       1.14554E-11       4.58205E-04       4.16393E-09       6.79052E-10
       9.10000E-06       9.12500E-06       9.11250E-06       2.49996E-08       1.14865E-11       4.59466E-04       4.18688E-09       6.90538E-10
       9.12500E-06       9.15000E-06       9.13750E-06       2.49996E-08       1.15185E-11       4.60747E-04       4.21007E-09       7.02057E-10
       9.15000E-06       9.17500E-06       9.16250E-06       2.50006E-08       1.15496E-11       4.61973E-04       4.23283E-09       7.13606E-10
       9.17500E-06       9.20000E-06       9.18750E-06       2.49996E-08       1.15816E-11       4.63272E-04       4.25631E-09       7.25188E-10
       9.20000E-06       9.22500E-06       9.21250E-06       2.50006E-08       1.16127E-11       4.64497E-04       4.27918E-09       7.36801E-10
       9.22500E-06       9.25000E-06       9.23750E-06       2.49996E-08       1.16447E-11       4.65796E-04       4.30279E-09       7.48445E-10
       9.25000E-06       9.27500E-06       9.26250E-06       2.49996E-08       1.16758E-11       4.67040E-04       4.32596E-09       7.60121E-10
       9.27500E-06       9.30000E-06       9.28750E-06       2.50006E-08       1.17078E-11       4.68303E-04       4.34937E-09       7.71829E-10
       9.30000E-06       9.32500E-06       9.31250E-06       2.49996E-08       1.17389E-11       4.69565E-04       4.37282E-09       7.83568E-10
       9.32500E-06       9.35000E-06       9.33750E-06       2.50006E-08       1.17710E-11       4.70828E-04       4.39636E-09       7.95339E-10
       9.35000E-06       9.37500E-06       9.36250E-06       2.49996E-08       1.18021E-11       4.72089E-04       4.41994E-09       8.07141E-10
       9.37500E-06       9.40000E-06       9.38750E-06       2.49996E-08       1.18331E-11       4.73333E-04       4.44341E-09       8.18974E-10
       9.40000E-06       9.42500E-06       9.41250E-06       2.50006E-08       1.18652E-11       4.74596E-04       4.46713E-09       8.30839E-10
       9.42500E-06       9.45000E-06       9.43750E-06       2.49996E-08       1.18963E-11       4.75858E-04       4.49091E-09       8.42735E-10
       9.45000E-06       9.47500E-06       9.46250E-06       2.50006E-08       1.19283E-11       4.77121E-04       4.51475E-09       8.54664E-10
       9.47500E-06       9.50000E-06       9.48750E-06       2.49996E-08       1.19594E-11       4.78382E-04       4.53865E-09       8.66623E-10
       9.50000E-06       9.52500E-06       9.51250E-06       2.49996E-08       1.19914E-11       4.79664E-04       4.56280E-09       8.78615E-10
       9.52500E-06       9.55000E-06       9.53750E-06       2.50006E-08       1.20225E-11       4.80889E-04       4.58648E-09       8.90637E-10
       9.55000E-06       9.57500E-06       9.56250E-06       2.49996E-08       1.20545E-11       4.82188E-04       4.61093E-09       9.02692E-10
       9.57500E-06       9.60000E-06       9.58750E-06       2.50006E-08       1.20856E-11       4.83413E-04       4.63473E-09       9.14777E-10
       9.60000E-06       9.62500E-06       9.61250E-06       2.49996E-08       1.21176E-11       4.84713E-04       4.65930E-09       9.26895E-10
       9.62500E-06       9.65000E-06       9.63750E-06       2.49996E-08       1.21487E-11       4.85957E-04       4.68341E-09       9.39044E-10
       9.65000E-06       9.67500E-06       9.66250E-06       2.50006E-08       1.21798E-11       4.87182E-04       4.70739E-09       9.51223E-10
       9.67500E-06       9.70000E-06       9.68750E-06       2.49996E-08       1.22118E-11       4.88481E-04       4.73216E-09       9.63435E-10
       9.70000E-06       9.72500E-06       9.71250E-06       2.50006E-08       1.22429E-11       4.89706E-04       4.75627E-09       9.75678E-10
       9.72500E-06       9.75000E-06       9.73750E-06       2.49996E-08       1.22750E-11       4.91006E-04       4.78117E-09       9.87953E-10
       9.75000E-06       9.77500E-06       9.76250E-06       2.49996E-08       1.23061E-11       4.92250E-04       4.80559E-09       1.00026E-09
       9.77500E-06       9.80000E-06       9.78750E-06       2.50006E-08       1.23381E-11       4.93512E-04       4.83025E-09       1.01260E-09
       9.80000E-06       9.82500E-06       9.81250E-06       2.49996E-08       1.23692E-11       4.94774E-04       4.85497E-09       1.02497E-09
       9.82500E-06       9.85000E-06       9.83750E-06       2.50006E-08       1.24012E-11       4.96037E-04       4.87976E-09       1.03737E-09
       9.85000E-06       9.87500E-06       9.86250E-06       2.49996E-08       1.24323E-11       4.97299E-04       4.90461E-09       1.04980E-09
       9.87500E-06       9.90000E-06       9.88750E-06       2.49996E-08       1.24643E-11       4.98580E-04       4.92971E-09       1.06226E-09
       9.90000E-06       9.92500E-06       9.91250E-06       2.50006E-08       1.24954E-11       4.99805E-04       4.95431E-09       1.07476E-09
       9.92500E-06       9.95000E-06       9.93750E-06       2.49996E-08       1.25265E-11       5.01067E-04       4.97936E-09       1.08729E-09
       9.95000E-06       9.97500E-06       9.96250E-06       2.50006E-08       1.25585E-11       5.02329E-04       5.00446E-09       1.09984E-09
       9.97500E-06       1.00000E-05       9.98750E-06       2.49996E-08       1.25896E-11       5.03592E-04       5.02963E-09       1.11243E-09
       1.00000E-05       1.04713E-05       1.02356E-05       4.71300E-07       2.43238E-10       5.16101E-04       5.28263E-09       1.35567E-09
       1.04713E-05       1.09648E-05       1.07180E-05       4.93500E-07       2.66695E-10       5.40417E-04       5.79221E-09       1.62237E-09
       1.09648E-05       1.14815E-05       1.12232E-05       5.16700E-07       2.92432E-10       5.65962E-04       6.35188E-09       1.91480E-09
       1.14815E-05       1.20226E-05       1.17521E-05       5.41101E-07       3.20638E-10       5.92566E-04       6.96386E-09       2.23544E-09
       1.20226E-05       1.25892E-05       1.23059E-05       5.66600E-07       3.51584E-10       6.20515E-04       7.63600E-09       2.58702E-09
       1.25892E-05       1.31826E-05       1.28859E-05       5.93400E-07       3.85507E-10       6.49658E-04       8.37143E-09       2.97253E-09
       1.31826E-05       1.38038E-05       1.34932E-05       6.21200E-07       4.22690E-10       6.80442E-04       9.18134E-09       3.39522E-09
       1.38038E-05       1.44544E-05       1.41291E-05       6.50600E-07       4.63481E-10       7.12390E-04       1.00654E-08       3.85870E-09
       1.44544E-05       1.51356E-05       1.47950E-05       6.81200E-07       5.08182E-10       7.46009E-04       1.10372E-08       4.36688E-09
       1.51356E-05       1.58489E-05       1.54922E-05       7.13300E-07       5.57216E-10       7.81180E-04       1.21022E-08       4.92410E-09
       1.58489E-05       1.65959E-05       1.62224E-05       7.47000E-07       6.10979E-10       8.17910E-04       1.32685E-08       5.53508E-09
       1.65959E-05       1.73780E-05       1.69869E-05       7.82101E-07       6.69923E-10       8.56569E-04       1.45505E-08       6.20500E-09
       1.73780E-05       1.81970E-05       1.77875E-05       8.19000E-07       7.34557E-10       8.96895E-04       1.59535E-08       6.93956E-09
       1.81970E-05       1.90546E-05       1.86258E-05       8.57599E-07       8.05428E-10       9.39166E-04       1.74927E-08       7.74498E-09
       1.90546E-05       1.99526E-05       1.95036E-05       8.98001E-07       8.83129E-10       9.83439E-04       1.91806E-08       8.62811E-09
       1.99526E-05       2.08930E-05       2.04228E-05       9.40399E-07       9.68337E-10       1.02971E-03       2.10295E-08       9.59645E-09
       2.08930E-05       2.18776E-05       2.13853E-05       9.84600E-07       1.06179E-09       1.07840E-03       2.30618E-08       1.06582E-08
       2.18776E-05       2.29087E-05       2.23932E-05       1.03110E-06       1.16419E-09       1.12907E-03       2.52835E-08       1.18224E-08
       2.29087E-05       2.39883E-05       2.34485E-05       1.07960E-06       1.27648E-09       1.18237E-03       2.77247E-08       1.30989E-08
       2.39883E-05       2.51189E-05       2.45536E-05       1.13060E-06       1.39970E-09       1.23802E-03       3.03978E-08       1.44986E-08
       2.51189E-05       2.63027E-05       2.57108E-05       1.18380E-06       1.53470E-09       1.29642E-03       3.33320E-08       1.60333E-08
       2.63027E-05       2.75423E-05       2.69225E-05       1.23960E-06       1.68279E-09       1.35753E-03       3.65481E-08       1.77161E-08
       2.75423E-05       2.88403E-05       2.81913E-05       1.29800E-06       1.84511E-09       1.42150E-03       4.00739E-08       1.95612E-08
       2.88403E-05       3.01995E-05       2.95199E-05       1.35920E-06       2.02316E-09       1.48849E-03       4.39401E-08       2.15844E-08
       3.01995E-05       3.16228E-05       3.09111E-05       1.42330E-06       2.21835E-09       1.55859E-03       4.81779E-08       2.38027E-08
       3.16228E-05       3.31131E-05       3.23679E-05       1.49030E-06       2.43229E-09       1.63208E-03       5.28272E-08       2.62350E-08
       3.31131E-05       3.46737E-05       3.38934E-05       1.56060E-06       2.66705E-09       1.70899E-03       5.79235E-08       2.89021E-08
       3.46737E-05       3.63078E-05       3.54907E-05       1.63410E-06       2.92432E-09       1.78956E-03       6.35128E-08       3.18264E-08
       3.63078E-05       3.80189E-05       3.71634E-05       1.71110E-06       3.20647E-09       1.87392E-03       6.96412E-08       3.50329E-08
       3.80189E-05       3.98107E-05       3.89148E-05       1.79180E-06       3.51584E-09       1.96219E-03       7.63581E-08       3.85487E-08
       3.98107E-05       4.16869E-05       4.07488E-05       1.87620E-06       3.81306E-09       2.03233E-03       8.28149E-08       4.23617E-08
       4.16869E-05       4.36516E-05       4.26692E-05       1.96470E-06       4.07909E-09       2.07619E-03       8.85896E-08       4.64408E-08
       4.36516E-05       4.57088E-05       4.46802E-05       2.05720E-06       4.36510E-09       2.12186E-03       9.48053E-08       5.08059E-08
       4.57088E-05       4.78630E-05       4.67859E-05       2.15420E-06       4.67362E-09       2.16954E-03       1.01504E-07       5.54796E-08
       4.78630E-05       5.01187E-05       4.89908E-05       2.25570E-06       5.00664E-09       2.21955E-03       1.08738E-07       6.04862E-08
       5.01187E-05       5.24808E-05       5.12998E-05       2.36210E-06       5.36632E-09       2.27184E-03       1.16545E-07       6.58525E-08
       5.24808E-05       5.49541E-05       5.37174E-05       2.47330E-06       5.75473E-09       2.32674E-03       1.24986E-07       7.16073E-08
       5.49541E-05       5.75440E-05       5.62490E-05       2.58990E-06       6.17450E-09       2.38407E-03       1.34102E-07       7.77818E-08
       5.75440E-05       6.02560E-05       5.89000E-05       2.71200E-06       6.62820E-09       2.44402E-03       1.43953E-07       8.44100E-08
       6.02560E-05       6.30957E-05       6.16758E-05       2.83970E-06       7.10205E-09       2.50099E-03       1.54251E-07       9.15120E-08
       6.30957E-05       6.60693E-05       6.45825E-05       2.97360E-06       7.60190E-09       2.55647E-03       1.65103E-07       9.91139E-08
       6.60693E-05       6.91831E-05       6.76262E-05       3.11380E-06       8.14133E-09       2.61459E-03       1.76815E-07       1.07255E-07
       6.91831E-05       7.24436E-05       7.08134E-05       3.26051E-06       8.72361E-09       2.67554E-03       1.89464E-07       1.15979E-07
       7.24436E-05       7.58578E-05       7.41507E-05       3.41420E-06       9.35252E-09       2.73930E-03       2.03121E-07       1.25331E-07
       7.58578E-05       7.94328E-05       7.76453E-05       3.57500E-06       1.00320E-08       2.80616E-03       2.17885E-07       1.35363E-07
       7.94328E-05       8.31764E-05       8.13046E-05       3.74360E-06       1.07501E-08       2.87158E-03       2.33473E-07       1.46113E-07
       8.31764E-05       8.70964E-05       8.51364E-05       3.92000E-06       1.14981E-08       2.93318E-03       2.49720E-07       1.57612E-07
       8.70964E-05       9.12011E-05       8.91488E-05       4.10471E-06       1.23040E-08       2.99753E-03       2.67226E-07       1.69915E-07
       9.12011E-05       9.54993E-05       9.33502E-05       4.29820E-06       1.31734E-08       3.06487E-03       2.86106E-07       1.83089E-07
       9.54993E-05       1.00000E-04       9.77497E-05       4.50070E-06       1.41117E-08       3.13544E-03       3.06488E-07       1.97201E-07
       1.00000E-04       1.04713E-04       1.02356E-04       4.71300E-06       1.51250E-08       3.20920E-03       3.28483E-07       2.12326E-07
       1.04713E-04       1.09648E-04       1.07181E-04       4.93501E-06       1.62191E-08       3.28653E-03       3.52252E-07       2.28545E-07
       1.09648E-04       1.14815E-04       1.12232E-04       5.16700E-06       1.74023E-08       3.36797E-03       3.77992E-07       2.45947E-07
       1.14815E-04       1.20226E-04       1.17520E-04       5.41100E-06       1.86804E-08       3.45230E-03       4.05716E-07       2.64627E-07
       1.20226E-04       1.25892E-04       1.23059E-04       5.66600E-06       2.00192E-08       3.53322E-03       4.34794E-07       2.84646E-07
       1.25892E-04       1.31826E-04       1.28859E-04       5.93401E-06       2.14281E-08       3.61108E-03       4.65320E-07       3.06075E-07
       1.31826E-04       1.38038E-04       1.34932E-04       6.21199E-06       2.29476E-08       3.69408E-03       4.98450E-07       3.29022E-07
       1.38038E-04       1.44544E-04       1.41291E-04       6.50601E-06       2.45886E-08       3.77937E-03       5.33991E-07       3.53611E-07
       1.44544E-04       1.51356E-04       1.47950E-04       6.81200E-06       2.63603E-08       3.86968E-03       5.72520E-07       3.79971E-07
       1.51356E-04       1.58489E-04       1.54922E-04       7.13300E-06       2.82751E-08       3.96399E-03       6.14111E-07       4.08246E-07
       1.58489E-04       1.65959E-04       1.62224E-04       7.47000E-06       3.03036E-08       4.05671E-03       6.58095E-07       4.38550E-07
       1.65959E-04       1.73780E-04       1.69870E-04       7.82100E-06       3.24125E-08       4.14429E-03       7.03989E-07       4.70962E-07
       1.73780E-04       1.81970E-04       1.77875E-04       8.19000E-06       3.46835E-08       4.23486E-03       7.53276E-07       5.05646E-07
       1.81970E-04       1.90546E-04       1.86258E-04       8.57600E-06       3.71335E-08       4.32993E-03       8.06484E-07       5.42779E-07
       1.90546E-04       1.99526E-04       1.95036E-04       8.98000E-06       3.97772E-08       4.42953E-03       8.63919E-07       5.82557E-07
       1.99526E-04       2.08930E-04       2.04228E-04       9.40399E-06       4.26324E-08       4.53343E-03       9.25854E-07       6.25189E-07
       2.08930E-04       2.18776E-04       2.13853E-04       9.84601E-06       4.57166E-08       4.64316E-03       9.92953E-07       6.70906E-07
       2.18776E-04       2.29087E-04       2.23932E-04       1.03110E-05       4.90493E-08       4.75698E-03       1.06524E-06       7.19955E-07
       2.29087E-04       2.39883E-04       2.34485E-04       1.07960E-05       5.26523E-08       4.87703E-03       1.14359E-06       7.72607E-07
       2.39883E-04       2.51189E-04       2.45536E-04       1.13060E-05       5.64345E-08       4.99155E-03       1.22561E-06       8.29042E-07
       2.51189E-04       2.63027E-04       2.57108E-04       1.18380E-05       6.04053E-08       5.10265E-03       1.31193E-06       8.89447E-07
       2.63027E-04       2.75423E-04       2.69225E-04       1.23960E-05       6.46885E-08       5.21850E-03       1.40495E-06       9.54135E-07
       2.75423E-04       2.88403E-04       2.81913E-04       1.29800E-05       6.93122E-08       5.33992E-03       1.50539E-06       1.02345E-06
       2.88403E-04       3.01995E-04       2.95199E-04       1.35920E-05       7.43056E-08       5.46687E-03       1.61382E-06       1.09775E-06
       3.01995E-04       3.16228E-04       3.09111E-04       1.42330E-05       7.97013E-08       5.59976E-03       1.73095E-06       1.17745E-06
       3.16228E-04       3.31131E-04       3.23680E-04       1.49030E-05       8.54820E-08       5.73589E-03       1.85659E-06       1.26294E-06
       3.31131E-04       3.46737E-04       3.38934E-04       1.56060E-05       9.16102E-08       5.87020E-03       1.98961E-06       1.35455E-06
       3.46737E-04       3.63078E-04       3.54908E-04       1.63410E-05       9.82223E-08       6.01079E-03       2.13327E-06       1.45277E-06
       3.63078E-04       3.80189E-04       3.71634E-04       1.71110E-05       1.05369E-07       6.15796E-03       2.28850E-06       1.55814E-06
       3.80189E-04       3.98107E-04       3.89148E-04       1.79180E-05       1.13095E-07       6.31178E-03       2.45622E-06       1.67123E-06
       3.98107E-04       4.16869E-04       4.07488E-04       1.87620E-05       1.21450E-07       6.47317E-03       2.63774E-06       1.79268E-06
       4.16869E-04       4.36516E-04       4.26692E-04       1.96470E-05       1.30491E-07       6.64180E-03       2.83401E-06       1.92317E-06
       4.36516E-04       4.57088E-04       4.46802E-04       2.05720E-05       1.40279E-07       6.81894E-03       3.04672E-06       2.06345E-06
       4.57088E-04       4.78630E-04       4.67859E-04       2.15420E-05       1.50879E-07       7.00397E-03       3.27687E-06       2.21433E-06
       4.78630E-04       5.01187E-04       4.89909E-04       2.25570E-05       1.62081E-07       7.18541E-03       3.52019E-06       2.37641E-06
       5.01187E-04       5.24808E-04       5.12998E-04       2.36210E-05       1.73868E-07       7.36076E-03       3.77605E-06       2.55028E-06
       5.24808E-04       5.49541E-04       5.37175E-04       2.47330E-05       1.86607E-07       7.54484E-03       4.05290E-06       2.73689E-06
       5.49541E-04       5.75440E-04       5.62491E-04       2.58990E-05       2.00385E-07       7.73718E-03       4.35209E-06       2.93727E-06
       5.75440E-04       6.02560E-04       5.89000E-04       2.71200E-05       2.15294E-07       7.93858E-03       4.67582E-06       3.15257E-06
       6.02560E-04       6.30957E-04       6.16758E-04       2.83970E-05       2.31432E-07       8.14987E-03       5.02650E-06       3.38400E-06
       6.30957E-04       6.60693E-04       6.45825E-04       2.97360E-05       2.48625E-07       8.36107E-03       5.39979E-06       3.63262E-06
       6.60693E-04       6.91831E-04       6.76262E-04       3.11380E-05       2.66436E-07       8.55663E-03       5.78653E-06       3.89906E-06
       6.91831E-04       7.24436E-04       7.08133E-04       3.26050E-05       2.85619E-07       8.75997E-03       6.20322E-06       4.18468E-06
       7.24436E-04       7.58578E-04       7.41507E-04       3.41420E-05       3.06346E-07       8.97268E-03       6.65331E-06       4.49102E-06
       7.58578E-04       7.94328E-04       7.76453E-04       3.57500E-05       3.28750E-07       9.19579E-03       7.14010E-06       4.81977E-06
       7.94328E-04       8.31764E-04       8.13046E-04       3.74360E-05       3.52979E-07       9.42888E-03       7.66611E-06       5.17275E-06
       8.31764E-04       8.70964E-04       8.51364E-04       3.92000E-05       3.79192E-07       9.67326E-03       8.23546E-06       5.55195E-06
       8.70964E-04       9.12011E-04       8.91487E-04       4.10470E-05       4.07565E-07       9.92922E-03       8.85177E-06       5.95951E-06
       9.12011E-04       9.54993E-04       9.33502E-04       4.29820E-05       4.38289E-07       1.01970E-02       9.51895E-06       6.39780E-06
       9.54993E-04       1.00000E-03       9.77497E-04       4.50070E-05       4.70722E-07       1.04589E-02       1.02235E-05       6.86852E-06
       1.00000E-03       1.04713E-03       1.02356E-03       4.71300E-05       5.04604E-07       1.07066E-02       1.09589E-05       7.37312E-06
       1.04713E-03       1.09648E-03       1.07180E-03       4.93500E-05       5.41174E-07       1.09660E-02       1.17535E-05       7.91430E-06
       1.09648E-03       1.14815E-03       1.12231E-03       5.16700E-05       5.80729E-07       1.12392E-02       1.26139E-05       8.49503E-06
       1.14815E-03       1.20226E-03       1.17520E-03       5.41100E-05       6.23472E-07       1.15223E-02       1.35411E-05       9.11850E-06
       1.20226E-03       1.25892E-03       1.23059E-03       5.66600E-05       6.69741E-07       1.18203E-02       1.45460E-05       9.78824E-06
       1.25892E-03       1.31826E-03       1.28859E-03       5.93400E-05       7.19125E-07       1.21187E-02       1.56161E-05       1.05074E-05
       1.31826E-03       1.38038E-03       1.34932E-03       6.21200E-05       7.70218E-07       1.23989E-02       1.67300E-05       1.12776E-05
       1.38038E-03       1.44544E-03       1.41291E-03       6.50599E-05       8.25197E-07       1.26836E-02       1.79208E-05       1.21028E-05
       1.44544E-03       1.51356E-03       1.47950E-03       6.81201E-05       8.84543E-07       1.29850E-02       1.92114E-05       1.29873E-05
       1.51356E-03       1.58489E-03       1.54923E-03       7.13300E-05       9.48677E-07       1.32998E-02       2.06044E-05       1.39360E-05
       1.58489E-03       1.65959E-03       1.62224E-03       7.47000E-05       1.01800E-06       1.36279E-02       2.21077E-05       1.49540E-05
       1.65959E-03       1.73780E-03       1.69870E-03       7.82101E-05       1.09296E-06       1.39747E-02       2.37387E-05       1.60470E-05
       1.73780E-03       1.81970E-03       1.77875E-03       8.18999E-05       1.17405E-06       1.43352E-02       2.54988E-05       1.72210E-05
       1.81970E-03       1.90546E-03       1.86258E-03       8.57600E-05       1.26182E-06       1.47134E-02       2.74050E-05       1.84828E-05
       1.90546E-03       1.99526E-03       1.95036E-03       8.98001E-05       1.35472E-06       1.50860E-02       2.94231E-05       1.98376E-05
       1.99526E-03       2.08930E-03       2.04228E-03       9.40400E-05       1.45156E-06       1.54356E-02       3.15238E-05       2.12891E-05
       2.08930E-03       2.18776E-03       2.13853E-03       9.84600E-05       1.55605E-06       1.58039E-02       3.37970E-05       2.28452E-05
       2.18776E-03       2.29087E-03       2.23932E-03       1.03110E-04       1.66892E-06       1.61858E-02       3.62452E-05       2.45141E-05
       2.29087E-03       2.39883E-03       2.34485E-03       1.07960E-04       1.79095E-06       1.65890E-02       3.88987E-05       2.63050E-05
       2.39883E-03       2.51189E-03       2.45536E-03       1.13060E-04       1.92290E-06       1.70078E-02       4.17603E-05       2.82280E-05
       2.51189E-03       2.63027E-03       2.57108E-03       1.18380E-04       2.06402E-06       1.74355E-02       4.48282E-05       3.02920E-05
       2.63027E-03       2.75423E-03       2.69225E-03       1.23960E-04       2.20999E-06       1.78283E-02       4.79982E-05       3.25020E-05
       2.75423E-03       2.88403E-03       2.81913E-03       1.29800E-04       2.36677E-06       1.82340E-02       5.14039E-05       3.48687E-05
       2.88403E-03       3.01995E-03       2.95199E-03       1.35920E-04       2.53601E-06       1.86581E-02       5.50786E-05       3.74047E-05
       3.01995E-03       3.16228E-03       3.09112E-03       1.42330E-04       2.71881E-06       1.91021E-02       5.90468E-05       4.01236E-05
       3.16228E-03       3.31131E-03       3.23679E-03       1.49030E-04       2.91630E-06       1.95685E-02       6.33393E-05       4.30399E-05
       3.31131E-03       3.46737E-03       3.38934E-03       1.56060E-04       3.12983E-06       2.00553E-02       6.79743E-05       4.61697E-05
       3.46737E-03       3.63078E-03       3.54907E-03       1.63410E-04       3.36073E-06       2.05663E-02       7.29912E-05       4.95304E-05
       3.63078E-03       3.80189E-03       3.71633E-03       1.71110E-04       3.61056E-06       2.11009E-02       7.84178E-05       5.31410E-05
       3.80189E-03       3.98107E-03       3.89148E-03       1.79180E-04       3.87185E-06       2.16087E-02       8.40899E-05       5.70128E-05
       3.98107E-03       4.16869E-03       4.07488E-03       1.87620E-04       4.13533E-06       2.20410E-02       8.98145E-05       6.11482E-05
       4.16869E-03       4.36516E-03       4.26693E-03       1.96470E-04       4.41834E-06       2.24886E-02       9.59571E-05       6.55665E-05
       4.36516E-03       4.57088E-03       4.46802E-03       2.05720E-04       4.72320E-06       2.29594E-02       1.02583E-04       7.02897E-05
       4.57088E-03       4.78630E-03       4.67859E-03       2.15420E-04       5.05174E-06       2.34506E-02       1.09716E-04       7.53414E-05
       4.78630E-03       5.01187E-03       4.89909E-03       2.25570E-04       5.40597E-06       2.39658E-02       1.17410E-04       8.07474E-05
       5.01187E-03       5.24807E-03       5.12997E-03       2.36200E-04       5.78468E-06       2.44906E-02       1.25636E-04       8.65321E-05
       5.24807E-03       5.49541E-03       5.37174E-03       2.47340E-04       6.17659E-06       2.49720E-02       1.34143E-04       9.27087E-05
       5.49541E-03       5.75440E-03       5.62491E-03       2.58990E-04       6.59606E-06       2.54684E-02       1.43258E-04       9.93048E-05
       5.75440E-03       6.02560E-03       5.89000E-03       2.71200E-04       7.04775E-06       2.59873E-02       1.53065E-04       1.06353E-04
       6.02560E-03       6.30957E-03       6.16759E-03       2.83970E-04       7.53425E-06       2.65319E-02       1.63638E-04       1.13887E-04
       6.30957E-03       6.60693E-03       6.45825E-03       2.97360E-04       8.05860E-06       2.71005E-02       1.75022E-04       1.21945E-04
       6.60693E-03       6.91831E-03       6.76262E-03       3.11380E-04       8.62402E-06       2.76961E-02       1.87298E-04       1.30569E-04
       6.91831E-03       7.24436E-03       7.08133E-03       3.26050E-04       9.23393E-06       2.83206E-02       2.00548E-04       1.39803E-04
       7.24436E-03       7.58578E-03       7.41507E-03       3.41420E-04       9.89223E-06       2.89738E-02       2.14843E-04       1.49696E-04
       7.58578E-03       7.94328E-03       7.76453E-03       3.57500E-04       1.05917E-05       2.96271E-02       2.30041E-04       1.60287E-04
       7.94328E-03       8.31764E-03       8.13046E-03       3.74360E-04       1.13189E-05       3.02353E-02       2.45827E-04       1.71606E-04
       8.31764E-03       8.70964E-03       8.51364E-03       3.92000E-04       1.21008E-05       3.08693E-02       2.62810E-04       1.83707E-04
       8.70964E-03       9.12011E-03       8.91487E-03       4.10471E-04       1.29434E-05       3.15332E-02       2.81114E-04       1.96650E-04
       9.12011E-03       9.54993E-03       9.33502E-03       4.29819E-04       1.38522E-05       3.22278E-02       3.00848E-04       2.10502E-04
       9.54993E-03       1.00000E-02       9.77496E-03       4.50070E-04       1.48325E-05       3.29559E-02       3.22142E-04       2.25335E-04
       1.00000E-02       1.04713E-02       1.02357E-02       4.71300E-04       1.58824E-05       3.36991E-02       3.44932E-04       2.41217E-04
       1.04713E-02       1.09648E-02       1.07180E-02       4.93500E-04       1.69671E-05       3.43811E-02       3.68498E-04       2.58184E-04
       1.09648E-02       1.14815E-02       1.12232E-02       5.16700E-04       1.81275E-05       3.50832E-02       3.93744E-04       2.76312E-04
       1.14815E-02       1.20226E-02       1.17521E-02       5.41100E-04       1.93764E-05       3.58092E-02       4.20832E-04       2.95688E-04
       1.20226E-02       1.25892E-02       1.23059E-02       5.66601E-04       2.07231E-05       3.65745E-02       4.50082E-04       3.16411E-04
       1.25892E-02       1.31826E-02       1.28859E-02       5.93399E-04       2.21751E-05       3.73696E-02       4.81541E-04       3.38586E-04
       1.31826E-02       1.38038E-02       1.34932E-02       6.21200E-04       2.37406E-05       3.82173E-02       5.15674E-04       3.62327E-04
       1.38038E-02       1.44544E-02       1.41291E-02       6.50601E-04       2.54310E-05       3.90885E-02       5.52286E-04       3.87758E-04
       1.44544E-02       1.51356E-02       1.47950E-02       6.81199E-04       2.72554E-05       4.00109E-02       5.91962E-04       4.15013E-04
       1.51356E-02       1.58489E-02       1.54923E-02       7.13301E-04       2.91922E-05       4.09255E-02       6.34028E-04       4.44206E-04
       1.58489E-02       1.65959E-02       1.62224E-02       7.47000E-04       3.11825E-05       4.17436E-02       6.77181E-04       4.75388E-04
       1.65959E-02       1.73780E-02       1.69870E-02       7.82100E-04       3.33182E-05       4.26010E-02       7.23660E-04       5.08706E-04
       1.73780E-02       1.81970E-02       1.77875E-02       8.19000E-04       3.56189E-05       4.34907E-02       7.73591E-04       5.44325E-04
       1.81970E-02       1.90546E-02       1.86258E-02       8.57600E-04       3.80986E-05       4.44247E-02       8.27446E-04       5.82424E-04
       1.90546E-02       1.99526E-02       1.95036E-02       8.98000E-04       4.07721E-05       4.54032E-02       8.85526E-04       6.23196E-04
       1.99526E-02       2.08930E-02       2.04228E-02       9.40400E-04       4.36323E-05       4.63975E-02       9.47568E-04       6.66828E-04
       2.08930E-02       2.18776E-02       2.13853E-02       9.84600E-04       4.65411E-05       4.72690E-02       1.01086E-03       7.13369E-04
       2.18776E-02       2.29087E-02       2.23931E-02       1.03110E-03       4.96305E-05       4.81336E-02       1.07786E-03       7.63000E-04
       2.29087E-02       2.39883E-02       2.34485E-02       1.07960E-03       5.29521E-05       4.90478E-02       1.15010E-03       8.15952E-04
       2.39883E-02       2.51189E-02       2.45536E-02       1.13060E-03       5.65251E-05       4.99957E-02       1.22757E-03       8.72477E-04
       2.51189E-02       2.63027E-02       2.57108E-02       1.18380E-03       6.03711E-05       5.09977E-02       1.31119E-03       9.32848E-04
       2.63027E-02       2.75423E-02       2.69225E-02       1.23960E-03       6.45117E-05       5.20423E-02       1.40111E-03       9.97360E-04
       2.75423E-02       2.88403E-02       2.81913E-02       1.29800E-03       6.89725E-05       5.31375E-02       1.49802E-03       1.06633E-03
       2.88403E-02       3.01995E-02       2.95199E-02       1.35920E-03       7.37804E-05       5.42822E-02       1.60241E-03       1.14011E-03
       3.01995E-02       3.16228E-02       3.09112E-02       1.42330E-03       7.89040E-05       5.54373E-02       1.71363E-03       1.21902E-03
       3.16228E-02       3.31131E-02       3.23680E-02       1.49030E-03       8.42142E-05       5.65082E-02       1.82905E-03       1.30323E-03
       3.31131E-02       3.46737E-02       3.38934E-02       1.56060E-03       8.99088E-05       5.76118E-02       1.95266E-03       1.39314E-03
       3.46737E-02       3.63078E-02       3.54908E-02       1.63410E-03       9.60368E-05       5.87704E-02       2.08580E-03       1.48918E-03
       3.63078E-02       3.80189E-02       3.71633E-02       1.71110E-03       1.02637E-04       5.99830E-02       2.22917E-03       1.59181E-03
       3.80189E-02       3.98107E-02       3.89148E-02       1.79180E-03       1.09748E-04       6.12503E-02       2.38354E-03       1.70156E-03
       3.98107E-02       4.16869E-02       4.07488E-02       1.87620E-03       1.17344E-04       6.25435E-02       2.54857E-03       1.81891E-03
       4.16869E-02       4.36516E-02       4.26693E-02       1.96470E-03       1.24916E-04       6.35803E-02       2.71292E-03       1.94382E-03
       4.36516E-02       4.57088E-02       4.46802E-02       2.05720E-03       1.32882E-04       6.45938E-02       2.88607E-03       2.07670E-03
       4.57088E-02       4.78630E-02       4.67859E-02       2.15420E-03       1.41423E-04       6.56499E-02       3.07149E-03       2.21813E-03
       4.78630E-02       5.01187E-02       4.89908E-02       2.25570E-03       1.50586E-04       6.67582E-02       3.27054E-03       2.36871E-03
       5.01187E-02       5.24808E-02       5.12998E-02       2.36210E-03       1.60423E-04       6.79155E-02       3.48405E-03       2.52914E-03
       5.24808E-02       5.49541E-02       5.37174E-02       2.47330E-03       1.70988E-04       6.91333E-02       3.71367E-03       2.70012E-03
       5.49541E-02       5.75440E-02       5.62491E-02       2.58990E-03       1.82339E-04       7.04040E-02       3.96016E-03       2.88246E-03
       5.75440E-02       6.02560E-02       5.89000E-02       2.71200E-03       1.94545E-04       7.17347E-02       4.22517E-03       3.07701E-03
       6.02560E-02       6.30957E-02       6.16758E-02       2.83970E-03       2.07521E-04       7.30786E-02       4.50719E-03       3.28453E-03
       6.30957E-02       6.60693E-02       6.45825E-02       2.97360E-03       2.20854E-04       7.42717E-02       4.79665E-03       3.50538E-03
       6.60693E-02       6.91831E-02       6.76262E-02       3.11380E-03       2.35082E-04       7.54967E-02       5.10556E-03       3.74047E-03
       6.91831E-02       7.24436E-02       7.08134E-02       3.26050E-03       2.50348E-04       7.67821E-02       5.43720E-03       3.99081E-03
       7.24436E-02       7.58578E-02       7.41507E-02       3.41420E-03       2.66737E-04       7.81259E-02       5.79309E-03       4.25755E-03
       7.58578E-02       7.94328E-02       7.76453E-02       3.57500E-03       2.84341E-04       7.95360E-02       6.17560E-03       4.54189E-03
       7.94328E-02       8.31764E-02       8.13046E-02       3.74360E-03       3.03209E-04       8.09938E-02       6.58517E-03       4.84510E-03
       8.31764E-02       8.70964E-02       8.51364E-02       3.92000E-03       3.22877E-04       8.23665E-02       7.01239E-03       5.16798E-03
       8.70964E-02       9.12011E-02       8.91488E-02       4.10470E-03       3.43800E-04       8.37575E-02       7.46688E-03       5.51178E-03
       9.12011E-02       9.54993E-02       9.33502E-02       4.29820E-03       3.66261E-04       8.52128E-02       7.95463E-03       5.87804E-03
       9.54993E-02       1.00000E-01       9.77497E-02       4.50070E-03       3.90382E-04       8.67381E-02       8.47862E-03       6.26842E-03
       1.00000E-01       1.04713E-01       1.02357E-01       4.71300E-03       4.16606E-04       8.83950E-02       9.04780E-03       6.68503E-03
       1.04713E-01       1.09648E-01       1.07180E-01       4.93500E-03       4.46538E-04       9.04839E-02       9.69811E-03       7.13156E-03
       1.09648E-01       1.14815E-01       1.12231E-01       5.16700E-03       4.79744E-04       9.28477E-02       1.04204E-02       7.61131E-03
       1.14815E-01       1.20226E-01       1.17520E-01       5.41100E-03       5.19779E-04       9.60597E-02       1.12890E-02       8.13109E-03
       1.20226E-01       1.25892E-01       1.23059E-01       5.66600E-03       5.64061E-04       9.95520E-02       1.22508E-02       8.69515E-03
       1.25892E-01       1.31826E-01       1.28859E-01       5.93400E-03       6.10848E-04       1.02940E-01       1.32648E-02       9.30600E-03
       1.31826E-01       1.38038E-01       1.34932E-01       6.21200E-03       6.61540E-04       1.06494E-01       1.43694E-02       9.96754E-03
       1.38038E-01       1.44544E-01       1.41291E-01       6.50600E-03       7.16761E-04       1.10169E-01       1.55659E-02       1.06843E-02
       1.44544E-01       1.51356E-01       1.47950E-01       6.81200E-03       7.76880E-04       1.14046E-01       1.68731E-02       1.14612E-02
       1.51356E-01       1.58489E-01       1.54923E-01       7.13300E-03       8.42392E-04       1.18098E-01       1.82960E-02       1.23036E-02
       1.58489E-01       1.65959E-01       1.62224E-01       7.47000E-03       9.13571E-04       1.22299E-01       1.98398E-02       1.32171E-02
       1.65959E-01       1.73780E-01       1.69869E-01       7.82100E-03       9.88120E-04       1.26342E-01       2.14616E-02       1.42053E-02
       1.73780E-01       1.81970E-01       1.77875E-01       8.19000E-03       1.06810E-03       1.30415E-01       2.31976E-02       1.52734E-02
       1.81970E-01       1.90546E-01       1.86258E-01       8.57600E-03       1.15508E-03       1.34688E-01       2.50866E-02       1.64284E-02
       1.90546E-01       1.99526E-01       1.95036E-01       8.98000E-03       1.24968E-03       1.39163E-01       2.71418E-02       1.76781E-02
       1.99526E-01       2.08930E-01       2.04228E-01       9.40400E-03       1.35221E-03       1.43790E-01       2.93660E-02       1.90303E-02
       2.08930E-01       2.18776E-01       2.13853E-01       9.84600E-03       1.46067E-03       1.48352E-01       3.17255E-02       2.04910E-02
       2.18776E-01       2.29087E-01       2.23931E-01       1.03110E-02       1.57778E-03       1.53019E-01       3.42658E-02       2.20688E-02
       2.29087E-01       2.39883E-01       2.34485E-01       1.07960E-02       1.72236E-03       1.59537E-01       3.74089E-02       2.37911E-02
       2.39883E-01       2.51189E-01       2.45536E-01       1.13060E-02       2.03530E-03       1.80019E-01       4.42012E-02       2.58264E-02
       2.51189E-01       2.63027E-01       2.57108E-01       1.18380E-02       2.44300E-03       2.06369E-01       5.30592E-02       2.82694E-02
       2.63027E-01       2.75423E-01       2.69225E-01       1.23960E-02       2.90371E-03       2.34246E-01       6.30649E-02       3.11732E-02
       2.75423E-01       2.88403E-01       2.81913E-01       1.29800E-02       3.41904E-03       2.63409E-01       7.42583E-02       3.45922E-02
       2.88403E-01       3.01995E-01       2.95199E-01       1.35920E-02       3.97717E-03       2.92611E-01       8.63786E-02       3.85694E-02
       3.01995E-01       3.16228E-01       3.09112E-01       1.42330E-02       4.58872E-03       3.22400E-01       9.96575E-02       4.31581E-02
       3.16228E-01       3.31131E-01       3.23680E-01       1.49030E-02       5.26842E-03       3.53514E-01       1.14425E-01       4.84265E-02
       3.31131E-01       3.46737E-01       3.38934E-01       1.56060E-02       5.99439E-03       3.84108E-01       1.30187E-01       5.44209E-02
       3.46737E-01       3.63078E-01       3.54908E-01       1.63410E-02       6.78705E-03       4.15339E-01       1.47407E-01       6.12079E-02
       3.63078E-01       3.80189E-01       3.71633E-01       1.71110E-02       7.66629E-03       4.48033E-01       1.66504E-01       6.88742E-02
       3.80189E-01       3.98107E-01       3.89148E-01       1.79180E-02       8.64099E-03       4.82252E-01       1.87667E-01       7.75152E-02
       3.98107E-01       4.16869E-01       4.07488E-01       1.87620E-02       9.70457E-03       5.17246E-01       2.10772E-01       8.72198E-02
       4.16869E-01       4.36516E-01       4.26692E-01       1.96470E-02       1.08341E-02       5.51437E-01       2.35294E-01       9.80539E-02
       4.36516E-01       4.57088E-01       4.46802E-01       2.05720E-02       1.20784E-02       5.87126E-01       2.62329E-01       1.10132E-01
       4.57088E-01       4.78630E-01       4.67859E-01       2.15420E-02       1.34519E-02       6.24449E-01       2.92154E-01       1.23584E-01
       4.78630E-01       5.01187E-01       4.89909E-01       2.25570E-02       1.49234E-02       6.61585E-01       3.24116E-01       1.38507E-01
       5.01187E-01       5.24808E-01       5.12998E-01       2.36210E-02       1.64885E-02       6.98044E-01       3.58095E-01       1.54996E-01
       5.24808E-01       5.49541E-01       5.37174E-01       2.47330E-02       1.82098E-02       7.36256E-01       3.95498E-01       1.73206E-01
       5.49541E-01       5.75440E-01       5.62490E-01       2.58990E-02       2.01032E-02       7.76217E-01       4.36615E-01       1.93309E-01
       5.75440E-01       6.02560E-01       5.89000E-01       2.71200E-02       2.21860E-02       8.18069E-01       4.81843E-01       2.15495E-01
       6.02560E-01       6.30957E-01       6.16758E-01       2.83970E-02       2.44763E-02       8.61931E-01       5.31603E-01       2.39971E-01
       6.30957E-01       6.60693E-01       6.45825E-01       2.97360E-02       2.70021E-02       9.08061E-01       5.86448E-01       2.66973E-01
       6.60693E-01       6.91831E-01       6.76262E-01       3.11380E-02       2.97887E-02       9.56667E-01       6.46957E-01       2.96762E-01
       6.91831E-01       7.24436E-01       7.08133E-01       3.26050E-02       3.30682E-02       1.01421E+00       7.18193E-01       3.29830E-01
       7.24436E-01       7.58578E-01       7.41507E-01       3.41420E-02       4.70987E-02       1.37949E+00       1.02290E+00       3.76929E-01
       7.58578E-01       7.94328E-01       7.76453E-01       3.57500E-02       3.81790E-02       1.06794E+00       8.29208E-01       4.15108E-01
       7.94328E-01       8.31764E-01       8.13046E-01       3.74360E-02       3.66075E-02       9.77868E-01       7.95052E-01       4.51715E-01
       8.31764E-01       8.70964E-01       8.51364E-01       3.92000E-02       3.60726E-02       9.20219E-01       7.83441E-01       4.87788E-01
       8.70964E-01       9.12011E-01       8.91487E-01       4.10470E-02       3.55992E-02       8.67279E-01       7.73168E-01       5.23387E-01
       9.12011E-01       9.54993E-01       9.33502E-01       4.29820E-02       3.50508E-02       8.15477E-01       7.61249E-01       5.58438E-01
       9.54993E-01       1.00000E+00       9.77497E-01       4.50070E-02       3.44361E-02       7.65128E-01       7.47910E-01       5.92874E-01
       1.00000E+00       1.04713E+00       1.02357E+00       4.71300E-02       3.36204E-02       7.13355E-01       7.30165E-01       6.26495E-01
       1.04713E+00       1.09648E+00       1.07181E+00       4.93500E-02       3.25297E-02       6.59163E-01       7.06494E-01       6.59024E-01
       1.09648E+00       1.14815E+00       1.12231E+00       5.16700E-02       3.11312E-02       6.02501E-01       6.76196E-01       6.90156E-01
       1.14815E+00       1.20226E+00       1.17520E+00       5.41100E-02       2.93823E-02       5.43010E-01       6.38148E-01       7.19538E-01
       1.20226E+00       1.25892E+00       1.23059E+00       5.66600E-02       2.72575E-02       4.81071E-01       5.92001E-01       7.46795E-01
       1.25892E+00       1.31826E+00       1.28859E+00       5.93400E-02       2.49434E-02       4.20348E-01       5.41656E-01       7.71739E-01
       1.31826E+00       1.38038E+00       1.34932E+00       6.21200E-02       2.22711E-02       3.58517E-01       4.83755E-01       7.94010E-01
       1.38038E+00       1.44544E+00       1.41291E+00       6.50600E-02       1.91718E-02       2.94679E-01       4.16355E-01       8.13182E-01
       1.44544E+00       1.51356E+00       1.47950E+00       6.81200E-02       1.56877E-02       2.30294E-01       3.40720E-01       8.28869E-01
       1.51356E+00       1.58489E+00       1.54923E+00       7.13300E-02       1.21981E-02       1.71009E-01       2.64932E-01       8.41067E-01
       1.58489E+00       1.65959E+00       1.62224E+00       7.47000E-02       1.14256E-02       1.52953E-01       2.48127E-01       8.52493E-01
       1.65959E+00       1.73780E+00       1.69869E+00       7.82100E-02       1.10649E-02       1.41477E-01       2.40326E-01       8.63558E-01
       1.73780E+00       1.81970E+00       1.77875E+00       8.19000E-02       1.06006E-02       1.29433E-01       2.30229E-01       8.74158E-01
       1.81970E+00       1.90546E+00       1.86258E+00       8.57600E-02       1.00191E-02       1.16827E-01       2.17600E-01       8.84178E-01
       1.90546E+00       1.99526E+00       1.95036E+00       8.98000E-02       9.35953E-03       1.04226E-01       2.03279E-01       8.93537E-01
       1.99526E+00       2.08930E+00       2.04228E+00       9.40400E-02       9.15045E-03       9.73038E-02       1.98722E-01       9.02688E-01
       2.08930E+00       2.18776E+00       2.13853E+00       9.84600E-02       9.05049E-03       9.19205E-02       1.96575E-01       9.11738E-01
       2.18776E+00       2.29087E+00       2.23932E+00       1.03110E-01       8.89448E-03       8.62620E-02       1.93168E-01       9.20633E-01
       2.29087E+00       2.39883E+00       2.34485E+00       1.07960E-01       8.64994E-03       8.01217E-02       1.87873E-01       9.29282E-01
       2.39883E+00       2.51189E+00       2.45536E+00       1.13060E-01       8.27322E-03       7.31755E-02       1.79672E-01       9.37556E-01
       2.51189E+00       2.63027E+00       2.57108E+00       1.18380E-01       7.80058E-03       6.58944E-02       1.69420E-01       9.45356E-01
       2.63027E+00       2.75423E+00       2.69225E+00       1.23960E-01       7.24501E-03       5.84463E-02       1.57352E-01       9.52601E-01
       2.75423E+00       2.88403E+00       2.81913E+00       1.29800E-01       6.60046E-03       5.08510E-02       1.43356E-01       9.59202E-01
       2.88403E+00       3.01995E+00       2.95199E+00       1.35920E-01       5.88782E-03       4.33183E-02       1.27875E-01       9.65090E-01
       3.01995E+00       3.16228E+00       3.09111E+00       1.42330E-01       5.24504E-03       3.68512E-02       1.13911E-01       9.70335E-01
       3.16228E+00       3.31131E+00       3.23679E+00       1.49030E-01       4.57472E-03       3.06966E-02       9.93587E-02       9.74909E-01
       3.31131E+00       3.46737E+00       3.38934E+00       1.56060E-01       4.03956E-03       2.58846E-02       8.77318E-02       9.78949E-01
       3.46737E+00       3.63078E+00       3.54908E+00       1.63410E-01       3.54352E-03       2.16848E-02       7.69611E-02       9.82492E-01
       3.63078E+00       3.80189E+00       3.71633E+00       1.71110E-01       3.14415E-03       1.83750E-02       6.82878E-02       9.85637E-01
       3.80189E+00       3.98107E+00       3.89148E+00       1.79180E-01       2.80591E-03       1.56597E-02       6.09395E-02       9.88442E-01
       3.98107E+00       4.16869E+00       4.07488E+00       1.87620E-01       2.49155E-03       1.32798E-02       5.41135E-02       9.90934E-01
       4.16869E+00       4.36516E+00       4.26692E+00       1.96470E-01       2.19083E-03       1.11510E-02       4.75804E-02       9.93125E-01
       4.36516E+00       4.57088E+00       4.46802E+00       2.05720E-01       1.87977E-03       9.13754E-03       4.08267E-02       9.95005E-01
       4.57088E+00       4.78630E+00       4.67859E+00       2.15420E-01       1.55104E-03       7.20005E-03       3.36861E-02       9.96556E-01
       4.78630E+00       5.00000E+00       4.89315E+00       2.13700E-01       1.15837E-03       5.42054E-03       2.65235E-02       9.97714E-01
       5.00000E+00       5.20000E+00       5.10000E+00       2.00000E-01       7.86410E-04       3.93205E-03       2.00534E-02       9.98500E-01
       5.20000E+00       5.40000E+00       5.30000E+00       2.00000E-01       5.50180E-04       2.75090E-03       1.45798E-02       9.99050E-01
       5.40000E+00       5.60000E+00       5.50000E+00       2.00000E-01       3.72401E-04       1.86200E-03       1.02410E-02       9.99423E-01
       5.60000E+00       5.80000E+00       5.70000E+00       2.00000E-01       2.52692E-04       1.26346E-03       7.20172E-03       9.99676E-01
       5.80000E+00       6.00000E+00       5.90000E+00       2.00000E-01       1.72287E-04       8.61433E-04       5.08245E-03       9.99848E-01
       6.00000E+00       6.20000E+00       6.10000E+00       2.00000E-01       1.09382E-04       5.46910E-04       3.33615E-03       9.99957E-01
       6.20000E+00       6.40000E+00       6.30000E+00       2.00000E-01       4.23814E-05       2.11907E-04       1.33501E-03       1.00000E+00

 Sum =                                                                         1.00000E+00
 Renormalization bin#   987 =                                                  1.06151E-01 barn        2.22000E+07        2.24000E+07        2.23000E+07
 Avg. Energy     bin#   987 =                                                  1.09471E+00 MeV         2.22000E+07        2.24000E+07
