"        MT=  4 recoil spectrum "
" Initial neutron energy corresponds to the group:"
   1.58000E+01    1.60000E+01       0.00000E+00           264           898           635



          Low               High              Mid              Energy           Number             dn/de            E*dn/de          Cumulative
         Energy            Energy            Energy             Width          Fraction                               Sum   
         [MeV]             [MeV]             [MeV]              [MeV]

       1.20000E-06       1.22500E-06       1.21250E-06       2.50000E-08       0.00000E+00       0.00000E+00       0.00000E+00       0.00000E+00
       1.22500E-06       1.25000E-06       1.23750E-06       2.50000E-08       2.76087E-12       1.10435E-04       1.36663E-10       2.76087E-12
       1.25000E-06       1.27500E-06       1.26250E-06       2.50000E-08       2.81680E-12       1.12672E-04       1.42249E-10       5.57768E-12
       1.27500E-06       1.30000E-06       1.28750E-06       2.50000E-08       2.87246E-12       1.14898E-04       1.47932E-10       8.45013E-12
       1.30000E-06       1.32500E-06       1.31250E-06       2.50001E-08       2.92838E-12       1.17135E-04       1.53739E-10       1.13785E-11
       1.32500E-06       1.35000E-06       1.33750E-06       2.50000E-08       2.98404E-12       1.19362E-04       1.59646E-10       1.43626E-11
       1.35000E-06       1.37500E-06       1.36250E-06       2.50000E-08       3.03996E-12       1.21599E-04       1.65678E-10       1.74025E-11
       1.37500E-06       1.40000E-06       1.38750E-06       2.50000E-08       3.09562E-12       1.23825E-04       1.71807E-10       2.04981E-11
       1.40000E-06       1.42500E-06       1.41250E-06       2.50000E-08       3.15127E-12       1.26051E-04       1.78047E-10       2.36494E-11
       1.42500E-06       1.45000E-06       1.43750E-06       2.50001E-08       3.20720E-12       1.28287E-04       1.84413E-10       2.68566E-11
       1.45000E-06       1.47500E-06       1.46250E-06       2.50000E-08       3.26285E-12       1.30514E-04       1.90877E-10       3.01195E-11
       1.47500E-06       1.50000E-06       1.48750E-06       2.50000E-08       3.31878E-12       1.32751E-04       1.97468E-10       3.34382E-11
       1.50000E-06       1.52500E-06       1.51250E-06       2.50000E-08       3.37443E-12       1.34977E-04       2.04153E-10       3.68127E-11
       1.52500E-06       1.55000E-06       1.53750E-06       2.50000E-08       3.43036E-12       1.37215E-04       2.10967E-10       4.02430E-11
       1.55000E-06       1.57500E-06       1.56250E-06       2.50001E-08       3.48601E-12       1.39440E-04       2.17875E-10       4.37290E-11
       1.57500E-06       1.60000E-06       1.58750E-06       2.50000E-08       3.54194E-12       1.41678E-04       2.24913E-10       4.72710E-11
       1.60000E-06       1.62500E-06       1.61250E-06       2.50000E-08       3.59759E-12       1.43904E-04       2.32045E-10       5.08686E-11
       1.62500E-06       1.65000E-06       1.63750E-06       2.50000E-08       3.65352E-12       1.46141E-04       2.39306E-10       5.45221E-11
       1.65000E-06       1.67500E-06       1.66250E-06       2.50000E-08       3.70918E-12       1.48367E-04       2.46660E-10       5.82313E-11
       1.67500E-06       1.70000E-06       1.68750E-06       2.50001E-08       3.76483E-12       1.50593E-04       2.54125E-10       6.19961E-11
       1.70000E-06       1.72500E-06       1.71250E-06       2.50000E-08       3.82076E-12       1.52830E-04       2.61722E-10       6.58169E-11
       1.72500E-06       1.75000E-06       1.73750E-06       2.50000E-08       3.87641E-12       1.55057E-04       2.69411E-10       6.96933E-11
       1.75000E-06       1.77500E-06       1.76250E-06       2.50000E-08       3.93234E-12       1.57294E-04       2.77230E-10       7.36256E-11
       1.77500E-06       1.80000E-06       1.78750E-06       2.50000E-08       3.98799E-12       1.59520E-04       2.85142E-10       7.76136E-11
       1.80000E-06       1.82500E-06       1.81250E-06       2.50001E-08       4.04392E-12       1.61756E-04       2.93183E-10       8.16575E-11
       1.82500E-06       1.85000E-06       1.83750E-06       2.50000E-08       4.09957E-12       1.63983E-04       3.01319E-10       8.57571E-11
       1.85000E-06       1.87500E-06       1.86250E-06       2.50000E-08       4.15550E-12       1.66220E-04       3.09585E-10       8.99126E-11
       1.87500E-06       1.90000E-06       1.88750E-06       2.50000E-08       4.21115E-12       1.68446E-04       3.17942E-10       9.41237E-11
       1.90000E-06       1.92500E-06       1.91250E-06       2.50000E-08       4.26681E-12       1.70672E-04       3.26411E-10       9.83906E-11
       1.92500E-06       1.95000E-06       1.93750E-06       2.50001E-08       4.32273E-12       1.72909E-04       3.35011E-10       1.02713E-10
       1.95000E-06       1.97500E-06       1.96250E-06       2.50000E-08       4.37839E-12       1.75136E-04       3.43704E-10       1.07092E-10
       1.97500E-06       2.00000E-06       1.98750E-06       2.50000E-08       4.43431E-12       1.77373E-04       3.52528E-10       1.11526E-10
       2.00000E-06       2.02500E-06       2.01250E-06       2.50001E-08       4.48997E-12       1.79598E-04       3.61441E-10       1.16016E-10
       2.02500E-06       2.05000E-06       2.03750E-06       2.49999E-08       4.54589E-12       1.81837E-04       3.70493E-10       1.20562E-10
       2.05000E-06       2.07500E-06       2.06250E-06       2.50001E-08       4.60155E-12       1.84061E-04       3.79626E-10       1.25163E-10
       2.07500E-06       2.10000E-06       2.08750E-06       2.49999E-08       4.65748E-12       1.86300E-04       3.88901E-10       1.29821E-10
       2.10000E-06       2.12500E-06       2.11250E-06       2.50001E-08       4.71313E-12       1.88524E-04       3.98258E-10       1.34534E-10
       2.12500E-06       2.15000E-06       2.13750E-06       2.50001E-08       4.76906E-12       1.90762E-04       4.07753E-10       1.39303E-10
       2.15000E-06       2.17500E-06       2.16250E-06       2.49999E-08       4.82471E-12       1.92990E-04       4.17340E-10       1.44128E-10
       2.17500E-06       2.20000E-06       2.18750E-06       2.50001E-08       4.88036E-12       1.95214E-04       4.27030E-10       1.49008E-10
       2.20000E-06       2.22500E-06       2.21250E-06       2.49999E-08       4.93629E-12       1.97453E-04       4.36864E-10       1.53944E-10
       2.22500E-06       2.25000E-06       2.23750E-06       2.50001E-08       4.99195E-12       1.99677E-04       4.46777E-10       1.58936E-10
       2.25000E-06       2.27500E-06       2.26250E-06       2.50001E-08       5.04787E-12       2.01914E-04       4.56831E-10       1.63984E-10
       2.27500E-06       2.30000E-06       2.28750E-06       2.49999E-08       5.10353E-12       2.04142E-04       4.66975E-10       1.69088E-10
       2.30000E-06       2.32500E-06       2.31250E-06       2.50001E-08       5.15945E-12       2.06377E-04       4.77248E-10       1.74247E-10
       2.32500E-06       2.35000E-06       2.33750E-06       2.49999E-08       5.21511E-12       2.08605E-04       4.87615E-10       1.79462E-10
       2.35000E-06       2.37500E-06       2.36250E-06       2.50001E-08       5.27103E-12       2.10841E-04       4.98111E-10       1.84733E-10
       2.37500E-06       2.40000E-06       2.38750E-06       2.50001E-08       5.32669E-12       2.13067E-04       5.08697E-10       1.90060E-10
       2.40000E-06       2.42500E-06       2.41250E-06       2.49999E-08       5.38234E-12       2.15295E-04       5.19399E-10       1.95442E-10
       2.42500E-06       2.45000E-06       2.43750E-06       2.50001E-08       5.43827E-12       2.17530E-04       5.30229E-10       2.00881E-10
       2.45000E-06       2.47500E-06       2.46250E-06       2.49999E-08       5.49392E-12       2.19758E-04       5.41155E-10       2.06375E-10
       2.47500E-06       2.50000E-06       2.48750E-06       2.50001E-08       5.54985E-12       2.21993E-04       5.52208E-10       2.11924E-10
       2.50000E-06       2.52500E-06       2.51250E-06       2.50001E-08       5.60550E-12       2.24219E-04       5.63351E-10       2.17530E-10
       2.52500E-06       2.55000E-06       2.53750E-06       2.49999E-08       5.66143E-12       2.26459E-04       5.74639E-10       2.23191E-10
       2.55000E-06       2.57500E-06       2.56250E-06       2.50001E-08       5.71708E-12       2.28682E-04       5.85999E-10       2.28908E-10
       2.57500E-06       2.60000E-06       2.58750E-06       2.49999E-08       5.77301E-12       2.30922E-04       5.97510E-10       2.34681E-10
       2.60000E-06       2.62500E-06       2.61250E-06       2.50001E-08       5.82867E-12       2.33146E-04       6.09093E-10       2.40510E-10
       2.62500E-06       2.65000E-06       2.63750E-06       2.50001E-08       5.88459E-12       2.35383E-04       6.20822E-10       2.46395E-10
       2.65000E-06       2.67500E-06       2.66250E-06       2.49999E-08       5.94025E-12       2.37611E-04       6.32640E-10       2.52335E-10
       2.67500E-06       2.70000E-06       2.68750E-06       2.50001E-08       5.99590E-12       2.39835E-04       6.44557E-10       2.58331E-10
       2.70000E-06       2.72500E-06       2.71250E-06       2.49999E-08       6.05183E-12       2.42074E-04       6.56627E-10       2.64383E-10
       2.72500E-06       2.75000E-06       2.73750E-06       2.50001E-08       6.10748E-12       2.44298E-04       6.68767E-10       2.70490E-10
       2.75000E-06       2.77500E-06       2.76250E-06       2.50001E-08       6.16341E-12       2.46535E-04       6.81054E-10       2.76654E-10
       2.77500E-06       2.80000E-06       2.78750E-06       2.49999E-08       6.21906E-12       2.48764E-04       6.93429E-10       2.82873E-10
       2.80000E-06       2.82500E-06       2.81250E-06       2.50001E-08       6.27499E-12       2.50999E-04       7.05933E-10       2.89148E-10
       2.82500E-06       2.85000E-06       2.83750E-06       2.49999E-08       6.33064E-12       2.53227E-04       7.18532E-10       2.95478E-10
       2.85000E-06       2.87500E-06       2.86250E-06       2.50001E-08       6.38657E-12       2.55462E-04       7.31259E-10       3.01865E-10
       2.87500E-06       2.90000E-06       2.88750E-06       2.50001E-08       6.44222E-12       2.57688E-04       7.44074E-10       3.08307E-10
       2.90000E-06       2.92500E-06       2.91250E-06       2.49999E-08       6.49788E-12       2.59917E-04       7.57007E-10       3.14805E-10
       2.92500E-06       2.95000E-06       2.93750E-06       2.50001E-08       6.55380E-12       2.62151E-04       7.70069E-10       3.21359E-10
       2.95000E-06       2.97500E-06       2.96250E-06       2.49999E-08       6.60946E-12       2.64380E-04       7.83225E-10       3.27968E-10
       2.97500E-06       3.00000E-06       2.98750E-06       2.50001E-08       6.66539E-12       2.66614E-04       7.96510E-10       3.34634E-10
       3.00000E-06       3.02500E-06       3.01250E-06       2.50001E-08       6.72104E-12       2.68841E-04       8.09882E-10       3.41355E-10
       3.02500E-06       3.05000E-06       3.03750E-06       2.49999E-08       6.77697E-12       2.71080E-04       8.23406E-10       3.48132E-10
       3.05000E-06       3.07500E-06       3.06250E-06       2.50001E-08       6.83262E-12       2.73304E-04       8.36993E-10       3.54964E-10
       3.07500E-06       3.10000E-06       3.08750E-06       2.49999E-08       6.88855E-12       2.75543E-04       8.50740E-10       3.61853E-10
       3.10000E-06       3.12500E-06       3.11250E-06       2.50001E-08       6.94420E-12       2.77767E-04       8.64550E-10       3.68797E-10
       3.12500E-06       3.15000E-06       3.13750E-06       2.50001E-08       7.00013E-12       2.80004E-04       8.78513E-10       3.75797E-10
       3.15000E-06       3.17500E-06       3.16250E-06       2.49999E-08       7.05578E-12       2.82233E-04       8.92561E-10       3.82853E-10
       3.17500E-06       3.20000E-06       3.18750E-06       2.50001E-08       7.11144E-12       2.84456E-04       9.06705E-10       3.89964E-10
       3.20000E-06       3.22500E-06       3.21250E-06       2.49999E-08       7.16736E-12       2.86696E-04       9.21011E-10       3.97132E-10
       3.22500E-06       3.25000E-06       3.23750E-06       2.50001E-08       7.22302E-12       2.88920E-04       9.35377E-10       4.04355E-10
       3.25000E-06       3.27500E-06       3.26250E-06       2.50001E-08       7.27894E-12       2.91157E-04       9.49898E-10       4.11634E-10
       3.27500E-06       3.30000E-06       3.28750E-06       2.49999E-08       7.33460E-12       2.93386E-04       9.64505E-10       4.18968E-10
       3.30000E-06       3.32500E-06       3.31250E-06       2.50001E-08       7.39052E-12       2.95620E-04       9.79241E-10       4.26359E-10
       3.32500E-06       3.35000E-06       3.33750E-06       2.49999E-08       7.44618E-12       2.97849E-04       9.94070E-10       4.33805E-10
       3.35000E-06       3.37500E-06       3.36250E-06       2.50001E-08       7.50210E-12       3.00083E-04       1.00903E-09       4.41307E-10
       3.37500E-06       3.40000E-06       3.38750E-06       2.50001E-08       7.55776E-12       3.02309E-04       1.02407E-09       4.48865E-10
       3.40000E-06       3.42500E-06       3.41250E-06       2.49999E-08       7.61369E-12       3.04549E-04       1.03927E-09       4.56478E-10
       3.42500E-06       3.45000E-06       3.43750E-06       2.50001E-08       7.66934E-12       3.06772E-04       1.05453E-09       4.64148E-10
       3.45000E-06       3.47500E-06       3.46250E-06       2.49999E-08       7.72499E-12       3.09002E-04       1.06992E-09       4.71873E-10
       3.47500E-06       3.50000E-06       3.48750E-06       2.50001E-08       7.78092E-12       3.11236E-04       1.08543E-09       4.79654E-10
       3.50000E-06       3.52500E-06       3.51250E-06       2.50001E-08       7.83657E-12       3.13462E-04       1.10103E-09       4.87490E-10
       3.52500E-06       3.55000E-06       3.53750E-06       2.49999E-08       7.89250E-12       3.15702E-04       1.11680E-09       4.95383E-10
       3.55000E-06       3.57500E-06       3.56250E-06       2.50001E-08       7.94816E-12       3.17925E-04       1.13261E-09       5.03331E-10
       3.57500E-06       3.60000E-06       3.58750E-06       2.49999E-08       8.00408E-12       3.20165E-04       1.14859E-09       5.11335E-10
       3.60000E-06       3.62500E-06       3.61250E-06       2.50001E-08       8.05974E-12       3.22388E-04       1.16463E-09       5.19395E-10
       3.62500E-06       3.65000E-06       3.63750E-06       2.50001E-08       8.11566E-12       3.24625E-04       1.18082E-09       5.27510E-10
       3.65000E-06       3.67500E-06       3.66250E-06       2.49999E-08       8.17132E-12       3.26855E-04       1.19710E-09       5.35682E-10
       3.67500E-06       3.70000E-06       3.68750E-06       2.50001E-08       8.22697E-12       3.29078E-04       1.21347E-09       5.43909E-10
       3.70000E-06       3.72500E-06       3.71250E-06       2.49999E-08       8.28290E-12       3.31318E-04       1.23002E-09       5.52192E-10
       3.72500E-06       3.75000E-06       3.73750E-06       2.50001E-08       8.33855E-12       3.33541E-04       1.24661E-09       5.60530E-10
       3.75000E-06       3.77500E-06       3.76250E-06       2.50001E-08       8.39448E-12       3.35778E-04       1.26336E-09       5.68925E-10
       3.77500E-06       3.80000E-06       3.78750E-06       2.49999E-08       8.45013E-12       3.38007E-04       1.28020E-09       5.77375E-10
       3.80000E-06       3.82500E-06       3.81250E-06       2.50001E-08       8.50606E-12       3.40241E-04       1.29717E-09       5.85881E-10
       3.82500E-06       3.85000E-06       3.83750E-06       2.49999E-08       8.56171E-12       3.42470E-04       1.31423E-09       5.94443E-10
       3.85000E-06       3.87500E-06       3.86250E-06       2.50001E-08       8.61764E-12       3.44704E-04       1.33142E-09       6.03060E-10
       3.87500E-06       3.90000E-06       3.88750E-06       2.50001E-08       8.67329E-12       3.46930E-04       1.34869E-09       6.11733E-10
       3.90000E-06       3.92500E-06       3.91250E-06       2.49999E-08       8.72922E-12       3.49171E-04       1.36613E-09       6.20463E-10
       3.92500E-06       3.95000E-06       3.93750E-06       2.50001E-08       8.78487E-12       3.51394E-04       1.38361E-09       6.29248E-10
       3.95000E-06       3.97500E-06       3.96250E-06       2.49999E-08       8.84053E-12       3.53623E-04       1.40123E-09       6.38088E-10
       3.97500E-06       4.00000E-06       3.98750E-06       2.50001E-08       8.89646E-12       3.55857E-04       1.41898E-09       6.46985E-10
       4.00000E-06       4.02500E-06       4.01250E-06       2.50001E-08       8.95211E-12       3.58083E-04       1.43681E-09       6.55937E-10
       4.02500E-06       4.05000E-06       4.03750E-06       2.50001E-08       9.00804E-12       3.60320E-04       1.45479E-09       6.64945E-10
       4.05000E-06       4.07500E-06       4.06250E-06       2.49996E-08       9.06369E-12       3.62553E-04       1.47287E-09       6.74008E-10
       4.07500E-06       4.10000E-06       4.08750E-06       2.50001E-08       9.11962E-12       3.64783E-04       1.49105E-09       6.83128E-10
       4.10000E-06       4.12500E-06       4.11250E-06       2.50001E-08       9.17527E-12       3.67009E-04       1.50933E-09       6.92303E-10
       4.12500E-06       4.15000E-06       4.13750E-06       2.50001E-08       9.23120E-12       3.69246E-04       1.52776E-09       7.01534E-10
       4.15000E-06       4.17500E-06       4.16250E-06       2.50001E-08       9.28685E-12       3.71473E-04       1.54626E-09       7.10821E-10
       4.17500E-06       4.20000E-06       4.18750E-06       2.49996E-08       9.34251E-12       3.73706E-04       1.56489E-09       7.20164E-10
       4.20000E-06       4.22500E-06       4.21250E-06       2.50001E-08       9.39843E-12       3.75936E-04       1.58363E-09       7.29562E-10
       4.22500E-06       4.25000E-06       4.23750E-06       2.50001E-08       9.45409E-12       3.78162E-04       1.60246E-09       7.39016E-10
       4.25000E-06       4.27500E-06       4.26250E-06       2.50001E-08       9.51001E-12       3.80399E-04       1.62145E-09       7.48526E-10
       4.27500E-06       4.30000E-06       4.28750E-06       2.50001E-08       9.56567E-12       3.82625E-04       1.64051E-09       7.58092E-10
       4.30000E-06       4.32500E-06       4.31250E-06       2.49996E-08       9.62159E-12       3.84870E-04       1.65975E-09       7.67714E-10
       4.32500E-06       4.35000E-06       4.33750E-06       2.50001E-08       9.67725E-12       3.87088E-04       1.67900E-09       7.77391E-10
       4.35000E-06       4.37500E-06       4.36250E-06       2.50001E-08       9.73318E-12       3.89326E-04       1.69843E-09       7.87124E-10
       4.37500E-06       4.40000E-06       4.38750E-06       2.50001E-08       9.78883E-12       3.91552E-04       1.71793E-09       7.96913E-10
       4.40000E-06       4.42500E-06       4.41250E-06       2.50001E-08       9.84476E-12       3.93789E-04       1.73759E-09       8.06758E-10
       4.42500E-06       4.45000E-06       4.43750E-06       2.49996E-08       9.90041E-12       3.96022E-04       1.75735E-09       8.16658E-10
       4.45000E-06       4.47500E-06       4.46250E-06       2.50001E-08       9.95606E-12       3.98241E-04       1.77715E-09       8.26614E-10
       4.47500E-06       4.50000E-06       4.48750E-06       2.50001E-08       1.00120E-11       4.00478E-04       1.79715E-09       8.36626E-10
       4.50000E-06       4.52500E-06       4.51250E-06       2.50001E-08       1.00676E-11       4.02704E-04       1.81720E-09       8.46694E-10
       4.52500E-06       4.55000E-06       4.53750E-06       2.50001E-08       1.01236E-11       4.04941E-04       1.83742E-09       8.56817E-10
       4.55000E-06       4.57500E-06       4.56250E-06       2.49996E-08       1.01792E-11       4.07175E-04       1.85774E-09       8.66997E-10
       4.57500E-06       4.60000E-06       4.58750E-06       2.50001E-08       1.02352E-11       4.09405E-04       1.87814E-09       8.77232E-10
       4.60000E-06       4.62500E-06       4.61250E-06       2.50001E-08       1.02908E-11       4.11631E-04       1.89865E-09       8.87523E-10
       4.62500E-06       4.65000E-06       4.63750E-06       2.50001E-08       1.03467E-11       4.13868E-04       1.91931E-09       8.97869E-10
       4.65000E-06       4.67500E-06       4.66250E-06       2.50001E-08       1.04024E-11       4.16094E-04       1.94004E-09       9.08272E-10
       4.67500E-06       4.70000E-06       4.68750E-06       2.49996E-08       1.04580E-11       4.18328E-04       1.96091E-09       9.18730E-10
       4.70000E-06       4.72500E-06       4.71250E-06       2.50001E-08       1.05140E-11       4.20557E-04       1.98188E-09       9.29244E-10
       4.72500E-06       4.75000E-06       4.73750E-06       2.50001E-08       1.05696E-11       4.22783E-04       2.00294E-09       9.39813E-10
       4.75000E-06       4.77500E-06       4.76250E-06       2.50001E-08       1.06255E-11       4.25020E-04       2.02416E-09       9.50439E-10
       4.77500E-06       4.80000E-06       4.78750E-06       2.50001E-08       1.06812E-11       4.27247E-04       2.04544E-09       9.61120E-10
       4.80000E-06       4.82500E-06       4.81250E-06       2.49996E-08       1.07371E-11       4.29492E-04       2.06693E-09       9.71857E-10
       4.82500E-06       4.85000E-06       4.83750E-06       2.50001E-08       1.07928E-11       4.31710E-04       2.08840E-09       9.82650E-10
       4.85000E-06       4.87500E-06       4.86250E-06       2.50001E-08       1.08487E-11       4.33947E-04       2.11007E-09       9.93499E-10
       4.87500E-06       4.90000E-06       4.88750E-06       2.50001E-08       1.09044E-11       4.36173E-04       2.13179E-09       1.00440E-09
       4.90000E-06       4.92500E-06       4.91250E-06       2.50001E-08       1.09603E-11       4.38410E-04       2.15369E-09       1.01536E-09
       4.92500E-06       4.95000E-06       4.93750E-06       2.49996E-08       1.10159E-11       4.40645E-04       2.17568E-09       1.02638E-09
       4.95000E-06       4.97500E-06       4.96250E-06       2.50001E-08       1.10716E-11       4.42862E-04       2.19770E-09       1.03745E-09
       4.97500E-06       5.00000E-06       4.98750E-06       2.50001E-08       1.11275E-11       4.45099E-04       2.21993E-09       1.04858E-09
       5.00000E-06       5.02500E-06       5.01250E-06       2.50001E-08       1.11832E-11       4.47325E-04       2.24222E-09       1.05976E-09
       5.02500E-06       5.05000E-06       5.03750E-06       2.50001E-08       1.12391E-11       4.49563E-04       2.26467E-09       1.07100E-09
       5.05000E-06       5.07500E-06       5.06250E-06       2.49996E-08       1.12948E-11       4.51797E-04       2.28722E-09       1.08230E-09
       5.07500E-06       5.10000E-06       5.08750E-06       2.50001E-08       1.13507E-11       4.54026E-04       2.30986E-09       1.09365E-09
       5.10000E-06       5.12500E-06       5.11250E-06       2.50001E-08       1.14063E-11       4.56252E-04       2.33259E-09       1.10505E-09
       5.12500E-06       5.15000E-06       5.13750E-06       2.50001E-08       1.14623E-11       4.58489E-04       2.35549E-09       1.11651E-09
       5.15000E-06       5.17500E-06       5.16250E-06       2.50001E-08       1.15179E-11       4.60715E-04       2.37844E-09       1.12803E-09
       5.17500E-06       5.20000E-06       5.18750E-06       2.49996E-08       1.15736E-11       4.62950E-04       2.40155E-09       1.13961E-09
       5.20000E-06       5.22500E-06       5.21250E-06       2.50001E-08       1.16295E-11       4.65178E-04       2.42474E-09       1.15124E-09
       5.22500E-06       5.25000E-06       5.23750E-06       2.50001E-08       1.16852E-11       4.67404E-04       2.44803E-09       1.16292E-09
       5.25000E-06       5.27500E-06       5.26250E-06       2.50001E-08       1.17411E-11       4.69642E-04       2.47149E-09       1.17466E-09
       5.27500E-06       5.30000E-06       5.28750E-06       2.50001E-08       1.17967E-11       4.71868E-04       2.49500E-09       1.18646E-09
       5.30000E-06       5.32500E-06       5.31250E-06       2.49996E-08       1.18527E-11       4.74114E-04       2.51873E-09       1.19831E-09
       5.32500E-06       5.35000E-06       5.33750E-06       2.50001E-08       1.19083E-11       4.76331E-04       2.54242E-09       1.21022E-09
       5.35000E-06       5.37500E-06       5.36250E-06       2.50001E-08       1.19642E-11       4.78568E-04       2.56632E-09       1.22218E-09
       5.37500E-06       5.40000E-06       5.38750E-06       2.50001E-08       1.20199E-11       4.80794E-04       2.59028E-09       1.23420E-09
       5.40000E-06       5.42500E-06       5.41250E-06       2.50001E-08       1.20758E-11       4.83031E-04       2.61441E-09       1.24628E-09
       5.42500E-06       5.45000E-06       5.43750E-06       2.49996E-08       1.21315E-11       4.85267E-04       2.63864E-09       1.25841E-09
       5.45000E-06       5.47500E-06       5.46250E-06       2.50001E-08       1.21871E-11       4.87483E-04       2.66288E-09       1.27060E-09
       5.47500E-06       5.50000E-06       5.48750E-06       2.50001E-08       1.22431E-11       4.89721E-04       2.68734E-09       1.28284E-09
       5.50000E-06       5.52500E-06       5.51250E-06       2.50001E-08       1.22987E-11       4.91947E-04       2.71186E-09       1.29514E-09
       5.52500E-06       5.55000E-06       5.53750E-06       2.50001E-08       1.23546E-11       4.94184E-04       2.73654E-09       1.30749E-09
       5.55000E-06       5.57500E-06       5.56250E-06       2.49996E-08       1.24103E-11       4.96419E-04       2.76133E-09       1.31991E-09
       5.57500E-06       5.60000E-06       5.58750E-06       2.50001E-08       1.24662E-11       4.98647E-04       2.78619E-09       1.33237E-09
       5.60000E-06       5.62500E-06       5.61250E-06       2.50001E-08       1.25219E-11       5.00873E-04       2.81115E-09       1.34489E-09
       5.62500E-06       5.65000E-06       5.63750E-06       2.50001E-08       1.25778E-11       5.03110E-04       2.83628E-09       1.35747E-09
       5.65000E-06       5.67500E-06       5.66250E-06       2.50001E-08       1.26335E-11       5.05336E-04       2.86147E-09       1.37010E-09
       5.67500E-06       5.70000E-06       5.68750E-06       2.49996E-08       1.26894E-11       5.07583E-04       2.88688E-09       1.38279E-09
       5.70000E-06       5.72500E-06       5.71250E-06       2.50001E-08       1.27450E-11       5.09800E-04       2.91223E-09       1.39554E-09
       5.72500E-06       5.75000E-06       5.73750E-06       2.50001E-08       1.28007E-11       5.12026E-04       2.93775E-09       1.40834E-09
       5.75000E-06       5.77500E-06       5.76250E-06       2.50001E-08       1.28566E-11       5.14263E-04       2.96344E-09       1.42120E-09
       5.77500E-06       5.80000E-06       5.78750E-06       2.50001E-08       1.29123E-11       5.16489E-04       2.98918E-09       1.43411E-09
       5.80000E-06       5.82500E-06       5.81250E-06       2.49996E-08       1.29682E-11       5.18736E-04       3.01515E-09       1.44708E-09
       5.82500E-06       5.85000E-06       5.83750E-06       2.50001E-08       1.30239E-11       5.20952E-04       3.04106E-09       1.46010E-09
       5.85000E-06       5.87500E-06       5.86250E-06       2.50001E-08       1.30798E-11       5.23189E-04       3.06720E-09       1.47318E-09
       5.87500E-06       5.90000E-06       5.88750E-06       2.50001E-08       1.31354E-11       5.25415E-04       3.09338E-09       1.48632E-09
       5.90000E-06       5.92500E-06       5.91250E-06       2.50001E-08       1.31914E-11       5.27652E-04       3.11975E-09       1.49951E-09
       5.92500E-06       5.95000E-06       5.93750E-06       2.49996E-08       1.32470E-11       5.29889E-04       3.14621E-09       1.51275E-09
       5.95000E-06       5.97500E-06       5.96250E-06       2.50001E-08       1.33027E-11       5.32105E-04       3.17267E-09       1.52606E-09
       5.97500E-06       6.00000E-06       5.98750E-06       2.50001E-08       1.33586E-11       5.34342E-04       3.19937E-09       1.53942E-09
       6.00000E-06       6.02500E-06       6.01250E-06       2.50001E-08       1.34143E-11       5.36568E-04       3.22611E-09       1.55283E-09
       6.02500E-06       6.05000E-06       6.03750E-06       2.50001E-08       1.34702E-11       5.38805E-04       3.25304E-09       1.56630E-09
       6.05000E-06       6.07500E-06       6.06250E-06       2.49996E-08       1.35258E-11       5.41042E-04       3.28006E-09       1.57983E-09
       6.07500E-06       6.10000E-06       6.08750E-06       2.50001E-08       1.35818E-11       5.43268E-04       3.30715E-09       1.59341E-09
       6.10000E-06       6.12500E-06       6.11250E-06       2.50001E-08       1.36374E-11       5.45494E-04       3.33433E-09       1.60704E-09
       6.12500E-06       6.15000E-06       6.13750E-06       2.50001E-08       1.36933E-11       5.47731E-04       3.36170E-09       1.62074E-09
       6.15000E-06       6.17500E-06       6.16250E-06       2.50001E-08       1.37490E-11       5.49958E-04       3.38911E-09       1.63449E-09
       6.17500E-06       6.20000E-06       6.18750E-06       2.49996E-08       1.38049E-11       5.52205E-04       3.41677E-09       1.64829E-09
       6.20000E-06       6.22500E-06       6.21250E-06       2.50001E-08       1.38606E-11       5.54421E-04       3.44434E-09       1.66215E-09
       6.22500E-06       6.25000E-06       6.23750E-06       2.50001E-08       1.39162E-11       5.56647E-04       3.47209E-09       1.67607E-09
       6.25000E-06       6.27500E-06       6.26250E-06       2.50001E-08       1.39722E-11       5.58884E-04       3.50001E-09       1.69004E-09
       6.27500E-06       6.30000E-06       6.28750E-06       2.50001E-08       1.40278E-11       5.61110E-04       3.52798E-09       1.70407E-09
       6.30000E-06       6.32500E-06       6.31250E-06       2.49996E-08       1.40837E-11       5.63358E-04       3.55620E-09       1.71815E-09
       6.32500E-06       6.35000E-06       6.33750E-06       2.50001E-08       1.41394E-11       5.65573E-04       3.58432E-09       1.73229E-09
       6.35000E-06       6.37500E-06       6.36250E-06       2.50001E-08       1.41953E-11       5.67810E-04       3.61269E-09       1.74649E-09
       6.37500E-06       6.40000E-06       6.38750E-06       2.50001E-08       1.42510E-11       5.70037E-04       3.64111E-09       1.76074E-09
       6.40000E-06       6.42500E-06       6.41250E-06       2.50001E-08       1.43069E-11       5.72274E-04       3.66970E-09       1.77505E-09
       6.42500E-06       6.45000E-06       6.43750E-06       2.49996E-08       1.43626E-11       5.74511E-04       3.69841E-09       1.78941E-09
       6.45000E-06       6.47500E-06       6.46250E-06       2.50001E-08       1.44182E-11       5.76726E-04       3.72709E-09       1.80383E-09
       6.47500E-06       6.50000E-06       6.48750E-06       2.50001E-08       1.44741E-11       5.78963E-04       3.75602E-09       1.81830E-09
       6.50000E-06       6.52500E-06       6.51250E-06       2.50001E-08       1.45298E-11       5.81189E-04       3.78499E-09       1.83283E-09
       6.52500E-06       6.55000E-06       6.53750E-06       2.50001E-08       1.45857E-11       5.83426E-04       3.81415E-09       1.84742E-09
       6.55000E-06       6.57500E-06       6.56250E-06       2.49996E-08       1.46414E-11       5.85664E-04       3.84342E-09       1.86206E-09
       6.57500E-06       6.60000E-06       6.58750E-06       2.50001E-08       1.46973E-11       5.87889E-04       3.87272E-09       1.87675E-09
       6.60000E-06       6.62500E-06       6.61250E-06       2.50001E-08       1.47529E-11       5.90116E-04       3.90214E-09       1.89151E-09
       6.62500E-06       6.65000E-06       6.63750E-06       2.50001E-08       1.48089E-11       5.92353E-04       3.93174E-09       1.90632E-09
       6.65000E-06       6.67500E-06       6.66250E-06       2.50001E-08       1.48645E-11       5.94579E-04       3.96138E-09       1.92118E-09
       6.67500E-06       6.70000E-06       6.68750E-06       2.49996E-08       1.49205E-11       5.96827E-04       3.99128E-09       1.93610E-09
       6.70000E-06       6.72500E-06       6.71250E-06       2.50001E-08       1.49761E-11       5.99042E-04       4.02107E-09       1.95108E-09
       6.72500E-06       6.75000E-06       6.73750E-06       2.50001E-08       1.50318E-11       6.01268E-04       4.05104E-09       1.96611E-09
       6.75000E-06       6.77500E-06       6.76250E-06       2.50001E-08       1.50877E-11       6.03505E-04       4.08120E-09       1.98120E-09
       6.77500E-06       6.80000E-06       6.78750E-06       2.50001E-08       1.51433E-11       6.05731E-04       4.11140E-09       1.99634E-09
       6.80000E-06       6.82500E-06       6.81250E-06       2.49996E-08       1.51993E-11       6.07980E-04       4.14186E-09       2.01154E-09
       6.82500E-06       6.85000E-06       6.83750E-06       2.50001E-08       1.52549E-11       6.10195E-04       4.17221E-09       2.02679E-09
       6.85000E-06       6.87500E-06       6.86250E-06       2.50001E-08       1.53109E-11       6.12432E-04       4.20281E-09       2.04210E-09
       6.87500E-06       6.90000E-06       6.88750E-06       2.50001E-08       1.53665E-11       6.14658E-04       4.23346E-09       2.05747E-09
       6.90000E-06       6.92500E-06       6.91250E-06       2.50001E-08       1.54224E-11       6.16895E-04       4.26429E-09       2.07289E-09
       6.92500E-06       6.95000E-06       6.93750E-06       2.49996E-08       1.54781E-11       6.19133E-04       4.29523E-09       2.08837E-09
       6.95000E-06       6.97500E-06       6.96250E-06       2.50001E-08       1.55337E-11       6.21347E-04       4.32613E-09       2.10391E-09
       6.97500E-06       7.00000E-06       6.98750E-06       2.50001E-08       1.55897E-11       6.23584E-04       4.35729E-09       2.11950E-09
       7.00000E-06       7.02500E-06       7.01250E-06       2.50001E-08       1.56453E-11       6.25810E-04       4.38850E-09       2.13514E-09
       7.02500E-06       7.05000E-06       7.03750E-06       2.50001E-08       1.57012E-11       6.28048E-04       4.41988E-09       2.15084E-09
       7.05000E-06       7.07500E-06       7.06250E-06       2.49996E-08       1.57569E-11       6.30286E-04       4.45139E-09       2.16660E-09
       7.07500E-06       7.10000E-06       7.08750E-06       2.50001E-08       1.58128E-11       6.32511E-04       4.48292E-09       2.18241E-09
       7.10000E-06       7.12500E-06       7.11250E-06       2.50001E-08       1.58685E-11       6.34737E-04       4.51457E-09       2.19828E-09
       7.12500E-06       7.15000E-06       7.13750E-06       2.50001E-08       1.59244E-11       6.36974E-04       4.54640E-09       2.21420E-09
       7.15000E-06       7.17500E-06       7.16250E-06       2.50001E-08       1.59801E-11       6.39200E-04       4.57827E-09       2.23018E-09
       7.17500E-06       7.20000E-06       7.18750E-06       2.49996E-08       1.60360E-11       6.41449E-04       4.61042E-09       2.24622E-09
       7.20000E-06       7.22500E-06       7.21250E-06       2.50001E-08       1.60916E-11       6.43663E-04       4.64242E-09       2.26231E-09
       7.22500E-06       7.25000E-06       7.23750E-06       2.50001E-08       1.61473E-11       6.45889E-04       4.67463E-09       2.27846E-09
       7.25000E-06       7.27500E-06       7.26250E-06       2.50001E-08       1.62032E-11       6.48126E-04       4.70702E-09       2.29466E-09
       7.27500E-06       7.30000E-06       7.28750E-06       2.50001E-08       1.62589E-11       6.50353E-04       4.73945E-09       2.31092E-09
       7.30000E-06       7.32500E-06       7.31250E-06       2.49996E-08       1.63148E-11       6.52602E-04       4.77215E-09       2.32724E-09
       7.32500E-06       7.35000E-06       7.33750E-06       2.50001E-08       1.63705E-11       6.54816E-04       4.80471E-09       2.34361E-09
       7.35000E-06       7.37500E-06       7.36250E-06       2.50001E-08       1.64264E-11       6.57053E-04       4.83755E-09       2.36003E-09
       7.37500E-06       7.40000E-06       7.38750E-06       2.50001E-08       1.64820E-11       6.59279E-04       4.87042E-09       2.37652E-09
       7.40000E-06       7.42500E-06       7.41250E-06       2.50001E-08       1.65380E-11       6.61516E-04       4.90349E-09       2.39305E-09
       7.42500E-06       7.45000E-06       7.43750E-06       2.49996E-08       1.65936E-11       6.63755E-04       4.93668E-09       2.40965E-09
       7.45000E-06       7.47500E-06       7.46250E-06       2.50001E-08       1.66493E-11       6.65968E-04       4.96979E-09       2.42630E-09
       7.47500E-06       7.50000E-06       7.48750E-06       2.50001E-08       1.67052E-11       6.68206E-04       5.00319E-09       2.44300E-09
       7.50000E-06       7.52500E-06       7.51250E-06       2.50001E-08       1.67609E-11       6.70432E-04       5.03662E-09       2.45976E-09
       7.52500E-06       7.55000E-06       7.53750E-06       2.50001E-08       1.68168E-11       6.72669E-04       5.07024E-09       2.47658E-09
       7.55000E-06       7.57500E-06       7.56250E-06       2.49996E-08       1.68724E-11       6.74908E-04       5.10399E-09       2.49345E-09
       7.57500E-06       7.60000E-06       7.58750E-06       2.50001E-08       1.69284E-11       6.77132E-04       5.13774E-09       2.51038E-09
       7.60000E-06       7.62500E-06       7.61250E-06       2.50001E-08       1.69840E-11       6.79358E-04       5.17161E-09       2.52736E-09
       7.62500E-06       7.65000E-06       7.63750E-06       2.50001E-08       1.70399E-11       6.81595E-04       5.20568E-09       2.54440E-09
       7.65000E-06       7.67500E-06       7.66250E-06       2.50001E-08       1.70956E-11       6.83821E-04       5.23978E-09       2.56150E-09
       7.67500E-06       7.70000E-06       7.68750E-06       2.49996E-08       1.71515E-11       6.86071E-04       5.27417E-09       2.57865E-09
       7.70000E-06       7.72500E-06       7.71250E-06       2.50001E-08       1.72072E-11       6.88285E-04       5.30839E-09       2.59586E-09
       7.72500E-06       7.75000E-06       7.73750E-06       2.50001E-08       1.72628E-11       6.90511E-04       5.34283E-09       2.61312E-09
       7.75000E-06       7.77500E-06       7.76250E-06       2.50001E-08       1.73188E-11       6.92748E-04       5.37745E-09       2.63044E-09
       7.77500E-06       7.80000E-06       7.78750E-06       2.50001E-08       1.73744E-11       6.94974E-04       5.41211E-09       2.64781E-09
       7.80000E-06       7.82500E-06       7.81250E-06       2.49996E-08       1.74303E-11       6.97224E-04       5.44707E-09       2.66524E-09
       7.82500E-06       7.85000E-06       7.83750E-06       2.50001E-08       1.74860E-11       6.99437E-04       5.48184E-09       2.68273E-09
       7.85000E-06       7.87500E-06       7.86250E-06       2.50001E-08       1.75419E-11       7.01674E-04       5.51691E-09       2.70027E-09
       7.87500E-06       7.90000E-06       7.88750E-06       2.50001E-08       1.75976E-11       7.03900E-04       5.55201E-09       2.71787E-09
       7.90000E-06       7.92500E-06       7.91250E-06       2.50001E-08       1.76535E-11       7.06137E-04       5.58731E-09       2.73552E-09
       7.92500E-06       7.95000E-06       7.93750E-06       2.49996E-08       1.77092E-11       7.08377E-04       5.62274E-09       2.75323E-09
       7.95000E-06       7.97500E-06       7.96250E-06       2.50001E-08       1.77651E-11       7.10601E-04       5.65816E-09       2.77100E-09
       7.97500E-06       8.00000E-06       7.98750E-06       2.50001E-08       1.78207E-11       7.12827E-04       5.69370E-09       2.78882E-09
       8.00000E-06       8.02500E-06       8.01250E-06       2.49996E-08       1.78764E-11       7.15067E-04       5.72947E-09       2.80669E-09
       8.02500E-06       8.05000E-06       8.03750E-06       2.50006E-08       1.79323E-11       7.17276E-04       5.76511E-09       2.82463E-09
       8.05000E-06       8.07500E-06       8.06250E-06       2.49996E-08       1.79880E-11       7.19530E-04       5.80121E-09       2.84262E-09
       8.07500E-06       8.10000E-06       8.08750E-06       2.50006E-08       1.80439E-11       7.21739E-04       5.83707E-09       2.86066E-09
       8.10000E-06       8.12500E-06       8.11250E-06       2.49996E-08       1.80996E-11       7.23993E-04       5.87339E-09       2.87876E-09
       8.12500E-06       8.15000E-06       8.13750E-06       2.49996E-08       1.81555E-11       7.26230E-04       5.90970E-09       2.89691E-09
       8.15000E-06       8.17500E-06       8.16250E-06       2.50006E-08       1.82111E-11       7.28429E-04       5.94580E-09       2.91513E-09
       8.17500E-06       8.20000E-06       8.18750E-06       2.49996E-08       1.82671E-11       7.30694E-04       5.98255E-09       2.93339E-09
       8.20000E-06       8.22500E-06       8.21250E-06       2.50006E-08       1.83227E-11       7.32892E-04       6.01887E-09       2.95172E-09
       8.22500E-06       8.25000E-06       8.23750E-06       2.49996E-08       1.83784E-11       7.35146E-04       6.05577E-09       2.97009E-09
       8.25000E-06       8.27500E-06       8.26250E-06       2.49996E-08       1.84343E-11       7.37383E-04       6.09263E-09       2.98853E-09
       8.27500E-06       8.30000E-06       8.28750E-06       2.50006E-08       1.84900E-11       7.39581E-04       6.12928E-09       3.00702E-09
       8.30000E-06       8.32500E-06       8.31250E-06       2.49996E-08       1.85459E-11       7.41846E-04       6.16660E-09       3.02556E-09
       8.32500E-06       8.35000E-06       8.33750E-06       2.50006E-08       1.86015E-11       7.44044E-04       6.20347E-09       3.04417E-09
       8.35000E-06       8.37500E-06       8.36250E-06       2.49996E-08       1.86575E-11       7.46310E-04       6.24101E-09       3.06282E-09
       8.37500E-06       8.40000E-06       8.38750E-06       2.49996E-08       1.87131E-11       7.48536E-04       6.27834E-09       3.08154E-09
       8.40000E-06       8.42500E-06       8.41250E-06       2.50006E-08       1.87690E-11       7.50744E-04       6.31564E-09       3.10030E-09
       8.42500E-06       8.45000E-06       8.43750E-06       2.49996E-08       1.88247E-11       7.52999E-04       6.35343E-09       3.11913E-09
       8.45000E-06       8.47500E-06       8.46250E-06       2.50006E-08       1.88806E-11       7.55207E-04       6.39094E-09       3.13801E-09
       8.47500E-06       8.50000E-06       8.48750E-06       2.49996E-08       1.89363E-11       7.57462E-04       6.42896E-09       3.15695E-09
       8.50000E-06       8.52500E-06       8.51250E-06       2.49996E-08       1.89919E-11       7.59689E-04       6.46685E-09       3.17594E-09
       8.52500E-06       8.55000E-06       8.53750E-06       2.50006E-08       1.90479E-11       7.61897E-04       6.50469E-09       3.19499E-09
       8.55000E-06       8.57500E-06       8.56250E-06       2.49996E-08       1.91035E-11       7.64152E-04       6.54305E-09       3.21409E-09
       8.57500E-06       8.60000E-06       8.58750E-06       2.50006E-08       1.91594E-11       7.66360E-04       6.58112E-09       3.23325E-09
       8.60000E-06       8.62500E-06       8.61250E-06       2.49996E-08       1.92151E-11       7.68615E-04       6.61970E-09       3.25246E-09
       8.62500E-06       8.65000E-06       8.63750E-06       2.49996E-08       1.92710E-11       7.70852E-04       6.65824E-09       3.27174E-09
       8.65000E-06       8.67500E-06       8.66250E-06       2.50006E-08       1.93267E-11       7.73049E-04       6.69654E-09       3.29106E-09
       8.67500E-06       8.70000E-06       8.68750E-06       2.49996E-08       1.93826E-11       7.75316E-04       6.73556E-09       3.31044E-09
       8.70000E-06       8.72500E-06       8.71250E-06       2.50006E-08       1.94383E-11       7.77512E-04       6.77408E-09       3.32988E-09
       8.72500E-06       8.75000E-06       8.73750E-06       2.49996E-08       1.94939E-11       7.79768E-04       6.81322E-09       3.34938E-09
       8.75000E-06       8.77500E-06       8.76250E-06       2.49996E-08       1.95498E-11       7.82005E-04       6.85232E-09       3.36893E-09
       8.77500E-06       8.80000E-06       8.78750E-06       2.50006E-08       1.96055E-11       7.84201E-04       6.89117E-09       3.38853E-09
       8.80000E-06       8.82500E-06       8.81250E-06       2.49996E-08       1.96614E-11       7.86468E-04       6.93075E-09       3.40819E-09
       8.82500E-06       8.85000E-06       8.83750E-06       2.50006E-08       1.97171E-11       7.88665E-04       6.96982E-09       3.42791E-09
       8.85000E-06       8.87500E-06       8.86250E-06       2.49996E-08       1.97730E-11       7.90932E-04       7.00963E-09       3.44768E-09
       8.87500E-06       8.90000E-06       8.88750E-06       2.49996E-08       1.98286E-11       7.93158E-04       7.04919E-09       3.46751E-09
       8.90000E-06       8.92500E-06       8.91250E-06       2.50006E-08       1.98846E-11       7.95365E-04       7.08869E-09       3.48740E-09
       8.92500E-06       8.95000E-06       8.93750E-06       2.49996E-08       1.99402E-11       7.97621E-04       7.12874E-09       3.50734E-09
       8.95000E-06       8.97500E-06       8.96250E-06       2.50006E-08       1.99962E-11       7.99828E-04       7.16846E-09       3.52733E-09
       8.97500E-06       9.00000E-06       8.98750E-06       2.49996E-08       2.00518E-11       8.02085E-04       7.20874E-09       3.54739E-09
       9.00000E-06       9.02500E-06       9.01250E-06       2.49996E-08       2.01075E-11       8.04311E-04       7.24885E-09       3.56749E-09
       9.02500E-06       9.05000E-06       9.03750E-06       2.50006E-08       2.01634E-11       8.06517E-04       7.28890E-09       3.58766E-09
       9.05000E-06       9.07500E-06       9.06250E-06       2.49996E-08       2.02190E-11       8.08774E-04       7.32952E-09       3.60787E-09
       9.07500E-06       9.10000E-06       9.08750E-06       2.50006E-08       2.02750E-11       8.10980E-04       7.36978E-09       3.62815E-09
       9.10000E-06       9.12500E-06       9.11250E-06       2.49996E-08       2.03306E-11       8.13237E-04       7.41063E-09       3.64848E-09
       9.12500E-06       9.15000E-06       9.13750E-06       2.49996E-08       2.03866E-11       8.15475E-04       7.45140E-09       3.66887E-09
       9.15000E-06       9.17500E-06       9.16250E-06       2.50006E-08       2.04422E-11       8.17669E-04       7.49190E-09       3.68931E-09
       9.17500E-06       9.20000E-06       9.18750E-06       2.49996E-08       2.04981E-11       8.19938E-04       7.53318E-09       3.70981E-09
       9.20000E-06       9.22500E-06       9.21250E-06       2.50006E-08       2.05538E-11       8.22133E-04       7.57390E-09       3.73036E-09
       9.22500E-06       9.25000E-06       9.23750E-06       2.49996E-08       2.06094E-11       8.24390E-04       7.61530E-09       3.75097E-09
       9.25000E-06       9.27500E-06       9.26250E-06       2.49996E-08       2.06654E-11       8.26627E-04       7.65664E-09       3.77164E-09
       9.27500E-06       9.30000E-06       9.28750E-06       2.50006E-08       2.07210E-11       8.28822E-04       7.69768E-09       3.79236E-09
       9.30000E-06       9.32500E-06       9.31250E-06       2.49996E-08       2.07769E-11       8.31091E-04       7.73953E-09       3.81313E-09
       9.32500E-06       9.35000E-06       9.33750E-06       2.50006E-08       2.08326E-11       8.33285E-04       7.78080E-09       3.83397E-09
       9.35000E-06       9.37500E-06       9.36250E-06       2.49996E-08       2.08885E-11       8.35554E-04       7.82287E-09       3.85486E-09
       9.37500E-06       9.40000E-06       9.38750E-06       2.49996E-08       2.09442E-11       8.37780E-04       7.86466E-09       3.87580E-09
       9.40000E-06       9.42500E-06       9.41250E-06       2.50006E-08       2.10001E-11       8.39985E-04       7.90636E-09       3.89680E-09
       9.42500E-06       9.45000E-06       9.43750E-06       2.49996E-08       2.10558E-11       8.42243E-04       7.94867E-09       3.91786E-09
       9.45000E-06       9.47500E-06       9.46250E-06       2.50006E-08       2.11117E-11       8.44448E-04       7.99059E-09       3.93897E-09
       9.47500E-06       9.50000E-06       9.48750E-06       2.49996E-08       2.11673E-11       8.46707E-04       8.03313E-09       3.96013E-09
       9.50000E-06       9.52500E-06       9.51250E-06       2.49996E-08       2.12230E-11       8.48933E-04       8.07547E-09       3.98136E-09
       9.52500E-06       9.55000E-06       9.53750E-06       2.50006E-08       2.12789E-11       8.51138E-04       8.11772E-09       4.00264E-09
       9.55000E-06       9.57500E-06       9.56250E-06       2.49996E-08       2.13346E-11       8.53396E-04       8.16060E-09       4.02397E-09
       9.57500E-06       9.60000E-06       9.58750E-06       2.50006E-08       2.13905E-11       8.55601E-04       8.20307E-09       4.04536E-09
       9.60000E-06       9.62500E-06       9.61250E-06       2.49996E-08       2.14462E-11       8.57859E-04       8.24617E-09       4.06681E-09
       9.62500E-06       9.65000E-06       9.63750E-06       2.49996E-08       2.15021E-11       8.60097E-04       8.28918E-09       4.08831E-09
       9.65000E-06       9.67500E-06       9.66250E-06       2.50006E-08       2.15577E-11       8.62290E-04       8.33188E-09       4.10987E-09
       9.67500E-06       9.70000E-06       9.68750E-06       2.49996E-08       2.16137E-11       8.64560E-04       8.37542E-09       4.13148E-09
       9.70000E-06       9.72500E-06       9.71250E-06       2.50006E-08       2.16693E-11       8.66753E-04       8.41834E-09       4.15315E-09
       9.72500E-06       9.75000E-06       9.73750E-06       2.49996E-08       2.17252E-11       8.69023E-04       8.46211E-09       4.17488E-09
       9.75000E-06       9.77500E-06       9.76250E-06       2.49996E-08       2.17809E-11       8.71249E-04       8.50557E-09       4.19666E-09
       9.77500E-06       9.80000E-06       9.78750E-06       2.50006E-08       2.18366E-11       8.73442E-04       8.54882E-09       4.21849E-09
       9.80000E-06       9.82500E-06       9.81250E-06       2.49996E-08       2.18925E-11       8.75713E-04       8.59293E-09       4.24039E-09
       9.82500E-06       9.85000E-06       9.83750E-06       2.50006E-08       2.19481E-11       8.77905E-04       8.63639E-09       4.26233E-09
       9.85000E-06       9.87500E-06       9.86250E-06       2.49996E-08       2.20041E-11       8.80176E-04       8.68074E-09       4.28434E-09
       9.87500E-06       9.90000E-06       9.88750E-06       2.49996E-08       2.20597E-11       8.82402E-04       8.72475E-09       4.30640E-09
       9.90000E-06       9.92500E-06       9.91250E-06       2.50006E-08       2.21156E-11       8.84606E-04       8.76865E-09       4.32851E-09
       9.92500E-06       9.95000E-06       9.93750E-06       2.49996E-08       2.21713E-11       8.86865E-04       8.81322E-09       4.35068E-09
       9.95000E-06       9.97500E-06       9.96250E-06       2.50006E-08       2.22272E-11       8.89069E-04       8.85735E-09       4.37291E-09
       9.97500E-06       1.00000E-05       9.98750E-06       2.49996E-08       2.22829E-11       8.91329E-04       8.90215E-09       4.39519E-09
       1.00000E-05       1.04713E-05       1.02356E-05       4.71300E-07       4.30500E-10       9.13431E-04       9.34956E-09       4.82569E-09
       1.04713E-05       1.09648E-05       1.07180E-05       4.93500E-07       4.72022E-10       9.56479E-04       1.02516E-08       5.29772E-09
       1.09648E-05       1.14815E-05       1.12232E-05       5.16700E-07       5.17582E-10       1.00171E-03       1.12423E-08       5.81530E-09
       1.14815E-05       1.20226E-05       1.17521E-05       5.41101E-07       5.67507E-10       1.04880E-03       1.23256E-08       6.38281E-09
       1.20226E-05       1.25892E-05       1.23059E-05       5.66600E-07       6.22261E-10       1.09824E-03       1.35148E-08       7.00507E-09
       1.25892E-05       1.31826E-05       1.28859E-05       5.93400E-07       6.82307E-10       1.14983E-03       1.48166E-08       7.68737E-09
       1.31826E-05       1.38038E-05       1.34932E-05       6.21200E-07       7.48110E-10       1.20430E-03       1.62498E-08       8.43548E-09
       1.38038E-05       1.44544E-05       1.41291E-05       6.50600E-07       8.20296E-10       1.26083E-03       1.78144E-08       9.25578E-09
       1.44544E-05       1.51356E-05       1.47950E-05       6.81200E-07       8.99440E-10       1.32038E-03       1.95349E-08       1.01552E-08
       1.51356E-05       1.58489E-05       1.54922E-05       7.13300E-07       9.86222E-10       1.38262E-03       2.14199E-08       1.11414E-08
       1.58489E-05       1.65959E-05       1.62224E-05       7.47000E-07       1.08138E-09       1.44763E-03       2.34840E-08       1.22228E-08
       1.65959E-05       1.73780E-05       1.69869E-05       7.82101E-07       1.18570E-09       1.51605E-03       2.57530E-08       1.34085E-08
       1.73780E-05       1.81970E-05       1.77875E-05       8.19000E-07       1.30009E-09       1.58742E-03       2.82362E-08       1.47086E-08
       1.81970E-05       1.90546E-05       1.86258E-05       8.57599E-07       1.42553E-09       1.66224E-03       3.09605E-08       1.61342E-08
       1.90546E-05       1.99526E-05       1.95036E-05       8.98001E-07       1.56303E-09       1.74057E-03       3.39474E-08       1.76972E-08
       1.99526E-05       2.08930E-05       2.04228E-05       9.40399E-07       1.71387E-09       1.82249E-03       3.72204E-08       1.94111E-08
       2.08930E-05       2.18776E-05       2.13853E-05       9.84600E-07       1.87922E-09       1.90862E-03       4.08163E-08       2.12903E-08
       2.18776E-05       2.29087E-05       2.23932E-05       1.03110E-06       2.06051E-09       1.99836E-03       4.47495E-08       2.33508E-08
       2.29087E-05       2.39883E-05       2.34485E-05       1.07960E-06       2.25931E-09       2.09273E-03       4.90713E-08       2.56101E-08
       2.39883E-05       2.51189E-05       2.45536E-05       1.13060E-06       2.47726E-09       2.19110E-03       5.37994E-08       2.80873E-08
       2.51189E-05       2.63027E-05       2.57108E-05       1.18380E-06       2.71630E-09       2.29456E-03       5.89949E-08       3.08036E-08
       2.63027E-05       2.75423E-05       2.69225E-05       1.23960E-06       2.97833E-09       2.40266E-03       6.46856E-08       3.37820E-08
       2.75423E-05       2.88403E-05       2.81913E-05       1.29800E-06       3.26179E-09       2.51293E-03       7.08429E-08       3.70438E-08
       2.88403E-05       3.01995E-05       2.95199E-05       1.35920E-06       3.51065E-09       2.58288E-03       7.62463E-08       4.05544E-08
       3.01995E-05       3.16228E-05       3.09111E-05       1.42330E-06       3.75564E-09       2.63868E-03       8.15646E-08       4.43101E-08
       3.16228E-05       3.31131E-05       3.23679E-05       1.49030E-06       4.01980E-09       2.69731E-03       8.73065E-08       4.83299E-08
       3.31131E-05       3.46737E-05       3.38934E-05       1.56060E-06       4.30489E-09       2.75848E-03       9.34944E-08       5.26347E-08
       3.46737E-05       3.63078E-05       3.54907E-05       1.63410E-06       4.61257E-09       2.82269E-03       1.00180E-07       5.72473E-08
       3.63078E-05       3.80189E-05       3.71634E-05       1.71110E-06       4.94488E-09       2.88988E-03       1.07398E-07       6.21922E-08
       3.80189E-05       3.98107E-05       3.89148E-05       1.79180E-06       5.30399E-09       2.96015E-03       1.15194E-07       6.74962E-08
       3.98107E-05       4.16869E-05       4.07488E-05       1.87620E-06       5.69212E-09       3.03385E-03       1.23626E-07       7.31883E-08
       4.16869E-05       4.36516E-05       4.26692E-05       1.96470E-06       6.10893E-09       3.10934E-03       1.32673E-07       7.92972E-08
       4.36516E-05       4.57088E-05       4.46802E-05       2.05720E-06       6.54054E-09       3.17934E-03       1.42054E-07       8.58378E-08
       4.57088E-05       4.78630E-05       4.67859E-05       2.15420E-06       7.00242E-09       3.25059E-03       1.52082E-07       9.28402E-08
       4.78630E-05       5.01187E-05       4.89908E-05       2.25570E-06       7.50088E-09       3.32530E-03       1.62909E-07       1.00341E-07
       5.01187E-05       5.24808E-05       5.12998E-05       2.36210E-06       8.03914E-09       3.40338E-03       1.74593E-07       1.08380E-07
       5.24808E-05       5.49541E-05       5.37174E-05       2.47330E-06       8.62050E-09       3.48542E-03       1.87228E-07       1.17001E-07
       5.49541E-05       5.75440E-05       5.62490E-05       2.58990E-06       9.24759E-09       3.57064E-03       2.00845E-07       1.26248E-07
       5.75440E-05       6.02560E-05       5.89000E-05       2.71200E-06       9.89929E-09       3.65018E-03       2.14996E-07       1.36148E-07
       6.02560E-05       6.30957E-05       6.16758E-05       2.83970E-06       1.05898E-08       3.72921E-03       2.30002E-07       1.46737E-07
       6.30957E-05       6.60693E-05       6.45825E-05       2.97360E-06       1.13346E-08       3.81175E-03       2.46172E-07       1.58072E-07
       6.60693E-05       6.91831E-05       6.76262E-05       3.11380E-06       1.21382E-08       3.89820E-03       2.63621E-07       1.70210E-07
       6.91831E-05       7.24436E-05       7.08134E-05       3.26051E-06       1.30056E-08       3.98883E-03       2.82462E-07       1.83216E-07
       7.24436E-05       7.58578E-05       7.41507E-05       3.41420E-06       1.39424E-08       4.08365E-03       3.02805E-07       1.97158E-07
       7.58578E-05       7.94328E-05       7.76453E-05       3.57500E-06       1.49546E-08       4.18310E-03       3.24798E-07       2.12113E-07
       7.94328E-05       8.31764E-05       8.13046E-05       3.74360E-06       1.60488E-08       4.28699E-03       3.48552E-07       2.28162E-07
       8.31764E-05       8.70964E-05       8.51364E-05       3.92000E-06       1.72253E-08       4.39420E-03       3.74107E-07       2.45387E-07
       8.70964E-05       9.12011E-05       8.91488E-05       4.10471E-06       1.84440E-08       4.49337E-03       4.00579E-07       2.63831E-07
       9.12011E-05       9.54993E-05       9.33502E-05       4.29820E-06       1.97463E-08       4.59408E-03       4.28858E-07       2.83577E-07
       9.54993E-05       1.00000E-04       9.77497E-05       4.50070E-06       2.11516E-08       4.69962E-03       4.59386E-07       3.04729E-07
       1.00000E-04       1.04713E-04       1.02356E-04       4.71300E-06       2.26693E-08       4.80995E-03       4.92329E-07       3.27398E-07
       1.04713E-04       1.09648E-04       1.07181E-04       4.93501E-06       2.43079E-08       4.92560E-03       5.27928E-07       3.51706E-07
       1.09648E-04       1.14815E-04       1.12232E-04       5.16700E-06       2.60776E-08       5.04695E-03       5.66427E-07       3.77783E-07
       1.14815E-04       1.20226E-04       1.17520E-04       5.41100E-06       2.79187E-08       5.15962E-03       6.06361E-07       4.05702E-07
       1.20226E-04       1.25892E-04       1.23059E-04       5.66600E-06       2.98666E-08       5.27119E-03       6.48667E-07       4.35569E-07
       1.25892E-04       1.31826E-04       1.28859E-04       5.93401E-06       3.19669E-08       5.38708E-03       6.94173E-07       4.67536E-07
       1.31826E-04       1.38038E-04       1.34932E-04       6.21199E-06       3.42324E-08       5.51070E-03       7.43569E-07       5.01768E-07
       1.38038E-04       1.44544E-04       1.41291E-04       6.50601E-06       3.66790E-08       5.63771E-03       7.96557E-07       5.38447E-07
       1.44544E-04       1.51356E-04       1.47950E-04       6.81200E-06       3.93201E-08       5.77218E-03       8.53995E-07       5.77767E-07
       1.51356E-04       1.58489E-04       1.54922E-04       7.13300E-06       4.21745E-08       5.91260E-03       9.15995E-07       6.19942E-07
       1.58489E-04       1.65959E-04       1.62224E-04       7.47000E-06       4.52598E-08       6.05887E-03       9.82895E-07       6.65202E-07
       1.65959E-04       1.73780E-04       1.69870E-04       7.82100E-06       4.85813E-08       6.21165E-03       1.05517E-06       7.13783E-07
       1.73780E-04       1.81970E-04       1.77875E-04       8.19000E-06       5.20245E-08       6.35219E-03       1.12990E-06       7.65807E-07
       1.81970E-04       1.90546E-04       1.86258E-04       8.57600E-06       5.56976E-08       6.49459E-03       1.20967E-06       8.21505E-07
       1.90546E-04       1.99526E-04       1.95036E-04       8.98000E-06       5.96611E-08       6.64378E-03       1.29578E-06       8.81166E-07
       1.99526E-04       2.08930E-04       2.04228E-04       9.40399E-06       6.39413E-08       6.79938E-03       1.38862E-06       9.45107E-07
       2.08930E-04       2.18776E-04       2.13853E-04       9.84601E-06       6.85646E-08       6.96370E-03       1.48921E-06       1.01367E-06
       2.18776E-04       2.29087E-04       2.23932E-04       1.03110E-05       7.35563E-08       7.13377E-03       1.59748E-06       1.08723E-06
       2.29087E-04       2.39883E-04       2.34485E-04       1.07960E-05       7.87632E-08       7.29560E-03       1.71071E-06       1.16599E-06
       2.39883E-04       2.51189E-04       2.45536E-04       1.13060E-05       8.42542E-08       7.45216E-03       1.82977E-06       1.25025E-06
       2.51189E-04       2.63027E-04       2.57108E-04       1.18380E-05       9.01764E-08       7.61753E-03       1.95853E-06       1.34042E-06
       2.63027E-04       2.75423E-04       2.69225E-04       1.23960E-05       9.65651E-08       7.79003E-03       2.09727E-06       1.43699E-06
       2.75423E-04       2.88403E-04       2.81913E-04       1.29800E-05       1.03461E-07       7.97082E-03       2.24708E-06       1.54045E-06
       2.88403E-04       3.01995E-04       2.95199E-04       1.35920E-05       1.10909E-07       8.15986E-03       2.40878E-06       1.65136E-06
       3.01995E-04       3.16228E-04       3.09111E-04       1.42330E-05       1.18956E-07       8.35774E-03       2.58347E-06       1.77031E-06
       3.16228E-04       3.31131E-04       3.23680E-04       1.49030E-05       1.27653E-07       8.56559E-03       2.77251E-06       1.89797E-06
       3.31131E-04       3.46737E-04       3.38934E-04       1.56060E-05       1.37028E-07       8.78046E-03       2.97600E-06       2.03499E-06
       3.46737E-04       3.63078E-04       3.54908E-04       1.63410E-05       1.46752E-07       8.98060E-03       3.18728E-06       2.18175E-06
       3.63078E-04       3.80189E-04       3.71634E-04       1.71110E-05       1.57104E-07       9.18149E-03       3.41215E-06       2.33885E-06
       3.80189E-04       3.98107E-04       3.89148E-04       1.79180E-05       1.68278E-07       9.39154E-03       3.65470E-06       2.50713E-06
       3.98107E-04       4.16869E-04       4.07488E-04       1.87620E-05       1.80339E-07       9.61195E-03       3.91676E-06       2.68747E-06
       4.16869E-04       4.36516E-04       4.26692E-04       1.96470E-05       1.93369E-07       9.84215E-03       4.19957E-06       2.88084E-06
       4.36516E-04       4.57088E-04       4.46802E-04       2.05720E-05       2.07443E-07       1.00837E-02       4.50544E-06       3.08828E-06
       4.57088E-04       4.78630E-04       4.67859E-04       2.15420E-05       2.22162E-07       1.03130E-02       4.82501E-06       3.31044E-06
       4.78630E-04       5.01187E-04       4.89909E-04       2.25570E-05       2.37648E-07       1.05354E-02       5.16140E-06       3.54809E-06
       5.01187E-04       5.24808E-04       5.12998E-04       2.36210E-05       2.54349E-07       1.07679E-02       5.52392E-06       3.80244E-06
       5.24808E-04       5.49541E-04       5.37175E-04       2.47330E-05       2.72366E-07       1.10122E-02       5.91549E-06       4.07480E-06
       5.49541E-04       5.75440E-04       5.62491E-04       2.58990E-05       2.91815E-07       1.12674E-02       6.33783E-06       4.36662E-06
       5.75440E-04       6.02560E-04       5.89000E-04       2.71200E-05       3.12819E-07       1.15346E-02       6.79390E-06       4.67944E-06
       6.02560E-04       6.30957E-04       6.16758E-04       2.83970E-05       3.35512E-07       1.18151E-02       7.28703E-06       5.01495E-06
       6.30957E-04       6.60693E-04       6.45825E-04       2.97360E-05       3.60040E-07       1.21079E-02       7.81958E-06       5.37499E-06
       6.60693E-04       6.91831E-04       6.76262E-04       3.11380E-05       3.86501E-07       1.24125E-02       8.39411E-06       5.76149E-06
       6.91831E-04       7.24436E-04       7.08133E-04       3.26050E-05       4.13992E-07       1.26972E-02       8.99132E-06       6.17548E-06
       7.24436E-04       7.58578E-04       7.41507E-04       3.41420E-05       4.43208E-07       1.29813E-02       9.62572E-06       6.61869E-06
       7.58578E-04       7.94328E-04       7.76453E-04       3.57500E-05       4.74734E-07       1.32793E-02       1.03107E-05       7.09342E-06
       7.94328E-04       8.31764E-04       8.13046E-04       3.74360E-05       5.08776E-07       1.35906E-02       1.10497E-05       7.60220E-06
       8.31764E-04       8.70964E-04       8.51364E-04       3.92000E-05       5.45543E-07       1.39169E-02       1.18484E-05       8.14774E-06
       8.70964E-04       9.12011E-04       8.91487E-04       4.10470E-05       5.85267E-07       1.42585E-02       1.27112E-05       8.73301E-06
       9.12011E-04       9.54993E-04       9.33502E-04       4.29820E-05       6.26926E-07       1.45858E-02       1.36159E-05       9.35994E-06
       9.54993E-04       1.00000E-03       9.77497E-04       4.50070E-05       6.70650E-07       1.49010E-02       1.45657E-05       1.00306E-05
       1.00000E-03       1.04713E-03       1.02356E-03       4.71300E-05       7.17803E-07       1.52303E-02       1.55892E-05       1.07484E-05
       1.04713E-03       1.09648E-03       1.07180E-03       4.93500E-05       7.68655E-07       1.55756E-02       1.66940E-05       1.15170E-05
       1.09648E-03       1.14815E-03       1.12231E-03       5.16700E-05       8.23584E-07       1.59393E-02       1.78889E-05       1.23406E-05
       1.14815E-03       1.20226E-03       1.17520E-03       5.41100E-05       8.82861E-07       1.63160E-02       1.91747E-05       1.32235E-05
       1.20226E-03       1.25892E-03       1.23059E-03       5.66600E-05       9.46945E-07       1.67127E-02       2.05665E-05       1.41704E-05
       1.25892E-03       1.31826E-03       1.28859E-03       5.93400E-05       1.01621E-06       1.71253E-02       2.20675E-05       1.51866E-05
       1.31826E-03       1.38038E-03       1.34932E-03       6.21200E-05       1.09096E-06       1.75621E-02       2.36969E-05       1.62776E-05
       1.38038E-03       1.44544E-03       1.41291E-03       6.50599E-05       1.16880E-06       1.79650E-02       2.53829E-05       1.74464E-05
       1.44544E-03       1.51356E-03       1.47950E-03       6.81201E-05       1.25130E-06       1.83691E-02       2.71770E-05       1.86977E-05
       1.51356E-03       1.58489E-03       1.54923E-03       7.13300E-05       1.34037E-06       1.87912E-02       2.91118E-05       2.00381E-05
       1.58489E-03       1.65959E-03       1.62224E-03       7.47000E-05       1.43654E-06       1.92308E-02       3.11970E-05       2.14746E-05
       1.65959E-03       1.73780E-03       1.69870E-03       7.82101E-05       1.54041E-06       1.96958E-02       3.34572E-05       2.30150E-05
       1.73780E-03       1.81970E-03       1.77875E-03       8.18999E-05       1.65265E-06       2.01789E-02       3.58932E-05       2.46677E-05
       1.81970E-03       1.90546E-03       1.86258E-03       8.57600E-05       2.79573E-06       3.25995E-02       6.07191E-05       2.74634E-05
       1.90546E-03       1.99526E-03       1.95036E-03       8.98001E-05       2.12038E-05       2.36122E-01       4.60524E-04       4.86672E-05
       1.99526E-03       2.08930E-03       2.04228E-03       9.40400E-05       2.35203E-05       2.50109E-01       5.10794E-04       7.21875E-05
       2.08930E-03       2.18776E-03       2.13853E-03       9.84600E-05       2.46604E-05       2.50461E-01       5.35618E-04       9.68479E-05
       2.18776E-03       2.29087E-03       2.23932E-03       1.03110E-04       2.58457E-05       2.50662E-01       5.61310E-04       1.22694E-04
       2.29087E-03       2.39883E-03       2.34485E-03       1.07960E-04       2.70912E-05       2.50938E-01       5.88411E-04       1.49785E-04
       2.39883E-03       2.51189E-03       2.45536E-03       1.13060E-04       2.84021E-05       2.51213E-01       6.16819E-04       1.78187E-04
       2.51189E-03       2.63027E-03       2.57108E-03       1.18380E-04       2.97755E-05       2.51525E-01       6.46690E-04       2.07962E-04
       2.63027E-03       2.75423E-03       2.69225E-03       1.23960E-04       3.12142E-05       2.51809E-01       6.77932E-04       2.39177E-04
       2.75423E-03       2.88403E-03       2.81913E-03       1.29800E-04       3.27188E-05       2.52071E-01       7.10620E-04       2.71895E-04
       2.88403E-03       3.01995E-03       2.95199E-03       1.35920E-04       3.42956E-05       2.52322E-01       7.44852E-04       3.06191E-04
       3.01995E-03       3.16228E-03       3.09112E-03       1.42330E-04       3.59401E-05       2.52512E-01       7.80544E-04       3.42131E-04
       3.16228E-03       3.31131E-03       3.23679E-03       1.49030E-04       3.76716E-05       2.52779E-01       8.18193E-04       3.79803E-04
       3.31131E-03       3.46737E-03       3.38934E-03       1.56060E-04       3.94858E-05       2.53017E-01       8.57560E-04       4.19289E-04
       3.46737E-03       3.63078E-03       3.54907E-03       1.63410E-04       4.13921E-05       2.53303E-01       8.98990E-04       4.60681E-04
       3.63078E-03       3.80189E-03       3.71633E-03       1.71110E-04       4.33752E-05       2.53493E-01       9.42065E-04       5.04056E-04
       3.80189E-03       3.98107E-03       3.89148E-03       1.79180E-04       4.54605E-05       2.53714E-01       9.87322E-04       5.49516E-04
       3.98107E-03       4.16869E-03       4.07488E-03       1.87620E-04       4.76335E-05       2.53883E-01       1.03454E-03       5.97150E-04
       4.16869E-03       4.36516E-03       4.26693E-03       1.96470E-04       4.99168E-05       2.54068E-01       1.08409E-03       6.47067E-04
       4.36516E-03       4.57088E-03       4.46802E-03       2.05720E-04       5.23086E-05       2.54271E-01       1.13609E-03       6.99375E-04
       4.57088E-03       4.78630E-03       4.67859E-03       2.15420E-04       5.48238E-05       2.54497E-01       1.19069E-03       7.54199E-04
       4.78630E-03       5.01187E-03       4.89909E-03       2.25570E-04       5.74647E-05       2.54753E-01       1.24806E-03       8.11664E-04
       5.01187E-03       5.24807E-03       5.12997E-03       2.36200E-04       6.02350E-05       2.55017E-01       1.30823E-03       8.71899E-04
       5.24807E-03       5.49541E-03       5.37174E-03       2.47340E-04       6.31416E-05       2.55282E-01       1.37131E-03       9.35040E-04
       5.49541E-03       5.75440E-03       5.62491E-03       2.58990E-04       6.61701E-05       2.55493E-01       1.43712E-03       1.00121E-03
       5.75440E-03       6.02560E-03       5.89000E-03       2.71200E-04       6.93336E-05       2.55655E-01       1.50581E-03       1.07054E-03
       6.02560E-03       6.30957E-03       6.16759E-03       2.83970E-04       7.26547E-05       2.55854E-01       1.57800E-03       1.14320E-03
       6.30957E-03       6.60693E-03       6.45825E-03       2.97360E-04       7.61336E-05       2.56031E-01       1.65351E-03       1.21933E-03
       6.60693E-03       6.91831E-03       6.76262E-03       3.11380E-04       7.97888E-05       2.56243E-01       1.73287E-03       1.29912E-03
       6.91831E-03       7.24436E-03       7.08133E-03       3.26050E-04       8.36273E-05       2.56486E-01       1.81626E-03       1.38275E-03
       7.24436E-03       7.58578E-03       7.41507E-03       3.41420E-04       8.76195E-05       2.56633E-01       1.90295E-03       1.47037E-03
       7.58578E-03       7.94328E-03       7.76453E-03       3.57500E-04       9.17660E-05       2.56688E-01       1.99306E-03       1.56213E-03
       7.94328E-03       8.31764E-03       8.13046E-03       3.74360E-04       9.61142E-05       2.56743E-01       2.08744E-03       1.65825E-03
       8.31764E-03       8.70964E-03       8.51364E-03       3.92000E-04       1.00677E-04       2.56829E-01       2.18655E-03       1.75892E-03
       8.70964E-03       9.12011E-03       8.91487E-03       4.10471E-04       1.05452E-04       2.56906E-01       2.29029E-03       1.86438E-03
       9.12011E-03       9.54993E-03       9.33502E-03       4.29819E-04       1.10462E-04       2.56997E-01       2.39907E-03       1.97484E-03
       9.54993E-03       1.00000E-02       9.77496E-03       4.50070E-04       1.15718E-04       2.57111E-01       2.51325E-03       2.09056E-03
       1.00000E-02       1.04713E-02       1.02357E-02       4.71300E-04       1.21240E-04       2.57245E-01       2.63307E-03       2.21180E-03
       1.04713E-02       1.09648E-02       1.07180E-02       4.93500E-04       1.27027E-04       2.57401E-01       2.75884E-03       2.33882E-03
       1.09648E-02       1.14815E-02       1.12232E-02       5.16700E-04       1.33039E-04       2.57478E-01       2.88971E-03       2.47186E-03
       1.14815E-02       1.20226E-02       1.17521E-02       5.41100E-04       1.39268E-04       2.57380E-01       3.02474E-03       2.61113E-03
       1.20226E-02       1.25892E-02       1.23059E-02       5.66601E-04       1.45815E-04       2.57350E-01       3.16692E-03       2.75695E-03
       1.25892E-02       1.31826E-02       1.28859E-02       5.93399E-04       1.52672E-04       2.57284E-01       3.31534E-03       2.90962E-03
       1.31826E-02       1.38038E-02       1.34932E-02       6.21200E-04       1.59869E-04       2.57356E-01       3.47255E-03       3.06949E-03
       1.38038E-02       1.44544E-02       1.41291E-02       6.50601E-04       1.70330E-04       2.61804E-01       3.69905E-03       3.23982E-03
       1.44544E-02       1.51356E-02       1.47950E-02       6.81199E-04       1.93345E-04       2.83831E-01       4.19928E-03       3.43316E-03
       1.51356E-02       1.58489E-02       1.54923E-02       7.13301E-04       2.02293E-04       2.83601E-01       4.39361E-03       3.63546E-03
       1.58489E-02       1.65959E-02       1.62224E-02       7.47000E-04       2.11674E-04       2.83365E-01       4.59686E-03       3.84713E-03
       1.65959E-02       1.73780E-02       1.69870E-02       7.82100E-04       2.22591E-04       2.84607E-01       4.83460E-03       4.06972E-03
       1.73780E-02       1.81970E-02       1.77875E-02       8.19000E-04       2.33876E-04       2.85562E-01       5.07944E-03       4.30360E-03
       1.81970E-02       1.90546E-02       1.86258E-02       8.57600E-04       2.44762E-04       2.85404E-01       5.31587E-03       4.54836E-03
       1.90546E-02       1.99526E-02       1.95036E-02       8.98000E-04       2.56176E-04       2.85274E-01       5.56386E-03       4.80453E-03
       1.99526E-02       2.08930E-02       2.04228E-02       9.40400E-04       2.68162E-04       2.85157E-01       5.82370E-03       5.07269E-03
       2.08930E-02       2.18776E-02       2.13853E-02       9.84600E-04       2.80748E-04       2.85140E-01       6.09780E-03       5.35344E-03
       2.18776E-02       2.29087E-02       2.23931E-02       1.03110E-03       2.93865E-04       2.85002E-01       6.38209E-03       5.64731E-03
       2.29087E-02       2.39883E-02       2.34485E-02       1.07960E-03       3.07514E-04       2.84840E-01       6.67908E-03       5.95482E-03
       2.39883E-02       2.51189E-02       2.45536E-02       1.13060E-03       3.21867E-04       2.84687E-01       6.99009E-03       6.27669E-03
       2.51189E-02       2.63027E-02       2.57108E-02       1.18380E-03       3.36934E-04       2.84621E-01       7.31784E-03       6.61362E-03
       2.63027E-02       2.75423E-02       2.69225E-02       1.23960E-03       3.52790E-04       2.84599E-01       7.66212E-03       6.96641E-03
       2.75423E-02       2.88403E-02       2.81913E-02       1.29800E-03       3.70484E-04       2.85427E-01       8.04655E-03       7.33690E-03
       2.88403E-02       3.01995E-02       2.95199E-02       1.35920E-03       3.91791E-04       2.88252E-01       8.50916E-03       7.72869E-03
       3.01995E-02       3.16228E-02       3.09112E-02       1.42330E-03       4.09941E-04       2.88022E-01       8.90308E-03       8.13863E-03
       3.16228E-02       3.31131E-02       3.23680E-02       1.49030E-03       4.29226E-04       2.88013E-01       9.32239E-03       8.56786E-03
       3.31131E-02       3.46737E-02       3.38934E-02       1.56060E-03       4.52113E-04       2.89705E-01       9.81908E-03       9.01997E-03
       3.46737E-02       3.63078E-02       3.54908E-02       1.63410E-03       5.11597E-04       3.13076E-01       1.11113E-02       9.53157E-03
       3.63078E-02       3.80189E-02       3.71633E-02       1.71110E-03       5.63051E-04       3.29058E-01       1.22289E-02       1.00946E-02
       3.80189E-02       3.98107E-02       3.89148E-02       1.79180E-03       5.89972E-04       3.29262E-01       1.28132E-02       1.06846E-02
       3.98107E-02       4.16869E-02       4.07488E-02       1.87620E-03       6.18865E-04       3.29850E-01       1.34410E-02       1.13035E-02
       4.16869E-02       4.36516E-02       4.26693E-02       1.96470E-03       6.61887E-04       3.36889E-01       1.43748E-02       1.19653E-02
       4.36516E-02       4.57088E-02       4.46802E-02       2.05720E-03       6.97139E-04       3.38878E-01       1.51411E-02       1.26625E-02
       4.57088E-02       4.78630E-02       4.67859E-02       2.15420E-03       7.31857E-04       3.39735E-01       1.58948E-02       1.33943E-02
       4.78630E-02       5.01187E-02       4.89908E-02       2.25570E-03       7.75857E-04       3.43954E-01       1.68506E-02       1.41702E-02
       5.01187E-02       5.24808E-02       5.12998E-02       2.36210E-03       8.22347E-04       3.48142E-01       1.78596E-02       1.49925E-02
       5.24808E-02       5.49541E-02       5.37174E-02       2.47330E-03       8.64396E-04       3.49491E-01       1.87737E-02       1.58569E-02
       5.49541E-02       5.75440E-02       5.62491E-02       2.58990E-03       9.22566E-04       3.56217E-01       2.00369E-02       1.67795E-02
       5.75440E-02       6.02560E-02       5.89000E-02       2.71200E-03       9.80879E-04       3.61681E-01       2.13030E-02       1.77604E-02
       6.02560E-02       6.30957E-02       6.16758E-02       2.83970E-03       1.03109E-03       3.63098E-01       2.23944E-02       1.87915E-02
       6.30957E-02       6.60693E-02       6.45825E-02       2.97360E-03       1.08384E-03       3.64488E-01       2.35396E-02       1.98753E-02
       6.60693E-02       6.91831E-02       6.76262E-02       3.11380E-03       1.13999E-03       3.66108E-01       2.47585E-02       2.10153E-02
       6.91831E-02       7.24436E-02       7.08134E-02       3.26050E-03       1.19977E-03       3.67970E-01       2.60572E-02       2.22151E-02
       7.24436E-02       7.58578E-02       7.41507E-02       3.41420E-03       1.26470E-03       3.70425E-01       2.74673E-02       2.34798E-02
       7.58578E-02       7.94328E-02       7.76453E-02       3.57500E-03       1.33602E-03       3.73711E-01       2.90169E-02       2.48158E-02
       7.94328E-02       8.31764E-02       8.13046E-02       3.74360E-03       1.41247E-03       3.77301E-01       3.06763E-02       2.62282E-02
       8.31764E-02       8.70964E-02       8.51364E-02       3.92000E-03       1.49441E-03       3.81228E-01       3.24564E-02       2.77227E-02
       8.70964E-02       9.12011E-02       8.91488E-02       4.10470E-03       1.58271E-03       3.85585E-01       3.43744E-02       2.93054E-02
       9.12011E-02       9.54993E-02       9.33502E-02       4.29820E-03       1.67805E-03       3.90409E-01       3.64447E-02       3.09834E-02
       9.54993E-02       1.00000E-01       9.77497E-02       4.50070E-03       1.78047E-03       3.95597E-01       3.86695E-02       3.27639E-02
       1.00000E-01       1.04713E-01       1.02357E-01       4.71300E-03       1.89054E-03       4.01132E-01       4.10585E-02       3.46544E-02
       1.04713E-01       1.09648E-01       1.07180E-01       4.93500E-03       2.00876E-03       4.07044E-01       4.36272E-02       3.66632E-02
       1.09648E-01       1.14815E-01       1.12231E-01       5.16700E-03       2.13590E-03       4.13373E-01       4.63935E-02       3.87991E-02
       1.14815E-01       1.20226E-01       1.17520E-01       5.41100E-03       2.27160E-03       4.19812E-01       4.93365E-02       4.10707E-02
       1.20226E-01       1.25892E-01       1.23059E-01       5.66600E-03       2.41486E-03       4.26202E-01       5.24480E-02       4.34856E-02
       1.25892E-01       1.31826E-01       1.28859E-01       5.93400E-03       2.56817E-03       4.32789E-01       5.57687E-02       4.60537E-02
       1.31826E-01       1.38038E-01       1.34932E-01       6.21200E-03       2.73229E-03       4.39840E-01       5.93485E-02       4.87860E-02
       1.38038E-01       1.44544E-01       1.41291E-01       6.50600E-03       2.90803E-03       4.46977E-01       6.31539E-02       5.16940E-02
       1.44544E-01       1.51356E-01       1.47950E-01       6.81200E-03       3.09465E-03       4.54293E-01       6.72127E-02       5.47887E-02
       1.51356E-01       1.58489E-01       1.54923E-01       7.13300E-03       3.29157E-03       4.61457E-01       7.14901E-02       5.80803E-02
       1.58489E-01       1.65959E-01       1.62224E-01       7.47000E-03       3.50099E-03       4.68673E-01       7.60300E-02       6.15813E-02
       1.65959E-01       1.73780E-01       1.69869E-01       7.82100E-03       3.74986E-03       4.79461E-01       8.14457E-02       6.53311E-02
       1.73780E-01       1.81970E-01       1.77875E-01       8.19000E-03       4.07950E-03       4.98107E-01       8.86008E-02       6.94106E-02
       1.81970E-01       1.90546E-01       1.86258E-01       8.57600E-03       4.44630E-03       5.18459E-01       9.65671E-02       7.38569E-02
       1.90546E-01       1.99526E-01       1.95036E-01       8.98000E-03       4.84406E-03       5.39427E-01       1.05208E-01       7.87010E-02
       1.99526E-01       2.08930E-01       2.04228E-01       9.40400E-03       5.27493E-03       5.60924E-01       1.14556E-01       8.39759E-02
       2.08930E-01       2.18776E-01       2.13853E-01       9.84600E-03       5.74111E-03       5.83090E-01       1.24696E-01       8.97170E-02
       2.18776E-01       2.29087E-01       2.23931E-01       1.03110E-02       6.24508E-03       6.05672E-01       1.35629E-01       9.59621E-02
       2.29087E-01       2.39883E-01       2.34485E-01       1.07960E-02       6.78392E-03       6.28374E-01       1.47344E-01       1.02746E-01
       2.39883E-01       2.51189E-01       2.45536E-01       1.13060E-02       7.34261E-03       6.49443E-01       1.59462E-01       1.10089E-01
       2.51189E-01       2.63027E-01       2.57108E-01       1.18380E-02       7.94112E-03       6.70816E-01       1.72472E-01       1.18030E-01
       2.63027E-01       2.75423E-01       2.69225E-01       1.23960E-02       8.58482E-03       6.92548E-01       1.86451E-01       1.26615E-01
       2.75423E-01       2.88403E-01       2.81913E-01       1.29800E-02       9.27700E-03       7.14715E-01       2.01487E-01       1.35892E-01
       2.88403E-01       3.01995E-01       2.95199E-01       1.35920E-02       1.00027E-02       7.35928E-01       2.17245E-01       1.45894E-01
       3.01995E-01       3.16228E-01       3.09112E-01       1.42330E-02       1.07668E-02       7.56469E-01       2.33833E-01       1.56661E-01
       3.16228E-01       3.31131E-01       3.23680E-01       1.49030E-02       1.15879E-02       7.77552E-01       2.51678E-01       1.68249E-01
       3.31131E-01       3.46737E-01       3.38934E-01       1.56060E-02       1.24688E-02       7.98974E-01       2.70799E-01       1.80718E-01
       3.46737E-01       3.63078E-01       3.54908E-01       1.63410E-02       1.33802E-02       8.18814E-01       2.90603E-01       1.94098E-01
       3.63078E-01       3.80189E-01       3.71633E-01       1.71110E-02       1.43481E-02       8.38531E-01       3.11626E-01       2.08446E-01
       3.80189E-01       3.98107E-01       3.89148E-01       1.79180E-02       1.53922E-02       8.59033E-01       3.34291E-01       2.23838E-01
       3.98107E-01       4.16869E-01       4.07488E-01       1.87620E-02       1.65213E-02       8.80572E-01       3.58823E-01       2.40360E-01
       4.16869E-01       4.36516E-01       4.26692E-01       1.96470E-02       1.77460E-02       9.03243E-01       3.85407E-01       2.58106E-01
       4.36516E-01       4.57088E-01       4.46802E-01       2.05720E-02       1.90785E-02       9.27403E-01       4.14365E-01       2.77184E-01
       4.57088E-01       4.78630E-01       4.67859E-01       2.15420E-02       2.05344E-02       9.53226E-01       4.45975E-01       2.97719E-01
       4.78630E-01       5.01187E-01       4.89909E-01       2.25570E-02       2.21281E-02       9.80988E-01       4.80594E-01       3.19847E-01
       5.01187E-01       5.24808E-01       5.12998E-01       2.36210E-02       2.43632E-02       1.03142E+00       5.29116E-01       3.44210E-01
       5.24808E-01       5.49541E-01       5.37174E-01       2.47330E-02       3.12846E-02       1.26489E+00       6.79468E-01       3.75494E-01
       5.49541E-01       5.75440E-01       5.62490E-01       2.58990E-02       2.57294E-02       9.93452E-01       5.58808E-01       4.01224E-01
       5.75440E-01       6.02560E-01       5.89000E-01       2.71200E-02       2.55721E-02       9.42924E-01       5.55382E-01       4.26796E-01
       6.02560E-01       6.30957E-01       6.16758E-01       2.83970E-02       2.54690E-02       8.96892E-01       5.53166E-01       4.52265E-01
       6.30957E-01       6.60693E-01       6.45825E-01       2.97360E-02       2.54398E-02       8.55523E-01       5.52518E-01       4.77705E-01
       6.60693E-01       6.91831E-01       6.76262E-01       3.11380E-02       2.53856E-02       8.15262E-01       5.51331E-01       5.03090E-01
       6.91831E-01       7.24436E-01       7.08133E-01       3.26050E-02       2.53311E-02       7.76909E-01       5.50156E-01       5.28422E-01
       7.24436E-01       7.58578E-01       7.41507E-01       3.41420E-02       2.51899E-02       7.37799E-01       5.47083E-01       5.53612E-01
       7.58578E-01       7.94328E-01       7.76453E-01       3.57500E-02       2.49394E-02       6.97606E-01       5.41658E-01       5.78551E-01
       7.94328E-01       8.31764E-01       8.13046E-01       3.74360E-02       2.45568E-02       6.55968E-01       5.33332E-01       6.03108E-01
       8.31764E-01       8.70964E-01       8.51364E-01       3.92000E-02       2.40138E-02       6.12598E-01       5.21544E-01       6.27122E-01
       8.70964E-01       9.12011E-01       8.91487E-01       4.10470E-02       2.33254E-02       5.68262E-01       5.06598E-01       6.50447E-01
       9.12011E-01       9.54993E-01       9.33502E-01       4.29820E-02       2.25831E-02       5.25409E-01       4.90471E-01       6.73030E-01
       9.54993E-01       1.00000E+00       9.77497E-01       4.50070E-02       2.16144E-02       4.80244E-01       4.69437E-01       6.94645E-01
       1.00000E+00       1.04713E+00       1.02357E+00       4.71300E-02       2.03591E-02       4.31978E-01       4.42157E-01       7.15004E-01
       1.04713E+00       1.09648E+00       1.07181E+00       4.93500E-02       1.87693E-02       3.80330E-01       4.07640E-01       7.33773E-01
       1.09648E+00       1.14815E+00       1.12231E+00       5.16700E-02       1.76175E-02       3.40962E-01       3.82666E-01       7.51390E-01
       1.14815E+00       1.20226E+00       1.17520E+00       5.41100E-02       1.75102E-02       3.23603E-01       3.80300E-01       7.68901E-01
       1.20226E+00       1.25892E+00       1.23059E+00       5.66600E-02       1.73017E-02       3.05361E-01       3.75774E-01       7.86202E-01
       1.25892E+00       1.31826E+00       1.28859E+00       5.93400E-02       1.69745E-02       2.86056E-01       3.68609E-01       8.03177E-01
       1.31826E+00       1.38038E+00       1.34932E+00       6.21200E-02       1.65688E-02       2.66722E-01       3.59893E-01       8.19746E-01
       1.38038E+00       1.44544E+00       1.41291E+00       6.50600E-02       1.63225E-02       2.50884E-01       3.54476E-01       8.36068E-01
       1.44544E+00       1.51356E+00       1.47950E+00       6.81200E-02       1.65226E-02       2.42552E-01       3.58855E-01       8.52591E-01
       1.51356E+00       1.58489E+00       1.54923E+00       7.13300E-02       1.63034E-02       2.28562E-01       3.54095E-01       8.68894E-01
       1.58489E+00       1.65959E+00       1.62224E+00       7.47000E-02       1.55764E-02       2.08520E-01       3.38269E-01       8.84471E-01
       1.65959E+00       1.73780E+00       1.69869E+00       7.82100E-02       1.49797E-02       1.91532E-01       3.25355E-01       8.99450E-01
       1.73780E+00       1.81970E+00       1.77875E+00       8.19000E-02       1.53641E-02       1.87595E-01       3.33685E-01       9.14814E-01
       1.81970E+00       1.90546E+00       1.86258E+00       8.57600E-02       1.45449E-02       1.69600E-01       3.15894E-01       9.29359E-01
       1.90546E+00       1.99526E+00       1.95036E+00       8.98000E-02       1.17965E-02       1.31364E-01       2.56207E-01       9.41156E-01
       1.99526E+00       2.08930E+00       2.04228E+00       9.40400E-02       7.72136E-03       8.21072E-02       1.67686E-01       9.48877E-01
       2.08930E+00       2.18776E+00       2.13853E+00       9.84600E-02       6.99170E-03       7.10105E-02       1.51858E-01       9.55869E-01
       2.18776E+00       2.29087E+00       2.23932E+00       1.03110E-01       6.43442E-03       6.24035E-02       1.39741E-01       9.62303E-01
       2.29087E+00       2.39883E+00       2.34485E+00       1.07960E-01       5.84981E-03       5.41850E-02       1.27056E-01       9.68153E-01
       2.39883E+00       2.51189E+00       2.45536E+00       1.13060E-01       5.24719E-03       4.64107E-02       1.13955E-01       9.73400E-01
       2.51189E+00       2.63027E+00       2.57108E+00       1.18380E-01       4.68375E-03       3.95654E-02       1.01726E-01       9.78084E-01
       2.63027E+00       2.75423E+00       2.69225E+00       1.23960E-01       4.13122E-03       3.33270E-02       8.97247E-02       9.82215E-01
       2.75423E+00       2.88403E+00       2.81913E+00       1.29800E-01       3.63470E-03       2.80023E-02       7.89421E-02       9.85850E-01
       2.88403E+00       3.01995E+00       2.95199E+00       1.35920E-01       3.16551E-03       2.32895E-02       6.87505E-02       9.89015E-01
       3.01995E+00       3.16228E+00       3.09111E+00       1.42330E-01       2.70557E-03       1.90092E-02       5.87595E-02       9.91721E-01
       3.16228E+00       3.31131E+00       3.23679E+00       1.49030E-01       2.24964E-03       1.50952E-02       4.88602E-02       9.93971E-01
       3.31131E+00       3.46737E+00       3.38934E+00       1.56060E-01       1.80702E-03       1.15790E-02       3.92451E-02       9.95778E-01
       3.46737E+00       3.63078E+00       3.54908E+00       1.63410E-01       1.40881E-03       8.62132E-03       3.05977E-02       9.97186E-01
       3.63078E+00       3.80189E+00       3.71633E+00       1.71110E-01       1.06885E-03       6.24656E-03       2.32143E-02       9.98255E-01
       3.80189E+00       3.98107E+00       3.89148E+00       1.79180E-01       7.82730E-04       4.36840E-03       1.69995E-02       9.99038E-01
       3.98107E+00       4.16869E+00       4.07488E+00       1.87620E-01       5.33056E-04       2.84115E-03       1.15773E-02       9.99571E-01
       4.16869E+00       4.36516E+00       4.26692E+00       1.96470E-01       3.17498E-04       1.61601E-03       6.89540E-03       9.99888E-01
       4.36516E+00       4.57088E+00       4.46802E+00       2.05720E-01       1.11369E-04       5.41364E-04       2.41882E-03       1.00000E+00

 Sum =                                                                         1.00000E+00
 Renormalization bin#   955 =                                                  3.66550E-01 barn        1.58000E+07        1.60000E+07        1.59000E+07
 Avg. Energy     bin#   955 =                                                  8.64029E-01 MeV         1.58000E+07        1.60000E+07
