"        MT= 91 recoil spectrum "
" Initial neutron energy corresponds to the group:"
   1.30000E+01    1.32000E+01       0.00000E+00           245           894           650



          Low               High              Mid              Energy           Number             dn/de            E*dn/de          Cumulative
         Energy            Energy            Energy             Width          Fraction                               Sum   
         [MeV]             [MeV]             [MeV]              [MeV]

       7.25000E-07       7.50000E-07       7.37500E-07       2.50000E-08       0.00000E+00       0.00000E+00       0.00000E+00       0.00000E+00
       7.50000E-07       7.75000E-07       7.62500E-07       2.50000E-08       2.29875E-12       9.19503E-05       7.01121E-11       2.29875E-12
       7.75000E-07       8.00000E-07       7.87500E-07       2.50000E-08       2.37403E-12       9.49612E-05       7.47820E-11       4.67279E-12
       8.00000E-07       8.25000E-07       8.12500E-07       2.50000E-08       2.44954E-12       9.79817E-05       7.96101E-11       7.12233E-12
       8.25000E-07       8.50000E-07       8.37500E-07       2.50000E-08       2.52482E-12       1.00993E-04       8.45814E-11       9.64715E-12
       8.50000E-07       8.75000E-07       8.62500E-07       2.50000E-08       2.60033E-12       1.04013E-04       8.97114E-11       1.22475E-11
       8.75000E-07       9.00000E-07       8.87500E-07       2.50000E-08       2.67561E-12       1.07024E-04       9.49841E-11       1.49231E-11
       9.00000E-07       9.25000E-07       9.12500E-07       2.50000E-08       2.75089E-12       1.10035E-04       1.00407E-10       1.76740E-11
       9.25000E-07       9.50000E-07       9.37500E-07       2.50000E-08       2.82639E-12       1.13056E-04       1.05990E-10       2.05004E-11
       9.50000E-07       9.75000E-07       9.62500E-07       2.50000E-08       2.90167E-12       1.16067E-04       1.11714E-10       2.34020E-11
       9.75000E-07       1.00000E-06       9.87500E-07       2.50000E-08       2.97718E-12       1.19087E-04       1.17599E-10       2.63792E-11
       1.00000E-06       1.02500E-06       1.01250E-06       2.50000E-08       3.05246E-12       1.22098E-04       1.23625E-10       2.94317E-11
       1.02500E-06       1.05000E-06       1.03750E-06       2.50000E-08       3.12774E-12       1.25110E-04       1.29801E-10       3.25594E-11
       1.05000E-06       1.07500E-06       1.06250E-06       2.50001E-08       3.20325E-12       1.28129E-04       1.36137E-10       3.57627E-11
       1.07500E-06       1.10000E-06       1.08750E-06       2.50000E-08       3.27852E-12       1.31141E-04       1.42616E-10       3.90412E-11
       1.10000E-06       1.12500E-06       1.11250E-06       2.50000E-08       3.35403E-12       1.34161E-04       1.49255E-10       4.23952E-11
       1.12500E-06       1.15000E-06       1.13750E-06       2.50000E-08       3.42931E-12       1.37173E-04       1.56034E-10       4.58245E-11
       1.15000E-06       1.17500E-06       1.16250E-06       2.50000E-08       3.50459E-12       1.40184E-04       1.62964E-10       4.93291E-11
       1.17500E-06       1.20000E-06       1.18750E-06       2.50001E-08       3.58010E-12       1.43203E-04       1.70054E-10       5.29092E-11
       1.20000E-06       1.22500E-06       1.21250E-06       2.50000E-08       3.65538E-12       1.46215E-04       1.77286E-10       5.65646E-11
       1.22500E-06       1.25000E-06       1.23750E-06       2.50000E-08       3.73088E-12       1.49236E-04       1.84679E-10       6.02955E-11
       1.25000E-06       1.27500E-06       1.26250E-06       2.50000E-08       3.80616E-12       1.52247E-04       1.92211E-10       6.41016E-11
       1.27500E-06       1.30000E-06       1.28750E-06       2.50000E-08       3.88144E-12       1.55258E-04       1.99895E-10       6.79831E-11
       1.30000E-06       1.32500E-06       1.31250E-06       2.50001E-08       3.95695E-12       1.58277E-04       2.07739E-10       7.19400E-11
       1.32500E-06       1.35000E-06       1.33750E-06       2.50000E-08       4.03223E-12       1.61289E-04       2.15725E-10       7.59723E-11
       1.35000E-06       1.37500E-06       1.36250E-06       2.50000E-08       4.10774E-12       1.64310E-04       2.23872E-10       8.00800E-11
       1.37500E-06       1.40000E-06       1.38750E-06       2.50000E-08       4.18302E-12       1.67321E-04       2.32158E-10       8.42630E-11
       1.40000E-06       1.42500E-06       1.41250E-06       2.50000E-08       4.25830E-12       1.70332E-04       2.40594E-10       8.85213E-11
       1.42500E-06       1.45000E-06       1.43750E-06       2.50001E-08       4.33380E-12       1.73351E-04       2.49193E-10       9.28551E-11
       1.45000E-06       1.47500E-06       1.46250E-06       2.50000E-08       4.40908E-12       1.76363E-04       2.57932E-10       9.72642E-11
       1.47500E-06       1.50000E-06       1.48750E-06       2.50000E-08       4.48436E-12       1.79375E-04       2.66820E-10       1.01749E-10
       1.50000E-06       1.52500E-06       1.51250E-06       2.50000E-08       4.55987E-12       1.82395E-04       2.75872E-10       1.06308E-10
       1.52500E-06       1.55000E-06       1.53750E-06       2.50000E-08       4.63515E-12       1.85406E-04       2.85062E-10       1.10944E-10
       1.55000E-06       1.57500E-06       1.56250E-06       2.50001E-08       4.71065E-12       1.88425E-04       2.94415E-10       1.15654E-10
       1.57500E-06       1.60000E-06       1.58750E-06       2.50000E-08       4.78593E-12       1.91438E-04       3.03907E-10       1.20440E-10
       1.60000E-06       1.62500E-06       1.61250E-06       2.50000E-08       4.86121E-12       1.94449E-04       3.13549E-10       1.25301E-10
       1.62500E-06       1.65000E-06       1.63750E-06       2.50000E-08       4.93672E-12       1.97469E-04       3.23356E-10       1.30238E-10
       1.65000E-06       1.67500E-06       1.66250E-06       2.50000E-08       5.01200E-12       2.00480E-04       3.33298E-10       1.35250E-10
       1.67500E-06       1.70000E-06       1.68750E-06       2.50001E-08       5.08751E-12       2.03500E-04       3.43405E-10       1.40338E-10
       1.70000E-06       1.72500E-06       1.71250E-06       2.50000E-08       5.16279E-12       2.06512E-04       3.53651E-10       1.45500E-10
       1.72500E-06       1.75000E-06       1.73750E-06       2.50000E-08       5.23807E-12       2.09523E-04       3.64046E-10       1.50738E-10
       1.75000E-06       1.77500E-06       1.76250E-06       2.50000E-08       5.31357E-12       2.12543E-04       3.74607E-10       1.56052E-10
       1.77500E-06       1.80000E-06       1.78750E-06       2.50000E-08       5.38885E-12       2.15554E-04       3.85303E-10       1.61441E-10
       1.80000E-06       1.82500E-06       1.81250E-06       2.50001E-08       5.46436E-12       2.18574E-04       3.96165E-10       1.66905E-10
       1.82500E-06       1.85000E-06       1.83750E-06       2.50000E-08       5.53964E-12       2.21586E-04       4.07164E-10       1.72445E-10
       1.85000E-06       1.87500E-06       1.86250E-06       2.50000E-08       5.61492E-12       2.24597E-04       4.18312E-10       1.78060E-10
       1.87500E-06       1.90000E-06       1.88750E-06       2.50000E-08       5.69043E-12       2.27617E-04       4.29628E-10       1.83750E-10
       1.90000E-06       1.92500E-06       1.91250E-06       2.50000E-08       5.76571E-12       2.30628E-04       4.41077E-10       1.89516E-10
       1.92500E-06       1.95000E-06       1.93750E-06       2.50001E-08       5.84121E-12       2.33648E-04       4.52692E-10       1.95357E-10
       1.95000E-06       1.97500E-06       1.96250E-06       2.50000E-08       5.91649E-12       2.36660E-04       4.64445E-10       2.01274E-10
       1.97500E-06       2.00000E-06       1.98750E-06       2.50000E-08       5.99177E-12       2.39671E-04       4.76346E-10       2.07265E-10
       2.00000E-06       2.02500E-06       2.01250E-06       2.50001E-08       6.06728E-12       2.42690E-04       4.88414E-10       2.13333E-10
       2.02500E-06       2.05000E-06       2.03750E-06       2.49999E-08       6.14256E-12       2.45704E-04       5.00621E-10       2.19475E-10
       2.05000E-06       2.07500E-06       2.06250E-06       2.50001E-08       6.21806E-12       2.48722E-04       5.12988E-10       2.25693E-10
       2.07500E-06       2.10000E-06       2.08750E-06       2.49999E-08       6.29334E-12       2.51735E-04       5.25497E-10       2.31987E-10
       2.10000E-06       2.12500E-06       2.11250E-06       2.50001E-08       6.36862E-12       2.54744E-04       5.38147E-10       2.38355E-10
       2.12500E-06       2.15000E-06       2.13750E-06       2.50001E-08       6.44413E-12       2.57764E-04       5.50971E-10       2.44799E-10
       2.15000E-06       2.17500E-06       2.16250E-06       2.49999E-08       6.51941E-12       2.60778E-04       5.63932E-10       2.51319E-10
       2.17500E-06       2.20000E-06       2.18750E-06       2.50001E-08       6.59492E-12       2.63796E-04       5.77053E-10       2.57914E-10
       2.20000E-06       2.22500E-06       2.21250E-06       2.49999E-08       6.67020E-12       2.66809E-04       5.90316E-10       2.64584E-10
       2.22500E-06       2.25000E-06       2.23750E-06       2.50001E-08       6.74548E-12       2.69818E-04       6.03718E-10       2.71329E-10
       2.25000E-06       2.27500E-06       2.26250E-06       2.50001E-08       6.82098E-12       2.72838E-04       6.17297E-10       2.78150E-10
       2.27500E-06       2.30000E-06       2.28750E-06       2.49999E-08       6.89626E-12       2.75852E-04       6.31012E-10       2.85047E-10
       2.30000E-06       2.32500E-06       2.31250E-06       2.50001E-08       6.97177E-12       2.78870E-04       6.44886E-10       2.92018E-10
       2.32500E-06       2.35000E-06       2.33750E-06       2.49999E-08       7.04705E-12       2.81884E-04       6.58903E-10       2.99065E-10
       2.35000E-06       2.37500E-06       2.36250E-06       2.50001E-08       7.12233E-12       2.84892E-04       6.73057E-10       3.06188E-10
       2.37500E-06       2.40000E-06       2.38750E-06       2.50001E-08       7.19783E-12       2.87912E-04       6.87391E-10       3.13386E-10
       2.40000E-06       2.42500E-06       2.41250E-06       2.49999E-08       7.27312E-12       2.90926E-04       7.01860E-10       3.20659E-10
       2.42500E-06       2.45000E-06       2.43750E-06       2.50001E-08       7.34839E-12       2.93935E-04       7.16466E-10       3.28007E-10
       2.45000E-06       2.47500E-06       2.46250E-06       2.49999E-08       7.42390E-12       2.96958E-04       7.31258E-10       3.35431E-10
       2.47500E-06       2.50000E-06       2.48750E-06       2.50001E-08       7.49918E-12       2.99966E-04       7.46166E-10       3.42930E-10
       2.50000E-06       2.52500E-06       2.51250E-06       2.50001E-08       7.57469E-12       3.02986E-04       7.61253E-10       3.50505E-10
       2.52500E-06       2.55000E-06       2.53750E-06       2.49999E-08       7.64997E-12       3.06000E-04       7.76476E-10       3.58155E-10
       2.55000E-06       2.57500E-06       2.56250E-06       2.50001E-08       7.72525E-12       3.09009E-04       7.91835E-10       3.65880E-10
       2.57500E-06       2.60000E-06       2.58750E-06       2.49999E-08       7.80075E-12       3.12032E-04       8.07383E-10       3.73681E-10
       2.60000E-06       2.62500E-06       2.61250E-06       2.50001E-08       7.87603E-12       3.15040E-04       8.23042E-10       3.81557E-10
       2.62500E-06       2.65000E-06       2.63750E-06       2.50001E-08       7.95154E-12       3.18060E-04       8.38884E-10       3.89508E-10
       2.65000E-06       2.67500E-06       2.66250E-06       2.49999E-08       8.02682E-12       3.21075E-04       8.54861E-10       3.97535E-10
       2.67500E-06       2.70000E-06       2.68750E-06       2.50001E-08       8.10210E-12       3.24083E-04       8.70972E-10       4.05637E-10
       2.70000E-06       2.72500E-06       2.71250E-06       2.49999E-08       8.17761E-12       3.27106E-04       8.87275E-10       4.13815E-10
       2.72500E-06       2.75000E-06       2.73750E-06       2.50001E-08       8.25289E-12       3.30114E-04       9.03688E-10       4.22068E-10
       2.75000E-06       2.77500E-06       2.76250E-06       2.50001E-08       8.32839E-12       3.33134E-04       9.20284E-10       4.30396E-10
       2.77500E-06       2.80000E-06       2.78750E-06       2.49999E-08       8.40367E-12       3.36149E-04       9.37015E-10       4.38800E-10
       2.80000E-06       2.82500E-06       2.81250E-06       2.50001E-08       8.47895E-12       3.39157E-04       9.53878E-10       4.47279E-10
       2.82500E-06       2.85000E-06       2.83750E-06       2.49999E-08       8.55446E-12       3.42180E-04       9.70937E-10       4.55833E-10
       2.85000E-06       2.87500E-06       2.86250E-06       2.50001E-08       8.62974E-12       3.45188E-04       9.88101E-10       4.64463E-10
       2.87500E-06       2.90000E-06       2.88750E-06       2.50001E-08       8.70524E-12       3.48208E-04       1.00545E-09       4.73168E-10
       2.90000E-06       2.92500E-06       2.91250E-06       2.49999E-08       8.78052E-12       3.51223E-04       1.02294E-09       4.81949E-10
       2.92500E-06       2.95000E-06       2.93750E-06       2.50001E-08       8.85580E-12       3.54231E-04       1.04055E-09       4.90805E-10
       2.95000E-06       2.97500E-06       2.96250E-06       2.49999E-08       8.93131E-12       3.57254E-04       1.05837E-09       4.99736E-10
       2.97500E-06       3.00000E-06       2.98750E-06       2.50001E-08       9.00659E-12       3.60262E-04       1.07628E-09       5.08742E-10
       3.00000E-06       3.02500E-06       3.01250E-06       2.50001E-08       9.08210E-12       3.63282E-04       1.09439E-09       5.17825E-10
       3.02500E-06       3.05000E-06       3.03750E-06       2.49999E-08       9.15738E-12       3.66297E-04       1.11263E-09       5.26982E-10
       3.05000E-06       3.07500E-06       3.06250E-06       2.50001E-08       9.23266E-12       3.69305E-04       1.13100E-09       5.36215E-10
       3.07500E-06       3.10000E-06       3.08750E-06       2.49999E-08       9.30816E-12       3.72329E-04       1.14956E-09       5.45523E-10
       3.10000E-06       3.12500E-06       3.11250E-06       2.50001E-08       9.38344E-12       3.75336E-04       1.16823E-09       5.54906E-10
       3.12500E-06       3.15000E-06       3.13750E-06       2.50001E-08       9.45895E-12       3.78356E-04       1.18709E-09       5.64365E-10
       3.15000E-06       3.17500E-06       3.16250E-06       2.49999E-08       9.53423E-12       3.81371E-04       1.20609E-09       5.73899E-10
       3.17500E-06       3.20000E-06       3.18750E-06       2.50001E-08       9.60951E-12       3.84379E-04       1.22521E-09       5.83509E-10
       3.20000E-06       3.22500E-06       3.21250E-06       2.49999E-08       9.68501E-12       3.87403E-04       1.24453E-09       5.93194E-10
       3.22500E-06       3.25000E-06       3.23750E-06       2.50001E-08       9.76030E-12       3.90410E-04       1.26395E-09       6.02954E-10
       3.25000E-06       3.27500E-06       3.26250E-06       2.50001E-08       9.83580E-12       3.93431E-04       1.28357E-09       6.12790E-10
       3.27500E-06       3.30000E-06       3.28750E-06       2.49999E-08       9.91108E-12       3.96446E-04       1.30331E-09       6.22701E-10
       3.30000E-06       3.32500E-06       3.31250E-06       2.50001E-08       9.98636E-12       3.99453E-04       1.32319E-09       6.32688E-10
       3.32500E-06       3.35000E-06       3.33750E-06       2.49999E-08       1.00619E-11       4.02477E-04       1.34327E-09       6.42749E-10
       3.35000E-06       3.37500E-06       3.36250E-06       2.50001E-08       1.01371E-11       4.05484E-04       1.36344E-09       6.52887E-10
       3.37500E-06       3.40000E-06       3.38750E-06       2.50001E-08       1.02124E-11       4.08496E-04       1.38378E-09       6.63099E-10
       3.40000E-06       3.42500E-06       3.41250E-06       2.49999E-08       1.02879E-11       4.11520E-04       1.40431E-09       6.73387E-10
       3.42500E-06       3.45000E-06       3.43750E-06       2.50001E-08       1.03632E-11       4.14527E-04       1.42494E-09       6.83750E-10
       3.45000E-06       3.47500E-06       3.46250E-06       2.49999E-08       1.04387E-11       4.17551E-04       1.44577E-09       6.94189E-10
       3.47500E-06       3.50000E-06       3.48750E-06       2.50001E-08       1.05140E-11       4.20558E-04       1.46670E-09       7.04703E-10
       3.50000E-06       3.52500E-06       3.51250E-06       2.50001E-08       1.05893E-11       4.23570E-04       1.48779E-09       7.15292E-10
       3.52500E-06       3.55000E-06       3.53750E-06       2.49999E-08       1.06648E-11       4.26594E-04       1.50908E-09       7.25957E-10
       3.55000E-06       3.57500E-06       3.56250E-06       2.50001E-08       1.07401E-11       4.29601E-04       1.53045E-09       7.36697E-10
       3.57500E-06       3.60000E-06       3.58750E-06       2.49999E-08       1.08156E-11       4.32625E-04       1.55204E-09       7.47513E-10
       3.60000E-06       3.62500E-06       3.61250E-06       2.50001E-08       1.08909E-11       4.35632E-04       1.57372E-09       7.58403E-10
       3.62500E-06       3.65000E-06       3.63750E-06       2.50001E-08       1.09661E-11       4.38644E-04       1.59557E-09       7.69370E-10
       3.65000E-06       3.67500E-06       3.66250E-06       2.49999E-08       1.10416E-11       4.41668E-04       1.61761E-09       7.80411E-10
       3.67500E-06       3.70000E-06       3.68750E-06       2.50001E-08       1.11169E-11       4.44675E-04       1.63974E-09       7.91528E-10
       3.70000E-06       3.72500E-06       3.71250E-06       2.49999E-08       1.11924E-11       4.47700E-04       1.66208E-09       8.02721E-10
       3.72500E-06       3.75000E-06       3.73750E-06       2.50001E-08       1.12677E-11       4.50706E-04       1.68452E-09       8.13988E-10
       3.75000E-06       3.77500E-06       3.76250E-06       2.50001E-08       1.13430E-11       4.53718E-04       1.70711E-09       8.25331E-10
       3.77500E-06       3.80000E-06       3.78750E-06       2.49999E-08       1.14185E-11       4.56742E-04       1.72991E-09       8.36750E-10
       3.80000E-06       3.82500E-06       3.81250E-06       2.50001E-08       1.14938E-11       4.59749E-04       1.75279E-09       8.48243E-10
       3.82500E-06       3.85000E-06       3.83750E-06       2.49999E-08       1.15693E-11       4.62774E-04       1.77589E-09       8.59813E-10
       3.85000E-06       3.87500E-06       3.86250E-06       2.50001E-08       1.16446E-11       4.65780E-04       1.79908E-09       8.71457E-10
       3.87500E-06       3.90000E-06       3.88750E-06       2.50001E-08       1.17198E-11       4.68792E-04       1.82243E-09       8.83177E-10
       3.90000E-06       3.92500E-06       3.91250E-06       2.49999E-08       1.17953E-11       4.71816E-04       1.84598E-09       8.94972E-10
       3.92500E-06       3.95000E-06       3.93750E-06       2.50001E-08       1.18706E-11       4.74823E-04       1.86962E-09       9.06843E-10
       3.95000E-06       3.97500E-06       3.96250E-06       2.49999E-08       1.19461E-11       4.77848E-04       1.89347E-09       9.18789E-10
       3.97500E-06       4.00000E-06       3.98750E-06       2.50001E-08       1.20214E-11       4.80855E-04       1.91741E-09       9.30811E-10
       4.00000E-06       4.02500E-06       4.01250E-06       2.50001E-08       1.20967E-11       4.83866E-04       1.94151E-09       9.42907E-10
       4.02500E-06       4.05000E-06       4.03750E-06       2.50001E-08       1.21722E-11       4.86886E-04       1.96580E-09       9.55079E-10
       4.05000E-06       4.07500E-06       4.06250E-06       2.49996E-08       1.22475E-11       4.89907E-04       1.99025E-09       9.67327E-10
       4.07500E-06       4.10000E-06       4.08750E-06       2.50001E-08       1.23230E-11       4.92917E-04       2.01480E-09       9.79650E-10
       4.10000E-06       4.12500E-06       4.11250E-06       2.50001E-08       1.23983E-11       4.95929E-04       2.03951E-09       9.92048E-10
       4.12500E-06       4.15000E-06       4.13750E-06       2.50001E-08       1.24735E-11       4.98940E-04       2.06436E-09       1.00452E-09
       4.15000E-06       4.17500E-06       4.16250E-06       2.50001E-08       1.25490E-11       5.01960E-04       2.08941E-09       1.01707E-09
       4.17500E-06       4.20000E-06       4.18750E-06       2.49996E-08       1.26243E-11       5.04981E-04       2.11461E-09       1.02970E-09
       4.20000E-06       4.22500E-06       4.21250E-06       2.50001E-08       1.26998E-11       5.07991E-04       2.13991E-09       1.04240E-09
       4.22500E-06       4.25000E-06       4.23750E-06       2.50001E-08       1.27751E-11       5.11003E-04       2.16537E-09       1.05517E-09
       4.25000E-06       4.27500E-06       4.26250E-06       2.50001E-08       1.28504E-11       5.14014E-04       2.19098E-09       1.06802E-09
       4.27500E-06       4.30000E-06       4.28750E-06       2.50001E-08       1.29259E-11       5.17034E-04       2.21678E-09       1.08095E-09
       4.30000E-06       4.32500E-06       4.31250E-06       2.49996E-08       1.30012E-11       5.20055E-04       2.24274E-09       1.09395E-09
       4.32500E-06       4.35000E-06       4.33750E-06       2.50001E-08       1.30765E-11       5.23056E-04       2.26876E-09       1.10702E-09
       4.35000E-06       4.37500E-06       4.36250E-06       2.50001E-08       1.31520E-11       5.26077E-04       2.29501E-09       1.12018E-09
       4.37500E-06       4.40000E-06       4.38750E-06       2.50001E-08       1.32272E-11       5.29088E-04       2.32137E-09       1.13340E-09
       4.40000E-06       4.42500E-06       4.41250E-06       2.50001E-08       1.33028E-11       5.32108E-04       2.34793E-09       1.14671E-09
       4.42500E-06       4.45000E-06       4.43750E-06       2.49996E-08       1.33780E-11       5.35130E-04       2.37464E-09       1.16008E-09
       4.45000E-06       4.47500E-06       4.46250E-06       2.50001E-08       1.34533E-11       5.38130E-04       2.40141E-09       1.17354E-09
       4.47500E-06       4.50000E-06       4.48750E-06       2.50001E-08       1.35288E-11       5.41151E-04       2.42841E-09       1.18707E-09
       4.50000E-06       4.52500E-06       4.51250E-06       2.50001E-08       1.36041E-11       5.44162E-04       2.45553E-09       1.20067E-09
       4.52500E-06       4.55000E-06       4.53750E-06       2.50001E-08       1.36796E-11       5.47182E-04       2.48284E-09       1.21435E-09
       4.55000E-06       4.57500E-06       4.56250E-06       2.49996E-08       1.37549E-11       5.50204E-04       2.51030E-09       1.22810E-09
       4.57500E-06       4.60000E-06       4.58750E-06       2.50001E-08       1.38302E-11       5.53204E-04       2.53783E-09       1.24193E-09
       4.60000E-06       4.62500E-06       4.61250E-06       2.50001E-08       1.39057E-11       5.56225E-04       2.56559E-09       1.25584E-09
       4.62500E-06       4.65000E-06       4.63750E-06       2.50001E-08       1.39810E-11       5.59236E-04       2.59346E-09       1.26982E-09
       4.65000E-06       4.67500E-06       4.66250E-06       2.50001E-08       1.40565E-11       5.62256E-04       2.62152E-09       1.28388E-09
       4.67500E-06       4.70000E-06       4.68750E-06       2.49996E-08       1.41317E-11       5.65278E-04       2.64974E-09       1.29801E-09
       4.70000E-06       4.72500E-06       4.71250E-06       2.50001E-08       1.42070E-11       5.68279E-04       2.67801E-09       1.31222E-09
       4.72500E-06       4.75000E-06       4.73750E-06       2.50001E-08       1.42825E-11       5.71299E-04       2.70653E-09       1.32650E-09
       4.75000E-06       4.77500E-06       4.76250E-06       2.50001E-08       1.43578E-11       5.74310E-04       2.73515E-09       1.34086E-09
       4.77500E-06       4.80000E-06       4.78750E-06       2.50001E-08       1.44333E-11       5.77330E-04       2.76397E-09       1.35529E-09
       4.80000E-06       4.82500E-06       4.81250E-06       2.49996E-08       1.45086E-11       5.80352E-04       2.79295E-09       1.36980E-09
       4.82500E-06       4.85000E-06       4.83750E-06       2.50001E-08       1.45839E-11       5.83353E-04       2.82197E-09       1.38438E-09
       4.85000E-06       4.87500E-06       4.86250E-06       2.50001E-08       1.46594E-11       5.86373E-04       2.85124E-09       1.39904E-09
       4.87500E-06       4.90000E-06       4.88750E-06       2.50001E-08       1.47347E-11       5.89384E-04       2.88061E-09       1.41378E-09
       4.90000E-06       4.92500E-06       4.91250E-06       2.50001E-08       1.48102E-11       5.92404E-04       2.91019E-09       1.42859E-09
       4.92500E-06       4.95000E-06       4.93750E-06       2.49996E-08       1.48854E-11       5.95427E-04       2.93992E-09       1.44347E-09
       4.95000E-06       4.97500E-06       4.96250E-06       2.50001E-08       1.49607E-11       5.98427E-04       2.96969E-09       1.45843E-09
       4.97500E-06       5.00000E-06       4.98750E-06       2.50001E-08       1.50362E-11       6.01447E-04       2.99972E-09       1.47347E-09
       5.00000E-06       5.02500E-06       5.01250E-06       2.50001E-08       1.51115E-11       6.04458E-04       3.02985E-09       1.48858E-09
       5.02500E-06       5.05000E-06       5.03750E-06       2.50001E-08       1.51870E-11       6.07478E-04       3.06017E-09       1.50377E-09
       5.05000E-06       5.07500E-06       5.06250E-06       2.49996E-08       1.52623E-11       6.10501E-04       3.09066E-09       1.51903E-09
       5.07500E-06       5.10000E-06       5.08750E-06       2.50001E-08       1.53376E-11       6.13501E-04       3.12118E-09       1.53437E-09
       5.10000E-06       5.12500E-06       5.11250E-06       2.50001E-08       1.54131E-11       6.16521E-04       3.15196E-09       1.54978E-09
       5.12500E-06       5.15000E-06       5.13750E-06       2.50001E-08       1.54884E-11       6.19532E-04       3.18285E-09       1.56527E-09
       5.15000E-06       5.17500E-06       5.16250E-06       2.50001E-08       1.55639E-11       6.22552E-04       3.21393E-09       1.58083E-09
       5.17500E-06       5.20000E-06       5.18750E-06       2.49996E-08       1.56391E-11       6.25575E-04       3.24517E-09       1.59647E-09
       5.20000E-06       5.22500E-06       5.21250E-06       2.50001E-08       1.57144E-11       6.28575E-04       3.27645E-09       1.61219E-09
       5.22500E-06       5.25000E-06       5.23750E-06       2.50001E-08       1.57899E-11       6.31595E-04       3.30798E-09       1.62798E-09
       5.25000E-06       5.27500E-06       5.26250E-06       2.50001E-08       1.58652E-11       6.34606E-04       3.33961E-09       1.64384E-09
       5.27500E-06       5.30000E-06       5.28750E-06       2.50001E-08       1.59405E-11       6.37617E-04       3.37140E-09       1.65978E-09
       5.30000E-06       5.32500E-06       5.31250E-06       2.49996E-08       1.60160E-11       6.40650E-04       3.40345E-09       1.67580E-09
       5.32500E-06       5.35000E-06       5.33750E-06       2.50001E-08       1.60913E-11       6.43649E-04       3.43547E-09       1.69189E-09
       5.35000E-06       5.37500E-06       5.36250E-06       2.50001E-08       1.61668E-11       6.46669E-04       3.46776E-09       1.70806E-09
       5.37500E-06       5.40000E-06       5.38750E-06       2.50001E-08       1.62421E-11       6.49680E-04       3.50015E-09       1.72430E-09
       5.40000E-06       5.42500E-06       5.41250E-06       2.50001E-08       1.63173E-11       6.52691E-04       3.53269E-09       1.74062E-09
       5.42500E-06       5.45000E-06       5.43750E-06       2.49996E-08       1.63929E-11       6.55724E-04       3.56550E-09       1.75701E-09
       5.45000E-06       5.47500E-06       5.46250E-06       2.50001E-08       1.64681E-11       6.58723E-04       3.59827E-09       1.77348E-09
       5.47500E-06       5.50000E-06       5.48750E-06       2.50001E-08       1.65436E-11       6.61743E-04       3.63131E-09       1.79002E-09
       5.50000E-06       5.52500E-06       5.51250E-06       2.50001E-08       1.66189E-11       6.64754E-04       3.66446E-09       1.80664E-09
       5.52500E-06       5.55000E-06       5.53750E-06       2.50001E-08       1.66942E-11       6.67765E-04       3.69775E-09       1.82333E-09
       5.55000E-06       5.57500E-06       5.56250E-06       2.49996E-08       1.67697E-11       6.70798E-04       3.73132E-09       1.84010E-09
       5.57500E-06       5.60000E-06       5.58750E-06       2.50001E-08       1.68450E-11       6.73797E-04       3.76484E-09       1.85695E-09
       5.60000E-06       5.62500E-06       5.61250E-06       2.50001E-08       1.69205E-11       6.76817E-04       3.79864E-09       1.87387E-09
       5.62500E-06       5.65000E-06       5.63750E-06       2.50001E-08       1.69958E-11       6.79828E-04       3.83253E-09       1.89086E-09
       5.65000E-06       5.67500E-06       5.66250E-06       2.50001E-08       1.70710E-11       6.82839E-04       3.86658E-09       1.90794E-09
       5.67500E-06       5.70000E-06       5.68750E-06       2.49996E-08       1.71466E-11       6.85873E-04       3.90090E-09       1.92508E-09
       5.70000E-06       5.72500E-06       5.71250E-06       2.50001E-08       1.72218E-11       6.88871E-04       3.93517E-09       1.94230E-09
       5.72500E-06       5.75000E-06       5.73750E-06       2.50001E-08       1.72973E-11       6.91891E-04       3.96972E-09       1.95960E-09
       5.75000E-06       5.77500E-06       5.76250E-06       2.50001E-08       1.73726E-11       6.94902E-04       4.00437E-09       1.97697E-09
       5.77500E-06       5.80000E-06       5.78750E-06       2.50001E-08       1.74479E-11       6.97913E-04       4.03917E-09       1.99442E-09
       5.80000E-06       5.82500E-06       5.81250E-06       2.49996E-08       1.75234E-11       7.00947E-04       4.07425E-09       2.01194E-09
       5.82500E-06       5.85000E-06       5.83750E-06       2.50001E-08       1.75987E-11       7.03945E-04       4.10928E-09       2.02954E-09
       5.85000E-06       5.87500E-06       5.86250E-06       2.50001E-08       1.76742E-11       7.06965E-04       4.14458E-09       2.04722E-09
       5.87500E-06       5.90000E-06       5.88750E-06       2.50001E-08       1.77495E-11       7.09976E-04       4.17999E-09       2.06497E-09
       5.90000E-06       5.92500E-06       5.91250E-06       2.50001E-08       1.78248E-11       7.12987E-04       4.21554E-09       2.08279E-09
       5.92500E-06       5.95000E-06       5.93750E-06       2.49996E-08       1.79003E-11       7.16021E-04       4.25138E-09       2.10069E-09
       5.95000E-06       5.97500E-06       5.96250E-06       2.50001E-08       1.79755E-11       7.19019E-04       4.28715E-09       2.11867E-09
       5.97500E-06       6.00000E-06       5.98750E-06       2.50001E-08       1.80510E-11       7.22039E-04       4.32321E-09       2.13672E-09
       6.00000E-06       6.02500E-06       6.01250E-06       2.50001E-08       1.81263E-11       7.25050E-04       4.35936E-09       2.15485E-09
       6.02500E-06       6.05000E-06       6.03750E-06       2.50001E-08       1.82016E-11       7.28061E-04       4.39567E-09       2.17305E-09
       6.05000E-06       6.07500E-06       6.06250E-06       2.49996E-08       1.82771E-11       7.31096E-04       4.43227E-09       2.19132E-09
       6.07500E-06       6.10000E-06       6.08750E-06       2.50001E-08       1.83524E-11       7.34093E-04       4.46879E-09       2.20968E-09
       6.10000E-06       6.12500E-06       6.11250E-06       2.50001E-08       1.84279E-11       7.37113E-04       4.50560E-09       2.22810E-09
       6.12500E-06       6.15000E-06       6.13750E-06       2.50001E-08       1.85032E-11       7.40124E-04       4.54251E-09       2.24661E-09
       6.15000E-06       6.17500E-06       6.16250E-06       2.50001E-08       1.85785E-11       7.43135E-04       4.57957E-09       2.26519E-09
       6.17500E-06       6.20000E-06       6.18750E-06       2.49996E-08       1.86540E-11       7.46170E-04       4.61693E-09       2.28384E-09
       6.20000E-06       6.22500E-06       6.21250E-06       2.50001E-08       1.87292E-11       7.49167E-04       4.65420E-09       2.30257E-09
       6.22500E-06       6.25000E-06       6.23750E-06       2.50001E-08       1.88045E-11       7.52178E-04       4.69171E-09       2.32137E-09
       6.25000E-06       6.27500E-06       6.26250E-06       2.50001E-08       1.88800E-11       7.55198E-04       4.72943E-09       2.34025E-09
       6.27500E-06       6.30000E-06       6.28750E-06       2.50001E-08       1.89553E-11       7.58210E-04       4.76724E-09       2.35921E-09
       6.30000E-06       6.32500E-06       6.31250E-06       2.49996E-08       1.90308E-11       7.61244E-04       4.80536E-09       2.37824E-09
       6.32500E-06       6.35000E-06       6.33750E-06       2.50001E-08       1.91061E-11       7.64241E-04       4.84338E-09       2.39735E-09
       6.35000E-06       6.37500E-06       6.36250E-06       2.50001E-08       1.91814E-11       7.67252E-04       4.88164E-09       2.41653E-09
       6.37500E-06       6.40000E-06       6.38750E-06       2.50001E-08       1.92569E-11       7.70272E-04       4.92011E-09       2.43578E-09
       6.40000E-06       6.42500E-06       6.41250E-06       2.50001E-08       1.93322E-11       7.73284E-04       4.95868E-09       2.45512E-09
       6.42500E-06       6.45000E-06       6.43750E-06       2.49996E-08       1.94077E-11       7.76319E-04       4.99755E-09       2.47452E-09
       6.45000E-06       6.47500E-06       6.46250E-06       2.50001E-08       1.94829E-11       7.79315E-04       5.03632E-09       2.49401E-09
       6.47500E-06       6.50000E-06       6.48750E-06       2.50001E-08       1.95582E-11       7.82326E-04       5.07534E-09       2.51356E-09
       6.50000E-06       6.52500E-06       6.51250E-06       2.50001E-08       1.96337E-11       7.85346E-04       5.11457E-09       2.53320E-09
       6.52500E-06       6.55000E-06       6.53750E-06       2.50001E-08       1.97090E-11       7.88358E-04       5.15389E-09       2.55291E-09
       6.55000E-06       6.57500E-06       6.56250E-06       2.49996E-08       1.97845E-11       7.91393E-04       5.19352E-09       2.57269E-09
       6.57500E-06       6.60000E-06       6.58750E-06       2.50001E-08       1.98598E-11       7.94389E-04       5.23304E-09       2.59255E-09
       6.60000E-06       6.62500E-06       6.61250E-06       2.50001E-08       1.99351E-11       7.97400E-04       5.27281E-09       2.61249E-09
       6.62500E-06       6.65000E-06       6.63750E-06       2.50001E-08       2.00106E-11       8.00420E-04       5.31279E-09       2.63250E-09
       6.65000E-06       6.67500E-06       6.66250E-06       2.50001E-08       2.00859E-11       8.03432E-04       5.35286E-09       2.65258E-09
       6.67500E-06       6.70000E-06       6.68750E-06       2.49996E-08       2.01614E-11       8.06467E-04       5.39325E-09       2.67275E-09
       6.70000E-06       6.72500E-06       6.71250E-06       2.50001E-08       2.02367E-11       8.09463E-04       5.43352E-09       2.69298E-09
       6.72500E-06       6.75000E-06       6.73750E-06       2.50001E-08       2.03119E-11       8.12474E-04       5.47405E-09       2.71329E-09
       6.75000E-06       6.77500E-06       6.76250E-06       2.50001E-08       2.03874E-11       8.15495E-04       5.51478E-09       2.73368E-09
       6.77500E-06       6.80000E-06       6.78750E-06       2.50001E-08       2.04627E-11       8.18506E-04       5.55561E-09       2.75414E-09
       6.80000E-06       6.82500E-06       6.81250E-06       2.49996E-08       2.05382E-11       8.21542E-04       5.59675E-09       2.77468E-09
       6.82500E-06       6.85000E-06       6.83750E-06       2.50001E-08       2.06135E-11       8.24537E-04       5.63777E-09       2.79530E-09
       6.85000E-06       6.87500E-06       6.86250E-06       2.50001E-08       2.06888E-11       8.27548E-04       5.67905E-09       2.81598E-09
       6.87500E-06       6.90000E-06       6.88750E-06       2.50001E-08       2.07643E-11       8.30569E-04       5.72054E-09       2.83675E-09
       6.90000E-06       6.92500E-06       6.91250E-06       2.50001E-08       2.08396E-11       8.33580E-04       5.76212E-09       2.85759E-09
       6.92500E-06       6.95000E-06       6.93750E-06       2.49996E-08       2.09151E-11       8.36616E-04       5.80402E-09       2.87850E-09
       6.95000E-06       6.97500E-06       6.96250E-06       2.50001E-08       2.09904E-11       8.39611E-04       5.84579E-09       2.89949E-09
       6.97500E-06       7.00000E-06       6.98750E-06       2.50001E-08       2.10656E-11       8.42622E-04       5.88782E-09       2.92056E-09
       7.00000E-06       7.02500E-06       7.01250E-06       2.50001E-08       2.11411E-11       8.45643E-04       5.93007E-09       2.94170E-09
       7.02500E-06       7.05000E-06       7.03750E-06       2.50001E-08       2.12164E-11       8.48654E-04       5.97240E-09       2.96292E-09
       7.05000E-06       7.07500E-06       7.06250E-06       2.49996E-08       2.12919E-11       8.51690E-04       6.01506E-09       2.98421E-09
       7.07500E-06       7.10000E-06       7.08750E-06       2.50001E-08       2.13672E-11       8.54685E-04       6.05758E-09       3.00558E-09
       7.10000E-06       7.12500E-06       7.11250E-06       2.50001E-08       2.14425E-11       8.57696E-04       6.10037E-09       3.02702E-09
       7.12500E-06       7.15000E-06       7.13750E-06       2.50001E-08       2.15180E-11       8.60717E-04       6.14336E-09       3.04854E-09
       7.15000E-06       7.17500E-06       7.16250E-06       2.50001E-08       2.15933E-11       8.63728E-04       6.18645E-09       3.07013E-09
       7.17500E-06       7.20000E-06       7.18750E-06       2.49996E-08       2.16686E-11       8.66756E-04       6.22981E-09       3.09180E-09
       7.20000E-06       7.22500E-06       7.21250E-06       2.50001E-08       2.17441E-11       8.69759E-04       6.27314E-09       3.11354E-09
       7.22500E-06       7.25000E-06       7.23750E-06       2.50001E-08       2.18193E-11       8.72770E-04       6.31668E-09       3.13536E-09
       7.25000E-06       7.27500E-06       7.26250E-06       2.50001E-08       2.18949E-11       8.75791E-04       6.36043E-09       3.15726E-09
       7.27500E-06       7.30000E-06       7.28750E-06       2.50001E-08       2.19701E-11       8.78802E-04       6.40427E-09       3.17923E-09
       7.30000E-06       7.32500E-06       7.31250E-06       2.49996E-08       2.20454E-11       8.81830E-04       6.44838E-09       3.20127E-09
       7.32500E-06       7.35000E-06       7.33750E-06       2.50001E-08       2.21209E-11       8.84833E-04       6.49246E-09       3.22339E-09
       7.35000E-06       7.37500E-06       7.36250E-06       2.50001E-08       2.21962E-11       8.87844E-04       6.53675E-09       3.24559E-09
       7.37500E-06       7.40000E-06       7.38750E-06       2.50001E-08       2.22717E-11       8.90865E-04       6.58126E-09       3.26786E-09
       7.40000E-06       7.42500E-06       7.41250E-06       2.50001E-08       2.23470E-11       8.93876E-04       6.62585E-09       3.29021E-09
       7.42500E-06       7.45000E-06       7.43750E-06       2.49996E-08       2.24223E-11       8.96904E-04       6.67072E-09       3.31263E-09
       7.45000E-06       7.47500E-06       7.46250E-06       2.50001E-08       2.24978E-11       8.99907E-04       6.71556E-09       3.33513E-09
       7.47500E-06       7.50000E-06       7.48750E-06       2.50001E-08       2.25730E-11       9.02919E-04       6.76060E-09       3.35770E-09
       7.50000E-06       7.52500E-06       7.51250E-06       2.50001E-08       2.26486E-11       9.05939E-04       6.80586E-09       3.38035E-09
       7.52500E-06       7.55000E-06       7.53750E-06       2.50001E-08       2.27245E-11       9.08977E-04       6.85141E-09       3.40307E-09
       7.55000E-06       7.57500E-06       7.56250E-06       2.49996E-08       2.27993E-11       9.11988E-04       6.89691E-09       3.42587E-09
       7.57500E-06       7.60000E-06       7.58750E-06       2.50001E-08       2.28742E-11       9.14963E-04       6.94228E-09       3.44875E-09
       7.60000E-06       7.62500E-06       7.61250E-06       2.50001E-08       2.29490E-11       9.17956E-04       6.98794E-09       3.47170E-09
       7.62500E-06       7.65000E-06       7.63750E-06       2.50001E-08       2.30261E-11       9.21040E-04       7.03444E-09       3.49472E-09
       7.65000E-06       7.67500E-06       7.66250E-06       2.50001E-08       2.31009E-11       9.24033E-04       7.08040E-09       3.51782E-09
       7.67500E-06       7.70000E-06       7.68750E-06       2.49996E-08       2.31757E-11       9.27044E-04       7.12665E-09       3.54100E-09
       7.70000E-06       7.72500E-06       7.71250E-06       2.50001E-08       2.32506E-11       9.30019E-04       7.17277E-09       3.56425E-09
       7.72500E-06       7.75000E-06       7.73750E-06       2.50001E-08       2.33277E-11       9.33103E-04       7.21988E-09       3.58758E-09
       7.75000E-06       7.77500E-06       7.76250E-06       2.50001E-08       2.34025E-11       9.36096E-04       7.26644E-09       3.61098E-09
       7.77500E-06       7.80000E-06       7.78750E-06       2.50001E-08       2.34773E-11       9.39089E-04       7.31316E-09       3.63446E-09
       7.80000E-06       7.82500E-06       7.81250E-06       2.49996E-08       2.35521E-11       9.42100E-04       7.36016E-09       3.65801E-09
       7.82500E-06       7.85000E-06       7.83750E-06       2.50001E-08       2.36292E-11       9.45166E-04       7.40774E-09       3.68164E-09
       7.85000E-06       7.87500E-06       7.86250E-06       2.50001E-08       2.37041E-11       9.48159E-04       7.45490E-09       3.70534E-09
       7.87500E-06       7.90000E-06       7.88750E-06       2.50001E-08       2.37789E-11       9.51152E-04       7.50221E-09       3.72912E-09
       7.90000E-06       7.92500E-06       7.91250E-06       2.50001E-08       2.38537E-11       9.54145E-04       7.54967E-09       3.75298E-09
       7.92500E-06       7.95000E-06       7.93750E-06       2.49996E-08       2.39308E-11       9.57247E-04       7.59815E-09       3.77691E-09
       7.95000E-06       7.97500E-06       7.96250E-06       2.50001E-08       2.40056E-11       9.60222E-04       7.64576E-09       3.80091E-09
       7.97500E-06       8.00000E-06       7.98750E-06       2.50001E-08       2.40805E-11       9.63215E-04       7.69368E-09       3.82499E-09
       8.00000E-06       8.02500E-06       8.01250E-06       2.49996E-08       2.41553E-11       9.66226E-04       7.74189E-09       3.84915E-09
       8.02500E-06       8.05000E-06       8.03750E-06       2.50006E-08       2.42301E-11       9.69182E-04       7.78980E-09       3.87338E-09
       8.05000E-06       8.07500E-06       8.06250E-06       2.49996E-08       2.43072E-11       9.72303E-04       7.83919E-09       3.89768E-09
       8.07500E-06       8.10000E-06       8.08750E-06       2.50006E-08       2.43820E-11       9.75259E-04       7.88741E-09       3.92207E-09
       8.10000E-06       8.12500E-06       8.11250E-06       2.49996E-08       2.44569E-11       9.78289E-04       7.93637E-09       3.94652E-09
       8.12500E-06       8.15000E-06       8.13750E-06       2.49996E-08       2.45317E-11       9.81282E-04       7.98518E-09       3.97105E-09
       8.15000E-06       8.17500E-06       8.16250E-06       2.50006E-08       2.46088E-11       9.84329E-04       8.03458E-09       3.99566E-09
       8.17500E-06       8.20000E-06       8.18750E-06       2.49996E-08       2.46836E-11       9.87359E-04       8.08400E-09       4.02035E-09
       8.20000E-06       8.22500E-06       8.21250E-06       2.50006E-08       2.47584E-11       9.90315E-04       8.13296E-09       4.04511E-09
       8.22500E-06       8.25000E-06       8.23750E-06       2.49996E-08       2.48333E-11       9.93345E-04       8.18268E-09       4.06994E-09
       8.25000E-06       8.27500E-06       8.26250E-06       2.49996E-08       2.49104E-11       9.96429E-04       8.23300E-09       4.09485E-09
       8.27500E-06       8.30000E-06       8.28750E-06       2.50006E-08       2.49852E-11       9.99384E-04       8.28240E-09       4.11983E-09
       8.30000E-06       8.32500E-06       8.31250E-06       2.49996E-08       2.50600E-11       1.00242E-03       8.33258E-09       4.14489E-09
       8.32500E-06       8.35000E-06       8.33750E-06       2.50006E-08       2.51348E-11       1.00537E-03       8.38227E-09       4.17003E-09
       8.35000E-06       8.37500E-06       8.36250E-06       2.49996E-08       2.52119E-11       1.00849E-03       8.43352E-09       4.19524E-09
       8.37500E-06       8.40000E-06       8.38750E-06       2.49996E-08       2.52868E-11       1.01149E-03       8.48383E-09       4.22053E-09
       8.40000E-06       8.42500E-06       8.41250E-06       2.50006E-08       2.53616E-11       1.01444E-03       8.53398E-09       4.24589E-09
       8.42500E-06       8.45000E-06       8.43750E-06       2.49996E-08       2.54364E-11       1.01747E-03       8.58492E-09       4.27133E-09
       8.45000E-06       8.47500E-06       8.46250E-06       2.50006E-08       2.55135E-11       1.02052E-03       8.63612E-09       4.29684E-09
       8.47500E-06       8.50000E-06       8.48750E-06       2.49996E-08       2.55883E-11       1.02355E-03       8.68737E-09       4.32243E-09
       8.50000E-06       8.52500E-06       8.51250E-06       2.49996E-08       2.56631E-11       1.02654E-03       8.73843E-09       4.34809E-09
       8.52500E-06       8.55000E-06       8.53750E-06       2.50006E-08       2.57380E-11       1.02950E-03       8.78932E-09       4.37383E-09
       8.55000E-06       8.57500E-06       8.56250E-06       2.49996E-08       2.58151E-11       1.03262E-03       8.84179E-09       4.39964E-09
       8.57500E-06       8.60000E-06       8.58750E-06       2.50006E-08       2.58899E-11       1.03557E-03       8.89297E-09       4.42553E-09
       8.60000E-06       8.62500E-06       8.61250E-06       2.49996E-08       2.59647E-11       1.03860E-03       8.94498E-09       4.45150E-09
       8.62500E-06       8.65000E-06       8.63750E-06       2.49996E-08       2.60395E-11       1.04160E-03       8.99680E-09       4.47754E-09
       8.65000E-06       8.67500E-06       8.66250E-06       2.50006E-08       2.61144E-11       1.04455E-03       9.04842E-09       4.50365E-09
       8.67500E-06       8.70000E-06       8.68750E-06       2.49996E-08       2.61915E-11       1.04767E-03       9.10167E-09       4.52984E-09
       8.70000E-06       8.72500E-06       8.71250E-06       2.50006E-08       2.62663E-11       1.05063E-03       9.15359E-09       4.55611E-09
       8.72500E-06       8.75000E-06       8.73750E-06       2.49996E-08       2.63411E-11       1.05366E-03       9.20636E-09       4.58245E-09
       8.75000E-06       8.77500E-06       8.76250E-06       2.49996E-08       2.64159E-11       1.05665E-03       9.25893E-09       4.60887E-09
       8.77500E-06       8.80000E-06       8.78750E-06       2.50006E-08       2.64930E-11       1.05970E-03       9.31209E-09       4.63536E-09
       8.80000E-06       8.82500E-06       8.81250E-06       2.49996E-08       2.65679E-11       1.06273E-03       9.36531E-09       4.66193E-09
       8.82500E-06       8.85000E-06       8.83750E-06       2.50006E-08       2.66427E-11       1.06568E-03       9.41797E-09       4.68857E-09
       8.85000E-06       8.87500E-06       8.86250E-06       2.49996E-08       2.67175E-11       1.06872E-03       9.47151E-09       4.71529E-09
       8.87500E-06       8.90000E-06       8.88750E-06       2.49996E-08       2.67946E-11       1.07180E-03       9.52563E-09       4.74208E-09
       8.90000E-06       8.92500E-06       8.91250E-06       2.50006E-08       2.68694E-11       1.07475E-03       9.57874E-09       4.76895E-09
       8.92500E-06       8.95000E-06       8.93750E-06       2.49996E-08       2.69443E-11       1.07779E-03       9.63272E-09       4.79590E-09
       8.95000E-06       8.97500E-06       8.96250E-06       2.50006E-08       2.70191E-11       1.08074E-03       9.68612E-09       4.82292E-09
       8.97500E-06       9.00000E-06       8.98750E-06       2.49996E-08       2.70962E-11       1.08386E-03       9.74123E-09       4.85001E-09
       9.00000E-06       9.02500E-06       9.01250E-06       2.49996E-08       2.71710E-11       1.08686E-03       9.79530E-09       4.87718E-09
       9.02500E-06       9.05000E-06       9.03750E-06       2.50006E-08       2.72458E-11       1.08981E-03       9.84914E-09       4.90443E-09
       9.05000E-06       9.07500E-06       9.06250E-06       2.49996E-08       2.73207E-11       1.09284E-03       9.90389E-09       4.93175E-09
       9.07500E-06       9.10000E-06       9.08750E-06       2.50006E-08       2.73978E-11       1.09589E-03       9.95886E-09       4.95915E-09
       9.10000E-06       9.12500E-06       9.11250E-06       2.49996E-08       2.74726E-11       1.09892E-03       1.00139E-08       4.98662E-09
       9.12500E-06       9.15000E-06       9.13750E-06       2.49996E-08       2.75474E-11       1.10191E-03       1.00687E-08       5.01417E-09
       9.15000E-06       9.17500E-06       9.16250E-06       2.50006E-08       2.76222E-11       1.10486E-03       1.01233E-08       5.04179E-09
       9.17500E-06       9.20000E-06       9.18750E-06       2.49996E-08       2.76993E-11       1.10799E-03       1.01797E-08       5.06949E-09
       9.20000E-06       9.22500E-06       9.21250E-06       2.50006E-08       2.77742E-11       1.11094E-03       1.02345E-08       5.09726E-09
       9.22500E-06       9.25000E-06       9.23750E-06       2.49996E-08       2.78490E-11       1.11398E-03       1.02904E-08       5.12511E-09
       9.25000E-06       9.27500E-06       9.26250E-06       2.49996E-08       2.79238E-11       1.11697E-03       1.03459E-08       5.15304E-09
       9.27500E-06       9.30000E-06       9.28750E-06       2.50006E-08       2.79986E-11       1.11992E-03       1.04013E-08       5.18103E-09
       9.30000E-06       9.32500E-06       9.31250E-06       2.49996E-08       2.80757E-11       1.12305E-03       1.04584E-08       5.20911E-09
       9.32500E-06       9.35000E-06       9.33750E-06       2.50006E-08       2.81506E-11       1.12600E-03       1.05140E-08       5.23726E-09
       9.35000E-06       9.37500E-06       9.36250E-06       2.49996E-08       2.82254E-11       1.12903E-03       1.05706E-08       5.26549E-09
       9.37500E-06       9.40000E-06       9.38750E-06       2.49996E-08       2.83002E-11       1.13203E-03       1.06269E-08       5.29379E-09
       9.40000E-06       9.42500E-06       9.41250E-06       2.50006E-08       2.83773E-11       1.13507E-03       1.06838E-08       5.32216E-09
       9.42500E-06       9.45000E-06       9.43750E-06       2.49996E-08       2.84521E-11       1.13810E-03       1.07408E-08       5.35062E-09
       9.45000E-06       9.47500E-06       9.46250E-06       2.50006E-08       2.85270E-11       1.14105E-03       1.07972E-08       5.37914E-09
       9.47500E-06       9.50000E-06       9.48750E-06       2.49996E-08       2.86018E-11       1.14409E-03       1.08545E-08       5.40774E-09
       9.50000E-06       9.52500E-06       9.51250E-06       2.49996E-08       2.86789E-11       1.14717E-03       1.09125E-08       5.43642E-09
       9.52500E-06       9.55000E-06       9.53750E-06       2.50006E-08       2.87537E-11       1.15012E-03       1.09693E-08       5.46518E-09
       9.55000E-06       9.57500E-06       9.56250E-06       2.49996E-08       2.88285E-11       1.15316E-03       1.10271E-08       5.49401E-09
       9.57500E-06       9.60000E-06       9.58750E-06       2.50006E-08       2.89034E-11       1.15611E-03       1.10842E-08       5.52291E-09
       9.60000E-06       9.62500E-06       9.61250E-06       2.49996E-08       2.89804E-11       1.15924E-03       1.11432E-08       5.55189E-09
       9.62500E-06       9.65000E-06       9.63750E-06       2.49996E-08       2.90553E-11       1.16223E-03       1.12010E-08       5.58094E-09
       9.65000E-06       9.67500E-06       9.66250E-06       2.50006E-08       2.91301E-11       1.16518E-03       1.12585E-08       5.61007E-09
       9.67500E-06       9.70000E-06       9.68750E-06       2.49996E-08       2.92049E-11       1.16821E-03       1.13171E-08       5.63928E-09
       9.70000E-06       9.72500E-06       9.71250E-06       2.50006E-08       2.92820E-11       1.17125E-03       1.13758E-08       5.66856E-09
       9.72500E-06       9.75000E-06       9.73750E-06       2.49996E-08       2.93568E-11       1.17429E-03       1.14347E-08       5.69792E-09
       9.75000E-06       9.77500E-06       9.76250E-06       2.49996E-08       2.94317E-11       1.17728E-03       1.14932E-08       5.72735E-09
       9.77500E-06       9.80000E-06       9.78750E-06       2.50006E-08       2.95065E-11       1.18023E-03       1.15515E-08       5.75686E-09
       9.80000E-06       9.82500E-06       9.81250E-06       2.49996E-08       2.95813E-11       1.18327E-03       1.16108E-08       5.78644E-09
       9.82500E-06       9.85000E-06       9.83750E-06       2.50006E-08       2.96584E-11       1.18631E-03       1.16703E-08       5.81610E-09
       9.85000E-06       9.87500E-06       9.86250E-06       2.49996E-08       2.97332E-11       1.18935E-03       1.17299E-08       5.84583E-09
       9.87500E-06       9.90000E-06       9.88750E-06       2.49996E-08       2.98081E-11       1.19234E-03       1.17893E-08       5.87564E-09
       9.90000E-06       9.92500E-06       9.91250E-06       2.50006E-08       2.98829E-11       1.19529E-03       1.18483E-08       5.90552E-09
       9.92500E-06       9.95000E-06       9.93750E-06       2.49996E-08       2.99600E-11       1.19842E-03       1.19093E-08       5.93548E-09
       9.95000E-06       9.97500E-06       9.96250E-06       2.50006E-08       3.00348E-11       1.20137E-03       1.19686E-08       5.96552E-09
       9.97500E-06       1.00000E-05       9.98750E-06       2.49996E-08       3.01096E-11       1.20440E-03       1.20290E-08       5.99562E-09
       1.00000E-05       1.04713E-05       1.02356E-05       4.71300E-07       5.81718E-10       1.23428E-03       1.26337E-08       6.57734E-09
       1.04713E-05       1.09648E-05       1.07180E-05       4.93500E-07       6.37837E-10       1.29248E-03       1.38528E-08       7.21518E-09
       1.09648E-05       1.14815E-05       1.12232E-05       5.16700E-07       6.99399E-10       1.35359E-03       1.51915E-08       7.91458E-09
       1.14815E-05       1.20226E-05       1.17521E-05       5.41101E-07       7.66833E-10       1.41717E-03       1.66547E-08       8.68141E-09
       1.20226E-05       1.25892E-05       1.23059E-05       5.66600E-07       8.40843E-10       1.48402E-03       1.82622E-08       9.52226E-09
       1.25892E-05       1.31826E-05       1.28859E-05       5.93400E-07       9.21973E-10       1.55371E-03       2.00210E-08       1.04442E-08
       1.31826E-05       1.38038E-05       1.34932E-05       6.21200E-07       1.01090E-09       1.62734E-03       2.19580E-08       1.14551E-08
       1.38038E-05       1.44544E-05       1.41291E-05       6.50600E-07       1.10845E-09       1.70373E-03       2.40722E-08       1.25636E-08
       1.44544E-05       1.51356E-05       1.47950E-05       6.81200E-07       1.21538E-09       1.78418E-03       2.63969E-08       1.37790E-08
       1.51356E-05       1.58489E-05       1.54922E-05       7.13300E-07       1.33263E-09       1.86827E-03       2.89436E-08       1.51116E-08
       1.58489E-05       1.65959E-05       1.62224E-05       7.47000E-07       1.46122E-09       1.95612E-03       3.17330E-08       1.65728E-08
       1.65959E-05       1.73780E-05       1.69869E-05       7.82101E-07       1.60219E-09       2.04857E-03       3.47990E-08       1.81750E-08
       1.73780E-05       1.81970E-05       1.77875E-05       8.19000E-07       1.75676E-09       2.14501E-03       3.81543E-08       1.99318E-08
       1.81970E-05       1.90546E-05       1.86258E-05       8.57599E-07       1.92626E-09       2.24610E-03       4.18354E-08       2.18580E-08
       1.90546E-05       1.99526E-05       1.95036E-05       8.98001E-07       2.11207E-09       2.35197E-03       4.58719E-08       2.39701E-08
       1.99526E-05       2.08930E-05       2.04228E-05       9.40399E-07       2.31587E-09       2.46265E-03       5.02942E-08       2.62860E-08
       2.08930E-05       2.18776E-05       2.13853E-05       9.84600E-07       2.53931E-09       2.57903E-03       5.51532E-08       2.88253E-08
       2.18776E-05       2.29087E-05       2.23932E-05       1.03110E-06       2.78429E-09       2.70030E-03       6.04683E-08       3.16096E-08
       2.29087E-05       2.39883E-05       2.34485E-05       1.07960E-06       3.04212E-09       2.81782E-03       6.60737E-08       3.46517E-08
       2.39883E-05       2.51189E-05       2.45536E-05       1.13060E-06       3.26431E-09       2.88724E-03       7.08920E-08       3.79160E-08
       2.51189E-05       2.63027E-05       2.57108E-05       1.18380E-06       3.49371E-09       2.95127E-03       7.58794E-08       4.14097E-08
       2.63027E-05       2.75423E-05       2.69225E-05       1.23960E-06       3.74118E-09       3.01805E-03       8.12536E-08       4.51509E-08
       2.75423E-05       2.88403E-05       2.81913E-05       1.29800E-06       4.00829E-09       3.08805E-03       8.70560E-08       4.91592E-08
       2.88403E-05       3.01995E-05       2.95199E-05       1.35920E-06       4.29675E-09       3.16124E-03       9.33194E-08       5.34559E-08
       3.01995E-05       3.16228E-05       3.09111E-05       1.42330E-06       4.60844E-09       3.23785E-03       1.00086E-07       5.80644E-08
       3.16228E-05       3.31131E-05       3.23679E-05       1.49030E-06       4.94531E-09       3.31834E-03       1.07408E-07       6.30097E-08
       3.31131E-05       3.46737E-05       3.38934E-05       1.56060E-06       5.30967E-09       3.40233E-03       1.15316E-07       6.83193E-08
       3.46737E-05       3.63078E-05       3.54907E-05       1.63410E-06       5.69795E-09       3.48690E-03       1.23753E-07       7.40173E-08
       3.63078E-05       3.80189E-05       3.71634E-05       1.71110E-06       6.10143E-09       3.56579E-03       1.32517E-07       8.01187E-08
       3.80189E-05       3.98107E-05       3.89148E-05       1.79180E-06       6.53571E-09       3.64757E-03       1.41945E-07       8.66544E-08
       3.98107E-05       4.16869E-05       4.07488E-05       1.87620E-06       7.00458E-09       3.73338E-03       1.52131E-07       9.36590E-08
       4.16869E-05       4.36516E-05       4.26692E-05       1.96470E-06       7.51106E-09       3.82301E-03       1.63125E-07       1.01170E-07
       4.36516E-05       4.57088E-05       4.46802E-05       2.05720E-06       8.05847E-09       3.91720E-03       1.75021E-07       1.09229E-07
       4.57088E-05       4.78630E-05       4.67859E-05       2.15420E-06       8.64638E-09       4.01374E-03       1.87786E-07       1.17875E-07
       4.78630E-05       5.01187E-05       4.89908E-05       2.25570E-06       9.25558E-09       4.10320E-03       2.01019E-07       1.27131E-07
       5.01187E-05       5.24808E-05       5.12998E-05       2.36210E-06       9.90716E-09       4.19421E-03       2.15162E-07       1.37038E-07
       5.24808E-05       5.49541E-05       5.37174E-05       2.47330E-06       1.06101E-08       4.28987E-03       2.30441E-07       1.47648E-07
       5.49541E-05       5.75440E-05       5.62490E-05       2.58990E-06       1.13691E-08       4.38977E-03       2.46921E-07       1.59017E-07
       5.75440E-05       6.02560E-05       5.89000E-05       2.71200E-06       1.21888E-08       4.49439E-03       2.64720E-07       1.71206E-07
       6.02560E-05       6.30957E-05       6.16758E-05       2.83970E-06       1.30744E-08       4.60416E-03       2.83965E-07       1.84280E-07
       6.30957E-05       6.60693E-05       6.45825E-05       2.97360E-06       1.40319E-08       4.71884E-03       3.04754E-07       1.98312E-07
       6.60693E-05       6.91831E-05       6.76262E-05       3.11380E-06       1.50675E-08       4.83893E-03       3.27239E-07       2.13379E-07
       6.91831E-05       7.24436E-05       7.08134E-05       3.26051E-06       1.61737E-08       4.96047E-03       3.51268E-07       2.29553E-07
       7.24436E-05       7.58578E-05       7.41507E-05       3.41420E-06       1.73225E-08       5.07367E-03       3.76216E-07       2.46876E-07
       7.58578E-05       7.94328E-05       7.76453E-05       3.57500E-06       1.85581E-08       5.19109E-03       4.03063E-07       2.65434E-07
       7.94328E-05       8.31764E-05       8.13046E-05       3.74360E-06       1.98925E-08       5.31373E-03       4.32031E-07       2.85326E-07
       8.31764E-05       8.70964E-05       8.51364E-05       3.92000E-06       2.13340E-08       5.44234E-03       4.63341E-07       3.06660E-07
       8.70964E-05       9.12011E-05       8.91488E-05       4.10471E-06       2.28921E-08       5.57703E-03       4.97186E-07       3.29552E-07
       9.12011E-05       9.54993E-05       9.33502E-05       4.29820E-06       2.45682E-08       5.71593E-03       5.33583E-07       3.54120E-07
       9.54993E-05       1.00000E-04       9.77497E-05       4.50070E-06       2.63067E-08       5.84501E-03       5.71348E-07       3.80427E-07
       1.00000E-04       1.04713E-04       1.02356E-04       4.71300E-06       2.81637E-08       5.97575E-03       6.11657E-07       4.08591E-07
       1.04713E-04       1.09648E-04       1.07181E-04       4.93501E-06       3.01670E-08       6.11286E-03       6.55180E-07       4.38758E-07
       1.09648E-04       1.14815E-04       1.12232E-04       5.16700E-06       3.23313E-08       6.25727E-03       7.02263E-07       4.71089E-07
       1.14815E-04       1.20226E-04       1.17520E-04       5.41100E-06       3.46677E-08       6.40690E-03       7.52942E-07       5.05757E-07
       1.20226E-04       1.25892E-04       1.23059E-04       5.66600E-06       3.71939E-08       6.56440E-03       8.07808E-07       5.42951E-07
       1.25892E-04       1.31826E-04       1.28859E-04       5.93401E-06       3.99253E-08       6.72821E-03       8.66991E-07       5.82876E-07
       1.31826E-04       1.38038E-04       1.34932E-04       6.21199E-06       4.28784E-08       6.90252E-03       9.31371E-07       6.25754E-07
       1.38038E-04       1.44544E-04       1.41291E-04       6.50601E-06       4.60415E-08       7.07676E-03       9.99883E-07       6.71796E-07
       1.44544E-04       1.51356E-04       1.47950E-04       6.81200E-06       4.93255E-08       7.24097E-03       1.07130E-06       7.21121E-07
       1.51356E-04       1.58489E-04       1.54922E-04       7.13300E-06       5.28557E-08       7.41003E-03       1.14798E-06       7.73977E-07
       1.58489E-04       1.65959E-04       1.62224E-04       7.47000E-06       5.66684E-08       7.58614E-03       1.23065E-06       8.30646E-07
       1.65959E-04       1.73780E-04       1.69870E-04       7.82100E-06       6.07880E-08       7.77240E-03       1.32029E-06       8.91434E-07
       1.73780E-04       1.81970E-04       1.77875E-04       8.19000E-06       6.52415E-08       7.96599E-03       1.41695E-06       9.56675E-07
       1.81970E-04       1.90546E-04       1.86258E-04       8.57600E-06       7.00374E-08       8.16667E-03       1.52111E-06       1.02671E-06
       1.90546E-04       1.99526E-04       1.95036E-04       8.98000E-06       7.50038E-08       8.35232E-03       1.62900E-06       1.10172E-06
       1.99526E-04       2.08930E-04       2.04228E-04       9.40399E-06       8.02970E-08       8.53861E-03       1.74382E-06       1.18201E-06
       2.08930E-04       2.18776E-04       2.13853E-04       9.84601E-06       8.60087E-08       8.73539E-03       1.86809E-06       1.26802E-06
       2.18776E-04       2.29087E-04       2.23932E-04       1.03110E-05       9.21749E-08       8.93947E-03       2.00183E-06       1.36020E-06
       2.29087E-04       2.39883E-04       2.34485E-04       1.07960E-05       9.88355E-08       9.15484E-03       2.14667E-06       1.45903E-06
       2.39883E-04       2.51189E-04       2.45536E-04       1.13060E-05       1.06034E-07       9.37855E-03       2.30277E-06       1.56507E-06
       2.51189E-04       2.63027E-04       2.57108E-04       1.18380E-05       1.13818E-07       9.61458E-03       2.47199E-06       1.67888E-06
       2.63027E-04       2.75423E-04       2.69225E-04       1.23960E-05       1.22236E-07       9.86093E-03       2.65481E-06       1.80112E-06
       2.75423E-04       2.88403E-04       2.81913E-04       1.29800E-05       1.31260E-07       1.01125E-02       2.85083E-06       1.93238E-06
       2.88403E-04       3.01995E-04       2.95199E-04       1.35920E-05       1.40612E-07       1.03452E-02       3.05390E-06       2.07299E-06
       3.01995E-04       3.16228E-04       3.09111E-04       1.42330E-05       1.50647E-07       1.05844E-02       3.27175E-06       2.22364E-06
       3.16228E-04       3.31131E-04       3.23680E-04       1.49030E-05       1.61483E-07       1.08356E-02       3.50727E-06       2.38512E-06
       3.31131E-04       3.46737E-04       3.38934E-04       1.56060E-05       1.73193E-07       1.10978E-02       3.76143E-06       2.55831E-06
       3.46737E-04       3.63078E-04       3.54908E-04       1.63410E-05       1.85847E-07       1.13731E-02       4.03638E-06       2.74416E-06
       3.63078E-04       3.80189E-04       3.71634E-04       1.71110E-05       1.99491E-07       1.16586E-02       4.33274E-06       2.94365E-06
       3.80189E-04       3.98107E-04       3.89148E-04       1.79180E-05       2.13698E-07       1.19265E-02       4.64116E-06       3.15735E-06
       3.98107E-04       4.16869E-04       4.07488E-04       1.87620E-05       2.28830E-07       1.21965E-02       4.96992E-06       3.38618E-06
       4.16869E-04       4.36516E-04       4.26692E-04       1.96470E-05       2.45165E-07       1.24785E-02       5.32448E-06       3.63135E-06
       4.36516E-04       4.57088E-04       4.46802E-04       2.05720E-05       2.62806E-07       1.27749E-02       5.70786E-06       3.89415E-06
       4.57088E-04       4.78630E-04       4.67859E-04       2.15420E-05       2.81864E-07       1.30844E-02       6.12165E-06       4.17602E-06
       4.78630E-04       5.01187E-04       4.89909E-04       2.25570E-05       3.02464E-07       1.34089E-02       6.56911E-06       4.47848E-06
       5.01187E-04       5.24808E-04       5.12998E-04       2.36210E-05       3.24744E-07       1.37481E-02       7.05275E-06       4.80322E-06
       5.24808E-04       5.49541E-04       5.37175E-04       2.47330E-05       3.48842E-07       1.41043E-02       7.57648E-06       5.15207E-06
       5.49541E-04       5.75440E-04       5.62491E-04       2.58990E-05       3.74741E-07       1.44693E-02       8.13887E-06       5.52681E-06
       5.75440E-04       6.02560E-04       5.89000E-04       2.71200E-05       4.01699E-07       1.48119E-02       8.72422E-06       5.92851E-06
       6.02560E-04       6.30957E-04       6.16758E-04       2.83970E-05       4.30614E-07       1.51641E-02       9.35257E-06       6.35912E-06
       6.30957E-04       6.60693E-04       6.45825E-04       2.97360E-05       4.61860E-07       1.55320E-02       1.00309E-05       6.82098E-06
       6.60693E-04       6.91831E-04       6.76262E-04       3.11380E-05       4.95633E-07       1.59173E-02       1.07643E-05       7.31661E-06
       6.91831E-04       7.24436E-04       7.08133E-04       3.26050E-05       5.32155E-07       1.63213E-02       1.15577E-05       7.84877E-06
       7.24436E-04       7.58578E-04       7.41507E-04       3.41420E-05       5.71582E-07       1.67413E-02       1.24138E-05       8.42035E-06
       7.58578E-04       7.94328E-04       7.76453E-04       3.57500E-05       6.12750E-07       1.71399E-02       1.33083E-05       9.03310E-06
       7.94328E-04       8.31764E-04       8.13046E-04       3.74360E-05       6.56562E-07       1.75383E-02       1.42594E-05       9.68966E-06
       8.31764E-04       8.70964E-04       8.51364E-04       3.92000E-05       7.03875E-07       1.79560E-02       1.52871E-05       1.03935E-05
       8.70964E-04       9.12011E-04       8.91487E-04       4.10470E-05       7.55000E-07       1.83935E-02       1.63976E-05       1.11485E-05
       9.12011E-04       9.54993E-04       9.33502E-04       4.29820E-05       8.10269E-07       1.88514E-02       1.75978E-05       1.19588E-05
       9.54993E-04       1.00000E-03       9.77497E-04       4.50070E-05       8.70037E-07       1.93311E-02       1.88961E-05       1.28288E-05
       1.00000E-03       1.04713E-03       1.02356E-03       4.71300E-05       9.34714E-07       1.98327E-02       2.03000E-05       1.37636E-05
       1.04713E-03       1.09648E-03       1.07180E-03       4.93500E-05       1.00469E-06       2.03585E-02       2.18204E-05       1.47683E-05
       1.09648E-03       1.14815E-03       1.12231E-03       5.16700E-05       1.08009E-06       2.09036E-02       2.34605E-05       1.58483E-05
       1.14815E-03       1.20226E-03       1.17520E-03       5.41100E-05       1.15866E-06       2.14131E-02       2.51648E-05       1.70070E-05
       1.20226E-03       1.25892E-03       1.23059E-03       5.66600E-05       1.24297E-06       2.19373E-02       2.69958E-05       1.82500E-05
       1.25892E-03       1.31826E-03       1.28859E-03       5.93400E-05       1.33411E-06       2.24824E-02       2.89706E-05       1.95841E-05
       1.31826E-03       1.38038E-03       1.34932E-03       6.21200E-05       1.43264E-06       2.30624E-02       3.11185E-05       2.10167E-05
       1.38038E-03       1.44544E-03       1.41291E-03       6.50599E-05       1.53930E-06       2.36597E-02       3.34291E-05       2.25560E-05
       1.44544E-03       1.51356E-03       1.47950E-03       6.81201E-05       1.65455E-06       2.42887E-02       3.59352E-05       2.42106E-05
       1.51356E-03       1.58489E-03       1.54923E-03       7.13300E-05       1.77529E-06       2.48884E-02       3.85578E-05       2.59859E-05
       1.58489E-03       1.65959E-03       1.62224E-03       7.47000E-05       1.90366E-06       2.54841E-02       4.13413E-05       2.78895E-05
       1.65959E-03       1.73780E-03       1.69870E-03       7.82101E-05       2.04238E-06       2.61141E-02       4.43598E-05       2.99319E-05
       1.73780E-03       1.81970E-03       1.77875E-03       8.18999E-05       2.19237E-06       2.67689E-02       4.76153E-05       3.21243E-05
       1.81970E-03       1.90546E-03       1.86258E-03       8.57600E-05       2.35462E-06       2.74560E-02       5.11389E-05       3.44789E-05
       1.90546E-03       1.99526E-03       1.95036E-03       8.98001E-05       2.53019E-06       2.81759E-02       5.49531E-05       3.70091E-05
       1.99526E-03       2.08930E-03       2.04228E-03       9.40400E-05       2.72030E-06       2.89270E-02       5.90771E-05       3.97294E-05
       2.08930E-03       2.18776E-03       2.13853E-03       9.84600E-05       2.92618E-06       2.97195E-02       6.35561E-05       4.26556E-05
       2.18776E-03       2.29087E-03       2.23932E-03       1.03110E-04       3.14817E-06       3.05321E-02       6.83710E-05       4.58037E-05
       2.29087E-03       2.39883E-03       2.34485E-03       1.07960E-04       3.37929E-06       3.13013E-02       7.33969E-05       4.91830E-05
       2.39883E-03       2.51189E-03       2.45536E-03       1.13060E-04       3.62669E-06       3.20777E-02       7.87622E-05       5.28097E-05
       2.51189E-03       2.63027E-03       2.57108E-03       1.18380E-04       3.89430E-06       3.28966E-02       8.45797E-05       5.67040E-05
       2.63027E-03       2.75423E-03       2.69225E-03       1.23960E-04       4.18381E-06       3.37513E-02       9.08669E-05       6.08878E-05
       2.75423E-03       2.88403E-03       2.81913E-03       1.29800E-04       4.49717E-06       3.46469E-02       9.76742E-05       6.53850E-05
       2.88403E-03       3.01995E-03       2.95199E-03       1.35920E-04       4.83620E-06       3.55813E-02       1.05036E-04       7.02212E-05
       3.01995E-03       3.16228E-03       3.09112E-03       1.42330E-04       5.19288E-06       3.64847E-02       1.12779E-04       7.54141E-05
       3.16228E-03       3.31131E-03       3.23679E-03       1.49030E-04       5.57204E-06       3.73887E-02       1.21020E-04       8.09861E-05
       3.31131E-03       3.46737E-03       3.38934E-03       1.56060E-04       5.98211E-06       3.83321E-02       1.29921E-04       8.69682E-05
       3.46737E-03       3.63078E-03       3.54907E-03       1.63410E-04       6.42567E-06       3.93224E-02       1.39558E-04       9.33939E-05
       3.63078E-03       3.80189E-03       3.71633E-03       1.71110E-04       6.90572E-06       4.03584E-02       1.49985E-04       1.00300E-04
       3.80189E-03       3.98107E-03       3.89148E-03       1.79180E-04       7.42556E-06       4.14418E-02       1.61270E-04       1.07725E-04
       3.98107E-03       4.16869E-03       4.07488E-03       1.87620E-04       7.98859E-06       4.25786E-02       1.73503E-04       1.15714E-04
       4.16869E-03       4.36516E-03       4.26693E-03       1.96470E-04       8.59872E-06       4.37660E-02       1.86746E-04       1.24313E-04
       4.36516E-03       4.57088E-03       4.46802E-03       2.05720E-04       9.25812E-06       4.50036E-02       2.01077E-04       1.33571E-04
       4.57088E-03       4.78630E-03       4.67859E-03       2.15420E-04       9.95024E-06       4.61900E-02       2.16104E-04       1.43521E-04
       4.78630E-03       5.01187E-03       4.89909E-03       2.25570E-04       1.06922E-05       4.74008E-02       2.32221E-04       1.54213E-04
       5.01187E-03       5.24807E-03       5.12997E-03       2.36200E-04       1.14956E-05       4.86689E-02       2.49670E-04       1.65709E-04
       5.24807E-03       5.49541E-03       5.37174E-03       2.47340E-04       1.23656E-05       4.99942E-02       2.68556E-04       1.78074E-04
       5.49541E-03       5.75440E-03       5.62491E-03       2.58990E-04       1.33083E-05       5.13854E-02       2.89038E-04       1.91383E-04
       5.75440E-03       6.02560E-03       5.89000E-03       2.71200E-04       1.43295E-05       5.28373E-02       3.11212E-04       2.05712E-04
       6.02560E-03       6.30957E-03       6.16759E-03       2.83970E-04       1.54007E-05       5.42336E-02       3.34490E-04       2.21113E-04
       6.30957E-03       6.60693E-03       6.45825E-03       2.97360E-04       1.65336E-05       5.56014E-02       3.59087E-04       2.37646E-04
       6.60693E-03       6.91831E-03       6.76262E-03       3.11380E-04       1.77592E-05       5.70340E-02       3.85699E-04       2.55406E-04
       6.91831E-03       7.24436E-03       7.08133E-03       3.26050E-04       1.90855E-05       5.85356E-02       4.14510E-04       2.74491E-04
       7.24436E-03       7.58578E-03       7.41507E-03       3.41420E-04       2.05216E-05       6.01066E-02       4.45695E-04       2.95013E-04
       7.58578E-03       7.94328E-03       7.76453E-03       3.57500E-04       2.20771E-05       6.17542E-02       4.79492E-04       3.17090E-04
       7.94328E-03       8.31764E-03       8.13046E-03       3.74360E-04       2.37628E-05       6.34758E-02       5.16087E-04       3.40853E-04
       8.31764E-03       8.70964E-03       8.51364E-03       3.92000E-04       2.55901E-05       6.52810E-02       5.55779E-04       3.66443E-04
       8.70964E-03       9.12011E-03       8.91487E-03       4.10471E-04       2.75662E-05       6.71576E-02       5.98702E-04       3.94009E-04
       9.12011E-03       9.54993E-03       9.33502E-03       4.29819E-04       2.96308E-05       6.89377E-02       6.43535E-04       4.23640E-04
       9.54993E-03       1.00000E-02       9.77496E-03       4.50070E-04       3.18359E-05       7.07353E-02       6.91435E-04       4.55476E-04
       1.00000E-02       1.04713E-02       1.02357E-02       4.71300E-04       3.42230E-05       7.26142E-02       7.43253E-04       4.89699E-04
       1.04713E-02       1.09648E-02       1.07180E-02       4.93500E-04       3.68073E-05       7.45841E-02       7.99397E-04       5.26506E-04
       1.09648E-02       1.14815E-02       1.12232E-02       5.16700E-04       3.96090E-05       7.66575E-02       8.60339E-04       5.66115E-04
       1.14815E-02       1.20226E-02       1.17521E-02       5.41100E-04       4.26421E-05       7.88064E-02       9.26137E-04       6.08757E-04
       1.20226E-02       1.25892E-02       1.23059E-02       5.66601E-04       4.58513E-05       8.09235E-02       9.95836E-04       6.54608E-04
       1.25892E-02       1.31826E-02       1.28859E-02       5.93399E-04       4.92536E-05       8.30025E-02       1.06956E-03       7.03862E-04
       1.31826E-02       1.38038E-02       1.34932E-02       6.21200E-04       5.29342E-05       8.52127E-02       1.14979E-03       7.56796E-04
       1.38038E-02       1.44544E-02       1.41291E-02       6.50601E-04       5.69213E-05       8.74903E-02       1.23616E-03       8.13717E-04
       1.44544E-02       1.51356E-02       1.47950E-02       6.81199E-04       6.12387E-05       8.98984E-02       1.33005E-03       8.74956E-04
       1.51356E-02       1.58489E-02       1.54923E-02       7.13301E-04       6.59186E-05       9.24134E-02       1.43169E-03       9.40875E-04
       1.58489E-02       1.65959E-02       1.62224E-02       7.47000E-04       7.09918E-05       9.50358E-02       1.54171E-03       1.01187E-03
       1.65959E-02       1.73780E-02       1.69870E-02       7.82100E-04       7.64933E-05       9.78051E-02       1.66141E-03       1.08836E-03
       1.73780E-02       1.81970E-02       1.77875E-02       8.19000E-04       8.24545E-05       1.00677E-01       1.79079E-03       1.17081E-03
       1.81970E-02       1.90546E-02       1.86258E-02       8.57600E-04       8.87755E-05       1.03516E-01       1.92807E-03       1.25959E-03
       1.90546E-02       1.99526E-02       1.95036E-02       8.98000E-04       9.55600E-05       1.06414E-01       2.07546E-03       1.35515E-03
       1.99526E-02       2.08930E-02       2.04228E-02       9.40400E-04       1.02917E-04       1.09440E-01       2.23506E-03       1.45807E-03
       2.08930E-02       2.18776E-02       2.13853E-02       9.84600E-04       1.10895E-04       1.12630E-01       2.40862E-03       1.56896E-03
       2.18776E-02       2.29087E-02       2.23931E-02       1.03110E-03       1.19550E-04       1.15945E-01       2.59636E-03       1.68851E-03
       2.29087E-02       2.39883E-02       2.34485E-02       1.07960E-03       1.28942E-04       1.19435E-01       2.80057E-03       1.81745E-03
       2.39883E-02       2.51189E-02       2.45536E-02       1.13060E-03       1.38845E-04       1.22806E-01       3.01534E-03       1.95630E-03
       2.51189E-02       2.63027E-02       2.57108E-02       1.18380E-03       1.49270E-04       1.26094E-01       3.24198E-03       2.10557E-03
       2.63027E-02       2.75423E-02       2.69225E-02       1.23960E-03       1.60558E-04       1.29524E-01       3.48710E-03       2.26613E-03
       2.75423E-02       2.88403E-02       2.81913E-02       1.29800E-03       1.72788E-04       1.33118E-01       3.75278E-03       2.43891E-03
       2.88403E-02       3.01995E-02       2.95199E-02       1.35920E-03       1.86044E-04       1.36877E-01       4.04060E-03       2.62496E-03
       3.01995E-02       3.16228E-02       3.09112E-02       1.42330E-03       2.00418E-04       1.40812E-01       4.35267E-03       2.82538E-03
       3.16228E-02       3.31131E-02       3.23680E-02       1.49030E-03       2.16010E-04       1.44944E-01       4.69154E-03       3.04139E-03
       3.31131E-02       3.46737E-02       3.38934E-02       1.56060E-03       2.32932E-04       1.49258E-01       5.05887E-03       3.27432E-03
       3.46737E-02       3.63078E-02       3.54908E-02       1.63410E-03       2.51283E-04       1.53774E-01       5.45756E-03       3.52560E-03
       3.63078E-02       3.80189E-02       3.71633E-02       1.71110E-03       2.70742E-04       1.58227E-01       5.88025E-03       3.79634E-03
       3.80189E-02       3.98107E-02       3.89148E-02       1.79180E-03       2.91600E-04       1.62741E-01       6.33305E-03       4.08794E-03
       3.98107E-02       4.16869E-02       4.07488E-02       1.87620E-03       3.14220E-04       1.67477E-01       6.82449E-03       4.40216E-03
       4.16869E-02       4.36516E-02       4.26693E-02       1.96470E-03       3.38766E-04       1.72426E-01       7.35729E-03       4.74093E-03
       4.36516E-02       4.57088E-02       4.46802E-02       2.05720E-03       3.65408E-04       1.77624E-01       7.93629E-03       5.10634E-03
       4.57088E-02       4.78630E-02       4.67859E-02       2.15420E-03       3.94332E-04       1.83053E-01       8.56429E-03       5.50067E-03
       4.78630E-02       5.01187E-02       4.89908E-02       2.25570E-03       4.25564E-04       1.88662E-01       9.24270E-03       5.92623E-03
       5.01187E-02       5.24808E-02       5.12998E-02       2.36210E-03       4.59261E-04       1.94429E-01       9.97416E-03       6.38550E-03
       5.24808E-02       5.49541E-02       5.37174E-02       2.47330E-03       4.95851E-04       2.00482E-01       1.07694E-02       6.88135E-03
       5.49541E-02       5.75440E-02       5.62491E-02       2.58990E-03       5.35609E-04       2.06807E-01       1.16327E-02       7.41696E-03
       5.75440E-02       6.02560E-02       5.89000E-02       2.71200E-03       5.78827E-04       2.13432E-01       1.25711E-02       7.99578E-03
       6.02560E-02       6.30957E-02       6.16758E-02       2.83970E-03       6.25811E-04       2.20379E-01       1.35921E-02       8.62159E-03
       6.30957E-02       6.60693E-02       6.45825E-02       2.97360E-03       6.76913E-04       2.27641E-01       1.47016E-02       9.29851E-03
       6.60693E-02       6.91831E-02       6.76262E-02       3.11380E-03       7.32508E-04       2.35245E-01       1.59088E-02       1.00310E-02
       6.91831E-02       7.24436E-02       7.08134E-02       3.26050E-03       7.93007E-04       2.43216E-01       1.72230E-02       1.08240E-02
       7.24436E-02       7.58578E-02       7.41507E-02       3.41420E-03       8.58863E-04       2.51556E-01       1.86531E-02       1.16829E-02
       7.58578E-02       7.94328E-02       7.76453E-02       3.57500E-03       9.30569E-04       2.60299E-01       2.02110E-02       1.26135E-02
       7.94328E-02       8.31764E-02       8.13046E-02       3.74360E-03       1.00867E-03       2.69440E-01       2.19067E-02       1.36221E-02
       8.31764E-02       8.70964E-02       8.51364E-02       3.92000E-03       1.09376E-03       2.79021E-01       2.37548E-02       1.47159E-02
       8.70964E-02       9.12011E-02       8.91488E-02       4.10470E-03       1.18648E-03       2.89053E-01       2.57687E-02       1.59024E-02
       9.12011E-02       9.54993E-02       9.33502E-02       4.29820E-03       1.28754E-03       2.99554E-01       2.79635E-02       1.71899E-02
       9.54993E-02       1.00000E-01       9.77497E-02       4.50070E-03       1.39735E-03       3.10474E-01       3.03487E-02       1.85873E-02
       1.00000E-01       1.04713E-01       1.02357E-01       4.71300E-03       1.51654E-03       3.21778E-01       3.29360E-02       2.01038E-02
       1.04713E-01       1.09648E-01       1.07180E-01       4.93500E-03       1.64642E-03       3.33622E-01       3.57577E-02       2.17502E-02
       1.09648E-01       1.14815E-01       1.12231E-01       5.16700E-03       1.78815E-03       3.46070E-01       3.88400E-02       2.35384E-02
       1.14815E-01       1.20226E-01       1.17520E-01       5.41100E-03       1.94264E-03       3.59017E-01       4.21918E-02       2.54810E-02
       1.20226E-01       1.25892E-01       1.23059E-01       5.66600E-03       2.11127E-03       3.72622E-01       4.58544E-02       2.75923E-02
       1.25892E-01       1.31826E-01       1.28859E-01       5.93400E-03       2.29528E-03       3.86802E-01       4.98430E-02       2.98876E-02
       1.31826E-01       1.38038E-01       1.34932E-01       6.21200E-03       2.49605E-03       4.01810E-01       5.42171E-02       3.23836E-02
       1.38038E-01       1.44544E-01       1.41291E-01       6.50600E-03       2.71572E-03       4.17417E-01       5.89773E-02       3.50993E-02
       1.44544E-01       1.51356E-01       1.47950E-01       6.81200E-03       2.97788E-03       4.37152E-01       6.46767E-02       3.80772E-02
       1.51356E-01       1.58489E-01       1.54923E-01       7.13300E-03       3.28286E-03       4.60235E-01       7.13007E-02       4.13601E-02
       1.58489E-01       1.65959E-01       1.62224E-01       7.47000E-03       3.61810E-03       4.84351E-01       7.85733E-02       4.49782E-02
       1.65959E-01       1.73780E-01       1.69869E-01       7.82100E-03       3.98656E-03       5.09725E-01       8.65868E-02       4.89647E-02
       1.73780E-01       1.81970E-01       1.77875E-01       8.19000E-03       4.39146E-03       5.36198E-01       9.53763E-02       5.33562E-02
       1.81970E-01       1.90546E-01       1.86258E-01       8.57600E-03       4.83641E-03       5.63947E-01       1.05040E-01       5.81926E-02
       1.90546E-01       1.99526E-01       1.95036E-01       8.98000E-03       5.32824E-03       5.93346E-01       1.15724E-01       6.35208E-02
       1.99526E-01       2.08930E-01       2.04228E-01       9.40400E-03       5.87543E-03       6.24780E-01       1.27598E-01       6.93963E-02
       2.08930E-01       2.18776E-01       2.13853E-01       9.84600E-03       6.47728E-03       6.57859E-01       1.40685E-01       7.58736E-02
       2.18776E-01       2.29087E-01       2.23931E-01       1.03110E-02       7.13875E-03       6.92343E-01       1.55037E-01       8.30123E-02
       2.29087E-01       2.39883E-01       2.34485E-01       1.07960E-02       7.86479E-03       7.28491E-01       1.70820E-01       9.08771E-02
       2.39883E-01       2.51189E-01       2.45536E-01       1.13060E-02       8.64636E-03       7.64758E-01       1.87776E-01       9.95235E-02
       2.51189E-01       2.63027E-01       2.57108E-01       1.18380E-02       9.49768E-03       8.02304E-01       2.06279E-01       1.09021E-01
       2.63027E-01       2.75423E-01       2.69225E-01       1.23960E-02       1.04319E-02       8.41551E-01       2.26567E-01       1.19453E-01
       2.75423E-01       2.88403E-01       2.81913E-01       1.29800E-02       1.14466E-02       8.81863E-01       2.48609E-01       1.30900E-01
       2.88403E-01       3.01995E-01       2.95199E-01       1.35920E-02       1.25032E-02       9.19897E-01       2.71553E-01       1.43403E-01
       3.01995E-01       3.16228E-01       3.09112E-01       1.42330E-02       1.36498E-02       9.59022E-01       2.96445E-01       1.57053E-01
       3.16228E-01       3.31131E-01       3.23680E-01       1.49030E-02       1.49040E-02       1.00007E+00       3.23702E-01       1.71957E-01
       3.31131E-01       3.46737E-01       3.38934E-01       1.56060E-02       1.62765E-02       1.04296E+00       3.53496E-01       1.88233E-01
       3.46737E-01       3.63078E-01       3.54908E-01       1.63410E-02       1.77781E-02       1.08794E+00       3.86119E-01       2.06011E-01
       3.63078E-01       3.80189E-01       3.71633E-01       1.71110E-02       1.94210E-02       1.13500E+00       4.21805E-01       2.25432E-01
       3.80189E-01       3.98107E-01       3.89148E-01       1.79180E-02       2.12176E-02       1.18415E+00       4.60810E-01       2.46650E-01
       3.98107E-01       4.16869E-01       4.07488E-01       1.87620E-02       2.31909E-02       1.23606E+00       5.03679E-01       2.69841E-01
       4.16869E-01       4.36516E-01       4.26692E-01       1.96470E-02       2.70817E-02       1.37841E+00       5.88158E-01       2.96922E-01
       4.36516E-01       4.57088E-01       4.46802E-01       2.05720E-02       3.27805E-02       1.59345E+00       7.11957E-01       3.29703E-01
       4.57088E-01       4.78630E-01       4.67859E-01       2.15420E-02       2.71229E-02       1.25907E+00       5.89068E-01       3.56826E-01
       4.78630E-01       5.01187E-01       4.89909E-01       2.25570E-02       2.71526E-02       1.20373E+00       5.89720E-01       3.83979E-01
       5.01187E-01       5.24808E-01       5.12998E-01       2.36210E-02       2.71089E-02       1.14766E+00       5.88747E-01       4.11087E-01
       5.24808E-01       5.49541E-01       5.37174E-01       2.47330E-02       2.69361E-02       1.08908E+00       5.85023E-01       4.38024E-01
       5.49541E-01       5.75440E-01       5.62490E-01       2.58990E-02       2.67586E-02       1.03319E+00       5.81159E-01       4.64782E-01
       5.75440E-01       6.02560E-01       5.89000E-01       2.71200E-02       2.66012E-02       9.80870E-01       5.77732E-01       4.91383E-01
       6.02560E-01       6.30957E-01       6.16758E-01       2.83970E-02       2.63010E-02       9.26189E-01       5.71235E-01       5.17684E-01
       6.30957E-01       6.60693E-01       6.45825E-01       2.97360E-02       2.58371E-02       8.68882E-01       5.61145E-01       5.43521E-01
       6.60693E-01       6.91831E-01       6.76262E-01       3.11380E-02       2.51868E-02       8.08875E-01       5.47012E-01       5.68708E-01
       6.91831E-01       7.24436E-01       7.08133E-01       3.26050E-02       2.43253E-02       7.46062E-01       5.28311E-01       5.93033E-01
       7.24436E-01       7.58578E-01       7.41507E-01       3.41420E-02       2.33252E-02       6.83181E-01       5.06584E-01       6.16359E-01
       7.58578E-01       7.94328E-01       7.76453E-01       3.57500E-02       2.22434E-02       6.22193E-01       4.83103E-01       6.38602E-01
       7.94328E-01       8.31764E-01       8.13046E-01       3.74360E-02       2.09059E-02       5.58443E-01       4.54040E-01       6.59508E-01
       8.31764E-01       8.70964E-01       8.51364E-01       3.92000E-02       1.92750E-02       4.91710E-01       4.18624E-01       6.78783E-01
       8.70964E-01       9.12011E-01       8.91487E-01       4.10470E-02       1.73374E-02       4.22379E-01       3.76546E-01       6.96120E-01
       9.12011E-01       9.54993E-01       9.33502E-01       4.29820E-02       1.63738E-02       3.80945E-01       3.55613E-01       7.12494E-01
       9.54993E-01       1.00000E+00       9.77497E-01       4.50070E-02       1.62778E-02       3.61672E-01       3.53533E-01       7.28772E-01
       1.00000E+00       1.04713E+00       1.02357E+00       4.71300E-02       1.60955E-02       3.41513E-01       3.49561E-01       7.44867E-01
       1.04713E+00       1.09648E+00       1.07181E+00       4.93500E-02       1.58126E-02       3.20417E-01       3.43425E-01       7.60680E-01
       1.09648E+00       1.14815E+00       1.12231E+00       5.16700E-02       1.54175E-02       2.98384E-01       3.34881E-01       7.76097E-01
       1.14815E+00       1.20226E+00       1.17520E+00       5.41100E-02       1.51980E-02       2.80873E-01       3.30083E-01       7.91295E-01
       1.20226E+00       1.25892E+00       1.23059E+00       5.66600E-02       1.52896E-02       2.69849E-01       3.32073E-01       8.06585E-01
       1.25892E+00       1.31826E+00       1.28859E+00       5.93400E-02       1.53321E-02       2.58377E-01       3.32942E-01       8.21917E-01
       1.31826E+00       1.38038E+00       1.34932E+00       6.21200E-02       1.53103E-02       2.46464E-01       3.32558E-01       8.37227E-01
       1.38038E+00       1.44544E+00       1.41291E+00       6.50600E-02       1.52138E-02       2.33843E-01       3.30399E-01       8.52441E-01
       1.44544E+00       1.51356E+00       1.47950E+00       6.81200E-02       1.50327E-02       2.20680E-01       3.26496E-01       8.67474E-01
       1.51356E+00       1.58489E+00       1.54923E+00       7.13300E-02       1.47384E-02       2.06622E-01       3.20105E-01       8.82212E-01
       1.58489E+00       1.65959E+00       1.62224E+00       7.47000E-02       1.42434E-02       1.90674E-01       3.09319E-01       8.96456E-01
       1.65959E+00       1.73780E+00       1.69869E+00       7.82100E-02       1.35961E-02       1.73841E-01       2.95302E-01       9.10052E-01
       1.73780E+00       1.81970E+00       1.77875E+00       8.19000E-02       1.27927E-02       1.56199E-01       2.77840E-01       9.22845E-01
       1.81970E+00       1.90546E+00       1.86258E+00       8.57600E-02       1.18180E-02       1.37803E-01       2.56669E-01       9.34663E-01
       1.90546E+00       1.99526E+00       1.95036E+00       8.98000E-02       1.07554E-02       1.19770E-01       2.33595E-01       9.45418E-01
       1.99526E+00       2.08930E+00       2.04228E+00       9.40400E-02       9.57523E-03       1.01821E-01       2.07947E-01       9.54993E-01
       2.08930E+00       2.18776E+00       2.13853E+00       9.84600E-02       8.40596E-03       8.53744E-02       1.82576E-01       9.63399E-01
       2.18776E+00       2.29087E+00       2.23932E+00       1.03110E-01       7.22230E-03       7.00446E-02       1.56852E-01       9.70621E-01
       2.29087E+00       2.39883E+00       2.34485E+00       1.07960E-01       6.10247E-03       5.65253E-02       1.32543E-01       9.76724E-01
       2.39883E+00       2.51189E+00       2.45536E+00       1.13060E-01       5.09481E-03       4.50629E-02       1.10646E-01       9.81819E-01
       2.51189E+00       2.63027E+00       2.57108E+00       1.18380E-01       4.21483E-03       3.56042E-02       9.15413E-02       9.86033E-01
       2.63027E+00       2.75423E+00       2.69225E+00       1.23960E-01       3.47446E-03       2.80289E-02       7.54607E-02       9.89508E-01
       2.75423E+00       2.88403E+00       2.81913E+00       1.29800E-01       2.87090E-03       2.21179E-02       6.23532E-02       9.92379E-01
       2.88403E+00       3.01995E+00       2.95199E+00       1.35920E-01       2.37444E-03       1.74694E-02       5.15695E-02       9.94753E-01
       3.01995E+00       3.16228E+00       3.09111E+00       1.42330E-01       1.93640E-03       1.36050E-02       4.20545E-02       9.96690E-01
       3.16228E+00       3.31131E+00       3.23679E+00       1.49030E-01       1.51219E-03       1.01469E-02       3.28434E-02       9.98202E-01
       3.31131E+00       3.46737E+00       3.38934E+00       1.56060E-01       1.05867E-03       6.78376E-03       2.29925E-02       9.99261E-01
       3.46737E+00       3.63078E+00       3.54908E+00       1.63410E-01       5.93928E-04       3.63459E-03       1.28994E-02       9.99855E-01
       3.63078E+00       3.80189E+00       3.71633E+00       1.71110E-01       1.45432E-04       8.49935E-04       3.15864E-03       1.00000E+00

 Sum =                                                                         1.00000E+00
 Renormalization bin#   941 =                                                  4.41022E-01 barn        1.30000E+07        1.32000E+07        1.31000E+07
 Avg. Energy     bin#   941 =                                                  8.06593E-01 MeV         1.30000E+07        1.32000E+07
