"        MT= 91 recoil spectrum "
" Initial neutron energy corresponds to the group:"
   1.22000E+01    1.24000E+01       0.00000E+00           232           893           662



          Low               High              Mid              Energy           Number             dn/de            E*dn/de          Cumulative
         Energy            Energy            Energy             Width          Fraction                               Sum   
         [MeV]             [MeV]             [MeV]              [MeV]

       4.16869E-07       4.36516E-07       4.26693E-07       1.96470E-08       0.00000E+00       0.00000E+00       0.00000E+00       0.00000E+00
       4.36516E-07       4.57088E-07       4.46802E-07       2.05720E-08       2.34193E-12       1.13841E-04       5.08642E-11       2.34193E-12
       4.57088E-07       4.78630E-07       4.67859E-07       2.15420E-08       2.56786E-12       1.19202E-04       5.57698E-11       4.90978E-12
       4.78630E-07       5.01187E-07       4.89909E-07       2.25570E-08       2.81556E-12       1.24820E-04       6.11501E-11       7.72534E-12
       5.01187E-07       5.24807E-07       5.12997E-07       2.36200E-08       3.08725E-12       1.30705E-04       6.70513E-11       1.08126E-11
       5.24807E-07       5.50000E-07       5.37403E-07       2.51930E-08       3.44936E-12       1.36917E-04       7.35797E-11       1.42619E-11
       5.50000E-07       5.75000E-07       5.62500E-07       2.50000E-08       3.58287E-12       1.43315E-04       8.06147E-11       1.78448E-11
       5.75000E-07       6.00000E-07       5.87500E-07       2.50000E-08       3.74215E-12       1.49686E-04       8.79405E-11       2.15870E-11
       6.00000E-07       6.25000E-07       6.12500E-07       2.50000E-08       3.90144E-12       1.56058E-04       9.55853E-11       2.54884E-11
       6.25000E-07       6.50000E-07       6.37500E-07       2.50000E-08       4.06050E-12       1.62420E-04       1.03543E-10       2.95489E-11
       6.50000E-07       6.75000E-07       6.62500E-07       2.50000E-08       4.21978E-12       1.68791E-04       1.11824E-10       3.37687E-11
       6.75000E-07       7.00000E-07       6.87500E-07       2.50000E-08       4.37906E-12       1.75163E-04       1.20424E-10       3.81477E-11
       7.00000E-07       7.25000E-07       7.12500E-07       2.50000E-08       4.53835E-12       1.81534E-04       1.29343E-10       4.26861E-11
       7.25000E-07       7.50000E-07       7.37500E-07       2.50000E-08       4.69763E-12       1.87905E-04       1.38580E-10       4.73837E-11
       7.50000E-07       7.75000E-07       7.62500E-07       2.50000E-08       4.85691E-12       1.94277E-04       1.48136E-10       5.22406E-11
       7.75000E-07       8.00000E-07       7.87500E-07       2.50000E-08       5.01597E-12       2.00639E-04       1.58003E-10       5.72566E-11
       8.00000E-07       8.25000E-07       8.12500E-07       2.50000E-08       5.17526E-12       2.07010E-04       1.68196E-10       6.24319E-11
       8.25000E-07       8.50000E-07       8.37500E-07       2.50000E-08       5.33454E-12       2.13381E-04       1.78707E-10       6.77664E-11
       8.50000E-07       8.75000E-07       8.62500E-07       2.50000E-08       5.49382E-12       2.19753E-04       1.89537E-10       7.32602E-11
       8.75000E-07       9.00000E-07       8.87500E-07       2.50000E-08       5.65311E-12       2.26124E-04       2.00685E-10       7.89133E-11
       9.00000E-07       9.25000E-07       9.12500E-07       2.50000E-08       5.81217E-12       2.32486E-04       2.12144E-10       8.47255E-11
       9.25000E-07       9.50000E-07       9.37500E-07       2.50000E-08       5.97145E-12       2.38858E-04       2.23930E-10       9.06969E-11
       9.50000E-07       9.75000E-07       9.62500E-07       2.50000E-08       6.13073E-12       2.45229E-04       2.36033E-10       9.68277E-11
       9.75000E-07       1.00000E-06       9.87500E-07       2.50000E-08       6.29002E-12       2.51601E-04       2.48456E-10       1.03118E-10
       1.00000E-06       1.02500E-06       1.01250E-06       2.50000E-08       6.44930E-12       2.57972E-04       2.61197E-10       1.09567E-10
       1.02500E-06       1.05000E-06       1.03750E-06       2.50000E-08       6.60836E-12       2.64335E-04       2.74247E-10       1.16175E-10
       1.05000E-06       1.07500E-06       1.06250E-06       2.50001E-08       6.76764E-12       2.70705E-04       2.87624E-10       1.22943E-10
       1.07500E-06       1.10000E-06       1.08750E-06       2.50000E-08       6.92693E-12       2.77077E-04       3.01322E-10       1.29870E-10
       1.10000E-06       1.12500E-06       1.11250E-06       2.50000E-08       7.08621E-12       2.83449E-04       3.15337E-10       1.36956E-10
       1.12500E-06       1.15000E-06       1.13750E-06       2.50000E-08       7.24549E-12       2.89820E-04       3.29670E-10       1.44202E-10
       1.15000E-06       1.17500E-06       1.16250E-06       2.50000E-08       7.40455E-12       2.96182E-04       3.44312E-10       1.51606E-10
       1.17500E-06       1.20000E-06       1.18750E-06       2.50001E-08       7.56384E-12       3.02552E-04       3.59281E-10       1.59170E-10
       1.20000E-06       1.22500E-06       1.21250E-06       2.50000E-08       7.72312E-12       3.08925E-04       3.74572E-10       1.66893E-10
       1.22500E-06       1.25000E-06       1.23750E-06       2.50000E-08       7.88240E-12       3.15296E-04       3.90179E-10       1.74776E-10
       1.25000E-06       1.27500E-06       1.26250E-06       2.50000E-08       8.04169E-12       3.21668E-04       4.06105E-10       1.82817E-10
       1.27500E-06       1.30000E-06       1.28750E-06       2.50000E-08       8.20075E-12       3.28030E-04       4.22339E-10       1.91018E-10
       1.30000E-06       1.32500E-06       1.31250E-06       2.50001E-08       8.36003E-12       3.34400E-04       4.38900E-10       1.99378E-10
       1.32500E-06       1.35000E-06       1.33750E-06       2.50000E-08       8.51931E-12       3.40773E-04       4.55784E-10       2.07897E-10
       1.35000E-06       1.37500E-06       1.36250E-06       2.50000E-08       8.67860E-12       3.47144E-04       4.72984E-10       2.16576E-10
       1.37500E-06       1.40000E-06       1.38750E-06       2.50000E-08       8.83788E-12       3.53515E-04       4.90503E-10       2.25414E-10
       1.40000E-06       1.42500E-06       1.41250E-06       2.50000E-08       8.99694E-12       3.59878E-04       5.08328E-10       2.34411E-10
       1.42500E-06       1.45000E-06       1.43750E-06       2.50001E-08       9.15622E-12       3.66247E-04       5.26481E-10       2.43567E-10
       1.45000E-06       1.47500E-06       1.46250E-06       2.50000E-08       9.31550E-12       3.72621E-04       5.44958E-10       2.52882E-10
       1.47500E-06       1.50000E-06       1.48750E-06       2.50000E-08       9.47479E-12       3.78992E-04       5.63750E-10       2.62357E-10
       1.50000E-06       1.52500E-06       1.51250E-06       2.50000E-08       9.63407E-12       3.85363E-04       5.82862E-10       2.71991E-10
       1.52500E-06       1.55000E-06       1.53750E-06       2.50000E-08       9.79313E-12       3.91726E-04       6.02278E-10       2.81784E-10
       1.55000E-06       1.57500E-06       1.56250E-06       2.50001E-08       9.95242E-12       3.98095E-04       6.22024E-10       2.91737E-10
       1.57500E-06       1.60000E-06       1.58750E-06       2.50000E-08       1.01117E-11       4.04468E-04       6.42094E-10       3.01849E-10
       1.60000E-06       1.62500E-06       1.61250E-06       2.50000E-08       1.02710E-11       4.10840E-04       6.62479E-10       3.12120E-10
       1.62500E-06       1.65000E-06       1.63750E-06       2.50000E-08       1.04303E-11       4.17211E-04       6.83183E-10       3.22550E-10
       1.65000E-06       1.67500E-06       1.66250E-06       2.50000E-08       1.05893E-11       4.23573E-04       7.04191E-10       3.33139E-10
       1.67500E-06       1.70000E-06       1.68750E-06       2.50001E-08       1.07486E-11       4.29943E-04       7.25528E-10       3.43888E-10
       1.70000E-06       1.72500E-06       1.71250E-06       2.50000E-08       1.09079E-11       4.36316E-04       7.47191E-10       3.54796E-10
       1.72500E-06       1.75000E-06       1.73750E-06       2.50000E-08       1.10672E-11       4.42687E-04       7.69170E-10       3.65863E-10
       1.75000E-06       1.77500E-06       1.76250E-06       2.50000E-08       1.12265E-11       4.49059E-04       7.91466E-10       3.77089E-10
       1.77500E-06       1.80000E-06       1.78750E-06       2.50000E-08       1.13855E-11       4.55421E-04       8.14065E-10       3.88475E-10
       1.80000E-06       1.82500E-06       1.81250E-06       2.50001E-08       1.15448E-11       4.61790E-04       8.36995E-10       4.00020E-10
       1.82500E-06       1.85000E-06       1.83750E-06       2.50000E-08       1.17041E-11       4.68164E-04       8.60251E-10       4.11724E-10
       1.85000E-06       1.87500E-06       1.86250E-06       2.50000E-08       1.18634E-11       4.74535E-04       8.83822E-10       4.23587E-10
       1.87500E-06       1.90000E-06       1.88750E-06       2.50000E-08       1.20227E-11       4.80907E-04       9.07711E-10       4.35610E-10
       1.90000E-06       1.92500E-06       1.91250E-06       2.50000E-08       1.21817E-11       4.87269E-04       9.31902E-10       4.47791E-10
       1.92500E-06       1.95000E-06       1.93750E-06       2.50001E-08       1.23410E-11       4.93638E-04       9.56423E-10       4.60132E-10
       1.95000E-06       1.97500E-06       1.96250E-06       2.50000E-08       1.25003E-11       5.00012E-04       9.81273E-10       4.72633E-10
       1.97500E-06       2.00000E-06       1.98750E-06       2.50000E-08       1.26596E-11       5.06383E-04       1.00644E-09       4.85292E-10
       2.00000E-06       2.02500E-06       2.01250E-06       2.50001E-08       1.28188E-11       5.12752E-04       1.03191E-09       4.98111E-10
       2.02500E-06       2.05000E-06       2.03750E-06       2.49999E-08       1.29779E-11       5.19119E-04       1.05771E-09       5.11089E-10
       2.05000E-06       2.07500E-06       2.06250E-06       2.50001E-08       1.31372E-11       5.25485E-04       1.08381E-09       5.24226E-10
       2.07500E-06       2.10000E-06       2.08750E-06       2.49999E-08       1.32965E-11       5.31862E-04       1.11026E-09       5.37523E-10
       2.10000E-06       2.12500E-06       2.11250E-06       2.50001E-08       1.34558E-11       5.38228E-04       1.13701E-09       5.50978E-10
       2.12500E-06       2.15000E-06       2.13750E-06       2.50001E-08       1.36150E-11       5.44599E-04       1.16408E-09       5.64593E-10
       2.15000E-06       2.17500E-06       2.16250E-06       2.49999E-08       1.37741E-11       5.50967E-04       1.19147E-09       5.78368E-10
       2.17500E-06       2.20000E-06       2.18750E-06       2.50001E-08       1.39334E-11       5.57333E-04       1.21917E-09       5.92301E-10
       2.20000E-06       2.22500E-06       2.21250E-06       2.49999E-08       1.40927E-11       5.63710E-04       1.24721E-09       6.06394E-10
       2.22500E-06       2.25000E-06       2.23750E-06       2.50001E-08       1.42519E-11       5.70076E-04       1.27554E-09       6.20646E-10
       2.25000E-06       2.27500E-06       2.26250E-06       2.50001E-08       1.44112E-11       5.76447E-04       1.30421E-09       6.35057E-10
       2.27500E-06       2.30000E-06       2.28750E-06       2.49999E-08       1.45705E-11       5.82824E-04       1.33321E-09       6.49627E-10
       2.30000E-06       2.32500E-06       2.31250E-06       2.50001E-08       1.47296E-11       5.89181E-04       1.36248E-09       6.64357E-10
       2.32500E-06       2.35000E-06       2.33750E-06       2.49999E-08       1.48889E-11       5.95558E-04       1.39212E-09       6.79246E-10
       2.35000E-06       2.37500E-06       2.36250E-06       2.50001E-08       1.50481E-11       6.01923E-04       1.42204E-09       6.94294E-10
       2.37500E-06       2.40000E-06       2.38750E-06       2.50001E-08       1.52074E-11       6.08295E-04       1.45230E-09       7.09501E-10
       2.40000E-06       2.42500E-06       2.41250E-06       2.49999E-08       1.53667E-11       6.14672E-04       1.48290E-09       7.24868E-10
       2.42500E-06       2.45000E-06       2.43750E-06       2.50001E-08       1.55258E-11       6.21028E-04       1.51376E-09       7.40394E-10
       2.45000E-06       2.47500E-06       2.46250E-06       2.49999E-08       1.56851E-11       6.27406E-04       1.54499E-09       7.56079E-10
       2.47500E-06       2.50000E-06       2.48750E-06       2.50001E-08       1.58443E-11       6.33771E-04       1.57651E-09       7.71923E-10
       2.50000E-06       2.52500E-06       2.51250E-06       2.50001E-08       1.60036E-11       6.40142E-04       1.60836E-09       7.87927E-10
       2.52500E-06       2.55000E-06       2.53750E-06       2.49999E-08       1.61629E-11       6.46520E-04       1.64054E-09       8.04090E-10
       2.55000E-06       2.57500E-06       2.56250E-06       2.50001E-08       1.63220E-11       6.52876E-04       1.67299E-09       8.20412E-10
       2.57500E-06       2.60000E-06       2.58750E-06       2.49999E-08       1.64812E-11       6.59254E-04       1.70582E-09       8.36893E-10
       2.60000E-06       2.62500E-06       2.61250E-06       2.50001E-08       1.66405E-11       6.65619E-04       1.73893E-09       8.53533E-10
       2.62500E-06       2.65000E-06       2.63750E-06       2.50001E-08       1.67998E-11       6.71990E-04       1.77237E-09       8.70333E-10
       2.65000E-06       2.67500E-06       2.66250E-06       2.49999E-08       1.69591E-11       6.78368E-04       1.80615E-09       8.87292E-10
       2.67500E-06       2.70000E-06       2.68750E-06       2.50001E-08       1.71182E-11       6.84724E-04       1.84019E-09       9.04410E-10
       2.70000E-06       2.72500E-06       2.71250E-06       2.49999E-08       1.72774E-11       6.91101E-04       1.87461E-09       9.21688E-10
       2.72500E-06       2.75000E-06       2.73750E-06       2.50001E-08       1.74367E-11       6.97466E-04       1.90931E-09       9.39125E-10
       2.75000E-06       2.77500E-06       2.76250E-06       2.50001E-08       1.75960E-11       7.03837E-04       1.94435E-09       9.56721E-10
       2.77500E-06       2.80000E-06       2.78750E-06       2.49999E-08       1.77553E-11       7.10216E-04       1.97973E-09       9.74476E-10
       2.80000E-06       2.82500E-06       2.81250E-06       2.50001E-08       1.79143E-11       7.16571E-04       2.01536E-09       9.92390E-10
       2.82500E-06       2.85000E-06       2.83750E-06       2.49999E-08       1.80736E-11       7.22949E-04       2.05137E-09       1.01046E-09
       2.85000E-06       2.87500E-06       2.86250E-06       2.50001E-08       1.82329E-11       7.29314E-04       2.08766E-09       1.02870E-09
       2.87500E-06       2.90000E-06       2.88750E-06       2.50001E-08       1.83922E-11       7.35685E-04       2.12429E-09       1.04709E-09
       2.90000E-06       2.92500E-06       2.91250E-06       2.49999E-08       1.85515E-11       7.42063E-04       2.16126E-09       1.06564E-09
       2.92500E-06       2.95000E-06       2.93750E-06       2.50001E-08       1.87105E-11       7.48419E-04       2.19848E-09       1.08435E-09
       2.95000E-06       2.97500E-06       2.96250E-06       2.49999E-08       1.88698E-11       7.54797E-04       2.23609E-09       1.10322E-09
       2.97500E-06       3.00000E-06       2.98750E-06       2.50001E-08       1.90291E-11       7.61161E-04       2.27397E-09       1.12225E-09
       3.00000E-06       3.02500E-06       3.01250E-06       2.50001E-08       1.91884E-11       7.67533E-04       2.31219E-09       1.14144E-09
       3.02500E-06       3.05000E-06       3.03750E-06       2.49999E-08       1.93477E-11       7.73911E-04       2.35076E-09       1.16079E-09
       3.05000E-06       3.07500E-06       3.06250E-06       2.50001E-08       1.95067E-11       7.80266E-04       2.38957E-09       1.18029E-09
       3.07500E-06       3.10000E-06       3.08750E-06       2.49999E-08       1.96660E-11       7.86645E-04       2.42877E-09       1.19996E-09
       3.10000E-06       3.12500E-06       3.11250E-06       2.50001E-08       1.98253E-11       7.93009E-04       2.46824E-09       1.21978E-09
       3.12500E-06       3.15000E-06       3.13750E-06       2.50001E-08       1.99846E-11       7.99380E-04       2.50806E-09       1.23977E-09
       3.15000E-06       3.17500E-06       3.16250E-06       2.49999E-08       2.01439E-11       8.05759E-04       2.54821E-09       1.25991E-09
       3.17500E-06       3.20000E-06       3.18750E-06       2.50001E-08       2.03029E-11       8.12114E-04       2.58861E-09       1.28022E-09
       3.20000E-06       3.22500E-06       3.21250E-06       2.49999E-08       2.04622E-11       8.18493E-04       2.62941E-09       1.30068E-09
       3.22500E-06       3.25000E-06       3.23750E-06       2.50001E-08       2.06215E-11       8.24857E-04       2.67047E-09       1.32130E-09
       3.25000E-06       3.27500E-06       3.26250E-06       2.50001E-08       2.07808E-11       8.31228E-04       2.71188E-09       1.34208E-09
       3.27500E-06       3.30000E-06       3.28750E-06       2.49999E-08       2.09401E-11       8.37607E-04       2.75363E-09       1.36302E-09
       3.30000E-06       3.32500E-06       3.31250E-06       2.50001E-08       2.10991E-11       8.43962E-04       2.79562E-09       1.38412E-09
       3.32500E-06       3.35000E-06       3.33750E-06       2.49999E-08       2.12584E-11       8.50341E-04       2.83801E-09       1.40538E-09
       3.35000E-06       3.37500E-06       3.36250E-06       2.50001E-08       2.14177E-11       8.56704E-04       2.88067E-09       1.42680E-09
       3.37500E-06       3.40000E-06       3.38750E-06       2.50001E-08       2.15770E-11       8.63076E-04       2.92367E-09       1.44837E-09
       3.40000E-06       3.42500E-06       3.41250E-06       2.49999E-08       2.17363E-11       8.69455E-04       2.96702E-09       1.47011E-09
       3.42500E-06       3.45000E-06       3.43750E-06       2.50001E-08       2.18953E-11       8.75809E-04       3.01059E-09       1.49200E-09
       3.45000E-06       3.47500E-06       3.46250E-06       2.49999E-08       2.20546E-11       8.82189E-04       3.05458E-09       1.51406E-09
       3.47500E-06       3.50000E-06       3.48750E-06       2.50001E-08       2.22139E-11       8.88552E-04       3.09882E-09       1.53627E-09
       3.50000E-06       3.52500E-06       3.51250E-06       2.50001E-08       2.23729E-11       8.94914E-04       3.14339E-09       1.55865E-09
       3.52500E-06       3.55000E-06       3.53750E-06       2.49999E-08       2.25329E-11       9.01321E-04       3.18842E-09       1.58118E-09
       3.55000E-06       3.57500E-06       3.56250E-06       2.50001E-08       2.26906E-11       9.07621E-04       3.23340E-09       1.60387E-09
       3.57500E-06       3.60000E-06       3.58750E-06       2.49999E-08       2.28506E-11       9.14028E-04       3.27908E-09       1.62672E-09
       3.60000E-06       3.62500E-06       3.61250E-06       2.50001E-08       2.30105E-11       9.20417E-04       3.32501E-09       1.64973E-09
       3.62500E-06       3.65000E-06       3.63750E-06       2.50001E-08       2.31682E-11       9.26726E-04       3.37097E-09       1.67290E-09
       3.65000E-06       3.67500E-06       3.66250E-06       2.49999E-08       2.33282E-11       9.33133E-04       3.41760E-09       1.69623E-09
       3.67500E-06       3.70000E-06       3.68750E-06       2.50001E-08       2.34881E-11       9.39522E-04       3.46449E-09       1.71971E-09
       3.70000E-06       3.72500E-06       3.71250E-06       2.49999E-08       2.36481E-11       9.45929E-04       3.51176E-09       1.74336E-09
       3.72500E-06       3.75000E-06       3.73750E-06       2.50001E-08       2.38058E-11       9.52229E-04       3.55896E-09       1.76717E-09
       3.75000E-06       3.77500E-06       3.76250E-06       2.50001E-08       2.39658E-11       9.58627E-04       3.60683E-09       1.79113E-09
       3.77500E-06       3.80000E-06       3.78750E-06       2.49999E-08       2.41257E-11       9.65034E-04       3.65507E-09       1.81526E-09
       3.80000E-06       3.82500E-06       3.81250E-06       2.50001E-08       2.42834E-11       9.71334E-04       3.70321E-09       1.83954E-09
       3.82500E-06       3.85000E-06       3.83750E-06       2.49999E-08       2.44434E-11       9.77742E-04       3.75208E-09       1.86399E-09
       3.85000E-06       3.87500E-06       3.86250E-06       2.50001E-08       2.46033E-11       9.84130E-04       3.80120E-09       1.88859E-09
       3.87500E-06       3.90000E-06       3.88750E-06       2.50001E-08       2.47611E-11       9.90439E-04       3.85033E-09       1.91335E-09
       3.90000E-06       3.92500E-06       3.91250E-06       2.49999E-08       2.49210E-11       9.96847E-04       3.90016E-09       1.93827E-09
       3.92500E-06       3.95000E-06       3.93750E-06       2.50001E-08       2.50810E-11       1.00324E-03       3.95024E-09       1.96335E-09
       3.95000E-06       3.97500E-06       3.96250E-06       2.49999E-08       2.52387E-11       1.00955E-03       4.00036E-09       1.98859E-09
       3.97500E-06       4.00000E-06       3.98750E-06       2.50001E-08       2.53987E-11       1.01594E-03       4.05107E-09       2.01399E-09
       4.00000E-06       4.02500E-06       4.01250E-06       2.50001E-08       2.55586E-11       1.02234E-03       4.10214E-09       2.03955E-09
       4.02500E-06       4.05000E-06       4.03750E-06       2.50001E-08       2.57163E-11       1.02865E-03       4.15317E-09       2.06527E-09
       4.05000E-06       4.07500E-06       4.06250E-06       2.49996E-08       2.58763E-11       1.03507E-03       4.20496E-09       2.09114E-09
       4.07500E-06       4.10000E-06       4.08750E-06       2.50001E-08       2.60362E-11       1.04145E-03       4.25691E-09       2.11718E-09
       4.10000E-06       4.12500E-06       4.11250E-06       2.50001E-08       2.61940E-11       1.04775E-03       4.30889E-09       2.14337E-09
       4.12500E-06       4.15000E-06       4.13750E-06       2.50001E-08       2.63539E-11       1.05415E-03       4.36156E-09       2.16973E-09
       4.15000E-06       4.17500E-06       4.16250E-06       2.50001E-08       2.65139E-11       1.06055E-03       4.41454E-09       2.19624E-09
       4.17500E-06       4.20000E-06       4.18750E-06       2.49996E-08       2.66716E-11       1.06688E-03       4.46756E-09       2.22291E-09
       4.20000E-06       4.22500E-06       4.21250E-06       2.50001E-08       2.68315E-11       1.07326E-03       4.52110E-09       2.24974E-09
       4.22500E-06       4.25000E-06       4.23750E-06       2.50001E-08       2.69915E-11       1.07966E-03       4.57504E-09       2.27673E-09
       4.25000E-06       4.27500E-06       4.26250E-06       2.50001E-08       2.71514E-11       1.08605E-03       4.62930E-09       2.30389E-09
       4.27500E-06       4.30000E-06       4.28750E-06       2.50001E-08       2.73092E-11       1.09236E-03       4.68350E-09       2.33119E-09
       4.30000E-06       4.32500E-06       4.31250E-06       2.49996E-08       2.74691E-11       1.09878E-03       4.73849E-09       2.35866E-09
       4.32500E-06       4.35000E-06       4.33750E-06       2.50001E-08       2.76291E-11       1.10516E-03       4.79362E-09       2.38629E-09
       4.35000E-06       4.37500E-06       4.36250E-06       2.50001E-08       2.77868E-11       1.11147E-03       4.84878E-09       2.41408E-09
       4.37500E-06       4.40000E-06       4.38750E-06       2.50001E-08       2.79467E-11       1.11787E-03       4.90463E-09       2.44203E-09
       4.40000E-06       4.42500E-06       4.41250E-06       2.50001E-08       2.81067E-11       1.12426E-03       4.96081E-09       2.47013E-09
       4.42500E-06       4.45000E-06       4.43750E-06       2.49996E-08       2.82644E-11       1.13059E-03       5.01701E-09       2.49840E-09
       4.45000E-06       4.47500E-06       4.46250E-06       2.50001E-08       2.84244E-11       1.13697E-03       5.07373E-09       2.52682E-09
       4.47500E-06       4.50000E-06       4.48750E-06       2.50001E-08       2.85843E-11       1.14337E-03       5.13086E-09       2.55541E-09
       4.50000E-06       4.52500E-06       4.51250E-06       2.50001E-08       2.87420E-11       1.14968E-03       5.18792E-09       2.58415E-09
       4.52500E-06       4.55000E-06       4.53750E-06       2.50001E-08       2.89020E-11       1.15608E-03       5.24569E-09       2.61305E-09
       4.55000E-06       4.57500E-06       4.56250E-06       2.49996E-08       2.90619E-11       1.16250E-03       5.30389E-09       2.64211E-09
       4.57500E-06       4.60000E-06       4.58750E-06       2.50001E-08       2.92197E-11       1.16878E-03       5.36179E-09       2.67133E-09
       4.60000E-06       4.62500E-06       4.61250E-06       2.50001E-08       2.93796E-11       1.17518E-03       5.42052E-09       2.70071E-09
       4.62500E-06       4.65000E-06       4.63750E-06       2.50001E-08       2.95396E-11       1.18158E-03       5.47957E-09       2.73025E-09
       4.65000E-06       4.67500E-06       4.66250E-06       2.50001E-08       2.96973E-11       1.18789E-03       5.53852E-09       2.75995E-09
       4.67500E-06       4.70000E-06       4.68750E-06       2.49996E-08       2.98572E-11       1.19431E-03       5.59832E-09       2.78981E-09
       4.70000E-06       4.72500E-06       4.71250E-06       2.50001E-08       3.00172E-11       1.20068E-03       5.65822E-09       2.81982E-09
       4.72500E-06       4.75000E-06       4.73750E-06       2.50001E-08       3.01749E-11       1.20699E-03       5.71813E-09       2.85000E-09
       4.75000E-06       4.77500E-06       4.76250E-06       2.50001E-08       3.03349E-11       1.21339E-03       5.77877E-09       2.88033E-09
       4.77500E-06       4.80000E-06       4.78750E-06       2.50001E-08       3.04948E-11       1.21979E-03       5.83974E-09       2.91083E-09
       4.80000E-06       4.82500E-06       4.81250E-06       2.49996E-08       3.06525E-11       1.22612E-03       5.90071E-09       2.94148E-09
       4.82500E-06       4.85000E-06       4.83750E-06       2.50001E-08       3.08125E-11       1.23250E-03       5.96220E-09       2.97229E-09
       4.85000E-06       4.87500E-06       4.86250E-06       2.50001E-08       3.09725E-11       1.23889E-03       6.02412E-09       3.00326E-09
       4.87500E-06       4.90000E-06       4.88750E-06       2.50001E-08       3.11324E-11       1.24529E-03       6.08636E-09       3.03440E-09
       4.90000E-06       4.92500E-06       4.91250E-06       2.50001E-08       3.12901E-11       1.25160E-03       6.14849E-09       3.06569E-09
       4.92500E-06       4.95000E-06       4.93750E-06       2.49996E-08       3.14501E-11       1.25802E-03       6.21149E-09       3.09714E-09
       4.95000E-06       4.97500E-06       4.96250E-06       2.50001E-08       3.16100E-11       1.26440E-03       6.27457E-09       3.12875E-09
       4.97500E-06       5.00000E-06       4.98750E-06       2.50001E-08       3.17678E-11       1.27071E-03       6.33764E-09       3.16052E-09
       5.00000E-06       5.02500E-06       5.01250E-06       2.50001E-08       3.19277E-11       1.27710E-03       6.40148E-09       3.19244E-09
       5.02500E-06       5.05000E-06       5.03750E-06       2.50001E-08       3.20877E-11       1.28350E-03       6.46564E-09       3.22453E-09
       5.05000E-06       5.07500E-06       5.06250E-06       2.49996E-08       3.22454E-11       1.28984E-03       6.52979E-09       3.25678E-09
       5.07500E-06       5.10000E-06       5.08750E-06       2.50001E-08       3.24053E-11       1.29621E-03       6.59446E-09       3.28918E-09
       5.10000E-06       5.12500E-06       5.11250E-06       2.50001E-08       3.25653E-11       1.30261E-03       6.65957E-09       3.32175E-09
       5.12500E-06       5.15000E-06       5.13750E-06       2.50001E-08       3.27230E-11       1.30892E-03       6.72455E-09       3.35447E-09
       5.15000E-06       5.17500E-06       5.16250E-06       2.50001E-08       3.28830E-11       1.31531E-03       6.79031E-09       3.38735E-09
       5.17500E-06       5.20000E-06       5.18750E-06       2.49996E-08       3.30429E-11       1.32174E-03       6.85651E-09       3.42040E-09
       5.20000E-06       5.22500E-06       5.21250E-06       2.50001E-08       3.32006E-11       1.32802E-03       6.92231E-09       3.45360E-09
       5.22500E-06       5.25000E-06       5.23750E-06       2.50001E-08       3.33606E-11       1.33442E-03       6.98902E-09       3.48696E-09
       5.25000E-06       5.27500E-06       5.26250E-06       2.50001E-08       3.35205E-11       1.34082E-03       7.05605E-09       3.52048E-09
       5.27500E-06       5.30000E-06       5.28750E-06       2.50001E-08       3.36783E-11       1.34713E-03       7.12293E-09       3.55416E-09
       5.30000E-06       5.32500E-06       5.31250E-06       2.49996E-08       3.38382E-11       1.35355E-03       7.19073E-09       3.58799E-09
       5.32500E-06       5.35000E-06       5.33750E-06       2.50001E-08       3.39982E-11       1.35992E-03       7.25858E-09       3.62199E-09
       5.35000E-06       5.37500E-06       5.36250E-06       2.50001E-08       3.41559E-11       1.36623E-03       7.32641E-09       3.65615E-09
       5.37500E-06       5.40000E-06       5.38750E-06       2.50001E-08       3.43158E-11       1.37263E-03       7.39503E-09       3.69046E-09
       5.40000E-06       5.42500E-06       5.41250E-06       2.50001E-08       3.44758E-11       1.37903E-03       7.46398E-09       3.72494E-09
       5.42500E-06       5.45000E-06       5.43750E-06       2.49996E-08       3.46335E-11       1.38536E-03       7.53290E-09       3.75957E-09
       5.45000E-06       5.47500E-06       5.46250E-06       2.50001E-08       3.47935E-11       1.39173E-03       7.60234E-09       3.79437E-09
       5.47500E-06       5.50000E-06       5.48750E-06       2.50001E-08       3.49534E-11       1.39813E-03       7.67225E-09       3.82932E-09
       5.50000E-06       5.52500E-06       5.51250E-06       2.50001E-08       3.51134E-11       1.40453E-03       7.74247E-09       3.86443E-09
       5.52500E-06       5.55000E-06       5.53750E-06       2.50001E-08       3.52711E-11       1.41084E-03       7.81252E-09       3.89970E-09
       5.55000E-06       5.57500E-06       5.56250E-06       2.49996E-08       3.54310E-11       1.41726E-03       7.88353E-09       3.93514E-09
       5.57500E-06       5.60000E-06       5.58750E-06       2.50001E-08       3.55910E-11       1.42363E-03       7.95456E-09       3.97073E-09
       5.60000E-06       5.62500E-06       5.61250E-06       2.50001E-08       3.57487E-11       1.42994E-03       8.02556E-09       4.00648E-09
       5.62500E-06       5.65000E-06       5.63750E-06       2.50001E-08       3.59087E-11       1.43634E-03       8.09737E-09       4.04238E-09
       5.65000E-06       5.67500E-06       5.66250E-06       2.50001E-08       3.60686E-11       1.44274E-03       8.16951E-09       4.07845E-09
       5.67500E-06       5.70000E-06       5.68750E-06       2.49996E-08       3.62263E-11       1.44908E-03       8.24162E-09       4.11468E-09
       5.70000E-06       5.72500E-06       5.71250E-06       2.50001E-08       3.63863E-11       1.45545E-03       8.31424E-09       4.15106E-09
       5.72500E-06       5.75000E-06       5.73750E-06       2.50001E-08       3.65462E-11       1.46184E-03       8.38733E-09       4.18761E-09
       5.75000E-06       5.77500E-06       5.76250E-06       2.50001E-08       3.67040E-11       1.46815E-03       8.46023E-09       4.22432E-09
       5.77500E-06       5.80000E-06       5.78750E-06       2.50001E-08       3.68639E-11       1.47455E-03       8.53397E-09       4.26118E-09
       5.80000E-06       5.82500E-06       5.81250E-06       2.49996E-08       3.70239E-11       1.48098E-03       8.60818E-09       4.29820E-09
       5.82500E-06       5.85000E-06       5.83750E-06       2.50001E-08       3.71816E-11       1.48726E-03       8.68187E-09       4.33538E-09
       5.85000E-06       5.87500E-06       5.86250E-06       2.50001E-08       3.73416E-11       1.49366E-03       8.75656E-09       4.37273E-09
       5.87500E-06       5.90000E-06       5.88750E-06       2.50001E-08       3.75015E-11       1.50005E-03       8.83157E-09       4.41023E-09
       5.90000E-06       5.92500E-06       5.91250E-06       2.50001E-08       3.76592E-11       1.50636E-03       8.90637E-09       4.44789E-09
       5.92500E-06       5.95000E-06       5.93750E-06       2.49996E-08       3.78192E-11       1.51279E-03       8.98219E-09       4.48571E-09
       5.95000E-06       5.97500E-06       5.96250E-06       2.50001E-08       3.79791E-11       1.51916E-03       9.05799E-09       4.52368E-09
       5.97500E-06       6.00000E-06       5.98750E-06       2.50001E-08       3.81369E-11       1.52547E-03       9.13374E-09       4.56182E-09
       6.00000E-06       6.02500E-06       6.01250E-06       2.50001E-08       3.82968E-11       1.53187E-03       9.21035E-09       4.60012E-09
       6.02500E-06       6.05000E-06       6.03750E-06       2.50001E-08       3.84568E-11       1.53826E-03       9.28727E-09       4.63858E-09
       6.05000E-06       6.07500E-06       6.06250E-06       2.49996E-08       3.86145E-11       1.54460E-03       9.36415E-09       4.67719E-09
       6.07500E-06       6.10000E-06       6.08750E-06       2.50001E-08       3.87744E-11       1.55097E-03       9.44154E-09       4.71596E-09
       6.10000E-06       6.12500E-06       6.11250E-06       2.50001E-08       3.89344E-11       1.55737E-03       9.51942E-09       4.75490E-09
       6.12500E-06       6.15000E-06       6.13750E-06       2.50001E-08       3.90943E-11       1.56377E-03       9.59762E-09       4.79399E-09
       6.15000E-06       6.17500E-06       6.16250E-06       2.50001E-08       3.92521E-11       1.57008E-03       9.67560E-09       4.83325E-09
       6.17500E-06       6.20000E-06       6.18750E-06       2.49996E-08       3.94120E-11       1.57650E-03       9.75462E-09       4.87266E-09
       6.20000E-06       6.22500E-06       6.21250E-06       2.50001E-08       3.95720E-11       1.58287E-03       9.83359E-09       4.91223E-09
       6.22500E-06       6.25000E-06       6.23750E-06       2.50001E-08       3.97297E-11       1.58918E-03       9.91252E-09       4.95196E-09
       6.25000E-06       6.27500E-06       6.26250E-06       2.50001E-08       3.98896E-11       1.59558E-03       9.99232E-09       4.99185E-09
       6.27500E-06       6.30000E-06       6.28750E-06       2.50001E-08       4.00496E-11       1.60198E-03       1.00724E-08       5.03190E-09
       6.30000E-06       6.32500E-06       6.31250E-06       2.49996E-08       4.02073E-11       1.60832E-03       1.01525E-08       5.07211E-09
       6.32500E-06       6.35000E-06       6.33750E-06       2.50001E-08       4.03673E-11       1.61468E-03       1.02331E-08       5.11247E-09
       6.35000E-06       6.37500E-06       6.36250E-06       2.50001E-08       4.05272E-11       1.62108E-03       1.03141E-08       5.15300E-09
       6.37500E-06       6.40000E-06       6.38750E-06       2.50001E-08       4.06849E-11       1.62739E-03       1.03950E-08       5.19368E-09
       6.40000E-06       6.42500E-06       6.41250E-06       2.50001E-08       4.08449E-11       1.63379E-03       1.04767E-08       5.23453E-09
       6.42500E-06       6.45000E-06       6.43750E-06       2.49996E-08       4.10048E-11       1.64022E-03       1.05589E-08       5.27553E-09
       6.45000E-06       6.47500E-06       6.46250E-06       2.50001E-08       4.11626E-11       1.64650E-03       1.06405E-08       5.31670E-09
       6.47500E-06       6.50000E-06       6.48750E-06       2.50001E-08       4.13225E-11       1.65289E-03       1.07232E-08       5.35802E-09
       6.50000E-06       6.52500E-06       6.51250E-06       2.50001E-08       4.14825E-11       1.65929E-03       1.08061E-08       5.39950E-09
       6.52500E-06       6.55000E-06       6.53750E-06       2.50001E-08       4.16402E-11       1.66560E-03       1.08889E-08       5.44114E-09
       6.55000E-06       6.57500E-06       6.56250E-06       2.49996E-08       4.18001E-11       1.67203E-03       1.09727E-08       5.48294E-09
       6.57500E-06       6.60000E-06       6.58750E-06       2.50001E-08       4.19601E-11       1.67840E-03       1.10564E-08       5.52490E-09
       6.60000E-06       6.62500E-06       6.61250E-06       2.50001E-08       4.21178E-11       1.68471E-03       1.11401E-08       5.56702E-09
       6.62500E-06       6.65000E-06       6.63750E-06       2.50001E-08       4.22778E-11       1.69110E-03       1.12247E-08       5.60930E-09
       6.65000E-06       6.67500E-06       6.66250E-06       2.50001E-08       4.24377E-11       1.69750E-03       1.13096E-08       5.65174E-09
       6.67500E-06       6.70000E-06       6.68750E-06       2.49996E-08       4.25954E-11       1.70384E-03       1.13945E-08       5.69433E-09
       6.70000E-06       6.72500E-06       6.71250E-06       2.50001E-08       4.27554E-11       1.71021E-03       1.14798E-08       5.73709E-09
       6.72500E-06       6.75000E-06       6.73750E-06       2.50001E-08       4.29154E-11       1.71661E-03       1.15656E-08       5.78000E-09
       6.75000E-06       6.77500E-06       6.76250E-06       2.50001E-08       4.30753E-11       1.72301E-03       1.16518E-08       5.82308E-09
       6.77500E-06       6.80000E-06       6.78750E-06       2.50001E-08       4.32330E-11       1.72931E-03       1.17377E-08       5.86631E-09
       6.80000E-06       6.82500E-06       6.81250E-06       2.49996E-08       4.33930E-11       1.73575E-03       1.18248E-08       5.90970E-09
       6.82500E-06       6.85000E-06       6.83750E-06       2.50001E-08       4.35529E-11       1.74211E-03       1.19117E-08       5.95326E-09
       6.85000E-06       6.87500E-06       6.86250E-06       2.50001E-08       4.37107E-11       1.74842E-03       1.19985E-08       5.99697E-09
       6.87500E-06       6.90000E-06       6.88750E-06       2.50001E-08       4.38706E-11       1.75482E-03       1.20863E-08       6.04084E-09
       6.90000E-06       6.92500E-06       6.91250E-06       2.50001E-08       4.40306E-11       1.76122E-03       1.21744E-08       6.08487E-09
       6.92500E-06       6.95000E-06       6.93750E-06       2.49996E-08       4.41883E-11       1.76756E-03       1.22624E-08       6.12906E-09
       6.95000E-06       6.97500E-06       6.96250E-06       2.50001E-08       4.43482E-11       1.77392E-03       1.23509E-08       6.17340E-09
       6.97500E-06       7.00000E-06       6.98750E-06       2.50001E-08       4.45082E-11       1.78032E-03       1.24400E-08       6.21791E-09
       7.00000E-06       7.02500E-06       7.01250E-06       2.50001E-08       4.46659E-11       1.78663E-03       1.25287E-08       6.26258E-09
       7.02500E-06       7.05000E-06       7.03750E-06       2.50001E-08       4.48259E-11       1.79303E-03       1.26184E-08       6.30740E-09
       7.05000E-06       7.07500E-06       7.06250E-06       2.49996E-08       4.49858E-11       1.79946E-03       1.27087E-08       6.35239E-09
       7.07500E-06       7.10000E-06       7.08750E-06       2.50001E-08       4.51435E-11       1.80573E-03       1.27981E-08       6.39753E-09
       7.10000E-06       7.12500E-06       7.11250E-06       2.50001E-08       4.53035E-11       1.81213E-03       1.28888E-08       6.44284E-09
       7.12500E-06       7.15000E-06       7.13750E-06       2.50001E-08       4.54634E-11       1.81853E-03       1.29798E-08       6.48830E-09
       7.15000E-06       7.17500E-06       7.16250E-06       2.50001E-08       4.56212E-11       1.82484E-03       1.30704E-08       6.53392E-09
       7.17500E-06       7.20000E-06       7.18750E-06       2.49996E-08       4.57811E-11       1.83127E-03       1.31623E-08       6.57970E-09
       7.20000E-06       7.22500E-06       7.21250E-06       2.50001E-08       4.59411E-11       1.83764E-03       1.32539E-08       6.62564E-09
       7.22500E-06       7.25000E-06       7.23750E-06       2.50001E-08       4.60988E-11       1.84394E-03       1.33455E-08       6.67174E-09
       7.25000E-06       7.27500E-06       7.26250E-06       2.50001E-08       4.62587E-11       1.85034E-03       1.34381E-08       6.71800E-09
       7.27500E-06       7.30000E-06       7.28750E-06       2.50001E-08       4.64187E-11       1.85674E-03       1.35310E-08       6.76442E-09
       7.30000E-06       7.32500E-06       7.31250E-06       2.49996E-08       4.65786E-11       1.86317E-03       1.36245E-08       6.81100E-09
       7.32500E-06       7.35000E-06       7.33750E-06       2.50001E-08       4.67364E-11       1.86945E-03       1.37171E-08       6.85774E-09
       7.35000E-06       7.37500E-06       7.36250E-06       2.50001E-08       4.68963E-11       1.87585E-03       1.38109E-08       6.90463E-09
       7.37500E-06       7.40000E-06       7.38750E-06       2.50001E-08       4.70563E-11       1.88224E-03       1.39051E-08       6.95169E-09
       7.40000E-06       7.42500E-06       7.41250E-06       2.50001E-08       4.72140E-11       1.88855E-03       1.39989E-08       6.99890E-09
       7.42500E-06       7.45000E-06       7.43750E-06       2.49996E-08       4.73739E-11       1.89499E-03       1.40940E-08       7.04628E-09
       7.45000E-06       7.47500E-06       7.46250E-06       2.50001E-08       4.75339E-11       1.90135E-03       1.41888E-08       7.09381E-09
       7.47500E-06       7.50000E-06       7.48750E-06       2.50001E-08       4.76916E-11       1.90766E-03       1.42836E-08       7.14150E-09
       7.50000E-06       7.52500E-06       7.51250E-06       2.50001E-08       4.78516E-11       1.91406E-03       1.43793E-08       7.18935E-09
       7.52500E-06       7.55000E-06       7.53750E-06       2.50001E-08       4.80115E-11       1.92045E-03       1.44754E-08       7.23736E-09
       7.55000E-06       7.57500E-06       7.56250E-06       2.49996E-08       4.81692E-11       1.92680E-03       1.45714E-08       7.28553E-09
       7.57500E-06       7.60000E-06       7.58750E-06       2.50001E-08       4.83292E-11       1.93316E-03       1.46679E-08       7.33386E-09
       7.60000E-06       7.62500E-06       7.61250E-06       2.50001E-08       4.84891E-11       1.93956E-03       1.47649E-08       7.38235E-09
       7.62500E-06       7.65000E-06       7.63750E-06       2.50001E-08       4.86469E-11       1.94587E-03       1.48616E-08       7.43100E-09
       7.65000E-06       7.67500E-06       7.66250E-06       2.50001E-08       4.88068E-11       1.95227E-03       1.49592E-08       7.47981E-09
       7.67500E-06       7.70000E-06       7.68750E-06       2.49996E-08       4.89668E-11       1.95870E-03       1.50575E-08       7.52877E-09
       7.70000E-06       7.72500E-06       7.71250E-06       2.50001E-08       4.91245E-11       1.96497E-03       1.51548E-08       7.57790E-09
       7.72500E-06       7.75000E-06       7.73750E-06       2.50001E-08       4.92844E-11       1.97137E-03       1.52535E-08       7.62718E-09
       7.75000E-06       7.77500E-06       7.76250E-06       2.50001E-08       4.94444E-11       1.97777E-03       1.53524E-08       7.67663E-09
       7.77500E-06       7.80000E-06       7.78750E-06       2.50001E-08       4.96021E-11       1.98408E-03       1.54510E-08       7.72623E-09
       7.80000E-06       7.82500E-06       7.81250E-06       2.49996E-08       4.97621E-11       1.99051E-03       1.55509E-08       7.77599E-09
       7.82500E-06       7.85000E-06       7.83750E-06       2.50001E-08       4.99220E-11       1.99687E-03       1.56505E-08       7.82591E-09
       7.85000E-06       7.87500E-06       7.86250E-06       2.50001E-08       5.00798E-11       2.00318E-03       1.57500E-08       7.87599E-09
       7.87500E-06       7.90000E-06       7.88750E-06       2.50001E-08       5.02397E-11       2.00958E-03       1.58506E-08       7.92623E-09
       7.90000E-06       7.92500E-06       7.91250E-06       2.50001E-08       5.03996E-11       2.01598E-03       1.59514E-08       7.97663E-09
       7.92500E-06       7.95000E-06       7.93750E-06       2.49996E-08       5.05596E-11       2.02242E-03       1.60529E-08       8.02719E-09
       7.95000E-06       7.97500E-06       7.96250E-06       2.50001E-08       5.07173E-11       2.02869E-03       1.61534E-08       8.07791E-09
       7.97500E-06       8.00000E-06       7.98750E-06       2.50001E-08       5.08773E-11       2.03508E-03       1.62552E-08       8.12879E-09
       8.00000E-06       8.02500E-06       8.01250E-06       2.49996E-08       5.10372E-11       2.04152E-03       1.63577E-08       8.17982E-09
       8.02500E-06       8.05000E-06       8.03750E-06       2.50006E-08       5.11950E-11       2.04775E-03       1.64588E-08       8.23102E-09
       8.05000E-06       8.07500E-06       8.06250E-06       2.49996E-08       5.13549E-11       2.05423E-03       1.65622E-08       8.28237E-09
       8.07500E-06       8.10000E-06       8.08750E-06       2.50006E-08       5.15149E-11       2.06055E-03       1.66647E-08       8.33389E-09
       8.10000E-06       8.12500E-06       8.11250E-06       2.49996E-08       5.16726E-11       2.06693E-03       1.67680E-08       8.38556E-09
       8.12500E-06       8.15000E-06       8.13750E-06       2.49996E-08       5.18325E-11       2.07333E-03       1.68717E-08       8.43739E-09
       8.15000E-06       8.17500E-06       8.16250E-06       2.50006E-08       5.19925E-11       2.07965E-03       1.69752E-08       8.48938E-09
       8.17500E-06       8.20000E-06       8.18750E-06       2.49996E-08       5.21502E-11       2.08604E-03       1.70795E-08       8.54153E-09
       8.20000E-06       8.22500E-06       8.21250E-06       2.50006E-08       5.23102E-11       2.09236E-03       1.71835E-08       8.59384E-09
       8.22500E-06       8.25000E-06       8.23750E-06       2.49996E-08       5.24701E-11       2.09884E-03       1.72892E-08       8.64631E-09
       8.25000E-06       8.27500E-06       8.26250E-06       2.49996E-08       5.26278E-11       2.10515E-03       1.73938E-08       8.69894E-09
       8.27500E-06       8.30000E-06       8.28750E-06       2.50006E-08       5.27878E-11       2.11146E-03       1.74987E-08       8.75173E-09
       8.30000E-06       8.32500E-06       8.31250E-06       2.49996E-08       5.29477E-11       2.11794E-03       1.76054E-08       8.80468E-09
       8.32500E-06       8.35000E-06       8.33750E-06       2.50006E-08       5.31055E-11       2.12417E-03       1.77103E-08       8.85778E-09
       8.35000E-06       8.37500E-06       8.36250E-06       2.49996E-08       5.32654E-11       2.13065E-03       1.78176E-08       8.91105E-09
       8.37500E-06       8.40000E-06       8.38750E-06       2.49996E-08       5.34254E-11       2.13705E-03       1.79245E-08       8.96448E-09
       8.40000E-06       8.42500E-06       8.41250E-06       2.50006E-08       5.35831E-11       2.14327E-03       1.80303E-08       9.01806E-09
       8.42500E-06       8.45000E-06       8.43750E-06       2.49996E-08       5.37430E-11       2.14975E-03       1.81386E-08       9.07180E-09
       8.45000E-06       8.47500E-06       8.46250E-06       2.50006E-08       5.39030E-11       2.15607E-03       1.82457E-08       9.12570E-09
       8.47500E-06       8.50000E-06       8.48750E-06       2.49996E-08       5.40607E-11       2.16246E-03       1.83539E-08       9.17976E-09
       8.50000E-06       8.52500E-06       8.51250E-06       2.49996E-08       5.42207E-11       2.16886E-03       1.84624E-08       9.23399E-09
       8.52500E-06       8.55000E-06       8.53750E-06       2.50006E-08       5.43806E-11       2.17518E-03       1.85706E-08       9.28837E-09
       8.55000E-06       8.57500E-06       8.56250E-06       2.49996E-08       5.45406E-11       2.18166E-03       1.86804E-08       9.34291E-09
       8.57500E-06       8.60000E-06       8.58750E-06       2.50006E-08       5.46983E-11       2.18788E-03       1.87884E-08       9.39760E-09
       8.60000E-06       8.62500E-06       8.61250E-06       2.49996E-08       5.48582E-11       2.19436E-03       1.88990E-08       9.45246E-09
       8.62500E-06       8.65000E-06       8.63750E-06       2.49996E-08       5.50182E-11       2.20076E-03       1.90091E-08       9.50748E-09
       8.65000E-06       8.67500E-06       8.66250E-06       2.50006E-08       5.51759E-11       2.20699E-03       1.91180E-08       9.56266E-09
       8.67500E-06       8.70000E-06       8.68750E-06       2.49996E-08       5.53359E-11       2.21347E-03       1.92295E-08       9.61799E-09
       8.70000E-06       8.72500E-06       8.71250E-06       2.50006E-08       5.54958E-11       2.21978E-03       1.93399E-08       9.67349E-09
       8.72500E-06       8.75000E-06       8.73750E-06       2.49996E-08       5.56536E-11       2.22618E-03       1.94512E-08       9.72914E-09
       8.75000E-06       8.77500E-06       8.76250E-06       2.49996E-08       5.58135E-11       2.23257E-03       1.95629E-08       9.78496E-09
       8.77500E-06       8.80000E-06       8.78750E-06       2.50006E-08       5.59735E-11       2.23889E-03       1.96742E-08       9.84093E-09
       8.80000E-06       8.82500E-06       8.81250E-06       2.49996E-08       5.61312E-11       2.24528E-03       1.97865E-08       9.89706E-09
       8.82500E-06       8.85000E-06       8.83750E-06       2.50006E-08       5.62911E-11       2.25159E-03       1.98985E-08       9.95335E-09
       8.85000E-06       8.87500E-06       8.86250E-06       2.49996E-08       5.64511E-11       2.25808E-03       2.00122E-08       1.00098E-08
       8.87500E-06       8.90000E-06       8.88750E-06       2.49996E-08       5.66088E-11       2.26439E-03       2.01247E-08       1.00664E-08
       8.90000E-06       8.92500E-06       8.91250E-06       2.50006E-08       5.67688E-11       2.27070E-03       2.02376E-08       1.01232E-08
       8.92500E-06       8.95000E-06       8.93750E-06       2.49996E-08       5.69287E-11       2.27718E-03       2.03523E-08       1.01801E-08
       8.95000E-06       8.97500E-06       8.96250E-06       2.50006E-08       5.70864E-11       2.28341E-03       2.04650E-08       1.02372E-08
       8.97500E-06       9.00000E-06       8.98750E-06       2.49996E-08       5.72464E-11       2.28989E-03       2.05804E-08       1.02944E-08
       9.00000E-06       9.02500E-06       9.01250E-06       2.49996E-08       5.74063E-11       2.29629E-03       2.06953E-08       1.03518E-08
       9.02500E-06       9.05000E-06       9.03750E-06       2.50006E-08       5.75641E-11       2.30251E-03       2.08089E-08       1.04094E-08
       9.05000E-06       9.07500E-06       9.06250E-06       2.49996E-08       5.77240E-11       2.30900E-03       2.09253E-08       1.04671E-08
       9.07500E-06       9.10000E-06       9.08750E-06       2.50006E-08       5.78840E-11       2.31531E-03       2.10403E-08       1.05250E-08
       9.10000E-06       9.12500E-06       9.11250E-06       2.49996E-08       5.80417E-11       2.32170E-03       2.11565E-08       1.05831E-08
       9.12500E-06       9.15000E-06       9.13750E-06       2.49996E-08       5.82016E-11       2.32810E-03       2.12730E-08       1.06413E-08
       9.15000E-06       9.17500E-06       9.16250E-06       2.50006E-08       5.83616E-11       2.33441E-03       2.13890E-08       1.06996E-08
       9.17500E-06       9.20000E-06       9.18750E-06       2.49996E-08       5.85215E-11       2.34090E-03       2.15070E-08       1.07581E-08
       9.20000E-06       9.22500E-06       9.21250E-06       2.50006E-08       5.86793E-11       2.34712E-03       2.16228E-08       1.08168E-08
       9.22500E-06       9.25000E-06       9.23750E-06       2.49996E-08       5.88392E-11       2.35360E-03       2.17414E-08       1.08757E-08
       9.25000E-06       9.27500E-06       9.26250E-06       2.49996E-08       5.89992E-11       2.36000E-03       2.18595E-08       1.09347E-08
       9.27500E-06       9.30000E-06       9.28750E-06       2.50006E-08       5.91569E-11       2.36622E-03       2.19763E-08       1.09938E-08
       9.30000E-06       9.32500E-06       9.31250E-06       2.49996E-08       5.93168E-11       2.37271E-03       2.20959E-08       1.10531E-08
       9.32500E-06       9.35000E-06       9.33750E-06       2.50006E-08       5.94768E-11       2.37902E-03       2.22141E-08       1.11126E-08
       9.35000E-06       9.37500E-06       9.36250E-06       2.49996E-08       5.96345E-11       2.38542E-03       2.23335E-08       1.11722E-08
       9.37500E-06       9.40000E-06       9.38750E-06       2.49996E-08       5.97945E-11       2.39182E-03       2.24532E-08       1.12320E-08
       9.40000E-06       9.42500E-06       9.41250E-06       2.50006E-08       5.99544E-11       2.39812E-03       2.25723E-08       1.12920E-08
       9.42500E-06       9.45000E-06       9.43750E-06       2.49996E-08       6.01121E-11       2.40452E-03       2.26927E-08       1.13521E-08
       9.45000E-06       9.47500E-06       9.46250E-06       2.50006E-08       6.02721E-11       2.41083E-03       2.28125E-08       1.14124E-08
       9.47500E-06       9.50000E-06       9.48750E-06       2.49996E-08       6.04320E-11       2.41732E-03       2.29343E-08       1.14728E-08
       9.50000E-06       9.52500E-06       9.51250E-06       2.49996E-08       6.05898E-11       2.42363E-03       2.30548E-08       1.15334E-08
       9.52500E-06       9.55000E-06       9.53750E-06       2.50006E-08       6.07497E-11       2.42993E-03       2.31755E-08       1.15942E-08
       9.55000E-06       9.57500E-06       9.56250E-06       2.49996E-08       6.09097E-11       2.43642E-03       2.32983E-08       1.16551E-08
       9.57500E-06       9.60000E-06       9.58750E-06       2.50006E-08       6.10674E-11       2.44264E-03       2.34188E-08       1.17161E-08
       9.60000E-06       9.62500E-06       9.61250E-06       2.49996E-08       6.12273E-11       2.44913E-03       2.35423E-08       1.17774E-08
       9.62500E-06       9.65000E-06       9.63750E-06       2.49996E-08       6.13873E-11       2.45553E-03       2.36652E-08       1.18387E-08
       9.65000E-06       9.67500E-06       9.66250E-06       2.50006E-08       6.15450E-11       2.46174E-03       2.37866E-08       1.19003E-08
       9.67500E-06       9.70000E-06       9.68750E-06       2.49996E-08       6.17050E-11       2.46824E-03       2.39110E-08       1.19620E-08
       9.70000E-06       9.72500E-06       9.71250E-06       2.50006E-08       6.18649E-11       2.47454E-03       2.40340E-08       1.20239E-08
       9.72500E-06       9.75000E-06       9.73750E-06       2.49996E-08       6.20227E-11       2.48094E-03       2.41582E-08       1.20859E-08
       9.75000E-06       9.77500E-06       9.76250E-06       2.49996E-08       6.21826E-11       2.48734E-03       2.42827E-08       1.21481E-08
       9.77500E-06       9.80000E-06       9.78750E-06       2.50006E-08       6.23426E-11       2.49365E-03       2.44066E-08       1.22104E-08
       9.80000E-06       9.82500E-06       9.81250E-06       2.49996E-08       6.25025E-11       2.50014E-03       2.45326E-08       1.22729E-08
       9.82500E-06       9.85000E-06       9.83750E-06       2.50006E-08       6.26602E-11       2.50635E-03       2.46562E-08       1.23356E-08
       9.85000E-06       9.87500E-06       9.86250E-06       2.49996E-08       6.28202E-11       2.51285E-03       2.47829E-08       1.23984E-08
       9.87500E-06       9.90000E-06       9.88750E-06       2.49996E-08       6.29801E-11       2.51924E-03       2.49090E-08       1.24614E-08
       9.90000E-06       9.92500E-06       9.91250E-06       2.50006E-08       6.31379E-11       2.52546E-03       2.50336E-08       1.25245E-08
       9.92500E-06       9.95000E-06       9.93750E-06       2.49996E-08       6.32978E-11       2.53195E-03       2.51613E-08       1.25878E-08
       9.95000E-06       9.97500E-06       9.96250E-06       2.50006E-08       6.34578E-11       2.53825E-03       2.52873E-08       1.26513E-08
       9.97500E-06       1.00000E-05       9.98750E-06       2.49996E-08       6.36155E-11       2.54466E-03       2.54148E-08       1.27149E-08
       1.00000E-05       1.04713E-05       1.02356E-05       4.71300E-07       1.22906E-09       2.60780E-03       2.66925E-08       1.39439E-08
       1.04713E-05       1.09648E-05       1.07180E-05       4.93500E-07       1.34762E-09       2.73074E-03       2.92682E-08       1.52916E-08
       1.09648E-05       1.14815E-05       1.12232E-05       5.16700E-07       1.47767E-09       2.85982E-03       3.20962E-08       1.67692E-08
       1.14815E-05       1.20226E-05       1.17521E-05       5.41101E-07       1.62018E-09       2.99423E-03       3.51883E-08       1.83894E-08
       1.20226E-05       1.25892E-05       1.23059E-05       5.66600E-07       1.77653E-09       3.13542E-03       3.85842E-08       2.01659E-08
       1.25892E-05       1.31826E-05       1.28859E-05       5.93400E-07       1.94794E-09       3.28268E-03       4.23003E-08       2.21139E-08
       1.31826E-05       1.38038E-05       1.34932E-05       6.21200E-07       2.13584E-09       3.43825E-03       4.63929E-08       2.42497E-08
       1.38038E-05       1.44544E-05       1.41291E-05       6.50600E-07       2.34193E-09       3.59964E-03       5.08597E-08       2.65916E-08
       1.44544E-05       1.51356E-05       1.47950E-05       6.81200E-07       2.56783E-09       3.76957E-03       5.57708E-08       2.91595E-08
       1.51356E-05       1.58489E-05       1.54922E-05       7.13300E-07       2.81560E-09       3.94729E-03       6.11524E-08       3.19751E-08
       1.58489E-05       1.65959E-05       1.62224E-05       7.47000E-07       3.08725E-09       4.13286E-03       6.70450E-08       3.50623E-08
       1.65959E-05       1.73780E-05       1.69869E-05       7.82101E-07       3.38509E-09       4.32820E-03       7.35229E-08       3.84474E-08
       1.73780E-05       1.81970E-05       1.77875E-05       8.19000E-07       3.71167E-09       4.53196E-03       8.06122E-08       4.21591E-08
       1.81970E-05       1.90546E-05       1.86258E-05       8.57599E-07       4.06978E-09       4.74555E-03       8.83897E-08       4.62289E-08
       1.90546E-05       1.99526E-05       1.95036E-05       8.98001E-07       4.46239E-09       4.96925E-03       9.69183E-08       5.06913E-08
       1.99526E-05       2.08930E-05       2.04228E-05       9.40399E-07       4.89294E-09       5.20305E-03       1.06261E-07       5.55842E-08
       2.08930E-05       2.18776E-05       2.13853E-05       9.84600E-07       5.36497E-09       5.44889E-03       1.16526E-07       6.09492E-08
       2.18776E-05       2.29087E-05       2.23932E-05       1.03110E-06       5.82425E-09       5.64857E-03       1.26489E-07       6.67734E-08
       2.29087E-05       2.39883E-05       2.34485E-05       1.07960E-06       6.23192E-09       5.77244E-03       1.35355E-07       7.30053E-08
       2.39883E-05       2.51189E-05       2.45536E-05       1.13060E-06       6.66907E-09       5.89870E-03       1.44834E-07       7.96744E-08
       2.51189E-05       2.63027E-05       2.57108E-05       1.18380E-06       7.14072E-09       6.03204E-03       1.55089E-07       8.68151E-08
       2.63027E-05       2.75423E-05       2.69225E-05       1.23960E-06       7.64972E-09       6.17112E-03       1.66142E-07       9.44649E-08
       2.75423E-05       2.88403E-05       2.81913E-05       1.29800E-06       8.19935E-09       6.31691E-03       1.78082E-07       1.02664E-07
       2.88403E-05       3.01995E-05       2.95199E-05       1.35920E-06       8.79309E-09       6.46932E-03       1.90974E-07       1.11457E-07
       3.01995E-05       3.16228E-05       3.09111E-05       1.42330E-06       9.43489E-09       6.62888E-03       2.04906E-07       1.20892E-07
       3.16228E-05       3.31131E-05       3.23679E-05       1.49030E-06       1.01284E-08       6.79623E-03       2.19980E-07       1.31021E-07
       3.31131E-05       3.46737E-05       3.38934E-05       1.56060E-06       1.08547E-08       6.95548E-03       2.35745E-07       1.41875E-07
       3.46737E-05       3.63078E-05       3.54907E-05       1.63410E-06       1.16192E-08       7.11045E-03       2.52355E-07       1.53495E-07
       3.63078E-05       3.80189E-05       3.71634E-05       1.71110E-06       1.24441E-08       7.27255E-03       2.70272E-07       1.65939E-07
       3.80189E-05       3.98107E-05       3.89148E-05       1.79180E-06       1.33347E-08       7.44206E-03       2.89606E-07       1.79273E-07
       3.98107E-05       4.16869E-05       4.07488E-05       1.87620E-06       1.42965E-08       7.61991E-03       3.10502E-07       1.93570E-07
       4.16869E-05       4.36516E-05       4.26692E-05       1.96470E-06       1.53358E-08       7.80568E-03       3.33062E-07       2.08906E-07
       4.36516E-05       4.57088E-05       4.46802E-05       2.05720E-06       1.64365E-08       7.98974E-03       3.56983E-07       2.25342E-07
       4.57088E-05       4.78630E-05       4.67859E-05       2.15420E-06       1.75817E-08       8.16162E-03       3.81849E-07       2.42924E-07
       4.78630E-05       5.01187E-05       4.89908E-05       2.25570E-06       1.88150E-08       8.34108E-03       4.08637E-07       2.61739E-07
       5.01187E-05       5.24808E-05       5.12998E-05       2.36210E-06       2.01455E-08       8.52863E-03       4.37517E-07       2.81884E-07
       5.24808E-05       5.49541E-05       5.37174E-05       2.47330E-06       2.15814E-08       8.72574E-03       4.68725E-07       3.03466E-07
       5.49541E-05       5.75440E-05       5.62490E-05       2.58990E-06       2.31318E-08       8.93156E-03       5.02392E-07       3.26598E-07
       5.75440E-05       6.02560E-05       5.89000E-05       2.71200E-06       2.48071E-08       9.14714E-03       5.38767E-07       3.51405E-07
       6.02560E-05       6.30957E-05       6.16758E-05       2.83970E-06       2.66176E-08       9.37339E-03       5.78112E-07       3.78022E-07
       6.30957E-05       6.60693E-05       6.45825E-05       2.97360E-06       2.85745E-08       9.60941E-03       6.20600E-07       4.06597E-07
       6.60693E-05       6.91831E-05       6.76262E-05       3.11380E-06       3.06292E-08       9.83661E-03       6.65212E-07       4.37226E-07
       6.91831E-05       7.24436E-05       7.08134E-05       3.26051E-06       3.27865E-08       1.00557E-02       7.12075E-07       4.70012E-07
       7.24436E-05       7.58578E-05       7.41507E-05       3.41420E-06       3.51145E-08       1.02848E-02       7.62628E-07       5.05127E-07
       7.58578E-05       7.94328E-05       7.76453E-05       3.57500E-06       3.76272E-08       1.05251E-02       8.17225E-07       5.42754E-07
       7.94328E-05       8.31764E-05       8.13046E-05       3.74360E-06       4.03417E-08       1.07762E-02       8.76154E-07       5.83096E-07
       8.31764E-05       8.70964E-05       8.51364E-05       3.92000E-06       4.32746E-08       1.10394E-02       9.39858E-07       6.26370E-07
       8.70964E-05       9.12011E-05       8.91488E-05       4.10471E-06       4.63880E-08       1.13012E-02       1.00749E-06       6.72758E-07
       9.12011E-05       9.54993E-05       9.33502E-05       4.29820E-06       4.96228E-08       1.15450E-02       1.07773E-06       7.22381E-07
       9.54993E-05       1.00000E-04       9.77497E-05       4.50070E-06       5.31041E-08       1.17991E-02       1.15336E-06       7.75485E-07
       1.00000E-04       1.04713E-04       1.02356E-04       4.71300E-06       5.68603E-08       1.20646E-02       1.23489E-06       8.32346E-07
       1.04713E-04       1.09648E-04       1.07181E-04       4.93501E-06       6.09123E-08       1.23429E-02       1.32292E-06       8.93258E-07
       1.09648E-04       1.14815E-04       1.12232E-04       5.16700E-06       6.52907E-08       1.26361E-02       1.41817E-06       9.58549E-07
       1.14815E-04       1.20226E-04       1.17520E-04       5.41100E-06       7.00177E-08       1.29399E-02       1.52070E-06       1.02857E-06
       1.20226E-04       1.25892E-04       1.23059E-04       5.66600E-06       7.51296E-08       1.32597E-02       1.63173E-06       1.10370E-06
       1.25892E-04       1.31826E-04       1.28859E-04       5.93401E-06       8.06559E-08       1.35921E-02       1.75147E-06       1.18435E-06
       1.31826E-04       1.38038E-04       1.34932E-04       6.21199E-06       8.64701E-08       1.39199E-02       1.87824E-06       1.27082E-06
       1.38038E-04       1.44544E-04       1.41291E-04       6.50601E-06       9.25652E-08       1.42276E-02       2.01024E-06       1.36339E-06
       1.44544E-04       1.51356E-04       1.47950E-04       6.81200E-06       9.91374E-08       1.45534E-02       2.15317E-06       1.46252E-06
       1.51356E-04       1.58489E-04       1.54922E-04       7.13300E-06       1.06235E-07       1.48935E-02       2.30733E-06       1.56876E-06
       1.58489E-04       1.65959E-04       1.62224E-04       7.47000E-06       1.13901E-07       1.52477E-02       2.47355E-06       1.68266E-06
       1.65959E-04       1.73780E-04       1.69870E-04       7.82100E-06       1.22183E-07       1.56224E-02       2.65377E-06       1.80484E-06
       1.73780E-04       1.81970E-04       1.77875E-04       8.19000E-06       1.30986E-07       1.59934E-02       2.84482E-06       1.93583E-06
       1.81970E-04       1.90546E-04       1.86258E-04       8.57600E-06       1.40092E-07       1.63353E-02       3.04258E-06       2.07592E-06
       1.90546E-04       1.99526E-04       1.95036E-04       8.98000E-06       1.49879E-07       1.66903E-02       3.25520E-06       2.22580E-06
       1.99526E-04       2.08930E-04       2.04228E-04       9.40399E-06       1.60436E-07       1.70605E-02       3.48423E-06       2.38624E-06
       2.08930E-04       2.18776E-04       2.13853E-04       9.84601E-06       1.71828E-07       1.74516E-02       3.73207E-06       2.55806E-06
       2.18776E-04       2.29087E-04       2.23932E-04       1.03110E-05       1.84125E-07       1.78571E-02       3.99878E-06       2.74219E-06
       2.29087E-04       2.39883E-04       2.34485E-04       1.07960E-05       1.97407E-07       1.82852E-02       4.28760E-06       2.93960E-06
       2.39883E-04       2.51189E-04       2.45536E-04       1.13060E-05       2.11759E-07       1.87298E-02       4.59884E-06       3.15135E-06
       2.51189E-04       2.63027E-04       2.57108E-04       1.18380E-05       2.27275E-07       1.91987E-02       4.93615E-06       3.37863E-06
       2.63027E-04       2.75423E-04       2.69225E-04       1.23960E-05       2.43619E-07       1.96530E-02       5.29108E-06       3.62225E-06
       2.75423E-04       2.88403E-04       2.81913E-04       1.29800E-05       2.60669E-07       2.00823E-02       5.66147E-06       3.88292E-06
       2.88403E-04       3.01995E-04       2.95199E-04       1.35920E-05       2.79045E-07       2.05301E-02       6.06048E-06       4.16196E-06
       3.01995E-04       3.16228E-04       3.09111E-04       1.42330E-05       2.98877E-07       2.09989E-02       6.49099E-06       4.46084E-06
       3.16228E-04       3.31131E-04       3.23680E-04       1.49030E-05       3.20286E-07       2.14913E-02       6.95630E-06       4.78112E-06
       3.31131E-04       3.46737E-04       3.38934E-04       1.56060E-05       3.43414E-07       2.20053E-02       7.45833E-06       5.12454E-06
       3.46737E-04       3.63078E-04       3.54908E-04       1.63410E-05       3.68068E-07       2.25242E-02       7.99401E-06       5.49261E-06
       3.63078E-04       3.80189E-04       3.71634E-04       1.71110E-05       3.93631E-07       2.30046E-02       8.54928E-06       5.88624E-06
       3.80189E-04       3.98107E-04       3.89148E-04       1.79180E-05       4.21092E-07       2.35010E-02       9.14538E-06       6.30733E-06
       3.98107E-04       4.16869E-04       4.07488E-04       1.87620E-05       4.50705E-07       2.40222E-02       9.78876E-06       6.75803E-06
       4.16869E-04       4.36516E-04       4.26692E-04       1.96470E-05       4.82657E-07       2.45664E-02       1.04823E-05       7.24069E-06
       4.36516E-04       4.57088E-04       4.46802E-04       2.05720E-05       5.17148E-07       2.51384E-02       1.12319E-05       7.75784E-06
       4.57088E-04       4.78630E-04       4.67859E-04       2.15420E-05       5.54396E-07       2.57356E-02       1.20406E-05       8.31223E-06
       4.78630E-04       5.01187E-04       4.89909E-04       2.25570E-05       5.94643E-07       2.63618E-02       1.29149E-05       8.90688E-06
       5.01187E-04       5.24808E-04       5.12998E-04       2.36210E-05       6.38152E-07       2.70163E-02       1.38593E-05       9.54503E-06
       5.24808E-04       5.49541E-04       5.37175E-04       2.47330E-05       6.84178E-07       2.76625E-02       1.48596E-05       1.02292E-05
       5.49541E-04       5.75440E-04       5.62491E-04       2.58990E-05       7.32216E-07       2.82720E-02       1.59027E-05       1.09614E-05
       5.75440E-04       6.02560E-04       5.89000E-04       2.71200E-05       7.83997E-07       2.89085E-02       1.70271E-05       1.17454E-05
       6.02560E-04       6.30957E-04       6.16758E-04       2.83970E-05       8.39877E-07       2.95763E-02       1.82414E-05       1.25853E-05
       6.30957E-04       6.60693E-04       6.45825E-04       2.97360E-05       9.00223E-07       3.02738E-02       1.95516E-05       1.34855E-05
       6.60693E-04       6.91831E-04       6.76262E-04       3.11380E-05       9.65418E-07       3.10045E-02       2.09672E-05       1.44509E-05
       6.91831E-04       7.24436E-04       7.08133E-04       3.26050E-05       1.03506E-06       3.17456E-02       2.24801E-05       1.54860E-05
       7.24436E-04       7.58578E-04       7.41507E-04       3.41420E-05       1.10724E-06       3.24305E-02       2.40474E-05       1.65932E-05
       7.58578E-04       7.94328E-04       7.76453E-04       3.57500E-05       1.18471E-06       3.31388E-02       2.57307E-05       1.77780E-05
       7.94328E-04       8.31764E-04       8.13046E-04       3.74360E-05       1.26828E-06       3.38785E-02       2.75448E-05       1.90462E-05
       8.31764E-04       8.70964E-04       8.51364E-04       3.92000E-05       1.35845E-06       3.46543E-02       2.95034E-05       2.04047E-05
       8.70964E-04       9.12011E-04       8.91487E-04       4.10470E-05       1.45580E-06       3.54667E-02       3.16182E-05       2.18605E-05
       9.12011E-04       9.54993E-04       9.33502E-04       4.29820E-05       1.56097E-06       3.63168E-02       3.39018E-05       2.34214E-05
       9.54993E-04       1.00000E-03       9.77497E-04       4.50070E-05       1.67461E-06       3.72077E-02       3.63704E-05       2.50961E-05
       1.00000E-03       1.04713E-03       1.02356E-03       4.71300E-05       1.79749E-06       3.81390E-02       3.90378E-05       2.68936E-05
       1.04713E-03       1.09648E-03       1.07180E-03       4.93500E-05       1.92779E-06       3.90636E-02       4.18685E-05       2.88213E-05
       1.09648E-03       1.14815E-03       1.12231E-03       5.16700E-05       2.06366E-06       3.99393E-02       4.48245E-05       3.08850E-05
       1.14815E-03       1.20226E-03       1.17520E-03       5.41100E-05       2.20997E-06       4.08421E-02       4.79979E-05       3.30950E-05
       1.20226E-03       1.25892E-03       1.23059E-03       5.66600E-05       2.36799E-06       4.17929E-02       5.14299E-05       3.54630E-05
       1.25892E-03       1.31826E-03       1.28859E-03       5.93400E-05       2.53864E-06       4.27813E-02       5.51276E-05       3.80016E-05
       1.31826E-03       1.38038E-03       1.34932E-03       6.21200E-05       2.72296E-06       4.38339E-02       5.91460E-05       4.07246E-05
       1.38038E-03       1.44544E-03       1.41291E-03       6.50599E-05       2.92037E-06       4.48873E-02       6.34218E-05       4.36449E-05
       1.44544E-03       1.51356E-03       1.47950E-03       6.81201E-05       3.12473E-06       4.58708E-02       6.78659E-05       4.67697E-05
       1.51356E-03       1.58489E-03       1.54923E-03       7.13300E-05       3.34395E-06       4.68800E-02       7.26276E-05       5.01136E-05
       1.58489E-03       1.65959E-03       1.62224E-03       7.47000E-05       3.58040E-06       4.79305E-02       7.77547E-05       5.36940E-05
       1.65959E-03       1.73780E-03       1.69870E-03       7.82101E-05       3.83559E-06       4.90421E-02       8.33076E-05       5.75296E-05
       1.73780E-03       1.81970E-03       1.77875E-03       8.18999E-05       4.11115E-06       5.01972E-02       8.92883E-05       6.16407E-05
       1.81970E-03       1.90546E-03       1.86258E-03       8.57600E-05       4.40885E-06       5.14092E-02       9.57537E-05       6.60496E-05
       1.90546E-03       1.99526E-03       1.95036E-03       8.98001E-05       4.73057E-06       5.26790E-02       1.02743E-04       7.07802E-05
       1.99526E-03       2.08930E-03       2.04228E-03       9.40400E-05       5.07853E-06       5.40039E-02       1.10291E-04       7.58587E-05
       2.08930E-03       2.18776E-03       2.13853E-03       9.84600E-05       5.44782E-06       5.53303E-02       1.18325E-04       8.13065E-05
       2.18776E-03       2.29087E-03       2.23932E-03       1.03110E-04       5.83032E-06       5.65446E-02       1.26621E-04       8.71368E-05
       2.29087E-03       2.39883E-03       2.34485E-03       1.07960E-04       6.24205E-06       5.78182E-02       1.35575E-04       9.33789E-05
       2.39883E-03       2.51189E-03       2.45536E-03       1.13060E-04       6.68638E-06       5.91402E-02       1.45210E-04       1.00065E-04
       2.51189E-03       2.63027E-03       2.57108E-03       1.18380E-04       7.16623E-06       6.05357E-02       1.55642E-04       1.07231E-04
       2.63027E-03       2.75423E-03       2.69225E-03       1.23960E-04       7.68449E-06       6.19917E-02       1.66897E-04       1.14916E-04
       2.75423E-03       2.88403E-03       2.81913E-03       1.29800E-04       8.24016E-06       6.34835E-02       1.78968E-04       1.23156E-04
       2.88403E-03       3.01995E-03       2.95199E-03       1.35920E-04       8.81624E-06       6.48635E-02       1.91476E-04       1.31972E-04
       3.01995E-03       3.16228E-03       3.09112E-03       1.42330E-04       9.43325E-06       6.62773E-02       2.04871E-04       1.41406E-04
       3.16228E-03       3.31131E-03       3.23679E-03       1.49030E-04       1.00987E-05       6.77627E-02       2.19334E-04       1.51504E-04
       3.31131E-03       3.46737E-03       3.38934E-03       1.56060E-04       1.08169E-05       6.93127E-02       2.34924E-04       1.62321E-04
       3.46737E-03       3.63078E-03       3.54907E-03       1.63410E-04       1.15923E-05       7.09397E-02       2.51770E-04       1.73914E-04
       3.63078E-03       3.80189E-03       3.71633E-03       1.71110E-04       1.24298E-05       7.26422E-02       2.69963E-04       1.86343E-04
       3.80189E-03       3.98107E-03       3.89148E-03       1.79180E-04       1.33349E-05       7.44220E-02       2.89612E-04       1.99678E-04
       3.98107E-03       4.16869E-03       4.07488E-03       1.87620E-04       1.43135E-05       7.62898E-02       3.10872E-04       2.13992E-04
       4.16869E-03       4.36516E-03       4.26693E-03       1.96470E-04       1.53567E-05       7.81628E-02       3.33515E-04       2.29348E-04
       4.36516E-03       4.57088E-03       4.46802E-03       2.05720E-04       1.64422E-05       7.99253E-02       3.57108E-04       2.45791E-04
       4.57088E-03       4.78630E-03       4.67859E-03       2.15420E-04       1.76104E-05       8.17494E-02       3.82472E-04       2.63401E-04
       4.78630E-03       5.01187E-03       4.89909E-03       2.25570E-04       1.88717E-05       8.36621E-02       4.09868E-04       2.82273E-04
       5.01187E-03       5.24807E-03       5.12997E-03       2.36200E-04       2.02341E-05       8.56653E-02       4.39461E-04       3.02507E-04
       5.24807E-03       5.49541E-03       5.37174E-03       2.47340E-04       2.17062E-05       8.77585E-02       4.71416E-04       3.24213E-04
       5.49541E-03       5.75440E-03       5.62491E-03       2.58990E-04       2.32847E-05       8.99057E-02       5.05711E-04       3.47498E-04
       5.75440E-03       6.02560E-03       5.89000E-03       2.71200E-04       2.49030E-05       9.18253E-02       5.40851E-04       3.72401E-04
       6.02560E-03       6.30957E-03       6.16759E-03       2.83970E-04       2.66287E-05       9.37731E-02       5.78353E-04       3.99029E-04
       6.30957E-03       6.60693E-03       6.45825E-03       2.97360E-04       2.84890E-05       9.58064E-02       6.18741E-04       4.27518E-04
       6.60693E-03       6.91831E-03       6.76262E-03       3.11380E-04       3.04955E-05       9.79366E-02       6.62308E-04       4.58014E-04
       6.91831E-03       7.24436E-03       7.08133E-03       3.26050E-04       3.26604E-05       1.00170E-01       7.09336E-04       4.90674E-04
       7.24436E-03       7.58578E-03       7.41507E-03       3.41420E-04       3.49976E-05       1.02506E-01       7.60090E-04       5.25672E-04
       7.58578E-03       7.94328E-03       7.76453E-03       3.57500E-04       3.75219E-05       1.04956E-01       8.14938E-04       5.63194E-04
       7.94328E-03       8.31764E-03       8.13046E-03       3.74360E-04       4.02497E-05       1.07516E-01       8.74156E-04       6.03444E-04
       8.31764E-03       8.70964E-03       8.51364E-03       3.92000E-04       4.31517E-05       1.10081E-01       9.37189E-04       6.46595E-04
       8.70964E-03       9.12011E-03       8.91487E-03       4.10471E-04       4.61323E-05       1.12389E-01       1.00193E-03       6.92728E-04
       9.12011E-03       9.54993E-03       9.33502E-03       4.29819E-04       4.93298E-05       1.14769E-01       1.07137E-03       7.42057E-04
       9.54993E-03       1.00000E-02       9.77496E-03       4.50070E-04       5.27762E-05       1.17262E-01       1.14623E-03       7.94834E-04
       1.00000E-02       1.04713E-02       1.02357E-02       4.71300E-04       5.64942E-05       1.19869E-01       1.22694E-03       8.51328E-04
       1.04713E-02       1.09648E-02       1.07180E-02       4.93500E-04       6.05040E-05       1.22602E-01       1.31405E-03       9.11832E-04
       1.09648E-02       1.14815E-02       1.12232E-02       5.16700E-04       6.48100E-05       1.25431E-01       1.40773E-03       9.76642E-04
       1.14815E-02       1.20226E-02       1.17521E-02       5.41100E-04       6.92424E-05       1.27966E-01       1.50386E-03       1.04588E-03
       1.20226E-02       1.25892E-02       1.23059E-02       5.66601E-04       7.39640E-05       1.30540E-01       1.60641E-03       1.11985E-03
       1.25892E-02       1.31826E-02       1.28859E-02       5.93399E-04       7.90482E-05       1.33212E-01       1.71656E-03       1.19890E-03
       1.31826E-02       1.38038E-02       1.34932E-02       6.21200E-04       8.45238E-05       1.36065E-01       1.83596E-03       1.28342E-03
       1.38038E-02       1.44544E-02       1.41291E-02       6.50601E-04       9.04297E-05       1.38994E-01       1.96386E-03       1.37385E-03
       1.44544E-02       1.51356E-02       1.47950E-02       6.81199E-04       9.67961E-05       1.42097E-01       2.10232E-03       1.47065E-03
       1.51356E-02       1.58489E-02       1.54923E-02       7.13301E-04       1.03668E-04       1.45336E-01       2.25158E-03       1.57431E-03
       1.58489E-02       1.65959E-02       1.62224E-02       7.47000E-04       1.11086E-04       1.48710E-01       2.41243E-03       1.68540E-03
       1.65959E-02       1.73780E-02       1.69870E-02       7.82100E-04       1.19020E-04       1.52180E-01       2.58507E-03       1.80442E-03
       1.73780E-02       1.81970E-02       1.77875E-02       8.19000E-04       1.27280E-04       1.55409E-01       2.76434E-03       1.93170E-03
       1.81970E-02       1.90546E-02       1.86258E-02       8.57600E-04       1.36147E-04       1.58754E-01       2.95691E-03       2.06785E-03
       1.90546E-02       1.99526E-02       1.95036E-02       8.98000E-04       1.45707E-04       1.62258E-01       3.16461E-03       2.21355E-03
       1.99526E-02       2.08930E-02       2.04228E-02       9.40400E-04       1.56024E-04       1.65913E-01       3.38840E-03       2.36958E-03
       2.08930E-02       2.18776E-02       2.13853E-02       9.84600E-04       1.67159E-04       1.69774E-01       3.63067E-03       2.53674E-03
       2.18776E-02       2.29087E-02       2.23931E-02       1.03110E-03       1.79103E-04       1.73701E-01       3.88971E-03       2.71584E-03
       2.29087E-02       2.39883E-02       2.34485E-02       1.07960E-03       1.91182E-04       1.77086E-01       4.15239E-03       2.90702E-03
       2.39883E-02       2.51189E-02       2.45536E-02       1.13060E-03       2.03924E-04       1.80368E-01       4.42869E-03       3.11095E-03
       2.51189E-02       2.63027E-02       2.57108E-02       1.18380E-03       2.17629E-04       1.83840E-01       4.72667E-03       3.32858E-03
       2.63027E-02       2.75423E-02       2.69225E-02       1.23960E-03       2.32373E-04       1.87458E-01       5.04684E-03       3.56095E-03
       2.75423E-02       2.88403E-02       2.81913E-02       1.29800E-03       2.48244E-04       1.91251E-01       5.39162E-03       3.80919E-03
       2.88403E-02       3.01995E-02       2.95199E-02       1.35920E-03       2.65339E-04       1.95217E-01       5.76278E-03       4.07453E-03
       3.01995E-02       3.16228E-02       3.09112E-02       1.42330E-03       2.83759E-04       1.99367E-01       6.16267E-03       4.35829E-03
       3.16228E-02       3.31131E-02       3.23680E-02       1.49030E-03       3.03620E-04       2.03731E-01       6.59434E-03       4.66191E-03
       3.31131E-02       3.46737E-02       3.38934E-02       1.56060E-03       3.24826E-04       2.08142E-01       7.05465E-03       4.98674E-03
       3.46737E-02       3.63078E-02       3.54908E-02       1.63410E-03       3.46675E-04       2.12150E-01       7.52937E-03       5.33341E-03
       3.63078E-02       3.80189E-02       3.71633E-02       1.71110E-03       3.70028E-04       2.16252E-01       8.03663E-03       5.70344E-03
       3.80189E-02       3.98107E-02       3.89148E-02       1.79180E-03       3.95160E-04       2.20538E-01       8.58218E-03       6.09860E-03
       3.98107E-02       4.16869E-02       4.07488E-02       1.87620E-03       4.22216E-04       2.25038E-01       9.17002E-03       6.52082E-03
       4.16869E-02       4.36516E-02       4.26693E-02       1.96470E-03       4.51360E-04       2.29734E-01       9.80259E-03       6.97218E-03
       4.36516E-02       4.57088E-02       4.46802E-02       2.05720E-03       4.82732E-04       2.34655E-01       1.04844E-02       7.45491E-03
       4.57088E-02       4.78630E-02       4.67859E-02       2.15420E-03       5.16004E-04       2.39534E-01       1.12068E-02       7.97091E-03
       4.78630E-02       5.01187E-02       4.89908E-02       2.25570E-03       5.51657E-04       2.44561E-01       1.19813E-02       8.52257E-03
       5.01187E-02       5.24808E-02       5.12998E-02       2.36210E-03       5.90087E-04       2.49814E-01       1.28154E-02       9.11265E-03
       5.24808E-02       5.49541E-02       5.37174E-02       2.47330E-03       6.31521E-04       2.55335E-01       1.37160E-02       9.74417E-03
       5.49541E-02       5.75440E-02       5.62491E-02       2.58990E-03       6.76222E-04       2.61100E-01       1.46866E-02       1.04204E-02
       5.75440E-02       6.02560E-02       5.89000E-02       2.71200E-03       7.24478E-04       2.67138E-01       1.57344E-02       1.11449E-02
       6.02560E-02       6.30957E-02       6.16758E-02       2.83970E-03       7.76584E-04       2.73474E-01       1.68667E-02       1.19215E-02
       6.30957E-02       6.60693E-02       6.45825E-02       2.97360E-03       8.32879E-04       2.80091E-01       1.80890E-02       1.27543E-02
       6.60693E-02       6.91831E-02       6.76262E-02       3.11380E-03       8.93731E-04       2.87022E-01       1.94102E-02       1.36481E-02
       6.91831E-02       7.24436E-02       7.08134E-02       3.26050E-03       9.59531E-04       2.94289E-01       2.08396E-02       1.46076E-02
       7.24436E-02       7.58578E-02       7.41507E-02       3.41420E-03       1.03072E-03       3.01892E-01       2.23855E-02       1.56383E-02
       7.58578E-02       7.94328E-02       7.76453E-02       3.57500E-03       1.10776E-03       3.09863E-01       2.40594E-02       1.67461E-02
       7.94328E-02       8.31764E-02       8.13046E-02       3.74360E-03       1.19119E-03       3.18194E-01       2.58706E-02       1.79373E-02
       8.31764E-02       8.70964E-02       8.51364E-02       3.92000E-03       1.28156E-03       3.26927E-01       2.78334E-02       1.92188E-02
       8.70964E-02       9.12011E-02       8.91488E-02       4.10470E-03       1.37942E-03       3.36057E-01       2.99591E-02       2.05982E-02
       9.12011E-02       9.54993E-02       9.33502E-02       4.29820E-03       1.48433E-03       3.45338E-01       3.22374E-02       2.20826E-02
       9.54993E-02       1.00000E-01       9.77497E-02       4.50070E-03       1.59752E-03       3.54948E-01       3.46960E-02       2.36801E-02
       1.00000E-01       1.04713E-01       1.02357E-01       4.71300E-03       1.72022E-03       3.64996E-01       3.73597E-02       2.54003E-02
       1.04713E-01       1.09648E-01       1.07180E-01       4.93500E-03       1.85323E-03       3.75528E-01       4.02493E-02       2.72535E-02
       1.09648E-01       1.14815E-01       1.12231E-01       5.16700E-03       1.99761E-03       3.86609E-01       4.33897E-02       2.92512E-02
       1.14815E-01       1.20226E-01       1.17520E-01       5.41100E-03       2.15419E-03       3.98113E-01       4.67864E-02       3.14053E-02
       1.20226E-01       1.25892E-01       1.23059E-01       5.66600E-03       2.32427E-03       4.10213E-01       5.04804E-02       3.37296E-02
       1.25892E-01       1.31826E-01       1.28859E-01       5.93400E-03       2.50896E-03       4.22812E-01       5.44831E-02       3.62386E-02
       1.31826E-01       1.38038E-01       1.34932E-01       6.21200E-03       2.71750E-03       4.37460E-01       5.90273E-02       3.89561E-02
       1.38038E-01       1.44544E-01       1.41291E-01       6.50600E-03       3.00010E-03       4.61128E-01       6.51532E-02       4.19562E-02
       1.44544E-01       1.51356E-01       1.47950E-01       6.81200E-03       3.32340E-03       4.87874E-01       7.21809E-02       4.52796E-02
       1.51356E-01       1.58489E-01       1.54923E-01       7.13300E-03       3.67957E-03       5.15852E-01       7.99171E-02       4.89591E-02
       1.58489E-01       1.65959E-01       1.62224E-01       7.47000E-03       4.07176E-03       5.45082E-01       8.84253E-02       5.30309E-02
       1.65959E-01       1.73780E-01       1.69869E-01       7.82100E-03       4.50351E-03       5.75823E-01       9.78148E-02       5.75344E-02
       1.73780E-01       1.81970E-01       1.77875E-01       8.19000E-03       4.97781E-03       6.07791E-01       1.08111E-01       6.25122E-02
       1.81970E-01       1.90546E-01       1.86258E-01       8.57600E-03       5.47905E-03       6.38882E-01       1.18997E-01       6.79913E-02
       1.90546E-01       1.99526E-01       1.95036E-01       8.98000E-03       6.01906E-03       6.70274E-01       1.30727E-01       7.40103E-02
       1.99526E-01       2.08930E-01       2.04228E-01       9.40400E-03       6.61180E-03       7.03084E-01       1.43589E-01       8.06221E-02
       2.08930E-01       2.18776E-01       2.13853E-01       9.84600E-03       7.26226E-03       7.37585E-01       1.57735E-01       8.78844E-02
       2.18776E-01       2.29087E-01       2.23931E-01       1.03110E-02       7.97475E-03       7.73422E-01       1.73193E-01       9.58591E-02
       2.29087E-01       2.39883E-01       2.34485E-01       1.07960E-02       8.75177E-03       8.10650E-01       1.90085E-01       1.04611E-01
       2.39883E-01       2.51189E-01       2.45536E-01       1.13060E-02       9.60357E-03       8.49423E-01       2.08564E-01       1.14214E-01
       2.51189E-01       2.63027E-01       2.57108E-01       1.18380E-02       1.05380E-02       8.90181E-01       2.28873E-01       1.24752E-01
       2.63027E-01       2.75423E-01       2.69225E-01       1.23960E-02       1.15305E-02       9.30175E-01       2.50426E-01       1.36283E-01
       2.75423E-01       2.88403E-01       2.81913E-01       1.29800E-02       1.25680E-02       9.68258E-01       2.72965E-01       1.48851E-01
       2.88403E-01       3.01995E-01       2.95199E-01       1.35920E-02       1.37008E-02       1.00801E+00       2.97563E-01       1.62552E-01
       3.01995E-01       3.16228E-01       3.09112E-01       1.42330E-02       1.49393E-02       1.04962E+00       3.24450E-01       1.77491E-01
       3.16228E-01       3.31131E-01       3.23680E-01       1.49030E-02       1.62931E-02       1.09328E+00       3.53872E-01       1.93784E-01
       3.31131E-01       3.46737E-01       3.38934E-01       1.56060E-02       1.77738E-02       1.13891E+00       3.86014E-01       2.11558E-01
       3.46737E-01       3.63078E-01       3.54908E-01       1.63410E-02       1.93911E-02       1.18665E+00       4.21152E-01       2.30949E-01
       3.63078E-01       3.80189E-01       3.71633E-01       1.71110E-02       2.11575E-02       1.23649E+00       4.59520E-01       2.52107E-01
       3.80189E-01       3.98107E-01       3.89148E-01       1.79180E-02       2.31791E-02       1.29362E+00       5.03411E-01       2.75286E-01
       3.98107E-01       4.16869E-01       4.07488E-01       1.87620E-02       3.08527E-02       1.64443E+00       6.70084E-01       3.06138E-01
       4.16869E-01       4.36516E-01       4.26692E-01       1.96470E-02       2.74640E-02       1.39787E+00       5.96462E-01       3.33602E-01
       4.36516E-01       4.57088E-01       4.46802E-01       2.05720E-02       2.61622E-02       1.27174E+00       5.68215E-01       3.59765E-01
       4.57088E-01       4.78630E-01       4.67859E-01       2.15420E-02       2.62277E-02       1.21752E+00       5.69626E-01       3.85992E-01
       4.78630E-01       5.01187E-01       4.89909E-01       2.25570E-02       2.61837E-02       1.16078E+00       5.68677E-01       4.12176E-01
       5.01187E-01       5.24808E-01       5.12998E-01       2.36210E-02       2.60325E-02       1.10209E+00       5.65369E-01       4.38208E-01
       5.24808E-01       5.49541E-01       5.37174E-01       2.47330E-02       2.59460E-02       1.04905E+00       5.63520E-01       4.64154E-01
       5.49541E-01       5.75440E-01       5.62490E-01       2.58990E-02       2.57987E-02       9.96129E-01       5.60313E-01       4.89953E-01
       5.75440E-01       6.02560E-01       5.89000E-01       2.71200E-02       2.55124E-02       9.40722E-01       5.54085E-01       5.15466E-01
       6.02560E-01       6.30957E-01       6.16758E-01       2.83970E-02       2.50674E-02       8.82749E-01       5.44443E-01       5.40533E-01
       6.30957E-01       6.60693E-01       6.45825E-01       2.97360E-02       2.44427E-02       8.21991E-01       5.30863E-01       5.64976E-01
       6.60693E-01       6.91831E-01       6.76262E-01       3.11380E-02       2.36221E-02       7.58626E-01       5.13030E-01       5.88598E-01
       6.91831E-01       7.24436E-01       7.08133E-01       3.26050E-02       2.27397E-02       6.97430E-01       4.93874E-01       6.11338E-01
       7.24436E-01       7.58578E-01       7.41507E-01       3.41420E-02       2.17074E-02       6.35799E-01       4.71449E-01       6.33045E-01
       7.58578E-01       7.94328E-01       7.76453E-01       3.57500E-02       2.04237E-02       5.71291E-01       4.43581E-01       6.53469E-01
       7.94328E-01       8.31764E-01       8.13046E-01       3.74360E-02       1.88569E-02       5.03710E-01       4.09540E-01       6.72326E-01
       8.31764E-01       8.70964E-01       8.51364E-01       3.92000E-02       1.71996E-02       4.38766E-01       3.73550E-01       6.89525E-01
       8.70964E-01       9.12011E-01       8.91487E-01       4.10470E-02       1.68533E-02       4.10585E-01       3.66031E-01       7.06378E-01
       9.12011E-01       9.54993E-01       9.33502E-01       4.29820E-02       1.67610E-02       3.89953E-01       3.64022E-01       7.23139E-01
       9.54993E-01       1.00000E+00       9.77497E-01       4.50070E-02       1.65787E-02       3.68358E-01       3.60069E-01       7.39718E-01
       1.00000E+00       1.04713E+00       1.02357E+00       4.71300E-02       1.62943E-02       3.45730E-01       3.53877E-01       7.56012E-01
       1.04713E+00       1.09648E+00       1.07181E+00       4.93500E-02       1.59272E-02       3.22740E-01       3.45915E-01       7.71940E-01
       1.09648E+00       1.14815E+00       1.12231E+00       5.16700E-02       1.59187E-02       3.08084E-01       3.45768E-01       7.87858E-01
       1.14815E+00       1.20226E+00       1.17520E+00       5.41100E-02       1.60253E-02       2.96161E-01       3.48050E-01       8.03884E-01
       1.20226E+00       1.25892E+00       1.23059E+00       5.66600E-02       1.60754E-02       2.83717E-01       3.49140E-01       8.19959E-01
       1.25892E+00       1.31826E+00       1.28859E+00       5.93400E-02       1.60488E-02       2.70456E-01       3.48507E-01       8.36008E-01
       1.31826E+00       1.38038E+00       1.34932E+00       6.21200E-02       1.59156E-02       2.56208E-01       3.45706E-01       8.51923E-01
       1.38038E+00       1.44544E+00       1.41291E+00       6.50600E-02       1.56887E-02       2.41141E-01       3.40711E-01       8.67612E-01
       1.44544E+00       1.51356E+00       1.47950E+00       6.81200E-02       1.53009E-02       2.24617E-01       3.32320E-01       8.82913E-01
       1.51356E+00       1.58489E+00       1.54923E+00       7.13300E-02       1.47088E-02       2.06208E-01       3.19462E-01       8.97622E-01
       1.58489E+00       1.65959E+00       1.62224E+00       7.47000E-02       1.39603E-02       1.86885E-01       3.03172E-01       9.11582E-01
       1.65959E+00       1.73780E+00       1.69869E+00       7.82100E-02       1.30360E-02       1.66680E-01       2.83138E-01       9.24618E-01
       1.73780E+00       1.81970E+00       1.77875E+00       8.19000E-02       1.19433E-02       1.45828E-01       2.59391E-01       9.36561E-01
       1.81970E+00       1.90546E+00       1.86258E+00       8.57600E-02       1.07523E-02       1.25376E-01       2.33523E-01       9.47314E-01
       1.90546E+00       1.99526E+00       1.95036E+00       8.98000E-02       9.46588E-03       1.05411E-01       2.05589E-01       9.56780E-01
       1.99526E+00       2.08930E+00       2.04228E+00       9.40400E-02       8.17802E-03       8.69632E-02       1.77603E-01       9.64958E-01
       2.08930E+00       2.18776E+00       2.13853E+00       9.84600E-02       6.96438E-03       7.07331E-02       1.51265E-01       9.71922E-01
       2.18776E+00       2.29087E+00       2.23932E+00       1.03110E-01       5.82472E-03       5.64903E-02       1.26500E-01       9.77747E-01
       2.29087E+00       2.39883E+00       2.34485E+00       1.07960E-01       4.83892E-03       4.48214E-02       1.05099E-01       9.82586E-01
       2.39883E+00       2.51189E+00       2.45536E+00       1.13060E-01       4.01831E-03       3.55414E-02       8.72669E-02       9.86604E-01
       2.51189E+00       2.63027E+00       2.57108E+00       1.18380E-01       3.34452E-03       2.82524E-02       7.26393E-02       9.89949E-01
       2.63027E+00       2.75423E+00       2.69225E+00       1.23960E-01       2.80009E-03       2.25887E-02       6.08144E-02       9.92749E-01
       2.75423E+00       2.88403E+00       2.81913E+00       1.29800E-01       2.34317E-03       1.80522E-02       5.08914E-02       9.95092E-01
       2.88403E+00       3.01995E+00       2.95199E+00       1.35920E-01       1.92676E-03       1.41757E-02       4.18465E-02       9.97019E-01
       3.01995E+00       3.16228E+00       3.09111E+00       1.42330E-01       1.48225E-03       1.04141E-02       3.21913E-02       9.98501E-01
       3.16228E+00       3.31131E+00       3.23679E+00       1.49030E-01       9.78642E-04       6.56675E-03       2.12552E-02       9.99479E-01
       3.31131E+00       3.46737E+00       3.38934E+00       1.56060E-01       4.83583E-04       3.09870E-03       1.05025E-02       9.99963E-01
       3.46737E+00       3.63078E+00       3.54908E+00       1.63410E-01       3.68375E-05       2.25430E-04       8.00067E-04       1.00000E+00

 Sum =                                                                         1.00000E+00
 Renormalization bin#   937 =                                                  4.50142E-01 barn        1.22000E+07        1.24000E+07        1.23000E+07
 Avg. Energy     bin#   937 =                                                  7.69757E-01 MeV         1.22000E+07        1.24000E+07
