"        MT= 91 recoil spectrum "
" Initial neutron energy corresponds to the group:"
   1.10000E+01    1.12000E+01       0.00000E+00           232           891           660



          Low               High              Mid              Energy           Number             dn/de            E*dn/de          Cumulative
         Energy            Energy            Energy             Width          Fraction                               Sum   
         [MeV]             [MeV]             [MeV]              [MeV]

       4.16869E-07       4.36516E-07       4.26693E-07       1.96470E-08       0.00000E+00       0.00000E+00       0.00000E+00       0.00000E+00
       4.36516E-07       4.57088E-07       4.46802E-07       2.05720E-08       3.15083E-12       1.53161E-04       6.84326E-11       3.15083E-12
       4.57088E-07       4.78630E-07       4.67859E-07       2.15420E-08       3.45500E-12       1.60384E-04       7.50372E-11       6.60583E-12
       4.78630E-07       5.01187E-07       4.89909E-07       2.25570E-08       3.78821E-12       1.67939E-04       8.22749E-11       1.03940E-11
       5.01187E-07       5.24807E-07       5.12997E-07       2.36200E-08       4.15368E-12       1.75855E-04       9.02130E-11       1.45477E-11
       5.24807E-07       5.50000E-07       5.37403E-07       2.51930E-08       4.64089E-12       1.84213E-04       9.89968E-11       1.91886E-11
       5.50000E-07       5.75000E-07       5.62500E-07       2.50000E-08       4.82040E-12       1.92816E-04       1.08459E-10       2.40090E-11
       5.75000E-07       6.00000E-07       5.87500E-07       2.50000E-08       5.03481E-12       2.01392E-04       1.18318E-10       2.90438E-11
       6.00000E-07       6.25000E-07       6.12500E-07       2.50000E-08       5.24894E-12       2.09958E-04       1.28599E-10       3.42928E-11
       6.25000E-07       6.50000E-07       6.37500E-07       2.50000E-08       5.46335E-12       2.18534E-04       1.39316E-10       3.97561E-11
       6.50000E-07       6.75000E-07       6.62500E-07       2.50000E-08       5.67747E-12       2.27099E-04       1.50453E-10       4.54336E-11
       6.75000E-07       7.00000E-07       6.87500E-07       2.50000E-08       5.89189E-12       2.35676E-04       1.62027E-10       5.13255E-11
       7.00000E-07       7.25000E-07       7.12500E-07       2.50000E-08       6.10601E-12       2.44240E-04       1.74021E-10       5.74315E-11
       7.25000E-07       7.50000E-07       7.37500E-07       2.50000E-08       6.32013E-12       2.52806E-04       1.86444E-10       6.37516E-11
       7.50000E-07       7.75000E-07       7.62500E-07       2.50000E-08       6.53455E-12       2.61382E-04       1.99304E-10       7.02862E-11
       7.75000E-07       8.00000E-07       7.87500E-07       2.50000E-08       6.74867E-12       2.69947E-04       2.12583E-10       7.70348E-11
       8.00000E-07       8.25000E-07       8.12500E-07       2.50000E-08       6.96309E-12       2.78524E-04       2.26301E-10       8.39979E-11
       8.25000E-07       8.50000E-07       8.37500E-07       2.50000E-08       7.17721E-12       2.87088E-04       2.40436E-10       9.11751E-11
       8.50000E-07       8.75000E-07       8.62500E-07       2.50000E-08       7.39163E-12       2.95665E-04       2.55011E-10       9.85668E-11
       8.75000E-07       9.00000E-07       8.87500E-07       2.50000E-08       7.60575E-12       3.04230E-04       2.70004E-10       1.06173E-10
       9.00000E-07       9.25000E-07       9.12500E-07       2.50000E-08       7.81987E-12       3.12794E-04       2.85425E-10       1.13992E-10
       9.25000E-07       9.50000E-07       9.37500E-07       2.50000E-08       8.03429E-12       3.21372E-04       3.01286E-10       1.22027E-10
       9.50000E-07       9.75000E-07       9.62500E-07       2.50000E-08       8.24841E-12       3.29936E-04       3.17563E-10       1.30275E-10
       9.75000E-07       1.00000E-06       9.87500E-07       2.50000E-08       8.46283E-12       3.38513E-04       3.34282E-10       1.38738E-10
       1.00000E-06       1.02500E-06       1.01250E-06       2.50000E-08       8.67695E-12       3.47078E-04       3.51417E-10       1.47415E-10
       1.02500E-06       1.05000E-06       1.03750E-06       2.50000E-08       8.89137E-12       3.55655E-04       3.68992E-10       1.56306E-10
       1.05000E-06       1.07500E-06       1.06250E-06       2.50001E-08       9.10549E-12       3.64218E-04       3.86982E-10       1.65412E-10
       1.07500E-06       1.10000E-06       1.08750E-06       2.50000E-08       9.31961E-12       3.72785E-04       4.05403E-10       1.74731E-10
       1.10000E-06       1.12500E-06       1.11250E-06       2.50000E-08       9.53403E-12       3.81361E-04       4.24265E-10       1.84265E-10
       1.12500E-06       1.15000E-06       1.13750E-06       2.50000E-08       9.74815E-12       3.89926E-04       4.43541E-10       1.94013E-10
       1.15000E-06       1.17500E-06       1.16250E-06       2.50000E-08       9.96257E-12       3.98503E-04       4.63260E-10       2.03976E-10
       1.17500E-06       1.20000E-06       1.18750E-06       2.50001E-08       1.01767E-11       4.07066E-04       4.83391E-10       2.14153E-10
       1.20000E-06       1.22500E-06       1.21250E-06       2.50000E-08       1.03908E-11       4.15633E-04       5.03955E-10       2.24544E-10
       1.22500E-06       1.25000E-06       1.23750E-06       2.50000E-08       1.06052E-11       4.24209E-04       5.24959E-10       2.35149E-10
       1.25000E-06       1.27500E-06       1.26250E-06       2.50000E-08       1.08193E-11       4.32774E-04       5.46378E-10       2.45968E-10
       1.27500E-06       1.30000E-06       1.28750E-06       2.50000E-08       1.10338E-11       4.41351E-04       5.68239E-10       2.57002E-10
       1.30000E-06       1.32500E-06       1.31250E-06       2.50001E-08       1.12479E-11       4.49914E-04       5.90512E-10       2.68250E-10
       1.32500E-06       1.35000E-06       1.33750E-06       2.50000E-08       1.14623E-11       4.58493E-04       6.13234E-10       2.79712E-10
       1.35000E-06       1.37500E-06       1.36250E-06       2.50000E-08       1.16764E-11       4.67057E-04       6.36366E-10       2.91389E-10
       1.37500E-06       1.40000E-06       1.38750E-06       2.50000E-08       1.18905E-11       4.75622E-04       6.59926E-10       3.03279E-10
       1.40000E-06       1.42500E-06       1.41250E-06       2.50000E-08       1.21050E-11       4.84199E-04       6.83931E-10       3.15384E-10
       1.42500E-06       1.45000E-06       1.43750E-06       2.50001E-08       1.23191E-11       4.92762E-04       7.08345E-10       3.27703E-10
       1.45000E-06       1.47500E-06       1.46250E-06       2.50000E-08       1.25335E-11       5.01341E-04       7.33211E-10       3.40237E-10
       1.47500E-06       1.50000E-06       1.48750E-06       2.50000E-08       1.27476E-11       5.09906E-04       7.58484E-10       3.52984E-10
       1.50000E-06       1.52500E-06       1.51250E-06       2.50000E-08       1.29620E-11       5.18482E-04       7.84204E-10       3.65946E-10
       1.52500E-06       1.55000E-06       1.53750E-06       2.50000E-08       1.31762E-11       5.27047E-04       8.10335E-10       3.79122E-10
       1.55000E-06       1.57500E-06       1.56250E-06       2.50001E-08       1.33903E-11       5.35609E-04       8.36890E-10       3.92513E-10
       1.57500E-06       1.60000E-06       1.58750E-06       2.50000E-08       1.36047E-11       5.44189E-04       8.63899E-10       4.06117E-10
       1.60000E-06       1.62500E-06       1.61250E-06       2.50000E-08       1.38188E-11       5.52754E-04       8.91315E-10       4.19936E-10
       1.62500E-06       1.65000E-06       1.63750E-06       2.50000E-08       1.40332E-11       5.61330E-04       9.19178E-10       4.33970E-10
       1.65000E-06       1.67500E-06       1.66250E-06       2.50000E-08       1.42474E-11       5.69895E-04       9.47450E-10       4.48217E-10
       1.67500E-06       1.70000E-06       1.68750E-06       2.50001E-08       1.44615E-11       5.78457E-04       9.76146E-10       4.62678E-10
       1.70000E-06       1.72500E-06       1.71250E-06       2.50000E-08       1.46759E-11       5.87037E-04       1.00530E-09       4.77354E-10
       1.72500E-06       1.75000E-06       1.73750E-06       2.50000E-08       1.48900E-11       5.95602E-04       1.03486E-09       4.92244E-10
       1.75000E-06       1.77500E-06       1.76250E-06       2.50000E-08       1.51044E-11       6.04178E-04       1.06486E-09       5.07349E-10
       1.77500E-06       1.80000E-06       1.78750E-06       2.50000E-08       1.53186E-11       6.12743E-04       1.09528E-09       5.22667E-10
       1.80000E-06       1.82500E-06       1.81250E-06       2.50001E-08       1.55330E-11       6.21317E-04       1.12614E-09       5.38200E-10
       1.82500E-06       1.85000E-06       1.83750E-06       2.50000E-08       1.57471E-11       6.29885E-04       1.15741E-09       5.53947E-10
       1.85000E-06       1.87500E-06       1.86250E-06       2.50000E-08       1.59612E-11       6.38450E-04       1.18911E-09       5.69909E-10
       1.87500E-06       1.90000E-06       1.88750E-06       2.50000E-08       1.61756E-11       6.47026E-04       1.22126E-09       5.86084E-10
       1.90000E-06       1.92500E-06       1.91250E-06       2.50000E-08       1.63898E-11       6.55591E-04       1.25382E-09       6.02474E-10
       1.92500E-06       1.95000E-06       1.93750E-06       2.50001E-08       1.66042E-11       6.64164E-04       1.28682E-09       6.19078E-10
       1.95000E-06       1.97500E-06       1.96250E-06       2.50000E-08       1.68183E-11       6.72733E-04       1.32024E-09       6.35897E-10
       1.97500E-06       2.00000E-06       1.98750E-06       2.50000E-08       1.70327E-11       6.81309E-04       1.35410E-09       6.52929E-10
       2.00000E-06       2.02500E-06       2.01250E-06       2.50001E-08       1.72468E-11       6.89871E-04       1.38837E-09       6.70176E-10
       2.02500E-06       2.05000E-06       2.03750E-06       2.49999E-08       1.74610E-11       6.98442E-04       1.42308E-09       6.87637E-10
       2.05000E-06       2.07500E-06       2.06250E-06       2.50001E-08       1.76754E-11       7.07012E-04       1.45821E-09       7.05312E-10
       2.07500E-06       2.10000E-06       2.08750E-06       2.49999E-08       1.78895E-11       7.15584E-04       1.49378E-09       7.23202E-10
       2.10000E-06       2.12500E-06       2.11250E-06       2.50001E-08       1.81039E-11       7.24154E-04       1.52977E-09       7.41306E-10
       2.12500E-06       2.15000E-06       2.13750E-06       2.50001E-08       1.83180E-11       7.32719E-04       1.56619E-09       7.59624E-10
       2.15000E-06       2.17500E-06       2.16250E-06       2.49999E-08       1.85322E-11       7.41291E-04       1.60304E-09       7.78156E-10
       2.17500E-06       2.20000E-06       2.18750E-06       2.50001E-08       1.87466E-11       7.49860E-04       1.64032E-09       7.96903E-10
       2.20000E-06       2.22500E-06       2.21250E-06       2.49999E-08       1.89607E-11       7.58432E-04       1.67803E-09       8.15863E-10
       2.22500E-06       2.25000E-06       2.23750E-06       2.50001E-08       1.91751E-11       7.67002E-04       1.71617E-09       8.35038E-10
       2.25000E-06       2.27500E-06       2.26250E-06       2.50001E-08       1.93892E-11       7.75566E-04       1.75472E-09       8.54428E-10
       2.27500E-06       2.30000E-06       2.28750E-06       2.49999E-08       1.96037E-11       7.84151E-04       1.79374E-09       8.74031E-10
       2.30000E-06       2.32500E-06       2.31250E-06       2.50001E-08       1.98178E-11       7.92708E-04       1.83314E-09       8.93849E-10
       2.32500E-06       2.35000E-06       2.33750E-06       2.49999E-08       2.00319E-11       8.01281E-04       1.87299E-09       9.13881E-10
       2.35000E-06       2.37500E-06       2.36250E-06       2.50001E-08       2.02463E-11       8.09849E-04       1.91327E-09       9.34127E-10
       2.37500E-06       2.40000E-06       2.38750E-06       2.50001E-08       2.04604E-11       8.18414E-04       1.95396E-09       9.54588E-10
       2.40000E-06       2.42500E-06       2.41250E-06       2.49999E-08       2.06749E-11       8.26999E-04       1.99513E-09       9.75263E-10
       2.42500E-06       2.45000E-06       2.43750E-06       2.50001E-08       2.08890E-11       8.35556E-04       2.03667E-09       9.96151E-10
       2.45000E-06       2.47500E-06       2.46250E-06       2.49999E-08       2.11034E-11       8.44140E-04       2.07870E-09       1.01725E-09
       2.47500E-06       2.50000E-06       2.48750E-06       2.50001E-08       2.13175E-11       8.52697E-04       2.12108E-09       1.03857E-09
       2.50000E-06       2.52500E-06       2.51250E-06       2.50001E-08       2.15316E-11       8.61262E-04       2.16392E-09       1.06010E-09
       2.52500E-06       2.55000E-06       2.53750E-06       2.49999E-08       2.17461E-11       8.69847E-04       2.20724E-09       1.08185E-09
       2.55000E-06       2.57500E-06       2.56250E-06       2.50001E-08       2.19602E-11       8.78404E-04       2.25091E-09       1.10381E-09
       2.57500E-06       2.60000E-06       2.58750E-06       2.49999E-08       2.21746E-11       8.86989E-04       2.29508E-09       1.12598E-09
       2.60000E-06       2.62500E-06       2.61250E-06       2.50001E-08       2.23887E-11       8.95545E-04       2.33961E-09       1.14837E-09
       2.62500E-06       2.65000E-06       2.63750E-06       2.50001E-08       2.26028E-11       9.04110E-04       2.38459E-09       1.17098E-09
       2.65000E-06       2.67500E-06       2.66250E-06       2.49999E-08       2.28172E-11       9.12695E-04       2.43005E-09       1.19379E-09
       2.67500E-06       2.70000E-06       2.68750E-06       2.50001E-08       2.30314E-11       9.21251E-04       2.47586E-09       1.21683E-09
       2.70000E-06       2.72500E-06       2.71250E-06       2.49999E-08       2.32458E-11       9.29837E-04       2.52218E-09       1.24007E-09
       2.72500E-06       2.75000E-06       2.73750E-06       2.50001E-08       2.34599E-11       9.38393E-04       2.56885E-09       1.26353E-09
       2.75000E-06       2.77500E-06       2.76250E-06       2.50001E-08       2.36743E-11       9.46969E-04       2.61600E-09       1.28721E-09
       2.77500E-06       2.80000E-06       2.78750E-06       2.49999E-08       2.38885E-11       9.55544E-04       2.66358E-09       1.31109E-09
       2.80000E-06       2.82500E-06       2.81250E-06       2.50001E-08       2.41026E-11       9.64099E-04       2.71153E-09       1.33520E-09
       2.82500E-06       2.85000E-06       2.83750E-06       2.49999E-08       2.43170E-11       9.72685E-04       2.75999E-09       1.35951E-09
       2.85000E-06       2.87500E-06       2.86250E-06       2.50001E-08       2.45311E-11       9.81241E-04       2.80880E-09       1.38404E-09
       2.87500E-06       2.90000E-06       2.88750E-06       2.50001E-08       2.47455E-11       9.89817E-04       2.85810E-09       1.40879E-09
       2.90000E-06       2.92500E-06       2.91250E-06       2.49999E-08       2.49597E-11       9.98392E-04       2.90782E-09       1.43375E-09
       2.92500E-06       2.95000E-06       2.93750E-06       2.50001E-08       2.51741E-11       1.00696E-03       2.95794E-09       1.45892E-09
       2.95000E-06       2.97500E-06       2.96250E-06       2.49999E-08       2.53882E-11       1.01553E-03       3.00852E-09       1.48431E-09
       2.97500E-06       3.00000E-06       2.98750E-06       2.50001E-08       2.56023E-11       1.02409E-03       3.05946E-09       1.50991E-09
       3.00000E-06       3.02500E-06       3.01250E-06       2.50001E-08       2.58167E-11       1.03267E-03       3.11090E-09       1.53573E-09
       3.02500E-06       3.05000E-06       3.03750E-06       2.49999E-08       2.60309E-11       1.04124E-03       3.16277E-09       1.56176E-09
       3.05000E-06       3.07500E-06       3.06250E-06       2.50001E-08       2.62453E-11       1.04981E-03       3.21503E-09       1.58801E-09
       3.07500E-06       3.10000E-06       3.08750E-06       2.49999E-08       2.64594E-11       1.05838E-03       3.26775E-09       1.61447E-09
       3.10000E-06       3.12500E-06       3.11250E-06       2.50001E-08       2.66735E-11       1.06694E-03       3.32084E-09       1.64114E-09
       3.12500E-06       3.15000E-06       3.13750E-06       2.50001E-08       2.68879E-11       1.07551E-03       3.37442E-09       1.66803E-09
       3.15000E-06       3.17500E-06       3.16250E-06       2.49999E-08       2.71021E-11       1.08409E-03       3.42843E-09       1.69513E-09
       3.17500E-06       3.20000E-06       3.18750E-06       2.50001E-08       2.73165E-11       1.09265E-03       3.48284E-09       1.72245E-09
       3.20000E-06       3.22500E-06       3.21250E-06       2.49999E-08       2.75306E-11       1.10123E-03       3.53770E-09       1.74998E-09
       3.22500E-06       3.25000E-06       3.23750E-06       2.50001E-08       2.77450E-11       1.10980E-03       3.59296E-09       1.77772E-09
       3.25000E-06       3.27500E-06       3.26250E-06       2.50001E-08       2.79591E-11       1.11836E-03       3.64865E-09       1.80568E-09
       3.27500E-06       3.30000E-06       3.28750E-06       2.49999E-08       2.81732E-11       1.12694E-03       3.70480E-09       1.83385E-09
       3.30000E-06       3.32500E-06       3.31250E-06       2.50001E-08       2.83877E-11       1.13550E-03       3.76135E-09       1.86224E-09
       3.32500E-06       3.35000E-06       3.33750E-06       2.49999E-08       2.86018E-11       1.14408E-03       3.81836E-09       1.89084E-09
       3.35000E-06       3.37500E-06       3.36250E-06       2.50001E-08       2.88162E-11       1.15264E-03       3.87576E-09       1.91966E-09
       3.37500E-06       3.40000E-06       3.38750E-06       2.50001E-08       2.90303E-11       1.16121E-03       3.93359E-09       1.94869E-09
       3.40000E-06       3.42500E-06       3.41250E-06       2.49999E-08       2.92447E-11       1.16980E-03       3.99193E-09       1.97793E-09
       3.42500E-06       3.45000E-06       3.43750E-06       2.50001E-08       2.94580E-11       1.17831E-03       4.05046E-09       2.00739E-09
       3.45000E-06       3.47500E-06       3.46250E-06       2.49999E-08       2.96721E-11       1.18689E-03       4.10961E-09       2.03706E-09
       3.47500E-06       3.50000E-06       3.48750E-06       2.50001E-08       2.98862E-11       1.19544E-03       4.16911E-09       2.06695E-09
       3.50000E-06       3.52500E-06       3.51250E-06       2.50001E-08       3.01004E-11       1.20401E-03       4.22908E-09       2.09705E-09
       3.52500E-06       3.55000E-06       3.53750E-06       2.49999E-08       3.03145E-11       1.21259E-03       4.28952E-09       2.12737E-09
       3.55000E-06       3.57500E-06       3.56250E-06       2.50001E-08       3.05315E-11       1.22126E-03       4.35073E-09       2.15790E-09
       3.57500E-06       3.60000E-06       3.58750E-06       2.49999E-08       3.07457E-11       1.22983E-03       4.41203E-09       2.18864E-09
       3.60000E-06       3.62500E-06       3.61250E-06       2.50001E-08       3.09598E-11       1.23839E-03       4.47367E-09       2.21960E-09
       3.62500E-06       3.65000E-06       3.63750E-06       2.50001E-08       3.11739E-11       1.24695E-03       4.53578E-09       2.25078E-09
       3.65000E-06       3.67500E-06       3.66250E-06       2.49999E-08       3.13880E-11       1.25553E-03       4.59837E-09       2.28216E-09
       3.67500E-06       3.70000E-06       3.68750E-06       2.50001E-08       3.16021E-11       1.26408E-03       4.66130E-09       2.31377E-09
       3.70000E-06       3.72500E-06       3.71250E-06       2.49999E-08       3.18163E-11       1.27266E-03       4.72474E-09       2.34558E-09
       3.72500E-06       3.75000E-06       3.73750E-06       2.50001E-08       3.20304E-11       1.28121E-03       4.78852E-09       2.37761E-09
       3.75000E-06       3.77500E-06       3.76250E-06       2.50001E-08       3.22445E-11       1.28978E-03       4.85278E-09       2.40986E-09
       3.77500E-06       3.80000E-06       3.78750E-06       2.49999E-08       3.24586E-11       1.29835E-03       4.91751E-09       2.44232E-09
       3.80000E-06       3.82500E-06       3.81250E-06       2.50001E-08       3.26728E-11       1.30691E-03       4.98258E-09       2.47499E-09
       3.82500E-06       3.85000E-06       3.83750E-06       2.49999E-08       3.28869E-11       1.31548E-03       5.04816E-09       2.50788E-09
       3.85000E-06       3.87500E-06       3.86250E-06       2.50001E-08       3.31010E-11       1.32403E-03       5.11408E-09       2.54098E-09
       3.87500E-06       3.90000E-06       3.88750E-06       2.50001E-08       3.33151E-11       1.33260E-03       5.18048E-09       2.57429E-09
       3.90000E-06       3.92500E-06       3.91250E-06       2.49999E-08       3.35292E-11       1.34118E-03       5.24736E-09       2.60782E-09
       3.92500E-06       3.95000E-06       3.93750E-06       2.50001E-08       3.37434E-11       1.34973E-03       5.31456E-09       2.64157E-09
       3.95000E-06       3.97500E-06       3.96250E-06       2.49999E-08       3.39575E-11       1.35831E-03       5.38229E-09       2.67552E-09
       3.97500E-06       4.00000E-06       3.98750E-06       2.50001E-08       3.41716E-11       1.36686E-03       5.45035E-09       2.70969E-09
       4.00000E-06       4.02500E-06       4.01250E-06       2.50001E-08       3.43857E-11       1.37542E-03       5.51889E-09       2.74408E-09
       4.02500E-06       4.05000E-06       4.03750E-06       2.50001E-08       3.45999E-11       1.38399E-03       5.58786E-09       2.77868E-09
       4.05000E-06       4.07500E-06       4.06250E-06       2.49996E-08       3.48140E-11       1.39258E-03       5.65736E-09       2.81349E-09
       4.07500E-06       4.10000E-06       4.08750E-06       2.50001E-08       3.50281E-11       1.40112E-03       5.72707E-09       2.84852E-09
       4.10000E-06       4.12500E-06       4.11250E-06       2.50001E-08       3.52422E-11       1.40968E-03       5.79732E-09       2.88376E-09
       4.12500E-06       4.15000E-06       4.13750E-06       2.50001E-08       3.54563E-11       1.41825E-03       5.86800E-09       2.91922E-09
       4.15000E-06       4.17500E-06       4.16250E-06       2.50001E-08       3.56734E-11       1.42693E-03       5.93960E-09       2.95489E-09
       4.17500E-06       4.20000E-06       4.18750E-06       2.49996E-08       3.58875E-11       1.43552E-03       6.01125E-09       2.99078E-09
       4.20000E-06       4.22500E-06       4.21250E-06       2.50001E-08       3.61016E-11       1.44406E-03       6.08310E-09       3.02688E-09
       4.22500E-06       4.25000E-06       4.23750E-06       2.50001E-08       3.63158E-11       1.45263E-03       6.15550E-09       3.06320E-09
       4.25000E-06       4.27500E-06       4.26250E-06       2.50001E-08       3.65299E-11       1.46119E-03       6.22832E-09       3.09973E-09
       4.27500E-06       4.30000E-06       4.28750E-06       2.50001E-08       3.67440E-11       1.46975E-03       6.30157E-09       3.13647E-09
       4.30000E-06       4.32500E-06       4.31250E-06       2.49996E-08       3.69581E-11       1.47835E-03       6.37538E-09       3.17343E-09
       4.32500E-06       4.35000E-06       4.33750E-06       2.50001E-08       3.71723E-11       1.48688E-03       6.44936E-09       3.21060E-09
       4.35000E-06       4.37500E-06       4.36250E-06       2.50001E-08       3.73864E-11       1.49545E-03       6.52390E-09       3.24799E-09
       4.37500E-06       4.40000E-06       4.38750E-06       2.50001E-08       3.76005E-11       1.50401E-03       6.59886E-09       3.28559E-09
       4.40000E-06       4.42500E-06       4.41250E-06       2.50001E-08       3.78146E-11       1.51258E-03       6.67426E-09       3.32340E-09
       4.42500E-06       4.45000E-06       4.43750E-06       2.49996E-08       3.80288E-11       1.52117E-03       6.75021E-09       3.36143E-09
       4.45000E-06       4.47500E-06       4.46250E-06       2.50001E-08       3.82429E-11       1.52971E-03       6.82633E-09       3.39968E-09
       4.47500E-06       4.50000E-06       4.48750E-06       2.50001E-08       3.84570E-11       1.53827E-03       6.90300E-09       3.43813E-09
       4.50000E-06       4.52500E-06       4.51250E-06       2.50001E-08       3.86711E-11       1.54684E-03       6.98011E-09       3.47680E-09
       4.52500E-06       4.55000E-06       4.53750E-06       2.50001E-08       3.88852E-11       1.55540E-03       7.05764E-09       3.51569E-09
       4.55000E-06       4.57500E-06       4.56250E-06       2.49996E-08       3.90994E-11       1.56400E-03       7.13574E-09       3.55479E-09
       4.57500E-06       4.60000E-06       4.58750E-06       2.50001E-08       3.93135E-11       1.57253E-03       7.21400E-09       3.59410E-09
       4.60000E-06       4.62500E-06       4.61250E-06       2.50001E-08       3.95276E-11       1.58110E-03       7.29282E-09       3.63363E-09
       4.62500E-06       4.65000E-06       4.63750E-06       2.50001E-08       3.97417E-11       1.58966E-03       7.37206E-09       3.67337E-09
       4.65000E-06       4.67500E-06       4.66250E-06       2.50001E-08       3.99559E-11       1.59823E-03       7.45174E-09       3.71333E-09
       4.67500E-06       4.70000E-06       4.68750E-06       2.49996E-08       4.01700E-11       1.60682E-03       7.53199E-09       3.75350E-09
       4.70000E-06       4.72500E-06       4.71250E-06       2.50001E-08       4.03841E-11       1.61536E-03       7.61237E-09       3.79388E-09
       4.72500E-06       4.75000E-06       4.73750E-06       2.50001E-08       4.05982E-11       1.62392E-03       7.69333E-09       3.83448E-09
       4.75000E-06       4.77500E-06       4.76250E-06       2.50001E-08       4.08153E-11       1.63260E-03       7.77528E-09       3.87530E-09
       4.77500E-06       4.80000E-06       4.78750E-06       2.50001E-08       4.10294E-11       1.64117E-03       7.85710E-09       3.91633E-09
       4.80000E-06       4.82500E-06       4.81250E-06       2.49996E-08       4.12435E-11       1.64977E-03       7.93950E-09       3.95757E-09
       4.82500E-06       4.85000E-06       4.83750E-06       2.50001E-08       4.14576E-11       1.65830E-03       8.02202E-09       3.99903E-09
       4.85000E-06       4.87500E-06       4.86250E-06       2.50001E-08       4.16718E-11       1.66686E-03       8.10513E-09       4.04070E-09
       4.87500E-06       4.90000E-06       4.88750E-06       2.50001E-08       4.18859E-11       1.67543E-03       8.18866E-09       4.08258E-09
       4.90000E-06       4.92500E-06       4.91250E-06       2.50001E-08       4.21000E-11       1.68399E-03       8.27262E-09       4.12468E-09
       4.92500E-06       4.95000E-06       4.93750E-06       2.49996E-08       4.23141E-11       1.69259E-03       8.35717E-09       4.16700E-09
       4.95000E-06       4.97500E-06       4.96250E-06       2.50001E-08       4.25283E-11       1.70112E-03       8.44183E-09       4.20953E-09
       4.97500E-06       5.00000E-06       4.98750E-06       2.50001E-08       4.27424E-11       1.70969E-03       8.52707E-09       4.25227E-09
       5.00000E-06       5.02500E-06       5.01250E-06       2.50001E-08       4.29565E-11       1.71825E-03       8.61275E-09       4.29522E-09
       5.02500E-06       5.05000E-06       5.03750E-06       2.50001E-08       4.31706E-11       1.72682E-03       8.69885E-09       4.33840E-09
       5.05000E-06       5.07500E-06       5.06250E-06       2.49996E-08       4.33847E-11       1.73542E-03       8.78555E-09       4.38178E-09
       5.07500E-06       5.10000E-06       5.08750E-06       2.50001E-08       4.35989E-11       1.74395E-03       8.87234E-09       4.42538E-09
       5.10000E-06       5.12500E-06       5.11250E-06       2.50001E-08       4.38130E-11       1.75251E-03       8.95972E-09       4.46919E-09
       5.12500E-06       5.15000E-06       5.13750E-06       2.50001E-08       4.40271E-11       1.76108E-03       9.04754E-09       4.51322E-09
       5.15000E-06       5.17500E-06       5.16250E-06       2.50001E-08       4.42412E-11       1.76964E-03       9.13578E-09       4.55746E-09
       5.17500E-06       5.20000E-06       5.18750E-06       2.49996E-08       4.44554E-11       1.77824E-03       9.22463E-09       4.60192E-09
       5.20000E-06       5.22500E-06       5.21250E-06       2.50001E-08       4.46695E-11       1.78677E-03       9.31355E-09       4.64659E-09
       5.22500E-06       5.25000E-06       5.23750E-06       2.50001E-08       4.48836E-11       1.79534E-03       9.40308E-09       4.69147E-09
       5.25000E-06       5.27500E-06       5.26250E-06       2.50001E-08       4.50977E-11       1.80390E-03       9.49304E-09       4.73657E-09
       5.27500E-06       5.30000E-06       5.28750E-06       2.50001E-08       4.53119E-11       1.81247E-03       9.58342E-09       4.78188E-09
       5.30000E-06       5.32500E-06       5.31250E-06       2.49996E-08       4.55260E-11       1.82107E-03       9.67442E-09       4.82740E-09
       5.32500E-06       5.35000E-06       5.33750E-06       2.50001E-08       4.57430E-11       1.82971E-03       9.76610E-09       4.87315E-09
       5.35000E-06       5.37500E-06       5.36250E-06       2.50001E-08       4.59572E-11       1.83828E-03       9.85777E-09       4.91910E-09
       5.37500E-06       5.40000E-06       5.38750E-06       2.50001E-08       4.61713E-11       1.84684E-03       9.94987E-09       4.96528E-09
       5.40000E-06       5.42500E-06       5.41250E-06       2.50001E-08       4.63854E-11       1.85541E-03       1.00424E-08       5.01166E-09
       5.42500E-06       5.45000E-06       5.43750E-06       2.49996E-08       4.65995E-11       1.86401E-03       1.01356E-08       5.05826E-09
       5.45000E-06       5.47500E-06       5.46250E-06       2.50001E-08       4.68136E-11       1.87254E-03       1.02287E-08       5.10507E-09
       5.47500E-06       5.50000E-06       5.48750E-06       2.50001E-08       4.70278E-11       1.88110E-03       1.03226E-08       5.15210E-09
       5.50000E-06       5.52500E-06       5.51250E-06       2.50001E-08       4.72419E-11       1.88967E-03       1.04168E-08       5.19934E-09
       5.52500E-06       5.55000E-06       5.53750E-06       2.50001E-08       4.74560E-11       1.89823E-03       1.05115E-08       5.24680E-09
       5.55000E-06       5.57500E-06       5.56250E-06       2.49996E-08       4.76701E-11       1.90683E-03       1.06068E-08       5.29447E-09
       5.57500E-06       5.60000E-06       5.58750E-06       2.50001E-08       4.78843E-11       1.91536E-03       1.07021E-08       5.34235E-09
       5.60000E-06       5.62500E-06       5.61250E-06       2.50001E-08       4.80984E-11       1.92393E-03       1.07980E-08       5.39045E-09
       5.62500E-06       5.65000E-06       5.63750E-06       2.50001E-08       4.83125E-11       1.93249E-03       1.08944E-08       5.43876E-09
       5.65000E-06       5.67500E-06       5.66250E-06       2.50001E-08       4.85266E-11       1.94106E-03       1.09912E-08       5.48729E-09
       5.67500E-06       5.70000E-06       5.68750E-06       2.49996E-08       4.87407E-11       1.94966E-03       1.10887E-08       5.53603E-09
       5.70000E-06       5.72500E-06       5.71250E-06       2.50001E-08       4.89549E-11       1.95819E-03       1.11861E-08       5.58499E-09
       5.72500E-06       5.75000E-06       5.73750E-06       2.50001E-08       4.91690E-11       1.96675E-03       1.12842E-08       5.63416E-09
       5.75000E-06       5.77500E-06       5.76250E-06       2.50001E-08       4.93831E-11       1.97532E-03       1.13828E-08       5.68354E-09
       5.77500E-06       5.80000E-06       5.78750E-06       2.50001E-08       4.95972E-11       1.98388E-03       1.14817E-08       5.73314E-09
       5.80000E-06       5.82500E-06       5.81250E-06       2.49996E-08       4.98114E-11       1.99248E-03       1.15813E-08       5.78295E-09
       5.82500E-06       5.85000E-06       5.83750E-06       2.50001E-08       5.00255E-11       2.00101E-03       1.16809E-08       5.83297E-09
       5.85000E-06       5.87500E-06       5.86250E-06       2.50001E-08       5.02396E-11       2.00958E-03       1.17811E-08       5.88321E-09
       5.87500E-06       5.90000E-06       5.88750E-06       2.50001E-08       5.04537E-11       2.01814E-03       1.18818E-08       5.93367E-09
       5.90000E-06       5.92500E-06       5.91250E-06       2.50001E-08       5.06678E-11       2.02671E-03       1.19829E-08       5.98433E-09
       5.92500E-06       5.95000E-06       5.93750E-06       2.49996E-08       5.08849E-11       2.03543E-03       1.20853E-08       6.03522E-09
       5.95000E-06       5.97500E-06       5.96250E-06       2.50001E-08       5.10990E-11       2.04395E-03       1.21871E-08       6.08632E-09
       5.97500E-06       6.00000E-06       5.98750E-06       2.50001E-08       5.13131E-11       2.05252E-03       1.22895E-08       6.13763E-09
       6.00000E-06       6.02500E-06       6.01250E-06       2.50001E-08       5.15273E-11       2.06108E-03       1.23923E-08       6.18916E-09
       6.02500E-06       6.05000E-06       6.03750E-06       2.50001E-08       5.17414E-11       2.06965E-03       1.24955E-08       6.24090E-09
       6.05000E-06       6.07500E-06       6.06250E-06       2.49996E-08       5.19555E-11       2.07825E-03       1.25994E-08       6.29286E-09
       6.07500E-06       6.10000E-06       6.08750E-06       2.50001E-08       5.21696E-11       2.08678E-03       1.27033E-08       6.34503E-09
       6.10000E-06       6.12500E-06       6.11250E-06       2.50001E-08       5.23838E-11       2.09534E-03       1.28078E-08       6.39741E-09
       6.12500E-06       6.15000E-06       6.13750E-06       2.50001E-08       5.25979E-11       2.10391E-03       1.29127E-08       6.45001E-09
       6.15000E-06       6.17500E-06       6.16250E-06       2.50001E-08       5.28120E-11       2.11247E-03       1.30181E-08       6.50282E-09
       6.17500E-06       6.20000E-06       6.18750E-06       2.49996E-08       5.30261E-11       2.12108E-03       1.31242E-08       6.55585E-09
       6.20000E-06       6.22500E-06       6.21250E-06       2.50001E-08       5.32403E-11       2.12960E-03       1.32302E-08       6.60909E-09
       6.22500E-06       6.25000E-06       6.23750E-06       2.50001E-08       5.34544E-11       2.13817E-03       1.33368E-08       6.66254E-09
       6.25000E-06       6.27500E-06       6.26250E-06       2.50001E-08       5.36685E-11       2.14673E-03       1.34439E-08       6.71621E-09
       6.27500E-06       6.30000E-06       6.28750E-06       2.50001E-08       5.38826E-11       2.15530E-03       1.35514E-08       6.77009E-09
       6.30000E-06       6.32500E-06       6.31250E-06       2.49996E-08       5.40967E-11       2.16390E-03       1.36596E-08       6.82419E-09
       6.32500E-06       6.35000E-06       6.33750E-06       2.50001E-08       5.43109E-11       2.17243E-03       1.37678E-08       6.87850E-09
       6.35000E-06       6.37500E-06       6.36250E-06       2.50001E-08       5.45250E-11       2.18099E-03       1.38766E-08       6.93302E-09
       6.37500E-06       6.40000E-06       6.38750E-06       2.50001E-08       5.47391E-11       2.18956E-03       1.39858E-08       6.98776E-09
       6.40000E-06       6.42500E-06       6.41250E-06       2.50001E-08       5.49532E-11       2.19812E-03       1.40955E-08       7.04272E-09
       6.42500E-06       6.45000E-06       6.43750E-06       2.49996E-08       5.51674E-11       2.20673E-03       1.42058E-08       7.09788E-09
       6.45000E-06       6.47500E-06       6.46250E-06       2.50001E-08       5.53815E-11       2.21525E-03       1.43161E-08       7.15327E-09
       6.47500E-06       6.50000E-06       6.48750E-06       2.50001E-08       5.55956E-11       2.22382E-03       1.44270E-08       7.20886E-09
       6.50000E-06       6.52500E-06       6.51250E-06       2.50001E-08       5.58097E-11       2.23238E-03       1.45384E-08       7.26467E-09
       6.52500E-06       6.55000E-06       6.53750E-06       2.50001E-08       5.60268E-11       2.24106E-03       1.46509E-08       7.32070E-09
       6.55000E-06       6.57500E-06       6.56250E-06       2.49996E-08       5.62409E-11       2.24967E-03       1.47635E-08       7.37694E-09
       6.57500E-06       6.60000E-06       6.58750E-06       2.50001E-08       5.64550E-11       2.25819E-03       1.48758E-08       7.43339E-09
       6.60000E-06       6.62500E-06       6.61250E-06       2.50001E-08       5.66691E-11       2.26676E-03       1.49889E-08       7.49006E-09
       6.62500E-06       6.65000E-06       6.63750E-06       2.50001E-08       5.68833E-11       2.27532E-03       1.51024E-08       7.54695E-09
       6.65000E-06       6.67500E-06       6.66250E-06       2.50001E-08       5.70974E-11       2.28389E-03       1.52164E-08       7.60404E-09
       6.67500E-06       6.70000E-06       6.68750E-06       2.49996E-08       5.73115E-11       2.29250E-03       1.53311E-08       7.66135E-09
       6.70000E-06       6.72500E-06       6.71250E-06       2.50001E-08       5.75256E-11       2.30102E-03       1.54456E-08       7.71888E-09
       6.72500E-06       6.75000E-06       6.73750E-06       2.50001E-08       5.77398E-11       2.30958E-03       1.55608E-08       7.77662E-09
       6.75000E-06       6.77500E-06       6.76250E-06       2.50001E-08       5.79539E-11       2.31815E-03       1.56765E-08       7.83457E-09
       6.77500E-06       6.80000E-06       6.78750E-06       2.50001E-08       5.81680E-11       2.32671E-03       1.57926E-08       7.89274E-09
       6.80000E-06       6.82500E-06       6.81250E-06       2.49996E-08       5.83821E-11       2.33532E-03       1.59094E-08       7.95112E-09
       6.82500E-06       6.85000E-06       6.83750E-06       2.50001E-08       5.85962E-11       2.34384E-03       1.60260E-08       8.00972E-09
       6.85000E-06       6.87500E-06       6.86250E-06       2.50001E-08       5.88104E-11       2.35241E-03       1.61434E-08       8.06853E-09
       6.87500E-06       6.90000E-06       6.88750E-06       2.50001E-08       5.90245E-11       2.36097E-03       1.62612E-08       8.12755E-09
       6.90000E-06       6.92500E-06       6.91250E-06       2.50001E-08       5.92386E-11       2.36954E-03       1.63794E-08       8.18679E-09
       6.92500E-06       6.95000E-06       6.93750E-06       2.49996E-08       5.94527E-11       2.37815E-03       1.64984E-08       8.24625E-09
       6.95000E-06       6.97500E-06       6.96250E-06       2.50001E-08       5.96669E-11       2.38667E-03       1.66172E-08       8.30591E-09
       6.97500E-06       7.00000E-06       6.98750E-06       2.50001E-08       5.98810E-11       2.39523E-03       1.67367E-08       8.36579E-09
       7.00000E-06       7.02500E-06       7.01250E-06       2.50001E-08       6.00951E-11       2.40380E-03       1.68566E-08       8.42589E-09
       7.02500E-06       7.05000E-06       7.03750E-06       2.50001E-08       6.03092E-11       2.41236E-03       1.69770E-08       8.48620E-09
       7.05000E-06       7.07500E-06       7.06250E-06       2.49996E-08       6.05234E-11       2.42097E-03       1.70981E-08       8.54672E-09
       7.07500E-06       7.10000E-06       7.08750E-06       2.50001E-08       6.07375E-11       2.42949E-03       1.72190E-08       8.60746E-09
       7.10000E-06       7.12500E-06       7.11250E-06       2.50001E-08       6.09545E-11       2.43817E-03       1.73415E-08       8.66841E-09
       7.12500E-06       7.15000E-06       7.13750E-06       2.50001E-08       6.11687E-11       2.44674E-03       1.74636E-08       8.72958E-09
       7.15000E-06       7.17500E-06       7.16250E-06       2.50001E-08       6.13828E-11       2.45530E-03       1.75861E-08       8.79097E-09
       7.17500E-06       7.20000E-06       7.18750E-06       2.49996E-08       6.15969E-11       2.46391E-03       1.77094E-08       8.85256E-09
       7.20000E-06       7.22500E-06       7.21250E-06       2.50001E-08       6.18110E-11       2.47243E-03       1.78324E-08       8.91437E-09
       7.22500E-06       7.25000E-06       7.23750E-06       2.50001E-08       6.20251E-11       2.48100E-03       1.79562E-08       8.97640E-09
       7.25000E-06       7.27500E-06       7.26250E-06       2.50001E-08       6.22393E-11       2.48956E-03       1.80804E-08       9.03864E-09
       7.27500E-06       7.30000E-06       7.28750E-06       2.50001E-08       6.24534E-11       2.49813E-03       1.82051E-08       9.10109E-09
       7.30000E-06       7.32500E-06       7.31250E-06       2.49996E-08       6.26675E-11       2.50674E-03       1.83305E-08       9.16376E-09
       7.32500E-06       7.35000E-06       7.33750E-06       2.50001E-08       6.28816E-11       2.51526E-03       1.84557E-08       9.22664E-09
       7.35000E-06       7.37500E-06       7.36250E-06       2.50001E-08       6.30958E-11       2.52382E-03       1.85816E-08       9.28974E-09
       7.37500E-06       7.40000E-06       7.38750E-06       2.50001E-08       6.33099E-11       2.53239E-03       1.87080E-08       9.35305E-09
       7.40000E-06       7.42500E-06       7.41250E-06       2.50001E-08       6.35240E-11       2.54095E-03       1.88348E-08       9.41657E-09
       7.42500E-06       7.45000E-06       7.43750E-06       2.49996E-08       6.37381E-11       2.54956E-03       1.89624E-08       9.48031E-09
       7.45000E-06       7.47500E-06       7.46250E-06       2.50001E-08       6.39522E-11       2.55808E-03       1.90897E-08       9.54426E-09
       7.47500E-06       7.50000E-06       7.48750E-06       2.50001E-08       6.41664E-11       2.56664E-03       1.92178E-08       9.60843E-09
       7.50000E-06       7.52500E-06       7.51250E-06       2.50001E-08       6.43805E-11       2.57521E-03       1.93463E-08       9.67281E-09
       7.52500E-06       7.55000E-06       7.53750E-06       2.50001E-08       6.45946E-11       2.58377E-03       1.94752E-08       9.73740E-09
       7.55000E-06       7.57500E-06       7.56250E-06       2.49996E-08       6.48087E-11       2.59239E-03       1.96049E-08       9.80221E-09
       7.57500E-06       7.60000E-06       7.58750E-06       2.50001E-08       6.50229E-11       2.60090E-03       1.97344E-08       9.86723E-09
       7.60000E-06       7.62500E-06       7.61250E-06       2.50001E-08       6.52370E-11       2.60947E-03       1.98646E-08       9.93247E-09
       7.62500E-06       7.65000E-06       7.63750E-06       2.50001E-08       6.54511E-11       2.61803E-03       1.99952E-08       9.99792E-09
       7.65000E-06       7.67500E-06       7.66250E-06       2.50001E-08       6.56652E-11       2.62660E-03       2.01263E-08       1.00636E-08
       7.67500E-06       7.70000E-06       7.68750E-06       2.49996E-08       6.58794E-11       2.63521E-03       2.02582E-08       1.01295E-08
       7.70000E-06       7.72500E-06       7.71250E-06       2.50001E-08       6.60964E-11       2.64385E-03       2.03907E-08       1.01956E-08
       7.72500E-06       7.75000E-06       7.73750E-06       2.50001E-08       6.63105E-11       2.65241E-03       2.05230E-08       1.02619E-08
       7.75000E-06       7.77500E-06       7.76250E-06       2.50001E-08       6.65246E-11       2.66098E-03       2.06558E-08       1.03284E-08
       7.77500E-06       7.80000E-06       7.78750E-06       2.50001E-08       6.67388E-11       2.66954E-03       2.07890E-08       1.03951E-08
       7.80000E-06       7.82500E-06       7.81250E-06       2.49996E-08       6.69529E-11       2.67816E-03       2.09231E-08       1.04621E-08
       7.82500E-06       7.85000E-06       7.83750E-06       2.50001E-08       6.71670E-11       2.68667E-03       2.10568E-08       1.05293E-08
       7.85000E-06       7.87500E-06       7.86250E-06       2.50001E-08       6.73811E-11       2.69523E-03       2.11913E-08       1.05966E-08
       7.87500E-06       7.90000E-06       7.88750E-06       2.50001E-08       6.75953E-11       2.70380E-03       2.13262E-08       1.06642E-08
       7.90000E-06       7.92500E-06       7.91250E-06       2.50001E-08       6.78094E-11       2.71237E-03       2.14616E-08       1.07320E-08
       7.92500E-06       7.95000E-06       7.93750E-06       2.49996E-08       6.80235E-11       2.72098E-03       2.15978E-08       1.08001E-08
       7.95000E-06       7.97500E-06       7.96250E-06       2.50001E-08       6.82376E-11       2.72949E-03       2.17336E-08       1.08683E-08
       7.97500E-06       8.00000E-06       7.98750E-06       2.50001E-08       6.84518E-11       2.73806E-03       2.18702E-08       1.09368E-08
       8.00000E-06       8.02500E-06       8.01250E-06       2.49996E-08       6.86659E-11       2.74668E-03       2.20077E-08       1.10054E-08
       8.02500E-06       8.05000E-06       8.03750E-06       2.50006E-08       6.88800E-11       2.75514E-03       2.21444E-08       1.10743E-08
       8.05000E-06       8.07500E-06       8.06250E-06       2.49996E-08       6.90941E-11       2.76381E-03       2.22832E-08       1.11434E-08
       8.07500E-06       8.10000E-06       8.08750E-06       2.50006E-08       6.93082E-11       2.77227E-03       2.24207E-08       1.12127E-08
       8.10000E-06       8.12500E-06       8.11250E-06       2.49996E-08       6.95224E-11       2.78094E-03       2.25604E-08       1.12822E-08
       8.12500E-06       8.15000E-06       8.13750E-06       2.49996E-08       6.97365E-11       2.78950E-03       2.26996E-08       1.13520E-08
       8.15000E-06       8.17500E-06       8.16250E-06       2.50006E-08       6.99506E-11       2.79796E-03       2.28384E-08       1.14219E-08
       8.17500E-06       8.20000E-06       8.18750E-06       2.49996E-08       7.01647E-11       2.80663E-03       2.29793E-08       1.14921E-08
       8.20000E-06       8.22500E-06       8.21250E-06       2.50006E-08       7.03789E-11       2.81509E-03       2.31189E-08       1.15625E-08
       8.22500E-06       8.25000E-06       8.23750E-06       2.49996E-08       7.05930E-11       2.82376E-03       2.32607E-08       1.16330E-08
       8.25000E-06       8.27500E-06       8.26250E-06       2.49996E-08       7.08071E-11       2.83233E-03       2.34021E-08       1.17039E-08
       8.27500E-06       8.30000E-06       8.28750E-06       2.50006E-08       7.10212E-11       2.84078E-03       2.35430E-08       1.17749E-08
       8.30000E-06       8.32500E-06       8.31250E-06       2.49996E-08       7.12383E-11       2.84957E-03       2.36871E-08       1.18461E-08
       8.32500E-06       8.35000E-06       8.33750E-06       2.50006E-08       7.14524E-11       2.85803E-03       2.38288E-08       1.19176E-08
       8.35000E-06       8.37500E-06       8.36250E-06       2.49996E-08       7.16665E-11       2.86670E-03       2.39728E-08       1.19892E-08
       8.37500E-06       8.40000E-06       8.38750E-06       2.49996E-08       7.18806E-11       2.87527E-03       2.41163E-08       1.20611E-08
       8.40000E-06       8.42500E-06       8.41250E-06       2.50006E-08       7.20948E-11       2.88372E-03       2.42593E-08       1.21332E-08
       8.42500E-06       8.45000E-06       8.43750E-06       2.49996E-08       7.23089E-11       2.89240E-03       2.44046E-08       1.22055E-08
       8.45000E-06       8.47500E-06       8.46250E-06       2.50006E-08       7.25230E-11       2.90085E-03       2.45485E-08       1.22780E-08
       8.47500E-06       8.50000E-06       8.48750E-06       2.49996E-08       7.27371E-11       2.90953E-03       2.46946E-08       1.23508E-08
       8.50000E-06       8.52500E-06       8.51250E-06       2.49996E-08       7.29513E-11       2.91809E-03       2.48403E-08       1.24237E-08
       8.52500E-06       8.55000E-06       8.53750E-06       2.50006E-08       7.31654E-11       2.92655E-03       2.49854E-08       1.24969E-08
       8.55000E-06       8.57500E-06       8.56250E-06       2.49996E-08       7.33795E-11       2.93522E-03       2.51329E-08       1.25703E-08
       8.57500E-06       8.60000E-06       8.58750E-06       2.50006E-08       7.35936E-11       2.94368E-03       2.52788E-08       1.26439E-08
       8.60000E-06       8.62500E-06       8.61250E-06       2.49996E-08       7.38078E-11       2.95236E-03       2.54272E-08       1.27177E-08
       8.62500E-06       8.65000E-06       8.63750E-06       2.49996E-08       7.40219E-11       2.96092E-03       2.55749E-08       1.27917E-08
       8.65000E-06       8.67500E-06       8.66250E-06       2.50006E-08       7.42360E-11       2.96937E-03       2.57222E-08       1.28659E-08
       8.67500E-06       8.70000E-06       8.68750E-06       2.49996E-08       7.44501E-11       2.97805E-03       2.58718E-08       1.29404E-08
       8.70000E-06       8.72500E-06       8.71250E-06       2.50006E-08       7.46642E-11       2.98650E-03       2.60199E-08       1.30150E-08
       8.72500E-06       8.75000E-06       8.73750E-06       2.49996E-08       7.48784E-11       2.99518E-03       2.61704E-08       1.30899E-08
       8.75000E-06       8.77500E-06       8.76250E-06       2.49996E-08       7.50925E-11       3.00375E-03       2.63203E-08       1.31650E-08
       8.77500E-06       8.80000E-06       8.78750E-06       2.50006E-08       7.53066E-11       3.01220E-03       2.64697E-08       1.32403E-08
       8.80000E-06       8.82500E-06       8.81250E-06       2.49996E-08       7.55207E-11       3.02088E-03       2.66215E-08       1.33158E-08
       8.82500E-06       8.85000E-06       8.83750E-06       2.50006E-08       7.57349E-11       3.02932E-03       2.67717E-08       1.33916E-08
       8.85000E-06       8.87500E-06       8.86250E-06       2.49996E-08       7.59490E-11       3.03801E-03       2.69243E-08       1.34675E-08
       8.87500E-06       8.90000E-06       8.88750E-06       2.49996E-08       7.61631E-11       3.04657E-03       2.70764E-08       1.35437E-08
       8.90000E-06       8.92500E-06       8.91250E-06       2.50006E-08       7.63802E-11       3.05514E-03       2.72289E-08       1.36201E-08
       8.92500E-06       8.95000E-06       8.93750E-06       2.49996E-08       7.65943E-11       3.06382E-03       2.73829E-08       1.36967E-08
       8.95000E-06       8.97500E-06       8.96250E-06       2.50006E-08       7.68084E-11       3.07227E-03       2.75352E-08       1.37735E-08
       8.97500E-06       9.00000E-06       8.98750E-06       2.49996E-08       7.70225E-11       3.08095E-03       2.76900E-08       1.38505E-08
       9.00000E-06       9.02500E-06       9.01250E-06       2.49996E-08       7.72366E-11       3.08951E-03       2.78442E-08       1.39277E-08
       9.02500E-06       9.05000E-06       9.03750E-06       2.50006E-08       7.74508E-11       3.09796E-03       2.79978E-08       1.40052E-08
       9.05000E-06       9.07500E-06       9.06250E-06       2.49996E-08       7.76649E-11       3.10664E-03       2.81540E-08       1.40829E-08
       9.07500E-06       9.10000E-06       9.08750E-06       2.50006E-08       7.78790E-11       3.11509E-03       2.83084E-08       1.41607E-08
       9.10000E-06       9.12500E-06       9.11250E-06       2.49996E-08       7.80931E-11       3.12377E-03       2.84654E-08       1.42388E-08
       9.12500E-06       9.15000E-06       9.13750E-06       2.49996E-08       7.83072E-11       3.13234E-03       2.86217E-08       1.43171E-08
       9.15000E-06       9.17500E-06       9.16250E-06       2.50006E-08       7.85214E-11       3.14078E-03       2.87774E-08       1.43957E-08
       9.17500E-06       9.20000E-06       9.18750E-06       2.49996E-08       7.87355E-11       3.14947E-03       2.89357E-08       1.44744E-08
       9.20000E-06       9.22500E-06       9.21250E-06       2.50006E-08       7.89496E-11       3.15791E-03       2.90923E-08       1.45533E-08
       9.22500E-06       9.25000E-06       9.23750E-06       2.49996E-08       7.91637E-11       3.16660E-03       2.92515E-08       1.46325E-08
       9.25000E-06       9.27500E-06       9.26250E-06       2.49996E-08       7.93779E-11       3.17516E-03       2.94099E-08       1.47119E-08
       9.27500E-06       9.30000E-06       9.28750E-06       2.50006E-08       7.95920E-11       3.18361E-03       2.95677E-08       1.47915E-08
       9.30000E-06       9.32500E-06       9.31250E-06       2.49996E-08       7.98061E-11       3.19229E-03       2.97282E-08       1.48713E-08
       9.32500E-06       9.35000E-06       9.33750E-06       2.50006E-08       8.00202E-11       3.20074E-03       2.98869E-08       1.49513E-08
       9.35000E-06       9.37500E-06       9.36250E-06       2.49996E-08       8.02344E-11       3.20942E-03       3.00482E-08       1.50315E-08
       9.37500E-06       9.40000E-06       9.38750E-06       2.49996E-08       8.04485E-11       3.21799E-03       3.02089E-08       1.51120E-08
       9.40000E-06       9.42500E-06       9.41250E-06       2.50006E-08       8.06626E-11       3.22643E-03       3.03688E-08       1.51926E-08
       9.42500E-06       9.45000E-06       9.43750E-06       2.49996E-08       8.08767E-11       3.23512E-03       3.05314E-08       1.52735E-08
       9.45000E-06       9.47500E-06       9.46250E-06       2.50006E-08       8.10908E-11       3.24356E-03       3.06922E-08       1.53546E-08
       9.47500E-06       9.50000E-06       9.48750E-06       2.49996E-08       8.13079E-11       3.25237E-03       3.08568E-08       1.54359E-08
       9.50000E-06       9.52500E-06       9.51250E-06       2.49996E-08       8.15220E-11       3.26093E-03       3.10196E-08       1.55174E-08
       9.52500E-06       9.55000E-06       9.53750E-06       2.50006E-08       8.17362E-11       3.26937E-03       3.11816E-08       1.55992E-08
       9.55000E-06       9.57500E-06       9.56250E-06       2.49996E-08       8.19503E-11       3.27806E-03       3.13465E-08       1.56811E-08
       9.57500E-06       9.60000E-06       9.58750E-06       2.50006E-08       8.21644E-11       3.28650E-03       3.15093E-08       1.57633E-08
       9.60000E-06       9.62500E-06       9.61250E-06       2.49996E-08       8.23785E-11       3.29519E-03       3.16750E-08       1.58457E-08
       9.62500E-06       9.65000E-06       9.63750E-06       2.49996E-08       8.25926E-11       3.30376E-03       3.18399E-08       1.59283E-08
       9.65000E-06       9.67500E-06       9.66250E-06       2.50006E-08       8.28068E-11       3.31219E-03       3.20041E-08       1.60111E-08
       9.67500E-06       9.70000E-06       9.68750E-06       2.49996E-08       8.30209E-11       3.32089E-03       3.21711E-08       1.60941E-08
       9.70000E-06       9.72500E-06       9.71250E-06       2.50006E-08       8.32350E-11       3.32932E-03       3.23361E-08       1.61773E-08
       9.72500E-06       9.75000E-06       9.73750E-06       2.49996E-08       8.34491E-11       3.33802E-03       3.25039E-08       1.62608E-08
       9.75000E-06       9.77500E-06       9.76250E-06       2.49996E-08       8.36632E-11       3.34658E-03       3.26710E-08       1.63444E-08
       9.77500E-06       9.80000E-06       9.78750E-06       2.50006E-08       8.38774E-11       3.35502E-03       3.28372E-08       1.64283E-08
       9.80000E-06       9.82500E-06       9.81250E-06       2.49996E-08       8.40915E-11       3.36371E-03       3.30064E-08       1.65124E-08
       9.82500E-06       9.85000E-06       9.83750E-06       2.50006E-08       8.43056E-11       3.37215E-03       3.31735E-08       1.65967E-08
       9.85000E-06       9.87500E-06       9.86250E-06       2.49996E-08       8.45197E-11       3.38084E-03       3.33436E-08       1.66812E-08
       9.87500E-06       9.90000E-06       9.88750E-06       2.49996E-08       8.47339E-11       3.38941E-03       3.35128E-08       1.67660E-08
       9.90000E-06       9.92500E-06       9.91250E-06       2.50006E-08       8.49480E-11       3.39784E-03       3.36811E-08       1.68509E-08
       9.92500E-06       9.95000E-06       9.93750E-06       2.49996E-08       8.51621E-11       3.40654E-03       3.38525E-08       1.69361E-08
       9.95000E-06       9.97500E-06       9.96250E-06       2.50006E-08       8.53762E-11       3.41497E-03       3.40217E-08       1.70215E-08
       9.97500E-06       1.00000E-05       9.98750E-06       2.49996E-08       8.55904E-11       3.42367E-03       3.41939E-08       1.71070E-08
       1.00000E-05       1.04713E-05       1.02356E-05       4.71300E-07       1.65361E-09       3.50862E-03       3.59130E-08       1.87607E-08
       1.04713E-05       1.09648E-05       1.07180E-05       4.93500E-07       1.81312E-09       3.67400E-03       3.93781E-08       2.05738E-08
       1.09648E-05       1.14815E-05       1.12232E-05       5.16700E-07       1.98808E-09       3.84766E-03       4.31828E-08       2.25619E-08
       1.14815E-05       1.20226E-05       1.17521E-05       5.41101E-07       2.17986E-09       4.02856E-03       4.73438E-08       2.47417E-08
       1.20226E-05       1.25892E-05       1.23059E-05       5.66600E-07       2.39019E-09       4.21849E-03       5.19123E-08       2.71319E-08
       1.25892E-05       1.31826E-05       1.28859E-05       5.93400E-07       2.62083E-09       4.41663E-03       5.69123E-08       2.97527E-08
       1.31826E-05       1.38038E-05       1.34932E-05       6.21200E-07       2.87361E-09       4.62591E-03       6.24183E-08       3.26263E-08
       1.38038E-05       1.44544E-05       1.41291E-05       6.50600E-07       3.15092E-09       4.84309E-03       6.84285E-08       3.57773E-08
       1.44544E-05       1.51356E-05       1.47950E-05       6.81200E-07       3.45485E-09       5.07171E-03       7.50360E-08       3.92321E-08
       1.51356E-05       1.58489E-05       1.54922E-05       7.13300E-07       3.78821E-09       5.31082E-03       8.22766E-08       4.30203E-08
       1.58489E-05       1.65959E-05       1.62224E-05       7.47000E-07       4.15368E-09       5.56049E-03       9.02045E-08       4.71740E-08
       1.65959E-05       1.73780E-05       1.69869E-05       7.82101E-07       4.55442E-09       5.82331E-03       9.89203E-08       5.17284E-08
       1.73780E-05       1.81970E-05       1.77875E-05       8.19000E-07       4.99381E-09       6.09744E-03       1.08458E-07       5.67222E-08
       1.81970E-05       1.90546E-05       1.86258E-05       8.57599E-07       5.47561E-09       6.38481E-03       1.18922E-07       6.21978E-08
       1.90546E-05       1.99526E-05       1.95036E-05       8.98001E-07       6.00171E-09       6.68341E-03       1.30351E-07       6.81996E-08
       1.99526E-05       2.08930E-05       2.04228E-05       9.40399E-07       6.48343E-09       6.89433E-03       1.40802E-07       7.46830E-08
       2.08930E-05       2.18776E-05       2.13853E-05       9.84600E-07       6.93522E-09       7.04370E-03       1.50632E-07       8.16182E-08
       2.18776E-05       2.29087E-05       2.23932E-05       1.03110E-06       7.42216E-09       7.19829E-03       1.61192E-07       8.90404E-08
       2.29087E-05       2.39883E-05       2.34485E-05       1.07960E-06       7.94753E-09       7.36155E-03       1.72617E-07       9.69879E-08
       2.39883E-05       2.51189E-05       2.45536E-05       1.13060E-06       8.51460E-09       7.53104E-03       1.84914E-07       1.05502E-07
       2.51189E-05       2.63027E-05       2.57108E-05       1.18380E-06       9.12705E-09       7.70996E-03       1.98229E-07       1.14630E-07
       2.63027E-05       2.75423E-05       2.69225E-05       1.23960E-06       9.78866E-09       7.89663E-03       2.12597E-07       1.24418E-07
       2.75423E-05       2.88403E-05       2.81913E-05       1.29800E-06       1.05038E-08       8.09229E-03       2.28132E-07       1.34922E-07
       2.88403E-05       3.01995E-05       2.95199E-05       1.35920E-06       1.12746E-08       8.29506E-03       2.44869E-07       1.46197E-07
       3.01995E-05       3.16228E-05       3.09111E-05       1.42330E-06       1.20752E-08       8.48395E-03       2.62249E-07       1.58272E-07
       3.16228E-05       3.31131E-05       3.23679E-05       1.49030E-06       1.29263E-08       8.67367E-03       2.80749E-07       1.71198E-07
       3.31131E-05       3.46737E-05       3.38934E-05       1.56060E-06       1.38450E-08       8.87156E-03       3.00687E-07       1.85043E-07
       3.46737E-05       3.63078E-05       3.54907E-05       1.63410E-06       1.48365E-08       9.07931E-03       3.22232E-07       1.99880E-07
       3.63078E-05       3.80189E-05       3.71634E-05       1.71110E-06       1.59076E-08       9.29669E-03       3.45496E-07       2.15787E-07
       3.80189E-05       3.98107E-05       3.89148E-05       1.79180E-06       1.70645E-08       9.52367E-03       3.70612E-07       2.32852E-07
       3.98107E-05       4.16869E-05       4.07488E-05       1.87620E-06       1.82759E-08       9.74091E-03       3.96930E-07       2.51128E-07
       4.16869E-05       4.36516E-05       4.26692E-05       1.96470E-06       1.95486E-08       9.94990E-03       4.24555E-07       2.70676E-07
       4.36516E-05       4.57088E-05       4.46802E-05       2.05720E-06       2.09209E-08       1.01696E-02       4.54379E-07       2.91597E-07
       4.57088E-05       4.78630E-05       4.67859E-05       2.15420E-06       2.24012E-08       1.03988E-02       4.86519E-07       3.13998E-07
       4.78630E-05       5.01187E-05       4.89908E-05       2.25570E-06       2.39989E-08       1.06392E-02       5.21226E-07       3.37997E-07
       5.01187E-05       5.24808E-05       5.12998E-05       2.36210E-06       2.57245E-08       1.08905E-02       5.58681E-07       3.63722E-07
       5.24808E-05       5.49541E-05       5.37174E-05       2.47330E-06       2.75885E-08       1.11545E-02       5.99192E-07       3.91310E-07
       5.49541E-05       5.75440E-05       5.62490E-05       2.58990E-06       2.96032E-08       1.14303E-02       6.42941E-07       4.20913E-07
       5.75440E-05       6.02560E-05       5.89000E-05       2.71200E-06       3.17770E-08       1.17172E-02       6.90141E-07       4.52690E-07
       6.02560E-05       6.30957E-05       6.16758E-05       2.83970E-06       3.40376E-08       1.19863E-02       7.39267E-07       4.86728E-07
       6.30957E-05       6.60693E-05       6.45825E-05       2.97360E-06       3.64360E-08       1.22532E-02       7.91341E-07       5.23164E-07
       6.60693E-05       6.91831E-05       6.76262E-05       3.11380E-06       3.90243E-08       1.25327E-02       8.47538E-07       5.62188E-07
       6.91831E-05       7.24436E-05       7.08134E-05       3.26051E-06       4.18181E-08       1.28257E-02       9.08228E-07       6.04006E-07
       7.24436E-05       7.58578E-05       7.41507E-05       3.41420E-06       4.48361E-08       1.31322E-02       9.73765E-07       6.48842E-07
       7.58578E-05       7.94328E-05       7.76453E-05       3.57500E-06       4.80963E-08       1.34535E-02       1.04460E-06       6.96939E-07
       7.94328E-05       8.31764E-05       8.13046E-05       3.74360E-06       5.15194E-08       1.37620E-02       1.11891E-06       7.48458E-07
       8.31764E-05       8.70964E-05       8.51364E-05       3.92000E-06       5.51060E-08       1.40577E-02       1.19682E-06       8.03564E-07
       8.70964E-05       9.12011E-05       8.91488E-05       4.10471E-06       5.89729E-08       1.43671E-02       1.28081E-06       8.62537E-07
       9.12011E-05       9.54993E-05       9.33502E-05       4.29820E-06       6.31447E-08       1.46910E-02       1.37141E-06       9.25682E-07
       9.54993E-05       1.00000E-04       9.77497E-05       4.50070E-06       6.76472E-08       1.50304E-02       1.46921E-06       9.93329E-07
       1.00000E-04       1.04713E-04       1.02356E-04       4.71300E-06       7.25098E-08       1.53851E-02       1.57476E-06       1.06584E-06
       1.04713E-04       1.09648E-04       1.07181E-04       4.93501E-06       7.77608E-08       1.57570E-02       1.68884E-06       1.14360E-06
       1.09648E-04       1.14815E-04       1.12232E-04       5.16700E-06       8.34400E-08       1.61486E-02       1.81239E-06       1.22704E-06
       1.14815E-04       1.20226E-04       1.17520E-04       5.41100E-06       8.95666E-08       1.65527E-02       1.94528E-06       1.31661E-06
       1.20226E-04       1.25892E-04       1.23059E-04       5.66600E-06       9.59530E-08       1.69349E-02       2.08399E-06       1.41256E-06
       1.25892E-04       1.31826E-04       1.28859E-04       5.93401E-06       1.02714E-07       1.73093E-02       2.23046E-06       1.51527E-06
       1.31826E-04       1.38038E-04       1.34932E-04       6.21199E-06       1.10005E-07       1.77085E-02       2.38945E-06       1.62528E-06
       1.38038E-04       1.44544E-04       1.41291E-04       6.50601E-06       1.17881E-07       1.81188E-02       2.56003E-06       1.74316E-06
       1.44544E-04       1.51356E-04       1.47950E-04       6.81200E-06       1.26384E-07       1.85532E-02       2.74494E-06       1.86954E-06
       1.51356E-04       1.58489E-04       1.54922E-04       7.13300E-06       1.35574E-07       1.90066E-02       2.94455E-06       2.00512E-06
       1.58489E-04       1.65959E-04       1.62224E-04       7.47000E-06       1.45227E-07       1.94413E-02       3.15385E-06       2.15034E-06
       1.65959E-04       1.73780E-04       1.69870E-04       7.82100E-06       1.55292E-07       1.98558E-02       3.37289E-06       2.30564E-06
       1.73780E-04       1.81970E-04       1.77875E-04       8.19000E-06       1.66137E-07       2.02853E-02       3.60825E-06       2.47177E-06
       1.81970E-04       1.90546E-04       1.86258E-04       8.57600E-06       1.77833E-07       2.07362E-02       3.86228E-06       2.64961E-06
       1.90546E-04       1.99526E-04       1.95036E-04       8.98000E-06       1.90453E-07       2.12085E-02       4.13643E-06       2.84006E-06
       1.99526E-04       2.08930E-04       2.04228E-04       9.40399E-06       2.04079E-07       2.17013E-02       4.43201E-06       3.04414E-06
       2.08930E-04       2.18776E-04       2.13853E-04       9.84601E-06       2.18795E-07       2.22216E-02       4.75217E-06       3.26293E-06
       2.18776E-04       2.29087E-04       2.23932E-04       1.03110E-05       2.34694E-07       2.27615E-02       5.09702E-06       3.49763E-06
       2.29087E-04       2.39883E-04       2.34485E-04       1.07960E-05       2.51861E-07       2.33291E-02       5.47033E-06       3.74949E-06
       2.39883E-04       2.51189E-04       2.45536E-04       1.13060E-05       2.69735E-07       2.38577E-02       5.85792E-06       4.01922E-06
       2.51189E-04       2.63027E-04       2.57108E-04       1.18380E-05       2.88578E-07       2.43772E-02       6.26758E-06       4.30780E-06
       2.63027E-04       2.75423E-04       2.69225E-04       1.23960E-05       3.08897E-07       2.49191E-02       6.70884E-06       4.61670E-06
       2.75423E-04       2.88403E-04       2.81913E-04       1.29800E-05       3.30822E-07       2.54871E-02       7.18513E-06       4.94752E-06
       2.88403E-04       3.01995E-04       2.95199E-04       1.35920E-05       3.54490E-07       2.60808E-02       7.69904E-06       5.30201E-06
       3.01995E-04       3.16228E-04       3.09111E-04       1.42330E-05       3.80053E-07       2.67022E-02       8.25397E-06       5.68206E-06
       3.16228E-04       3.31131E-04       3.23680E-04       1.49030E-05       4.07024E-07       2.73115E-02       8.84017E-06       6.08909E-06
       3.31131E-04       3.46737E-04       3.38934E-04       1.56060E-05       4.35165E-07       2.78845E-02       9.45099E-06       6.52425E-06
       3.46737E-04       3.63078E-04       3.54908E-04       1.63410E-05       4.65467E-07       2.84846E-02       1.01094E-05       6.98972E-06
       3.63078E-04       3.80189E-04       3.71634E-04       1.71110E-05       4.98146E-07       2.91126E-02       1.08192E-05       7.48786E-06
       3.80189E-04       3.98107E-04       3.89148E-04       1.79180E-05       5.33403E-07       2.97691E-02       1.15846E-05       8.02127E-06
       3.98107E-04       4.16869E-04       4.07488E-04       1.87620E-05       5.71452E-07       3.04580E-02       1.24113E-05       8.59272E-06
       4.16869E-04       4.36516E-04       4.26692E-04       1.96470E-05       6.12543E-07       3.11774E-02       1.33032E-05       9.20526E-06
       4.36516E-04       4.57088E-04       4.46802E-04       2.05720E-05       6.56940E-07       3.19337E-02       1.42680E-05       9.86220E-06
       4.57088E-04       4.78630E-04       4.67859E-04       2.15420E-05       7.04889E-07       3.27216E-02       1.53091E-05       1.05671E-05
       4.78630E-04       5.01187E-04       4.89909E-04       2.25570E-05       7.55052E-07       3.34731E-02       1.63987E-05       1.13221E-05
       5.01187E-04       5.24808E-04       5.12998E-04       2.36210E-05       8.07902E-07       3.42027E-02       1.75459E-05       1.21300E-05
       5.24808E-04       5.49541E-04       5.37175E-04       2.47330E-05       8.64900E-07       3.49694E-02       1.87847E-05       1.29949E-05
       5.49541E-04       5.75440E-04       5.62491E-04       2.58990E-05       9.26409E-07       3.57701E-02       2.01203E-05       1.39214E-05
       5.75440E-04       6.02560E-04       5.89000E-04       2.71200E-05       9.92828E-07       3.66087E-02       2.15625E-05       1.49142E-05
       6.02560E-04       6.30957E-04       6.16758E-04       2.83970E-05       1.06456E-06       3.74886E-02       2.31214E-05       1.59787E-05
       6.30957E-04       6.60693E-04       6.45825E-04       2.97360E-05       1.14044E-06       3.83522E-02       2.47688E-05       1.71192E-05
       6.60693E-04       6.91831E-04       6.76262E-04       3.11380E-05       1.21946E-06       3.91632E-02       2.64846E-05       1.83386E-05
       6.91831E-04       7.24436E-04       7.08133E-04       3.26050E-05       1.30453E-06       4.00101E-02       2.83325E-05       1.96432E-05
       7.24436E-04       7.58578E-04       7.41507E-04       3.41420E-05       1.39627E-06       4.08959E-02       3.03246E-05       2.10394E-05
       7.58578E-04       7.94328E-04       7.76453E-04       3.57500E-05       1.49525E-06       4.18252E-02       3.24753E-05       2.25347E-05
       7.94328E-04       8.31764E-04       8.13046E-04       3.74360E-05       1.60211E-06       4.27959E-02       3.47950E-05       2.41368E-05
       8.31764E-04       8.70964E-04       8.51364E-04       3.92000E-05       1.71750E-06       4.38137E-02       3.73014E-05       2.58543E-05
       8.70964E-04       9.12011E-04       8.91487E-04       4.10470E-05       1.84218E-06       4.48797E-02       4.00097E-05       2.76965E-05
       9.12011E-04       9.54993E-04       9.33502E-04       4.29820E-05       1.97690E-06       4.59937E-02       4.29352E-05       2.96734E-05
       9.54993E-04       1.00000E-03       9.77497E-04       4.50070E-05       2.11818E-06       4.70633E-02       4.60042E-05       3.17916E-05
       1.00000E-03       1.04713E-03       1.02356E-03       4.71300E-05       2.26669E-06       4.80945E-02       4.92278E-05       3.40582E-05
       1.04713E-03       1.09648E-03       1.07180E-03       4.93500E-05       2.42679E-06       4.91752E-02       5.27062E-05       3.64850E-05
       1.09648E-03       1.14815E-03       1.12231E-03       5.16700E-05       2.59971E-06       5.03136E-02       5.64677E-05       3.90847E-05
       1.14815E-03       1.20226E-03       1.17520E-03       5.41100E-05       2.78627E-06       5.14928E-02       6.05146E-05       4.18710E-05
       1.20226E-03       1.25892E-03       1.23059E-03       5.66600E-05       2.98795E-06       5.27347E-02       6.48948E-05       4.48590E-05
       1.25892E-03       1.31826E-03       1.28859E-03       5.93400E-05       3.20175E-06       5.39560E-02       6.95272E-05       4.80607E-05
       1.31826E-03       1.38038E-03       1.34932E-03       6.21200E-05       3.42388E-06       5.51172E-02       7.43707E-05       5.14846E-05
       1.38038E-03       1.44544E-03       1.41291E-03       6.50599E-05       3.66302E-06       5.63022E-02       7.95500E-05       5.51476E-05
       1.44544E-03       1.51356E-03       1.47950E-03       6.81201E-05       3.92082E-06       5.75574E-02       8.51562E-05       5.90684E-05
       1.51356E-03       1.58489E-03       1.54923E-03       7.13300E-05       4.19909E-06       5.88685E-02       9.12006E-05       6.32675E-05
       1.58489E-03       1.65959E-03       1.62224E-03       7.47000E-05       4.49945E-06       6.02336E-02       9.77134E-05       6.77670E-05
       1.65959E-03       1.73780E-03       1.69870E-03       7.82101E-05       4.82386E-06       6.16782E-02       1.04772E-04       7.25908E-05
       1.73780E-03       1.81970E-03       1.77875E-03       8.18999E-05       5.17437E-06       6.31792E-02       1.12380E-04       7.77652E-05
       1.81970E-03       1.90546E-03       1.86258E-03       8.57600E-05       5.55322E-06       6.47531E-02       1.20608E-04       8.33184E-05
       1.90546E-03       1.99526E-03       1.95036E-03       8.98001E-05       5.95073E-06       6.62664E-02       1.29243E-04       8.92692E-05
       1.99526E-03       2.08930E-03       2.04228E-03       9.40400E-05       6.36674E-06       6.77025E-02       1.38267E-04       9.56359E-05
       2.08930E-03       2.18776E-03       2.13853E-03       9.84600E-05       6.81526E-06       6.92186E-02       1.48026E-04       1.02451E-04
       2.18776E-03       2.29087E-03       2.23932E-03       1.03110E-04       7.29914E-06       7.07898E-02       1.58521E-04       1.09750E-04
       2.29087E-03       2.39883E-03       2.34485E-03       1.07960E-04       7.82157E-06       7.24488E-02       1.69882E-04       1.17572E-04
       2.39883E-03       2.51189E-03       2.45536E-03       1.13060E-04       8.38583E-06       7.41716E-02       1.82118E-04       1.25958E-04
       2.51189E-03       2.63027E-03       2.57108E-03       1.18380E-04       8.98561E-06       7.59047E-02       1.95157E-04       1.34943E-04
       2.63027E-03       2.75423E-03       2.69225E-03       1.23960E-04       9.60815E-06       7.75101E-02       2.08677E-04       1.44551E-04
       2.75423E-03       2.88403E-03       2.81913E-03       1.29800E-04       1.02775E-05       7.91795E-02       2.23217E-04       1.54829E-04
       2.88403E-03       3.01995E-03       2.95199E-03       1.35920E-04       1.09993E-05       8.09248E-02       2.38889E-04       1.65828E-04
       3.01995E-03       3.16228E-03       3.09112E-03       1.42330E-04       1.17780E-05       8.27515E-02       2.55794E-04       1.77606E-04
       3.16228E-03       3.31131E-03       3.23679E-03       1.49030E-04       1.26185E-05       8.46711E-02       2.74063E-04       1.90225E-04
       3.31131E-03       3.46737E-03       3.38934E-03       1.56060E-04       1.35264E-05       8.66740E-02       2.93768E-04       2.03751E-04
       3.46737E-03       3.63078E-03       3.54907E-03       1.63410E-04       1.45070E-05       8.87766E-02       3.15075E-04       2.18258E-04
       3.63078E-03       3.80189E-03       3.71633E-03       1.71110E-04       1.55668E-05       9.09756E-02       3.38096E-04       2.33825E-04
       3.80189E-03       3.98107E-03       3.89148E-03       1.79180E-04       1.66841E-05       9.31136E-02       3.62350E-04       2.50509E-04
       3.98107E-03       4.16869E-03       4.07488E-03       1.87620E-04       1.78530E-05       9.51552E-02       3.87746E-04       2.68362E-04
       4.16869E-03       4.36516E-03       4.26693E-03       1.96470E-04       1.91132E-05       9.72831E-02       4.15100E-04       2.87475E-04
       4.36516E-03       4.57088E-03       4.46802E-03       2.05720E-04       2.04734E-05       9.95207E-02       4.44660E-04       3.07949E-04
       4.57088E-03       4.78630E-03       4.67859E-03       2.15420E-04       2.19418E-05       1.01856E-01       4.76542E-04       3.29890E-04
       4.78630E-03       5.01187E-03       4.89909E-03       2.25570E-04       2.35280E-05       1.04304E-01       5.10996E-04       3.53418E-04
       5.01187E-03       5.24807E-03       5.12997E-03       2.36200E-04       2.52123E-05       1.06742E-01       5.47581E-04       3.78631E-04
       5.24807E-03       5.49541E-03       5.37174E-03       2.47340E-04       2.69419E-05       1.08926E-01       5.85124E-04       4.05573E-04
       5.49541E-03       5.75440E-03       5.62491E-03       2.58990E-04       2.87974E-05       1.11191E-01       6.25440E-04       4.34370E-04
       5.75440E-03       6.02560E-03       5.89000E-03       2.71200E-04       3.07970E-05       1.13558E-01       6.68857E-04       4.65167E-04
       6.02560E-03       6.30957E-03       6.16759E-03       2.83970E-04       3.29526E-05       1.16043E-01       7.15702E-04       4.98120E-04
       6.30957E-03       6.60693E-03       6.45825E-03       2.97360E-04       3.52777E-05       1.18636E-01       7.66183E-04       5.33397E-04
       6.60693E-03       6.91831E-03       6.76262E-03       3.11380E-04       3.77873E-05       1.21354E-01       8.20674E-04       5.71185E-04
       6.91831E-03       7.24436E-03       7.08133E-03       3.26050E-04       4.04964E-05       1.24203E-01       8.79525E-04       6.11681E-04
       7.24436E-03       7.58578E-03       7.41507E-03       3.41420E-04       4.34226E-05       1.27182E-01       9.43066E-04       6.55104E-04
       7.58578E-03       7.94328E-03       7.76453E-03       3.57500E-04       4.64957E-05       1.30058E-01       1.00984E-03       7.01599E-04
       7.94328E-03       8.31764E-03       8.13046E-03       3.74360E-04       4.96735E-05       1.32689E-01       1.07882E-03       7.51273E-04
       8.31764E-03       8.70964E-03       8.51364E-03       3.92000E-04       5.30921E-05       1.35439E-01       1.15308E-03       8.04365E-04
       8.70964E-03       9.12011E-03       8.91487E-03       4.10471E-04       5.67762E-05       1.38320E-01       1.23310E-03       8.61141E-04
       9.12011E-03       9.54993E-03       9.33502E-03       4.29819E-04       6.07477E-05       1.41333E-01       1.31935E-03       9.21889E-04
       9.54993E-03       1.00000E-02       9.77496E-03       4.50070E-04       6.50314E-05       1.44492E-01       1.41240E-03       9.86920E-04
       1.00000E-02       1.04713E-02       1.02357E-02       4.71300E-04       6.95892E-05       1.47654E-01       1.51133E-03       1.05651E-03
       1.04713E-02       1.09648E-02       1.07180E-02       4.93500E-04       7.42718E-05       1.50500E-01       1.61307E-03       1.13078E-03
       1.09648E-02       1.14815E-02       1.12232E-02       5.16700E-04       7.92884E-05       1.53451E-01       1.72221E-03       1.21007E-03
       1.14815E-02       1.20226E-02       1.17521E-02       5.41100E-04       8.46834E-05       1.56502E-01       1.83922E-03       1.29475E-03
       1.20226E-02       1.25892E-02       1.23059E-02       5.66601E-04       9.04964E-05       1.59718E-01       1.96548E-03       1.38525E-03
       1.25892E-02       1.31826E-02       1.28859E-02       5.93399E-04       9.67587E-05       1.63058E-01       2.10115E-03       1.48201E-03
       1.31826E-02       1.38038E-02       1.34932E-02       6.21200E-04       1.03506E-04       1.66622E-01       2.24826E-03       1.58551E-03
       1.38038E-02       1.44544E-02       1.41291E-02       6.50601E-04       1.10786E-04       1.70282E-01       2.40593E-03       1.69630E-03
       1.44544E-02       1.51356E-02       1.47950E-02       6.81199E-04       1.18637E-04       1.74158E-01       2.57667E-03       1.81494E-03
       1.51356E-02       1.58489E-02       1.54923E-02       7.13301E-04       1.26947E-04       1.77971E-01       2.75717E-03       1.94188E-03
       1.58489E-02       1.65959E-02       1.62224E-02       7.47000E-04       1.35604E-04       1.81532E-01       2.94488E-03       2.07749E-03
       1.65959E-02       1.73780E-02       1.69870E-02       7.82100E-04       1.44914E-04       1.85289E-01       3.14749E-03       2.22240E-03
       1.73780E-02       1.81970E-02       1.77875E-02       8.19000E-04       1.54945E-04       1.89188E-01       3.36519E-03       2.37735E-03
       1.81970E-02       1.90546E-02       1.86258E-02       8.57600E-04       1.65758E-04       1.93281E-01       3.60002E-03       2.54310E-03
       1.90546E-02       1.99526E-02       1.95036E-02       8.98000E-04       1.77418E-04       1.97570E-01       3.85333E-03       2.72052E-03
       1.99526E-02       2.08930E-02       2.04228E-02       9.40400E-04       1.89805E-04       2.01834E-01       4.12202E-03       2.91033E-03
       2.08930E-02       2.18776E-02       2.13853E-02       9.84600E-04       2.02334E-04       2.05499E-01       4.39465E-03       3.11266E-03
       2.18776E-02       2.29087E-02       2.23931E-02       1.03110E-03       2.15681E-04       2.09175E-01       4.68410E-03       3.32834E-03
       2.29087E-02       2.39883E-02       2.34485E-02       1.07960E-03       2.30025E-04       2.13065E-01       4.99605E-03       3.55837E-03
       2.39883E-02       2.51189E-02       2.45536E-02       1.13060E-03       2.45449E-04       2.17096E-01       5.33049E-03       3.80382E-03
       2.51189E-02       2.63027E-02       2.57108E-02       1.18380E-03       2.62044E-04       2.21359E-01       5.69131E-03       4.06586E-03
       2.63027E-02       2.75423E-02       2.69225E-02       1.23960E-03       2.79904E-04       2.25802E-01       6.07915E-03       4.34576E-03
       2.75423E-02       2.88403E-02       2.81913E-02       1.29800E-03       2.99138E-04       2.30461E-01       6.49699E-03       4.64490E-03
       2.88403E-02       3.01995E-02       2.95199E-02       1.35920E-03       3.19861E-04       2.35330E-01       6.94693E-03       4.96476E-03
       3.01995E-02       3.16228E-02       3.09112E-02       1.42330E-03       3.41719E-04       2.40089E-01       7.42143E-03       5.30648E-03
       3.16228E-02       3.31131E-02       3.23680E-02       1.49030E-03       3.64217E-04       2.44391E-01       7.91045E-03       5.67070E-03
       3.31131E-02       3.46737E-02       3.38934E-02       1.56060E-03       3.88339E-04       2.48840E-01       8.43403E-03       6.05904E-03
       3.46737E-02       3.63078E-02       3.54908E-02       1.63410E-03       4.14263E-04       2.53511E-01       8.99729E-03       6.47330E-03
       3.63078E-02       3.80189E-02       3.71633E-02       1.71110E-03       4.42145E-04       2.58399E-01       9.60296E-03       6.91545E-03
       3.80189E-02       3.98107E-02       3.89148E-02       1.79180E-03       4.72152E-04       2.63507E-01       1.02543E-02       7.38760E-03
       3.98107E-02       4.16869E-02       4.07488E-02       1.87620E-03       5.04344E-04       2.68811E-01       1.09537E-02       7.89194E-03
       4.16869E-02       4.36516E-02       4.26693E-02       1.96470E-03       5.38460E-04       2.74067E-01       1.16942E-02       8.43040E-03
       4.36516E-02       4.57088E-02       4.46802E-02       2.05720E-03       5.75089E-04       2.79550E-01       1.24903E-02       9.00549E-03
       4.57088E-02       4.78630E-02       4.67859E-02       2.15420E-03       6.14526E-04       2.85269E-01       1.33466E-02       9.62002E-03
       4.78630E-02       5.01187E-02       4.89908E-02       2.25570E-03       6.57010E-04       2.91267E-01       1.42694E-02       1.02770E-02
       5.01187E-02       5.24808E-02       5.12998E-02       2.36210E-03       7.02809E-04       2.97535E-01       1.52635E-02       1.09798E-02
       5.24808E-02       5.49541E-02       5.37174E-02       2.47330E-03       7.52189E-04       3.04124E-01       1.63367E-02       1.17320E-02
       5.49541E-02       5.75440E-02       5.62491E-02       2.58990E-03       8.05467E-04       3.11003E-01       1.74936E-02       1.25375E-02
       5.75440E-02       6.02560E-02       5.89000E-02       2.71200E-03       8.62981E-04       3.18208E-01       1.87425E-02       1.34005E-02
       6.02560E-02       6.30957E-02       6.16758E-02       2.83970E-03       9.25086E-04       3.25769E-01       2.00921E-02       1.43256E-02
       6.30957E-02       6.60693E-02       6.45825E-02       2.97360E-03       9.92191E-04       3.33667E-01       2.15490E-02       1.53177E-02
       6.60693E-02       6.91831E-02       6.76262E-02       3.11380E-03       1.06473E-03       3.41937E-01       2.31239E-02       1.63825E-02
       6.91831E-02       7.24436E-02       7.08134E-02       3.26050E-03       1.14316E-03       3.50609E-01       2.48278E-02       1.75256E-02
       7.24436E-02       7.58578E-02       7.41507E-02       3.41420E-03       1.22802E-03       3.59681E-01       2.66706E-02       1.87537E-02
       7.58578E-02       7.94328E-02       7.76453E-02       3.57500E-03       1.31987E-03       3.69194E-01       2.86662E-02       2.00735E-02
       7.94328E-02       8.31764E-02       8.13046E-02       3.74360E-03       1.41900E-03       3.79046E-01       3.08182E-02       2.14925E-02
       8.31764E-02       8.70964E-02       8.51364E-02       3.92000E-03       1.52436E-03       3.88867E-01       3.31067E-02       2.30169E-02
       8.70964E-02       9.12011E-02       8.91488E-02       4.10470E-03       1.63799E-03       3.99052E-01       3.55750E-02       2.46549E-02
       9.12011E-02       9.54993E-02       9.33502E-02       4.29820E-03       1.76101E-03       4.09710E-01       3.82465E-02       2.64159E-02
       9.54993E-02       1.00000E-01       9.77497E-02       4.50070E-03       1.89425E-03       4.20879E-01       4.11408E-02       2.83101E-02
       1.00000E-01       1.04713E-01       1.02357E-01       4.71300E-03       2.03864E-03       4.32557E-01       4.42750E-02       3.03488E-02
       1.04713E-01       1.09648E-01       1.07180E-01       4.93500E-03       2.19508E-03       4.44798E-01       4.76736E-02       3.25439E-02
       1.09648E-01       1.14815E-01       1.12231E-01       5.16700E-03       2.36482E-03       4.57677E-01       5.13658E-02       3.49087E-02
       1.14815E-01       1.20226E-01       1.17520E-01       5.41100E-03       2.54883E-03       4.71047E-01       5.53576E-02       3.74575E-02
       1.20226E-01       1.25892E-01       1.23059E-01       5.66600E-03       2.76725E-03       4.88396E-01       6.01015E-02       4.02248E-02
       1.25892E-01       1.31826E-01       1.28859E-01       5.93400E-03       3.06274E-03       5.16135E-01       6.65086E-02       4.32875E-02
       1.31826E-01       1.38038E-01       1.34932E-01       6.21200E-03       3.39334E-03       5.46256E-01       7.37075E-02       4.66808E-02
       1.38038E-01       1.44544E-01       1.41291E-01       6.50600E-03       3.75759E-03       5.77557E-01       8.16036E-02       5.04384E-02
       1.44544E-01       1.51356E-01       1.47950E-01       6.81200E-03       4.15861E-03       6.10483E-01       9.03210E-02       5.45970E-02
       1.51356E-01       1.58489E-01       1.54923E-01       7.13300E-03       4.60023E-03       6.44923E-01       9.99130E-02       5.91973E-02
       1.58489E-01       1.65959E-01       1.62224E-01       7.47000E-03       5.08183E-03       6.80299E-01       1.10361E-01       6.42791E-02
       1.65959E-01       1.73780E-01       1.69869E-01       7.82100E-03       5.57798E-03       7.13206E-01       1.21152E-01       6.98571E-02
       1.73780E-01       1.81970E-01       1.77875E-01       8.19000E-03       6.11393E-03       7.46512E-01       1.32786E-01       7.59710E-02
       1.81970E-01       1.90546E-01       1.86258E-01       8.57600E-03       6.70151E-03       7.81426E-01       1.45547E-01       8.26725E-02
       1.90546E-01       1.99526E-01       1.95036E-01       8.98000E-03       7.34558E-03       8.17993E-01       1.59538E-01       9.00181E-02
       1.99526E-01       2.08930E-01       2.04228E-01       9.40400E-03       8.05180E-03       8.56210E-01       1.74862E-01       9.80699E-02
       2.08930E-01       2.18776E-01       2.13853E-01       9.84600E-03       8.82598E-03       8.96403E-01       1.91698E-01       1.06896E-01
       2.18776E-01       2.29087E-01       2.23931E-01       1.03110E-02       9.67467E-03       9.38287E-01       2.10112E-01       1.16571E-01
       2.29087E-01       2.39883E-01       2.34485E-01       1.07960E-02       1.06039E-02       9.82207E-01       2.30313E-01       1.27174E-01
       2.39883E-01       2.51189E-01       2.45536E-01       1.13060E-02       1.15742E-02       1.02372E+00       2.51361E-01       1.38749E-01
       2.51189E-01       2.63027E-01       2.57108E-01       1.18380E-02       1.26013E-02       1.06448E+00       2.73686E-01       1.51350E-01
       2.63027E-01       2.75423E-01       2.69225E-01       1.23960E-02       1.37231E-02       1.10706E+00       2.98047E-01       1.65073E-01
       2.75423E-01       2.88403E-01       2.81913E-01       1.29800E-02       1.49486E-02       1.15166E+00       3.24669E-01       1.80022E-01
       2.88403E-01       3.01995E-01       2.95199E-01       1.35920E-02       1.62877E-02       1.19833E+00       3.53746E-01       1.96309E-01
       3.01995E-01       3.16228E-01       3.09112E-01       1.42330E-02       1.77512E-02       1.24718E+00       3.85519E-01       2.14061E-01
       3.16228E-01       3.31131E-01       3.23680E-01       1.49030E-02       1.93471E-02       1.29821E+00       4.20202E-01       2.33408E-01
       3.31131E-01       3.46737E-01       3.38934E-01       1.56060E-02       2.10894E-02       1.35136E+00       4.58023E-01       2.54497E-01
       3.46737E-01       3.63078E-01       3.54908E-01       1.63410E-02       2.32239E-02       1.42120E+00       5.04396E-01       2.77721E-01
       3.63078E-01       3.80189E-01       3.71633E-01       1.71110E-02       3.12032E-02       1.82358E+00       6.77702E-01       3.08924E-01
       3.80189E-01       3.98107E-01       3.89148E-01       1.79180E-02       2.58439E-02       1.44234E+00       5.61285E-01       3.34768E-01
       3.98107E-01       4.16869E-01       4.07488E-01       1.87620E-02       2.55863E-02       1.36373E+00       5.55703E-01       3.60354E-01
       4.16869E-01       4.36516E-01       4.26692E-01       1.96470E-02       2.56580E-02       1.30595E+00       5.57239E-01       3.86012E-01
       4.36516E-01       4.57088E-01       4.46802E-01       2.05720E-02       2.56238E-02       1.24557E+00       5.56523E-01       4.11636E-01
       4.57088E-01       4.78630E-01       4.67859E-01       2.15420E-02       2.55134E-02       1.18436E+00       5.54112E-01       4.37150E-01
       4.78630E-01       5.01187E-01       4.89909E-01       2.25570E-02       2.54746E-02       1.12934E+00       5.53275E-01       4.62624E-01
       5.01187E-01       5.24808E-01       5.12998E-01       2.36210E-02       2.53449E-02       1.07298E+00       5.50437E-01       4.87969E-01
       5.24808E-01       5.49541E-01       5.37174E-01       2.47330E-02       2.50805E-02       1.01405E+00       5.44721E-01       5.13050E-01
       5.49541E-01       5.75440E-01       5.62490E-01       2.58990E-02       2.46629E-02       9.52272E-01       5.35644E-01       5.37713E-01
       5.75440E-01       6.02560E-01       5.89000E-01       2.71200E-02       2.40715E-02       8.87591E-01       5.22791E-01       5.61784E-01
       6.02560E-01       6.30957E-01       6.16758E-01       2.83970E-02       2.33084E-02       8.20805E-01       5.06239E-01       5.85092E-01
       6.30957E-01       6.60693E-01       6.45825E-01       2.97360E-02       2.25055E-02       7.56844E-01       4.88789E-01       6.07598E-01
       6.60693E-01       6.91831E-01       6.76262E-01       3.11380E-02       2.15233E-02       6.91223E-01       4.67448E-01       6.29121E-01
       6.91831E-01       7.24436E-01       7.08133E-01       3.26050E-02       2.02976E-02       6.22530E-01       4.40834E-01       6.49419E-01
       7.24436E-01       7.58578E-01       7.41507E-01       3.41420E-02       1.87981E-02       5.50584E-01       4.08262E-01       6.68217E-01
       7.58578E-01       7.94328E-01       7.76453E-01       3.57500E-02       1.74509E-02       4.88137E-01       3.79016E-01       6.85668E-01
       7.94328E-01       8.31764E-01       8.13046E-01       3.74360E-02       1.72567E-02       4.60965E-01       3.74786E-01       7.02924E-01
       8.31764E-01       8.70964E-01       8.51364E-01       3.92000E-02       1.70904E-02       4.35978E-01       3.71176E-01       7.20015E-01
       8.70964E-01       9.12011E-01       8.91487E-01       4.10470E-02       1.68217E-02       4.09815E-01       3.65345E-01       7.36836E-01
       9.12011E-01       9.54993E-01       9.33502E-01       4.29820E-02       1.64368E-02       3.82411E-01       3.56981E-01       7.53273E-01
       9.54993E-01       1.00000E+00       9.77497E-01       4.50070E-02       1.60279E-02       3.56121E-01       3.48107E-01       7.69301E-01
       1.00000E+00       1.04713E+00       1.02357E+00       4.71300E-02       1.60485E-02       3.40516E-01       3.48540E-01       7.85350E-01
       1.04713E+00       1.09648E+00       1.07181E+00       4.93500E-02       1.60981E-02       3.26203E-01       3.49626E-01       8.01448E-01
       1.09648E+00       1.14815E+00       1.12231E+00       5.16700E-02       1.60828E-02       3.11260E-01       3.49332E-01       8.17531E-01
       1.14815E+00       1.20226E+00       1.17520E+00       5.41100E-02       1.60065E-02       2.95815E-01       3.47643E-01       8.33537E-01
       1.20226E+00       1.25892E+00       1.23059E+00       5.66600E-02       1.58642E-02       2.79989E-01       3.44551E-01       8.49401E-01
       1.25892E+00       1.31826E+00       1.28859E+00       5.93400E-02       1.56271E-02       2.63349E-01       3.39349E-01       8.65029E-01
       1.31826E+00       1.38038E+00       1.34932E+00       6.21200E-02       1.52316E-02       2.45196E-01       3.30848E-01       8.80260E-01
       1.38038E+00       1.44544E+00       1.41291E+00       6.50600E-02       1.46742E-02       2.25548E-01       3.18679E-01       8.94934E-01
       1.44544E+00       1.51356E+00       1.47950E+00       6.81200E-02       1.39649E-02       2.05004E-01       3.03303E-01       9.08899E-01
       1.51356E+00       1.58489E+00       1.54923E+00       7.13300E-02       1.30831E-02       1.83416E-01       2.84153E-01       9.21982E-01
       1.58489E+00       1.65959E+00       1.62224E+00       7.47000E-02       1.20473E-02       1.61276E-01       2.61629E-01       9.34030E-01
       1.65959E+00       1.73780E+00       1.69869E+00       7.82100E-02       1.08768E-02       1.39071E-01       2.36239E-01       9.44906E-01
       1.73780E+00       1.81970E+00       1.77875E+00       8.19000E-02       9.63719E-03       1.17670E-01       2.09306E-01       9.54543E-01
       1.81970E+00       1.90546E+00       1.86258E+00       8.57600E-02       8.35169E-03       9.73844E-02       1.81386E-01       9.62895E-01
       1.90546E+00       1.99526E+00       1.95036E+00       8.98000E-02       7.14597E-03       7.95765E-02       1.55203E-01       9.70041E-01
       1.99526E+00       2.08930E+00       2.04228E+00       9.40400E-02       6.02746E-03       6.40947E-02       1.30899E-01       9.76069E-01
       2.08930E+00       2.18776E+00       2.13853E+00       9.84600E-02       5.04531E-03       5.12423E-02       1.09583E-01       9.81114E-01
       2.18776E+00       2.29087E+00       2.23932E+00       1.03110E-01       4.24059E-03       4.11269E-02       9.20961E-02       9.85354E-01
       2.29087E+00       2.39883E+00       2.34485E+00       1.07960E-01       3.58538E-03       3.32103E-02       7.78731E-02       9.88940E-01
       2.39883E+00       2.51189E+00       2.45536E+00       1.13060E-01       3.07040E-03       2.71573E-02       6.66809E-02       9.92010E-01
       2.51189E+00       2.63027E+00       2.57108E+00       1.18380E-01       2.62750E-03       2.21955E-02       5.70664E-02       9.94638E-01
       2.63027E+00       2.75423E+00       2.69225E+00       1.23960E-01       2.17718E-03       1.75636E-02       4.72856E-02       9.96815E-01
       2.75423E+00       2.88403E+00       2.81913E+00       1.29800E-01       1.65142E-03       1.27228E-02       3.58672E-02       9.98466E-01
       2.88403E+00       3.01995E+00       2.95199E+00       1.35920E-01       1.05936E-03       7.79400E-03       2.30078E-02       9.99526E-01
       3.01995E+00       3.16228E+00       3.09111E+00       1.42330E-01       4.68400E-04       3.29095E-03       1.01727E-02       9.99994E-01
       3.16228E+00       3.31131E+00       3.23679E+00       1.49030E-01       5.95950E-06       3.99886E-05       1.29435E-04       1.00000E+00

 Sum =                                                                         1.00000E+00
 Renormalization bin#   931 =                                                  3.40926E-01 barn        1.10000E+07        1.12000E+07        1.11000E+07
 Avg. Energy     bin#   931 =                                                  7.06223E-01 MeV         1.10000E+07        1.12000E+07
