"        MT= 91 recoil spectrum "
" Initial neutron energy corresponds to the group:"
   1.24000E+01    1.26000E+01       0.00000E+00           233           893           661



          Low               High              Mid              Energy           Number             dn/de            E*dn/de          Cumulative
         Energy            Energy            Energy             Width          Fraction                               Sum   
         [MeV]             [MeV]             [MeV]              [MeV]

       4.36516E-07       4.57088E-07       4.46802E-07       2.05720E-08       0.00000E+00       0.00000E+00       0.00000E+00       0.00000E+00
       4.57088E-07       4.78630E-07       4.67859E-07       2.15420E-08       2.19914E-12       1.02086E-04       4.77619E-11       2.19914E-12
       4.78630E-07       5.01187E-07       4.89909E-07       2.25570E-08       2.41128E-12       1.06897E-04       5.23698E-11       4.61042E-12
       5.01187E-07       5.24807E-07       5.12997E-07       2.36200E-08       2.64407E-12       1.11942E-04       5.74259E-11       7.25449E-12
       5.24807E-07       5.50000E-07       5.37403E-07       2.51930E-08       2.95415E-12       1.17261E-04       6.30162E-11       1.02086E-11
       5.50000E-07       5.75000E-07       5.62500E-07       2.50000E-08       3.06856E-12       1.22743E-04       6.90428E-11       1.32772E-11
       5.75000E-07       6.00000E-07       5.87500E-07       2.50000E-08       3.20494E-12       1.28197E-04       7.53160E-11       1.64821E-11
       6.00000E-07       6.25000E-07       6.12500E-07       2.50000E-08       3.34132E-12       1.33653E-04       8.18623E-11       1.98235E-11
       6.25000E-07       6.50000E-07       6.37500E-07       2.50000E-08       3.47769E-12       1.39108E-04       8.86812E-11       2.33012E-11
       6.50000E-07       6.75000E-07       6.62500E-07       2.50000E-08       3.61407E-12       1.44563E-04       9.57727E-11       2.69152E-11
       6.75000E-07       7.00000E-07       6.87500E-07       2.50000E-08       3.75044E-12       1.50018E-04       1.03137E-10       3.06657E-11
       7.00000E-07       7.25000E-07       7.12500E-07       2.50000E-08       3.88682E-12       1.55473E-04       1.10774E-10       3.45525E-11
       7.25000E-07       7.50000E-07       7.37500E-07       2.50000E-08       4.02320E-12       1.60928E-04       1.18684E-10       3.85757E-11
       7.50000E-07       7.75000E-07       7.62500E-07       2.50000E-08       4.15957E-12       1.66383E-04       1.26867E-10       4.27352E-11
       7.75000E-07       8.00000E-07       7.87500E-07       2.50000E-08       4.29595E-12       1.71838E-04       1.35322E-10       4.70312E-11
       8.00000E-07       8.25000E-07       8.12500E-07       2.50000E-08       4.43232E-12       1.77293E-04       1.44051E-10       5.14635E-11
       8.25000E-07       8.50000E-07       8.37500E-07       2.50000E-08       4.56870E-12       1.82748E-04       1.53051E-10       5.60322E-11
       8.50000E-07       8.75000E-07       8.62500E-07       2.50000E-08       4.70507E-12       1.88203E-04       1.62325E-10       6.07373E-11
       8.75000E-07       9.00000E-07       8.87500E-07       2.50000E-08       4.84145E-12       1.93658E-04       1.71872E-10       6.55787E-11
       9.00000E-07       9.25000E-07       9.12500E-07       2.50000E-08       4.97783E-12       1.99113E-04       1.81690E-10       7.05566E-11
       9.25000E-07       9.50000E-07       9.37500E-07       2.50000E-08       5.11420E-12       2.04568E-04       1.91783E-10       7.56708E-11
       9.50000E-07       9.75000E-07       9.62500E-07       2.50000E-08       5.25058E-12       2.10023E-04       2.02147E-10       8.09213E-11
       9.75000E-07       1.00000E-06       9.87500E-07       2.50000E-08       5.38695E-12       2.15478E-04       2.12785E-10       8.63083E-11
       1.00000E-06       1.02500E-06       1.01250E-06       2.50000E-08       5.52333E-12       2.20933E-04       2.23695E-10       9.18316E-11
       1.02500E-06       1.05000E-06       1.03750E-06       2.50000E-08       5.65970E-12       2.26388E-04       2.34878E-10       9.74913E-11
       1.05000E-06       1.07500E-06       1.06250E-06       2.50001E-08       5.79608E-12       2.31842E-04       2.46332E-10       1.03287E-10
       1.07500E-06       1.10000E-06       1.08750E-06       2.50000E-08       5.93246E-12       2.37298E-04       2.58062E-10       1.09220E-10
       1.10000E-06       1.12500E-06       1.11250E-06       2.50000E-08       6.06883E-12       2.42754E-04       2.70063E-10       1.15289E-10
       1.12500E-06       1.15000E-06       1.13750E-06       2.50000E-08       6.20521E-12       2.48209E-04       2.82337E-10       1.21494E-10
       1.15000E-06       1.17500E-06       1.16250E-06       2.50000E-08       6.34158E-12       2.53664E-04       2.94884E-10       1.27835E-10
       1.17500E-06       1.20000E-06       1.18750E-06       2.50001E-08       6.47796E-12       2.59117E-04       3.07702E-10       1.34313E-10
       1.20000E-06       1.22500E-06       1.21250E-06       2.50000E-08       6.61433E-12       2.64574E-04       3.20796E-10       1.40928E-10
       1.22500E-06       1.25000E-06       1.23750E-06       2.50000E-08       6.75071E-12       2.70029E-04       3.34161E-10       1.47678E-10
       1.25000E-06       1.27500E-06       1.26250E-06       2.50000E-08       6.88709E-12       2.75484E-04       3.47798E-10       1.54566E-10
       1.27500E-06       1.30000E-06       1.28750E-06       2.50000E-08       7.02346E-12       2.80939E-04       3.61709E-10       1.61589E-10
       1.30000E-06       1.32500E-06       1.31250E-06       2.50001E-08       7.15984E-12       2.86392E-04       3.75890E-10       1.68749E-10
       1.32500E-06       1.35000E-06       1.33750E-06       2.50000E-08       7.29621E-12       2.91849E-04       3.90348E-10       1.76045E-10
       1.35000E-06       1.37500E-06       1.36250E-06       2.50000E-08       7.43259E-12       2.97304E-04       4.05077E-10       1.83478E-10
       1.37500E-06       1.40000E-06       1.38750E-06       2.50000E-08       7.56897E-12       3.02759E-04       4.20078E-10       1.91047E-10
       1.40000E-06       1.42500E-06       1.41250E-06       2.50000E-08       7.70534E-12       3.08214E-04       4.35352E-10       1.98752E-10
       1.42500E-06       1.45000E-06       1.43750E-06       2.50001E-08       7.84172E-12       3.13667E-04       4.50897E-10       2.06594E-10
       1.45000E-06       1.47500E-06       1.46250E-06       2.50000E-08       7.97809E-12       3.19124E-04       4.66719E-10       2.14572E-10
       1.47500E-06       1.50000E-06       1.48750E-06       2.50000E-08       8.11447E-12       3.24579E-04       4.82811E-10       2.22686E-10
       1.50000E-06       1.52500E-06       1.51250E-06       2.50000E-08       8.25084E-12       3.30034E-04       4.99177E-10       2.30937E-10
       1.52500E-06       1.55000E-06       1.53750E-06       2.50000E-08       8.38722E-12       3.35489E-04       5.15815E-10       2.39324E-10
       1.55000E-06       1.57500E-06       1.56250E-06       2.50001E-08       8.52360E-12       3.40942E-04       5.32723E-10       2.47848E-10
       1.57500E-06       1.60000E-06       1.58750E-06       2.50000E-08       8.65997E-12       3.46399E-04       5.49909E-10       2.56508E-10
       1.60000E-06       1.62500E-06       1.61250E-06       2.50000E-08       8.79635E-12       3.51854E-04       5.67365E-10       2.65304E-10
       1.62500E-06       1.65000E-06       1.63750E-06       2.50000E-08       8.93272E-12       3.57309E-04       5.85094E-10       2.74237E-10
       1.65000E-06       1.67500E-06       1.66250E-06       2.50000E-08       9.06910E-12       3.62764E-04       6.03096E-10       2.83306E-10
       1.67500E-06       1.70000E-06       1.68750E-06       2.50001E-08       9.20547E-12       3.68218E-04       6.21367E-10       2.92512E-10
       1.70000E-06       1.72500E-06       1.71250E-06       2.50000E-08       9.34185E-12       3.73674E-04       6.39917E-10       3.01853E-10
       1.72500E-06       1.75000E-06       1.73750E-06       2.50000E-08       9.47823E-12       3.79129E-04       6.58737E-10       3.11332E-10
       1.75000E-06       1.77500E-06       1.76250E-06       2.50000E-08       9.61460E-12       3.84584E-04       6.77830E-10       3.20946E-10
       1.77500E-06       1.80000E-06       1.78750E-06       2.50000E-08       9.75098E-12       3.90039E-04       6.97196E-10       3.30697E-10
       1.80000E-06       1.82500E-06       1.81250E-06       2.50001E-08       9.88735E-12       3.95493E-04       7.16830E-10       3.40585E-10
       1.82500E-06       1.85000E-06       1.83750E-06       2.50000E-08       1.00237E-11       4.00950E-04       7.36745E-10       3.50608E-10
       1.85000E-06       1.87500E-06       1.86250E-06       2.50000E-08       1.01601E-11       4.06405E-04       7.56929E-10       3.60768E-10
       1.87500E-06       1.90000E-06       1.88750E-06       2.50000E-08       1.02965E-11       4.11860E-04       7.77385E-10       3.71065E-10
       1.90000E-06       1.92500E-06       1.91250E-06       2.50000E-08       1.04329E-11       4.17315E-04       7.98114E-10       3.81498E-10
       1.92500E-06       1.95000E-06       1.93750E-06       2.50001E-08       1.05692E-11       4.22768E-04       8.19112E-10       3.92067E-10
       1.95000E-06       1.97500E-06       1.96250E-06       2.50000E-08       1.07056E-11       4.28225E-04       8.40391E-10       4.02773E-10
       1.97500E-06       2.00000E-06       1.98750E-06       2.50000E-08       1.08420E-11       4.33680E-04       8.61939E-10       4.13615E-10
       2.00000E-06       2.02500E-06       2.01250E-06       2.50001E-08       1.09784E-11       4.39133E-04       8.83755E-10       4.24593E-10
       2.02500E-06       2.05000E-06       2.03750E-06       2.49999E-08       1.11147E-11       4.44592E-04       9.05856E-10       4.35708E-10
       2.05000E-06       2.07500E-06       2.06250E-06       2.50001E-08       1.12511E-11       4.50043E-04       9.28213E-10       4.46959E-10
       2.07500E-06       2.10000E-06       2.08750E-06       2.49999E-08       1.13875E-11       4.55502E-04       9.50861E-10       4.58346E-10
       2.10000E-06       2.12500E-06       2.11250E-06       2.50001E-08       1.15239E-11       4.60953E-04       9.73763E-10       4.69870E-10
       2.12500E-06       2.15000E-06       2.13750E-06       2.50001E-08       1.16602E-11       4.66408E-04       9.96947E-10       4.81530E-10
       2.15000E-06       2.17500E-06       2.16250E-06       2.49999E-08       1.17966E-11       4.71867E-04       1.02041E-09       4.93327E-10
       2.17500E-06       2.20000E-06       2.18750E-06       2.50001E-08       1.19330E-11       4.77318E-04       1.04413E-09       5.05260E-10
       2.20000E-06       2.22500E-06       2.21250E-06       2.49999E-08       1.20694E-11       4.82777E-04       1.06815E-09       5.17329E-10
       2.22500E-06       2.25000E-06       2.23750E-06       2.50001E-08       1.22057E-11       4.88228E-04       1.09241E-09       5.29535E-10
       2.25000E-06       2.27500E-06       2.26250E-06       2.50001E-08       1.23421E-11       4.93683E-04       1.11696E-09       5.41877E-10
       2.27500E-06       2.30000E-06       2.28750E-06       2.49999E-08       1.24785E-11       4.99143E-04       1.14179E-09       5.54356E-10
       2.30000E-06       2.32500E-06       2.31250E-06       2.50001E-08       1.26149E-11       5.04593E-04       1.16687E-09       5.66971E-10
       2.32500E-06       2.35000E-06       2.33750E-06       2.49999E-08       1.27512E-11       5.10053E-04       1.19225E-09       5.79722E-10
       2.35000E-06       2.37500E-06       2.36250E-06       2.50001E-08       1.28876E-11       5.15503E-04       1.21788E-09       5.92609E-10
       2.37500E-06       2.40000E-06       2.38750E-06       2.50001E-08       1.30240E-11       5.20958E-04       1.24379E-09       6.05633E-10
       2.40000E-06       2.42500E-06       2.41250E-06       2.49999E-08       1.31604E-11       5.26418E-04       1.26998E-09       6.18794E-10
       2.42500E-06       2.45000E-06       2.43750E-06       2.50001E-08       1.32967E-11       5.31868E-04       1.29643E-09       6.32090E-10
       2.45000E-06       2.47500E-06       2.46250E-06       2.49999E-08       1.34331E-11       5.37328E-04       1.32317E-09       6.45524E-10
       2.47500E-06       2.50000E-06       2.48750E-06       2.50001E-08       1.35695E-11       5.42778E-04       1.35016E-09       6.59093E-10
       2.50000E-06       2.52500E-06       2.51250E-06       2.50001E-08       1.37059E-11       5.48233E-04       1.37744E-09       6.72799E-10
       2.52500E-06       2.55000E-06       2.53750E-06       2.49999E-08       1.38423E-11       5.53693E-04       1.40500E-09       6.86641E-10
       2.55000E-06       2.57500E-06       2.56250E-06       2.50001E-08       1.39786E-11       5.59143E-04       1.43280E-09       7.00620E-10
       2.57500E-06       2.60000E-06       2.58750E-06       2.49999E-08       1.41150E-11       5.64603E-04       1.46091E-09       7.14735E-10
       2.60000E-06       2.62500E-06       2.61250E-06       2.50001E-08       1.42514E-11       5.70053E-04       1.48926E-09       7.28986E-10
       2.62500E-06       2.65000E-06       2.63750E-06       2.50001E-08       1.43878E-11       5.75508E-04       1.51790E-09       7.43374E-10
       2.65000E-06       2.67500E-06       2.66250E-06       2.49999E-08       1.45241E-11       5.80969E-04       1.54683E-09       7.57898E-10
       2.67500E-06       2.70000E-06       2.68750E-06       2.50001E-08       1.46605E-11       5.86418E-04       1.57600E-09       7.72559E-10
       2.70000E-06       2.72500E-06       2.71250E-06       2.49999E-08       1.47969E-11       5.91879E-04       1.60547E-09       7.87356E-10
       2.72500E-06       2.75000E-06       2.73750E-06       2.50001E-08       1.49333E-11       5.97328E-04       1.63519E-09       8.02289E-10
       2.75000E-06       2.77500E-06       2.76250E-06       2.50001E-08       1.50696E-11       6.02783E-04       1.66519E-09       8.17358E-10
       2.77500E-06       2.80000E-06       2.78750E-06       2.49999E-08       1.52060E-11       6.08244E-04       1.69548E-09       8.32564E-10
       2.80000E-06       2.82500E-06       2.81250E-06       2.50001E-08       1.53424E-11       6.13693E-04       1.72601E-09       8.47907E-10
       2.82500E-06       2.85000E-06       2.83750E-06       2.49999E-08       1.54788E-11       6.19154E-04       1.75685E-09       8.63386E-10
       2.85000E-06       2.87500E-06       2.86250E-06       2.50001E-08       1.56151E-11       6.24603E-04       1.78793E-09       8.79001E-10
       2.87500E-06       2.90000E-06       2.88750E-06       2.50001E-08       1.57515E-11       6.30058E-04       1.81929E-09       8.94752E-10
       2.90000E-06       2.92500E-06       2.91250E-06       2.49999E-08       1.58879E-11       6.35519E-04       1.85095E-09       9.10640E-10
       2.92500E-06       2.95000E-06       2.93750E-06       2.50001E-08       1.60243E-11       6.40968E-04       1.88284E-09       9.26664E-10
       2.95000E-06       2.97500E-06       2.96250E-06       2.49999E-08       1.61606E-11       6.46429E-04       1.91505E-09       9.42825E-10
       2.97500E-06       3.00000E-06       2.98750E-06       2.50001E-08       1.62970E-11       6.51878E-04       1.94749E-09       9.59122E-10
       3.00000E-06       3.02500E-06       3.01250E-06       2.50001E-08       1.64334E-11       6.57333E-04       1.98022E-09       9.75555E-10
       3.02500E-06       3.05000E-06       3.03750E-06       2.49999E-08       1.65698E-11       6.62794E-04       2.01324E-09       9.92125E-10
       3.05000E-06       3.07500E-06       3.06250E-06       2.50001E-08       1.67061E-11       6.68243E-04       2.04649E-09       1.00883E-09
       3.07500E-06       3.10000E-06       3.08750E-06       2.49999E-08       1.68425E-11       6.73705E-04       2.08006E-09       1.02567E-09
       3.10000E-06       3.12500E-06       3.11250E-06       2.50001E-08       1.69789E-11       6.79153E-04       2.11386E-09       1.04265E-09
       3.12500E-06       3.15000E-06       3.13750E-06       2.50001E-08       1.71153E-11       6.84608E-04       2.14796E-09       1.05977E-09
       3.15000E-06       3.17500E-06       3.16250E-06       2.49999E-08       1.72516E-11       6.90070E-04       2.18235E-09       1.07702E-09
       3.17500E-06       3.20000E-06       3.18750E-06       2.50001E-08       1.73880E-11       6.95518E-04       2.21696E-09       1.09441E-09
       3.20000E-06       3.22500E-06       3.21250E-06       2.49999E-08       1.75244E-11       7.00980E-04       2.25190E-09       1.11193E-09
       3.22500E-06       3.25000E-06       3.23750E-06       2.50001E-08       1.76608E-11       7.06428E-04       2.28706E-09       1.12959E-09
       3.25000E-06       3.27500E-06       3.26250E-06       2.50001E-08       1.77971E-11       7.11883E-04       2.32252E-09       1.14739E-09
       3.27500E-06       3.30000E-06       3.28750E-06       2.49999E-08       1.79335E-11       7.17345E-04       2.35827E-09       1.16532E-09
       3.30000E-06       3.32500E-06       3.31250E-06       2.50001E-08       1.80699E-11       7.22793E-04       2.39425E-09       1.18339E-09
       3.32500E-06       3.35000E-06       3.33750E-06       2.49999E-08       1.82063E-11       7.28255E-04       2.43055E-09       1.20160E-09
       3.35000E-06       3.37500E-06       3.36250E-06       2.50001E-08       1.83427E-11       7.33703E-04       2.46708E-09       1.21994E-09
       3.37500E-06       3.40000E-06       3.38750E-06       2.50001E-08       1.84790E-11       7.39158E-04       2.50390E-09       1.23842E-09
       3.40000E-06       3.42500E-06       3.41250E-06       2.49999E-08       1.86154E-11       7.44620E-04       2.54102E-09       1.25704E-09
       3.42500E-06       3.45000E-06       3.43750E-06       2.50001E-08       1.87518E-11       7.50068E-04       2.57836E-09       1.27579E-09
       3.45000E-06       3.47500E-06       3.46250E-06       2.49999E-08       1.88882E-11       7.55530E-04       2.61602E-09       1.29468E-09
       3.47500E-06       3.50000E-06       3.48750E-06       2.50001E-08       1.90245E-11       7.60978E-04       2.65391E-09       1.31370E-09
       3.50000E-06       3.52500E-06       3.51250E-06       2.50001E-08       1.91609E-11       7.66433E-04       2.69210E-09       1.33286E-09
       3.52500E-06       3.55000E-06       3.53750E-06       2.49999E-08       1.92973E-11       7.71896E-04       2.73058E-09       1.35216E-09
       3.55000E-06       3.57500E-06       3.56250E-06       2.50001E-08       1.94337E-11       7.77343E-04       2.76929E-09       1.37159E-09
       3.57500E-06       3.60000E-06       3.58750E-06       2.49999E-08       1.95700E-11       7.82806E-04       2.80832E-09       1.39116E-09
       3.60000E-06       3.62500E-06       3.61250E-06       2.50001E-08       1.97064E-11       7.88253E-04       2.84757E-09       1.41087E-09
       3.62500E-06       3.65000E-06       3.63750E-06       2.50001E-08       1.98428E-11       7.93708E-04       2.88711E-09       1.43071E-09
       3.65000E-06       3.67500E-06       3.66250E-06       2.49999E-08       1.99792E-11       7.99171E-04       2.92696E-09       1.45069E-09
       3.67500E-06       3.70000E-06       3.68750E-06       2.50001E-08       2.01155E-11       8.04618E-04       2.96703E-09       1.47081E-09
       3.70000E-06       3.72500E-06       3.71250E-06       2.49999E-08       2.02519E-11       8.10081E-04       3.00743E-09       1.49106E-09
       3.72500E-06       3.75000E-06       3.73750E-06       2.50001E-08       2.03883E-11       8.15528E-04       3.04804E-09       1.51145E-09
       3.75000E-06       3.77500E-06       3.76250E-06       2.50001E-08       2.05247E-11       8.20983E-04       3.08895E-09       1.53197E-09
       3.77500E-06       3.80000E-06       3.78750E-06       2.49999E-08       2.06610E-11       8.26446E-04       3.13017E-09       1.55263E-09
       3.80000E-06       3.82500E-06       3.81250E-06       2.50001E-08       2.07974E-11       8.31893E-04       3.17159E-09       1.57343E-09
       3.82500E-06       3.85000E-06       3.83750E-06       2.49999E-08       2.09338E-11       8.37356E-04       3.21336E-09       1.59436E-09
       3.85000E-06       3.87500E-06       3.86250E-06       2.50001E-08       2.10702E-11       8.42803E-04       3.25533E-09       1.61543E-09
       3.87500E-06       3.90000E-06       3.88750E-06       2.50001E-08       2.12065E-11       8.48258E-04       3.29760E-09       1.63664E-09
       3.90000E-06       3.92500E-06       3.91250E-06       2.49999E-08       2.13429E-11       8.53722E-04       3.34019E-09       1.65798E-09
       3.92500E-06       3.95000E-06       3.93750E-06       2.50001E-08       2.14793E-11       8.59168E-04       3.38298E-09       1.67946E-09
       3.95000E-06       3.97500E-06       3.96250E-06       2.49999E-08       2.16157E-11       8.64632E-04       3.42610E-09       1.70108E-09
       3.97500E-06       4.00000E-06       3.98750E-06       2.50001E-08       2.17520E-11       8.70078E-04       3.46944E-09       1.72283E-09
       4.00000E-06       4.02500E-06       4.01250E-06       2.50001E-08       2.18884E-11       8.75534E-04       3.51308E-09       1.74472E-09
       4.02500E-06       4.05000E-06       4.03750E-06       2.50001E-08       2.20244E-11       8.80971E-04       3.55692E-09       1.76674E-09
       4.05000E-06       4.07500E-06       4.06250E-06       2.49996E-08       2.21605E-11       8.86434E-04       3.60114E-09       1.78890E-09
       4.07500E-06       4.10000E-06       4.08750E-06       2.50001E-08       2.22967E-11       8.91863E-04       3.64549E-09       1.81120E-09
       4.10000E-06       4.12500E-06       4.11250E-06       2.50001E-08       2.24350E-11       8.97397E-04       3.69055E-09       1.83364E-09
       4.12500E-06       4.15000E-06       4.13750E-06       2.50001E-08       2.25712E-11       9.02844E-04       3.73552E-09       1.85621E-09
       4.15000E-06       4.17500E-06       4.16250E-06       2.50001E-08       2.27073E-11       9.08290E-04       3.78076E-09       1.87891E-09
       4.17500E-06       4.20000E-06       4.18750E-06       2.49996E-08       2.28435E-11       9.13754E-04       3.82634E-09       1.90176E-09
       4.20000E-06       4.22500E-06       4.21250E-06       2.50001E-08       2.29796E-11       9.19182E-04       3.87206E-09       1.92474E-09
       4.22500E-06       4.25000E-06       4.23750E-06       2.50001E-08       2.31158E-11       9.24629E-04       3.91811E-09       1.94785E-09
       4.25000E-06       4.27500E-06       4.26250E-06       2.50001E-08       2.32520E-11       9.30075E-04       3.96444E-09       1.97111E-09
       4.27500E-06       4.30000E-06       4.28750E-06       2.50001E-08       2.33881E-11       9.35521E-04       4.01105E-09       1.99449E-09
       4.30000E-06       4.32500E-06       4.31250E-06       2.49996E-08       2.35243E-11       9.40985E-04       4.05800E-09       2.01802E-09
       4.32500E-06       4.35000E-06       4.33750E-06       2.50001E-08       2.36604E-11       9.46413E-04       4.10507E-09       2.04168E-09
       4.35000E-06       4.37500E-06       4.36250E-06       2.50001E-08       2.37988E-11       9.51948E-04       4.15287E-09       2.06548E-09
       4.37500E-06       4.40000E-06       4.38750E-06       2.50001E-08       2.39349E-11       9.57394E-04       4.20057E-09       2.08941E-09
       4.40000E-06       4.42500E-06       4.41250E-06       2.50001E-08       2.40711E-11       9.62840E-04       4.24853E-09       2.11348E-09
       4.42500E-06       4.45000E-06       4.43750E-06       2.49996E-08       2.42072E-11       9.68305E-04       4.29685E-09       2.13769E-09
       4.45000E-06       4.47500E-06       4.46250E-06       2.50001E-08       2.43434E-11       9.73733E-04       4.34528E-09       2.16203E-09
       4.47500E-06       4.50000E-06       4.48750E-06       2.50001E-08       2.44796E-11       9.79179E-04       4.39406E-09       2.18651E-09
       4.50000E-06       4.52500E-06       4.51250E-06       2.50001E-08       2.46157E-11       9.84625E-04       4.44312E-09       2.21113E-09
       4.52500E-06       4.55000E-06       4.53750E-06       2.50001E-08       2.47519E-11       9.90071E-04       4.49245E-09       2.23588E-09
       4.55000E-06       4.57500E-06       4.56250E-06       2.49996E-08       2.48880E-11       9.95536E-04       4.54213E-09       2.26077E-09
       4.57500E-06       4.60000E-06       4.58750E-06       2.50001E-08       2.50242E-11       1.00096E-03       4.59192E-09       2.28579E-09
       4.60000E-06       4.62500E-06       4.61250E-06       2.50001E-08       2.51625E-11       1.00650E-03       4.64247E-09       2.31096E-09
       4.62500E-06       4.65000E-06       4.63750E-06       2.50001E-08       2.52987E-11       1.01194E-03       4.69289E-09       2.33625E-09
       4.65000E-06       4.67500E-06       4.66250E-06       2.50001E-08       2.54349E-11       1.01739E-03       4.74358E-09       2.36169E-09
       4.67500E-06       4.70000E-06       4.68750E-06       2.49996E-08       2.55710E-11       1.02286E-03       4.79464E-09       2.38726E-09
       4.70000E-06       4.72500E-06       4.71250E-06       2.50001E-08       2.57072E-11       1.02828E-03       4.84578E-09       2.41297E-09
       4.72500E-06       4.75000E-06       4.73750E-06       2.50001E-08       2.58433E-11       1.03373E-03       4.89729E-09       2.43881E-09
       4.75000E-06       4.77500E-06       4.76250E-06       2.50001E-08       2.59795E-11       1.03917E-03       4.94907E-09       2.46479E-09
       4.77500E-06       4.80000E-06       4.78750E-06       2.50001E-08       2.61156E-11       1.04462E-03       5.00112E-09       2.49091E-09
       4.80000E-06       4.82500E-06       4.81250E-06       2.49996E-08       2.62518E-11       1.05009E-03       5.05355E-09       2.51716E-09
       4.82500E-06       4.85000E-06       4.83750E-06       2.50001E-08       2.63879E-11       1.05551E-03       5.10605E-09       2.54355E-09
       4.85000E-06       4.87500E-06       4.86250E-06       2.50001E-08       2.65263E-11       1.06105E-03       5.15934E-09       2.57007E-09
       4.87500E-06       4.90000E-06       4.88750E-06       2.50001E-08       2.66625E-11       1.06649E-03       5.21249E-09       2.59673E-09
       4.90000E-06       4.92500E-06       4.91250E-06       2.50001E-08       2.67986E-11       1.07194E-03       5.26591E-09       2.62353E-09
       4.92500E-06       4.95000E-06       4.93750E-06       2.49996E-08       2.69348E-11       1.07741E-03       5.31970E-09       2.65047E-09
       4.95000E-06       4.97500E-06       4.96250E-06       2.50001E-08       2.70709E-11       1.08283E-03       5.37356E-09       2.67754E-09
       4.97500E-06       5.00000E-06       4.98750E-06       2.50001E-08       2.72071E-11       1.08828E-03       5.42779E-09       2.70475E-09
       5.00000E-06       5.02500E-06       5.01250E-06       2.50001E-08       2.73432E-11       1.09373E-03       5.48230E-09       2.73209E-09
       5.02500E-06       5.05000E-06       5.03750E-06       2.50001E-08       2.74794E-11       1.09917E-03       5.53708E-09       2.75957E-09
       5.05000E-06       5.07500E-06       5.06250E-06       2.49996E-08       2.76155E-11       1.10464E-03       5.59223E-09       2.78718E-09
       5.07500E-06       5.10000E-06       5.08750E-06       2.50001E-08       2.77517E-11       1.11006E-03       5.64745E-09       2.81494E-09
       5.10000E-06       5.12500E-06       5.11250E-06       2.50001E-08       2.78901E-11       1.11560E-03       5.70349E-09       2.84283E-09
       5.12500E-06       5.15000E-06       5.13750E-06       2.50001E-08       2.80262E-11       1.12104E-03       5.75936E-09       2.87085E-09
       5.15000E-06       5.17500E-06       5.16250E-06       2.50001E-08       2.81624E-11       1.12649E-03       5.81551E-09       2.89901E-09
       5.17500E-06       5.20000E-06       5.18750E-06       2.49996E-08       2.82985E-11       1.13196E-03       5.87203E-09       2.92731E-09
       5.20000E-06       5.22500E-06       5.21250E-06       2.50001E-08       2.84347E-11       1.13738E-03       5.92861E-09       2.95575E-09
       5.22500E-06       5.25000E-06       5.23750E-06       2.50001E-08       2.85708E-11       1.14283E-03       5.98557E-09       2.98432E-09
       5.25000E-06       5.27500E-06       5.26250E-06       2.50001E-08       2.87070E-11       1.14828E-03       6.04280E-09       3.01303E-09
       5.27500E-06       5.30000E-06       5.28750E-06       2.50001E-08       2.88431E-11       1.15372E-03       6.10030E-09       3.04187E-09
       5.30000E-06       5.32500E-06       5.31250E-06       2.49996E-08       2.89793E-11       1.15919E-03       6.15820E-09       3.07085E-09
       5.32500E-06       5.35000E-06       5.33750E-06       2.50001E-08       2.91155E-11       1.16461E-03       6.21613E-09       3.09996E-09
       5.35000E-06       5.37500E-06       5.36250E-06       2.50001E-08       2.92538E-11       1.17015E-03       6.27492E-09       3.12922E-09
       5.37500E-06       5.40000E-06       5.38750E-06       2.50001E-08       2.93900E-11       1.17559E-03       6.33351E-09       3.15861E-09
       5.40000E-06       5.42500E-06       5.41250E-06       2.50001E-08       2.95261E-11       1.18104E-03       6.39238E-09       3.18813E-09
       5.42500E-06       5.45000E-06       5.43750E-06       2.49996E-08       2.96623E-11       1.18651E-03       6.45164E-09       3.21780E-09
       5.45000E-06       5.47500E-06       5.46250E-06       2.50001E-08       2.97984E-11       1.19193E-03       6.51093E-09       3.24759E-09
       5.47500E-06       5.50000E-06       5.48750E-06       2.50001E-08       2.99346E-11       1.19738E-03       6.57062E-09       3.27753E-09
       5.50000E-06       5.52500E-06       5.51250E-06       2.50001E-08       3.00707E-11       1.20283E-03       6.63057E-09       3.30760E-09
       5.52500E-06       5.55000E-06       5.53750E-06       2.50001E-08       3.02069E-11       1.20827E-03       6.69080E-09       3.33781E-09
       5.55000E-06       5.57500E-06       5.56250E-06       2.49996E-08       3.03431E-11       1.21374E-03       6.75143E-09       3.36815E-09
       5.57500E-06       5.60000E-06       5.58750E-06       2.50001E-08       3.04792E-11       1.21916E-03       6.81208E-09       3.39863E-09
       5.60000E-06       5.62500E-06       5.61250E-06       2.50001E-08       3.06176E-11       1.22470E-03       6.87362E-09       3.42925E-09
       5.62500E-06       5.65000E-06       5.63750E-06       2.50001E-08       3.07537E-11       1.23014E-03       6.93494E-09       3.46000E-09
       5.65000E-06       5.67500E-06       5.66250E-06       2.50001E-08       3.08899E-11       1.23559E-03       6.99653E-09       3.49089E-09
       5.67500E-06       5.70000E-06       5.68750E-06       2.49996E-08       3.10260E-11       1.24106E-03       7.05853E-09       3.52192E-09
       5.70000E-06       5.72500E-06       5.71250E-06       2.50001E-08       3.11622E-11       1.24648E-03       7.12053E-09       3.55308E-09
       5.72500E-06       5.75000E-06       5.73750E-06       2.50001E-08       3.12983E-11       1.25193E-03       7.18294E-09       3.58438E-09
       5.75000E-06       5.77500E-06       5.76250E-06       2.50001E-08       3.14345E-11       1.25738E-03       7.24563E-09       3.61581E-09
       5.77500E-06       5.80000E-06       5.78750E-06       2.50001E-08       3.15707E-11       1.26282E-03       7.30858E-09       3.64738E-09
       5.80000E-06       5.82500E-06       5.81250E-06       2.49996E-08       3.17068E-11       1.26829E-03       7.37195E-09       3.67909E-09
       5.82500E-06       5.85000E-06       5.83750E-06       2.50001E-08       3.18430E-11       1.27371E-03       7.43531E-09       3.71093E-09
       5.85000E-06       5.87500E-06       5.86250E-06       2.50001E-08       3.19813E-11       1.27925E-03       7.49959E-09       3.74291E-09
       5.87500E-06       5.90000E-06       5.88750E-06       2.50001E-08       3.21175E-11       1.28469E-03       7.56364E-09       3.77503E-09
       5.90000E-06       5.92500E-06       5.91250E-06       2.50001E-08       3.22536E-11       1.29014E-03       7.62796E-09       3.80728E-09
       5.92500E-06       5.95000E-06       5.93750E-06       2.49996E-08       3.23898E-11       1.29561E-03       7.69269E-09       3.83967E-09
       5.95000E-06       5.97500E-06       5.96250E-06       2.50001E-08       3.25260E-11       1.30103E-03       7.75741E-09       3.87220E-09
       5.97500E-06       6.00000E-06       5.98750E-06       2.50001E-08       3.26621E-11       1.30648E-03       7.82255E-09       3.90486E-09
       6.00000E-06       6.02500E-06       6.01250E-06       2.50001E-08       3.27983E-11       1.31193E-03       7.88795E-09       3.93766E-09
       6.02500E-06       6.05000E-06       6.03750E-06       2.50001E-08       3.29344E-11       1.31737E-03       7.95363E-09       3.97059E-09
       6.05000E-06       6.07500E-06       6.06250E-06       2.49996E-08       3.30706E-11       1.32284E-03       8.01974E-09       4.00366E-09
       6.07500E-06       6.10000E-06       6.08750E-06       2.50001E-08       3.32067E-11       1.32826E-03       8.08581E-09       4.03687E-09
       6.10000E-06       6.12500E-06       6.11250E-06       2.50001E-08       3.33451E-11       1.33380E-03       8.15284E-09       4.07022E-09
       6.12500E-06       6.15000E-06       6.13750E-06       2.50001E-08       3.34812E-11       1.33924E-03       8.21961E-09       4.10370E-09
       6.15000E-06       6.17500E-06       6.16250E-06       2.50001E-08       3.36174E-11       1.34469E-03       8.28666E-09       4.13731E-09
       6.17500E-06       6.20000E-06       6.18750E-06       2.49996E-08       3.37536E-11       1.35016E-03       8.35413E-09       4.17107E-09
       6.20000E-06       6.22500E-06       6.21250E-06       2.50001E-08       3.38897E-11       1.35558E-03       8.42156E-09       4.20496E-09
       6.22500E-06       6.25000E-06       6.23750E-06       2.50001E-08       3.40259E-11       1.36103E-03       8.48942E-09       4.23898E-09
       6.25000E-06       6.27500E-06       6.26250E-06       2.50001E-08       3.41620E-11       1.36648E-03       8.55755E-09       4.27315E-09
       6.27500E-06       6.30000E-06       6.28750E-06       2.50001E-08       3.42982E-11       1.37192E-03       8.62596E-09       4.30744E-09
       6.30000E-06       6.32500E-06       6.31250E-06       2.49996E-08       3.44343E-11       1.37739E-03       8.69480E-09       4.34188E-09
       6.32500E-06       6.35000E-06       6.33750E-06       2.50001E-08       3.45705E-11       1.38281E-03       8.76359E-09       4.37645E-09
       6.35000E-06       6.37500E-06       6.36250E-06       2.50001E-08       3.47088E-11       1.38835E-03       8.83337E-09       4.41116E-09
       6.37500E-06       6.40000E-06       6.38750E-06       2.50001E-08       3.48450E-11       1.39379E-03       8.90286E-09       4.44600E-09
       6.40000E-06       6.42500E-06       6.41250E-06       2.50001E-08       3.49812E-11       1.39924E-03       8.97263E-09       4.48098E-09
       6.42500E-06       6.45000E-06       6.43750E-06       2.49996E-08       3.51173E-11       1.40471E-03       9.04285E-09       4.51610E-09
       6.45000E-06       6.47500E-06       6.46250E-06       2.50001E-08       3.52535E-11       1.41013E-03       9.11299E-09       4.55135E-09
       6.47500E-06       6.50000E-06       6.48750E-06       2.50001E-08       3.53896E-11       1.41558E-03       9.18357E-09       4.58674E-09
       6.50000E-06       6.52500E-06       6.51250E-06       2.50001E-08       3.55258E-11       1.42103E-03       9.25443E-09       4.62227E-09
       6.52500E-06       6.55000E-06       6.53750E-06       2.50001E-08       3.56619E-11       1.42647E-03       9.32556E-09       4.65793E-09
       6.55000E-06       6.57500E-06       6.56250E-06       2.49996E-08       3.57981E-11       1.43195E-03       9.39714E-09       4.69373E-09
       6.57500E-06       6.60000E-06       6.58750E-06       2.50001E-08       3.59342E-11       1.43736E-03       9.46864E-09       4.72966E-09
       6.60000E-06       6.62500E-06       6.61250E-06       2.50001E-08       3.60726E-11       1.44290E-03       9.54117E-09       4.76574E-09
       6.62500E-06       6.65000E-06       6.63750E-06       2.50001E-08       3.62088E-11       1.44834E-03       9.61339E-09       4.80195E-09
       6.65000E-06       6.67500E-06       6.66250E-06       2.50001E-08       3.63449E-11       1.45379E-03       9.68588E-09       4.83829E-09
       6.67500E-06       6.70000E-06       6.68750E-06       2.49996E-08       3.64811E-11       1.45927E-03       9.75883E-09       4.87477E-09
       6.70000E-06       6.72500E-06       6.71250E-06       2.50001E-08       3.66172E-11       1.46468E-03       9.83169E-09       4.91139E-09
       6.72500E-06       6.75000E-06       6.73750E-06       2.50001E-08       3.67534E-11       1.47013E-03       9.90500E-09       4.94814E-09
       6.75000E-06       6.77500E-06       6.76250E-06       2.50001E-08       3.68895E-11       1.47558E-03       9.97858E-09       4.98503E-09
       6.77500E-06       6.80000E-06       6.78750E-06       2.50001E-08       3.70257E-11       1.48102E-03       1.00524E-08       5.02206E-09
       6.80000E-06       6.82500E-06       6.81250E-06       2.49996E-08       3.71618E-11       1.48650E-03       1.01268E-08       5.05922E-09
       6.82500E-06       6.85000E-06       6.83750E-06       2.50001E-08       3.72980E-11       1.49191E-03       1.02010E-08       5.09652E-09
       6.85000E-06       6.87500E-06       6.86250E-06       2.50001E-08       3.74364E-11       1.49745E-03       1.02762E-08       5.13395E-09
       6.87500E-06       6.90000E-06       6.88750E-06       2.50001E-08       3.75725E-11       1.50289E-03       1.03512E-08       5.17153E-09
       6.90000E-06       6.92500E-06       6.91250E-06       2.50001E-08       3.77087E-11       1.50834E-03       1.04264E-08       5.20923E-09
       6.92500E-06       6.95000E-06       6.93750E-06       2.49996E-08       3.78448E-11       1.51382E-03       1.05021E-08       5.24708E-09
       6.95000E-06       6.97500E-06       6.96250E-06       2.50001E-08       3.79810E-11       1.51923E-03       1.05777E-08       5.28506E-09
       6.97500E-06       7.00000E-06       6.98750E-06       2.50001E-08       3.81171E-11       1.52468E-03       1.06537E-08       5.32318E-09
       7.00000E-06       7.02500E-06       7.01250E-06       2.50001E-08       3.82533E-11       1.53013E-03       1.07300E-08       5.36143E-09
       7.02500E-06       7.05000E-06       7.03750E-06       2.50001E-08       3.83895E-11       1.53557E-03       1.08066E-08       5.39982E-09
       7.05000E-06       7.07500E-06       7.06250E-06       2.49996E-08       3.85256E-11       1.54105E-03       1.08837E-08       5.43835E-09
       7.07500E-06       7.10000E-06       7.08750E-06       2.50001E-08       3.86618E-11       1.54646E-03       1.09606E-08       5.47701E-09
       7.10000E-06       7.12500E-06       7.11250E-06       2.50001E-08       3.88001E-11       1.55200E-03       1.10386E-08       5.51581E-09
       7.12500E-06       7.15000E-06       7.13750E-06       2.50001E-08       3.89363E-11       1.55744E-03       1.11163E-08       5.55474E-09
       7.15000E-06       7.17500E-06       7.16250E-06       2.50001E-08       3.90724E-11       1.56289E-03       1.11942E-08       5.59382E-09
       7.17500E-06       7.20000E-06       7.18750E-06       2.49996E-08       3.92086E-11       1.56837E-03       1.12726E-08       5.63303E-09
       7.20000E-06       7.22500E-06       7.21250E-06       2.50001E-08       3.93447E-11       1.57378E-03       1.13509E-08       5.67237E-09
       7.22500E-06       7.25000E-06       7.23750E-06       2.50001E-08       3.94809E-11       1.57923E-03       1.14297E-08       5.71185E-09
       7.25000E-06       7.27500E-06       7.26250E-06       2.50001E-08       3.96171E-11       1.58468E-03       1.15087E-08       5.75147E-09
       7.27500E-06       7.30000E-06       7.28750E-06       2.50001E-08       3.97532E-11       1.59012E-03       1.15880E-08       5.79122E-09
       7.30000E-06       7.32500E-06       7.31250E-06       2.49996E-08       3.98894E-11       1.59560E-03       1.16678E-08       5.83111E-09
       7.32500E-06       7.35000E-06       7.33750E-06       2.50001E-08       4.00255E-11       1.60101E-03       1.17474E-08       5.87114E-09
       7.35000E-06       7.37500E-06       7.36250E-06       2.50001E-08       4.01639E-11       1.60655E-03       1.18282E-08       5.91130E-09
       7.37500E-06       7.40000E-06       7.38750E-06       2.50001E-08       4.03000E-11       1.61200E-03       1.19086E-08       5.95160E-09
       7.40000E-06       7.42500E-06       7.41250E-06       2.50001E-08       4.04362E-11       1.61744E-03       1.19893E-08       5.99204E-09
       7.42500E-06       7.45000E-06       7.43750E-06       2.49996E-08       4.05723E-11       1.62292E-03       1.20705E-08       6.03261E-09
       7.45000E-06       7.47500E-06       7.46250E-06       2.50001E-08       4.07085E-11       1.62833E-03       1.21514E-08       6.07332E-09
       7.47500E-06       7.50000E-06       7.48750E-06       2.50001E-08       4.08447E-11       1.63378E-03       1.22329E-08       6.11416E-09
       7.50000E-06       7.52500E-06       7.51250E-06       2.50001E-08       4.09808E-11       1.63923E-03       1.23147E-08       6.15514E-09
       7.52500E-06       7.55000E-06       7.53750E-06       2.50001E-08       4.11170E-11       1.64467E-03       1.23967E-08       6.19626E-09
       7.55000E-06       7.57500E-06       7.56250E-06       2.49996E-08       4.12531E-11       1.65015E-03       1.24793E-08       6.23751E-09
       7.57500E-06       7.60000E-06       7.58750E-06       2.50001E-08       4.13915E-11       1.65565E-03       1.25623E-08       6.27890E-09
       7.60000E-06       7.62500E-06       7.61250E-06       2.50001E-08       4.15276E-11       1.66110E-03       1.26451E-08       6.32043E-09
       7.62500E-06       7.65000E-06       7.63750E-06       2.50001E-08       4.16638E-11       1.66655E-03       1.27282E-08       6.36210E-09
       7.65000E-06       7.67500E-06       7.66250E-06       2.50001E-08       4.17999E-11       1.67199E-03       1.28116E-08       6.40390E-09
       7.67500E-06       7.70000E-06       7.68750E-06       2.49996E-08       4.19361E-11       1.67747E-03       1.28955E-08       6.44583E-09
       7.70000E-06       7.72500E-06       7.71250E-06       2.50001E-08       4.20723E-11       1.68288E-03       1.29792E-08       6.48790E-09
       7.72500E-06       7.75000E-06       7.73750E-06       2.50001E-08       4.22084E-11       1.68833E-03       1.30635E-08       6.53011E-09
       7.75000E-06       7.77500E-06       7.76250E-06       2.50001E-08       4.23446E-11       1.69378E-03       1.31479E-08       6.57246E-09
       7.77500E-06       7.80000E-06       7.78750E-06       2.50001E-08       4.24807E-11       1.69922E-03       1.32327E-08       6.61494E-09
       7.80000E-06       7.82500E-06       7.81250E-06       2.49996E-08       4.26169E-11       1.70470E-03       1.33180E-08       6.65755E-09
       7.82500E-06       7.85000E-06       7.83750E-06       2.50001E-08       4.27552E-11       1.71020E-03       1.34037E-08       6.70031E-09
       7.85000E-06       7.87500E-06       7.86250E-06       2.50001E-08       4.28914E-11       1.71565E-03       1.34893E-08       6.74320E-09
       7.87500E-06       7.90000E-06       7.88750E-06       2.50001E-08       4.30275E-11       1.72110E-03       1.35751E-08       6.78623E-09
       7.90000E-06       7.92500E-06       7.91250E-06       2.50001E-08       4.31637E-11       1.72654E-03       1.36613E-08       6.82939E-09
       7.92500E-06       7.95000E-06       7.93750E-06       2.49996E-08       4.32999E-11       1.73202E-03       1.37479E-08       6.87269E-09
       7.95000E-06       7.97500E-06       7.96250E-06       2.50001E-08       4.34360E-11       1.73743E-03       1.38343E-08       6.91613E-09
       7.97500E-06       8.00000E-06       7.98750E-06       2.50001E-08       4.35722E-11       1.74288E-03       1.39213E-08       6.95970E-09
       8.00000E-06       8.02500E-06       8.01250E-06       2.49996E-08       4.37083E-11       1.74836E-03       1.40087E-08       7.00341E-09
       8.02500E-06       8.05000E-06       8.03750E-06       2.50006E-08       4.38445E-11       1.75374E-03       1.40957E-08       7.04725E-09
       8.05000E-06       8.07500E-06       8.06250E-06       2.49996E-08       4.39806E-11       1.75925E-03       1.41840E-08       7.09123E-09
       8.07500E-06       8.10000E-06       8.08750E-06       2.50006E-08       4.41190E-11       1.76472E-03       1.42722E-08       7.13535E-09
       8.10000E-06       8.12500E-06       8.11250E-06       2.49996E-08       4.42551E-11       1.77023E-03       1.43610E-08       7.17961E-09
       8.12500E-06       8.15000E-06       8.13750E-06       2.49996E-08       4.43913E-11       1.77568E-03       1.44496E-08       7.22400E-09
       8.15000E-06       8.17500E-06       8.16250E-06       2.50006E-08       4.45275E-11       1.78106E-03       1.45379E-08       7.26853E-09
       8.17500E-06       8.20000E-06       8.18750E-06       2.49996E-08       4.46636E-11       1.78657E-03       1.46276E-08       7.31319E-09
       8.20000E-06       8.22500E-06       8.21250E-06       2.50006E-08       4.47998E-11       1.79195E-03       1.47164E-08       7.35799E-09
       8.22500E-06       8.25000E-06       8.23750E-06       2.49996E-08       4.49359E-11       1.79746E-03       1.48066E-08       7.40293E-09
       8.25000E-06       8.27500E-06       8.26250E-06       2.49996E-08       4.50721E-11       1.80291E-03       1.48966E-08       7.44800E-09
       8.27500E-06       8.30000E-06       8.28750E-06       2.50006E-08       4.52082E-11       1.80829E-03       1.49862E-08       7.49321E-09
       8.30000E-06       8.32500E-06       8.31250E-06       2.49996E-08       4.53444E-11       1.81380E-03       1.50772E-08       7.53855E-09
       8.32500E-06       8.35000E-06       8.33750E-06       2.50006E-08       4.54827E-11       1.81927E-03       1.51681E-08       7.58403E-09
       8.35000E-06       8.37500E-06       8.36250E-06       2.49996E-08       4.56189E-11       1.82478E-03       1.52598E-08       7.62965E-09
       8.37500E-06       8.40000E-06       8.38750E-06       2.49996E-08       4.57551E-11       1.83023E-03       1.53511E-08       7.67541E-09
       8.40000E-06       8.42500E-06       8.41250E-06       2.50006E-08       4.58912E-11       1.83561E-03       1.54420E-08       7.72130E-09
       8.42500E-06       8.45000E-06       8.43750E-06       2.49996E-08       4.60274E-11       1.84112E-03       1.55345E-08       7.76733E-09
       8.45000E-06       8.47500E-06       8.46250E-06       2.50006E-08       4.61635E-11       1.84650E-03       1.56260E-08       7.81349E-09
       8.47500E-06       8.50000E-06       8.48750E-06       2.49996E-08       4.62997E-11       1.85202E-03       1.57190E-08       7.85979E-09
       8.50000E-06       8.52500E-06       8.51250E-06       2.49996E-08       4.64358E-11       1.85746E-03       1.58116E-08       7.90623E-09
       8.52500E-06       8.55000E-06       8.53750E-06       2.50006E-08       4.65720E-11       1.86284E-03       1.59040E-08       7.95280E-09
       8.55000E-06       8.57500E-06       8.56250E-06       2.49996E-08       4.67082E-11       1.86835E-03       1.59978E-08       7.99951E-09
       8.57500E-06       8.60000E-06       8.58750E-06       2.50006E-08       4.68465E-11       1.87382E-03       1.60914E-08       8.04635E-09
       8.60000E-06       8.62500E-06       8.61250E-06       2.49996E-08       4.69827E-11       1.87934E-03       1.61858E-08       8.09333E-09
       8.62500E-06       8.65000E-06       8.63750E-06       2.49996E-08       4.71188E-11       1.88478E-03       1.62798E-08       8.14045E-09
       8.65000E-06       8.67500E-06       8.66250E-06       2.50006E-08       4.72550E-11       1.89016E-03       1.63735E-08       8.18771E-09
       8.67500E-06       8.70000E-06       8.68750E-06       2.49996E-08       4.73911E-11       1.89567E-03       1.64687E-08       8.23510E-09
       8.70000E-06       8.72500E-06       8.71250E-06       2.50006E-08       4.75273E-11       1.90105E-03       1.65629E-08       8.28263E-09
       8.72500E-06       8.75000E-06       8.73750E-06       2.49996E-08       4.76634E-11       1.90657E-03       1.66586E-08       8.33029E-09
       8.75000E-06       8.77500E-06       8.76250E-06       2.49996E-08       4.77996E-11       1.91201E-03       1.67540E-08       8.37809E-09
       8.77500E-06       8.80000E-06       8.78750E-06       2.50006E-08       4.79358E-11       1.91739E-03       1.68490E-08       8.42603E-09
       8.80000E-06       8.82500E-06       8.81250E-06       2.49996E-08       4.80719E-11       1.92291E-03       1.69456E-08       8.47410E-09
       8.82500E-06       8.85000E-06       8.83750E-06       2.50006E-08       4.82103E-11       1.92837E-03       1.70419E-08       8.52231E-09
       8.85000E-06       8.87500E-06       8.86250E-06       2.49996E-08       4.83464E-11       1.93389E-03       1.71391E-08       8.57065E-09
       8.87500E-06       8.90000E-06       8.88750E-06       2.49996E-08       4.84826E-11       1.93933E-03       1.72358E-08       8.61914E-09
       8.90000E-06       8.92500E-06       8.91250E-06       2.50006E-08       4.86187E-11       1.94470E-03       1.73322E-08       8.66776E-09
       8.92500E-06       8.95000E-06       8.93750E-06       2.49996E-08       4.87549E-11       1.95023E-03       1.74301E-08       8.71651E-09
       8.95000E-06       8.97500E-06       8.96250E-06       2.50006E-08       4.88910E-11       1.95560E-03       1.75270E-08       8.76540E-09
       8.97500E-06       9.00000E-06       8.98750E-06       2.49996E-08       4.90272E-11       1.96112E-03       1.76255E-08       8.81443E-09
       9.00000E-06       9.02500E-06       9.01250E-06       2.49996E-08       4.91634E-11       1.96656E-03       1.77237E-08       8.86359E-09
       9.02500E-06       9.05000E-06       9.03750E-06       2.50006E-08       4.92995E-11       1.97194E-03       1.78214E-08       8.91289E-09
       9.05000E-06       9.07500E-06       9.06250E-06       2.49996E-08       4.94357E-11       1.97746E-03       1.79207E-08       8.96233E-09
       9.07500E-06       9.10000E-06       9.08750E-06       2.50006E-08       4.95740E-11       1.98292E-03       1.80197E-08       9.01190E-09
       9.10000E-06       9.12500E-06       9.11250E-06       2.49996E-08       4.97102E-11       1.98844E-03       1.81196E-08       9.06161E-09
       9.12500E-06       9.15000E-06       9.13750E-06       2.49996E-08       4.98463E-11       1.99388E-03       1.82191E-08       9.11146E-09
       9.15000E-06       9.17500E-06       9.16250E-06       2.50006E-08       4.99825E-11       1.99925E-03       1.83182E-08       9.16144E-09
       9.17500E-06       9.20000E-06       9.18750E-06       2.49996E-08       5.01186E-11       2.00478E-03       1.84189E-08       9.21156E-09
       9.20000E-06       9.22500E-06       9.21250E-06       2.50006E-08       5.02548E-11       2.01015E-03       1.85185E-08       9.26181E-09
       9.22500E-06       9.25000E-06       9.23750E-06       2.49996E-08       5.03910E-11       2.01567E-03       1.86197E-08       9.31220E-09
       9.25000E-06       9.27500E-06       9.26250E-06       2.49996E-08       5.05271E-11       2.02112E-03       1.87206E-08       9.36273E-09
       9.27500E-06       9.30000E-06       9.28750E-06       2.50006E-08       5.06633E-11       2.02648E-03       1.88210E-08       9.41339E-09
       9.30000E-06       9.32500E-06       9.31250E-06       2.49996E-08       5.07994E-11       2.03201E-03       1.89231E-08       9.46419E-09
       9.32500E-06       9.35000E-06       9.33750E-06       2.50006E-08       5.09378E-11       2.03746E-03       1.90248E-08       9.51513E-09
       9.35000E-06       9.37500E-06       9.36250E-06       2.49996E-08       5.10739E-11       2.04299E-03       1.91275E-08       9.56621E-09
       9.37500E-06       9.40000E-06       9.38750E-06       2.49996E-08       5.12101E-11       2.04843E-03       1.92297E-08       9.61742E-09
       9.40000E-06       9.42500E-06       9.41250E-06       2.50006E-08       5.13463E-11       2.05380E-03       1.93314E-08       9.66876E-09
       9.42500E-06       9.45000E-06       9.43750E-06       2.49996E-08       5.14824E-11       2.05933E-03       1.94349E-08       9.72024E-09
       9.45000E-06       9.47500E-06       9.46250E-06       2.50006E-08       5.16186E-11       2.06470E-03       1.95372E-08       9.77186E-09
       9.47500E-06       9.50000E-06       9.48750E-06       2.49996E-08       5.17547E-11       2.07022E-03       1.96412E-08       9.82362E-09
       9.50000E-06       9.52500E-06       9.51250E-06       2.49996E-08       5.18909E-11       2.07567E-03       1.97448E-08       9.87551E-09
       9.52500E-06       9.55000E-06       9.53750E-06       2.50006E-08       5.20270E-11       2.08103E-03       1.98479E-08       9.92754E-09
       9.55000E-06       9.57500E-06       9.56250E-06       2.49996E-08       5.21632E-11       2.08656E-03       1.99527E-08       9.97970E-09
       9.57500E-06       9.60000E-06       9.58750E-06       2.50006E-08       5.23015E-11       2.09201E-03       2.00572E-08       1.00320E-08
       9.60000E-06       9.62500E-06       9.61250E-06       2.49996E-08       5.24377E-11       2.09754E-03       2.01626E-08       1.00844E-08
       9.62500E-06       9.65000E-06       9.63750E-06       2.49996E-08       5.25739E-11       2.10299E-03       2.02675E-08       1.01370E-08
       9.65000E-06       9.67500E-06       9.66250E-06       2.50006E-08       5.27100E-11       2.10835E-03       2.03719E-08       1.01897E-08
       9.67500E-06       9.70000E-06       9.68750E-06       2.49996E-08       5.28462E-11       2.11388E-03       2.04782E-08       1.02426E-08
       9.70000E-06       9.72500E-06       9.71250E-06       2.50006E-08       5.29823E-11       2.11924E-03       2.05832E-08       1.02956E-08
       9.72500E-06       9.75000E-06       9.73750E-06       2.49996E-08       5.31185E-11       2.12477E-03       2.06900E-08       1.03487E-08
       9.75000E-06       9.77500E-06       9.76250E-06       2.49996E-08       5.32546E-11       2.13022E-03       2.07962E-08       1.04019E-08
       9.77500E-06       9.80000E-06       9.78750E-06       2.50006E-08       5.33908E-11       2.13558E-03       2.09020E-08       1.04553E-08
       9.80000E-06       9.82500E-06       9.81250E-06       2.49996E-08       5.35269E-11       2.14111E-03       2.10096E-08       1.05088E-08
       9.82500E-06       9.85000E-06       9.83750E-06       2.50006E-08       5.36653E-11       2.14656E-03       2.11168E-08       1.05625E-08
       9.85000E-06       9.87500E-06       9.86250E-06       2.49996E-08       5.38014E-11       2.15209E-03       2.12250E-08       1.06163E-08
       9.87500E-06       9.90000E-06       9.88750E-06       2.49996E-08       5.39376E-11       2.15754E-03       2.13326E-08       1.06702E-08
       9.90000E-06       9.92500E-06       9.91250E-06       2.50006E-08       5.40738E-11       2.16290E-03       2.14398E-08       1.07243E-08
       9.92500E-06       9.95000E-06       9.93750E-06       2.49996E-08       5.42099E-11       2.16843E-03       2.15488E-08       1.07785E-08
       9.95000E-06       9.97500E-06       9.96250E-06       2.50006E-08       5.43461E-11       2.17379E-03       2.16564E-08       1.08329E-08
       9.97500E-06       1.00000E-05       9.98750E-06       2.49996E-08       5.44822E-11       2.17932E-03       2.17660E-08       1.08874E-08
       1.00000E-05       1.04713E-05       1.02356E-05       4.71300E-07       1.05260E-09       2.23339E-03       2.28602E-08       1.19400E-08
       1.04713E-05       1.09648E-05       1.07180E-05       4.93500E-07       1.15412E-09       2.33865E-03       2.50657E-08       1.30941E-08
       1.09648E-05       1.14815E-05       1.12232E-05       5.16700E-07       1.26551E-09       2.44921E-03       2.74878E-08       1.43596E-08
       1.14815E-05       1.20226E-05       1.17521E-05       5.41101E-07       1.38756E-09       2.56434E-03       3.01362E-08       1.57471E-08
       1.20226E-05       1.25892E-05       1.23059E-05       5.66600E-07       1.52146E-09       2.68524E-03       3.30443E-08       1.72686E-08
       1.25892E-05       1.31826E-05       1.28859E-05       5.93400E-07       1.66826E-09       2.81137E-03       3.62270E-08       1.89369E-08
       1.31826E-05       1.38038E-05       1.34932E-05       6.21200E-07       1.82917E-09       2.94458E-03       3.97318E-08       2.07660E-08
       1.38038E-05       1.44544E-05       1.41291E-05       6.50600E-07       2.00569E-09       3.08283E-03       4.35576E-08       2.27717E-08
       1.44544E-05       1.51356E-05       1.47950E-05       6.81200E-07       2.19916E-09       3.22837E-03       4.77637E-08       2.49709E-08
       1.51356E-05       1.58489E-05       1.54922E-05       7.13300E-07       2.41135E-09       3.38055E-03       5.23724E-08       2.73822E-08
       1.58489E-05       1.65959E-05       1.62224E-05       7.47000E-07       2.64400E-09       3.53949E-03       5.74190E-08       3.00262E-08
       1.65959E-05       1.73780E-05       1.69869E-05       7.82101E-07       2.89907E-09       3.70678E-03       6.29668E-08       3.29253E-08
       1.73780E-05       1.81970E-05       1.77875E-05       8.19000E-07       3.17879E-09       3.88130E-03       6.90386E-08       3.61041E-08
       1.81970E-05       1.90546E-05       1.86258E-05       8.57599E-07       3.48547E-09       4.06421E-03       7.56992E-08       3.95896E-08
       1.90546E-05       1.99526E-05       1.95036E-05       8.98001E-07       3.82171E-09       4.25579E-03       8.30033E-08       4.34113E-08
       1.99526E-05       2.08930E-05       2.04228E-05       9.40399E-07       4.19045E-09       4.45603E-03       9.10046E-08       4.76017E-08
       2.08930E-05       2.18776E-05       2.13853E-05       9.84600E-07       4.59474E-09       4.66661E-03       9.97968E-08       5.21965E-08
       2.18776E-05       2.29087E-05       2.23932E-05       1.03110E-06       5.01909E-09       4.86770E-03       1.09003E-07       5.72155E-08
       2.29087E-05       2.39883E-05       2.34485E-05       1.07960E-06       5.38359E-09       4.98666E-03       1.16930E-07       6.25991E-08
       2.39883E-05       2.51189E-05       2.45536E-05       1.13060E-06       5.76044E-09       5.09503E-03       1.25101E-07       6.83596E-08
       2.51189E-05       2.63027E-05       2.57108E-05       1.18380E-06       6.16697E-09       5.20947E-03       1.33940E-07       7.45266E-08
       2.63027E-05       2.75423E-05       2.69225E-05       1.23960E-06       6.60564E-09       5.32885E-03       1.43466E-07       8.11322E-08
       2.75423E-05       2.88403E-05       2.81913E-05       1.29800E-06       7.07926E-09       5.45398E-03       1.53755E-07       8.82115E-08
       2.88403E-05       3.01995E-05       2.95199E-05       1.35920E-06       7.59086E-09       5.58480E-03       1.64863E-07       9.58023E-08
       3.01995E-05       3.16228E-05       3.09111E-05       1.42330E-06       8.14376E-09       5.72174E-03       1.76866E-07       1.03946E-07
       3.16228E-05       3.31131E-05       3.23679E-05       1.49030E-06       8.74151E-09       5.86562E-03       1.89858E-07       1.12688E-07
       3.31131E-05       3.46737E-05       3.38934E-05       1.56060E-06       9.37806E-09       6.00927E-03       2.03674E-07       1.22066E-07
       3.46737E-05       3.63078E-05       3.54907E-05       1.63410E-06       1.00390E-08       6.14343E-03       2.18035E-07       1.32105E-07
       3.63078E-05       3.80189E-05       3.71634E-05       1.71110E-06       1.07503E-08       6.28268E-03       2.33485E-07       1.42855E-07
       3.80189E-05       3.98107E-05       3.89148E-05       1.79180E-06       1.15182E-08       6.42827E-03       2.50155E-07       1.54373E-07
       3.98107E-05       4.16869E-05       4.07488E-05       1.87620E-06       1.23473E-08       6.58102E-03       2.68169E-07       1.66720E-07
       4.16869E-05       4.36516E-05       4.26692E-05       1.96470E-06       1.32432E-08       6.74059E-03       2.87616E-07       1.79964E-07
       4.36516E-05       4.57088E-05       4.46802E-05       2.05720E-06       1.42048E-08       6.90493E-03       3.08513E-07       1.94168E-07
       4.57088E-05       4.78630E-05       4.67859E-05       2.15420E-06       1.51999E-08       7.05597E-03       3.30120E-07       2.09368E-07
       4.78630E-05       5.01187E-05       4.89908E-05       2.25570E-06       1.62642E-08       7.21026E-03       3.53237E-07       2.25633E-07
       5.01187E-05       5.24808E-05       5.12998E-05       2.36210E-06       1.74122E-08       7.37149E-03       3.78156E-07       2.43045E-07
       5.24808E-05       5.49541E-05       5.37174E-05       2.47330E-06       1.86510E-08       7.54095E-03       4.05081E-07       2.61696E-07
       5.49541E-05       5.75440E-05       5.62490E-05       2.58990E-06       1.99886E-08       7.71792E-03       4.34126E-07       2.81684E-07
       5.75440E-05       6.02560E-05       5.89000E-05       2.71200E-06       2.14336E-08       7.90325E-03       4.65502E-07       3.03118E-07
       6.02560E-05       6.30957E-05       6.16758E-05       2.83970E-06       2.29950E-08       8.09770E-03       4.99432E-07       3.26113E-07
       6.30957E-05       6.60693E-05       6.45825E-05       2.97360E-06       2.46834E-08       8.30084E-03       5.36089E-07       3.50796E-07
       6.60693E-05       6.91831E-05       6.76262E-05       3.11380E-06       2.64850E-08       8.50569E-03       5.75207E-07       3.77281E-07
       6.91831E-05       7.24436E-05       7.08134E-05       3.26051E-06       2.83541E-08       8.69622E-03       6.15809E-07       4.05636E-07
       7.24436E-05       7.58578E-05       7.41507E-05       3.41420E-06       3.03639E-08       8.89342E-03       6.59454E-07       4.35999E-07
       7.58578E-05       7.94328E-05       7.76453E-05       3.57500E-06       3.25332E-08       9.10020E-03       7.06588E-07       4.68533E-07
       7.94328E-05       8.31764E-05       8.13046E-05       3.74360E-06       3.48764E-08       9.31628E-03       7.57456E-07       5.03409E-07
       8.31764E-05       8.70964E-05       8.51364E-05       3.92000E-06       3.74078E-08       9.54281E-03       8.12441E-07       5.40817E-07
       8.70964E-05       9.12011E-05       8.91488E-05       4.10471E-06       4.01285E-08       9.77622E-03       8.71538E-07       5.80945E-07
       9.12011E-05       9.54993E-05       9.33502E-05       4.29820E-06       4.29463E-08       9.99170E-03       9.32728E-07       6.23892E-07
       9.54993E-05       1.00000E-04       9.77497E-05       4.50070E-06       4.59547E-08       1.02106E-02       9.98079E-07       6.69846E-07
       1.00000E-04       1.04713E-04       1.02356E-04       4.71300E-06       4.92005E-08       1.04393E-02       1.06853E-06       7.19047E-07
       1.04713E-04       1.09648E-04       1.07181E-04       4.93501E-06       5.27019E-08       1.06792E-02       1.14460E-06       7.71749E-07
       1.09648E-04       1.14815E-04       1.12232E-04       5.16700E-06       5.64850E-08       1.09319E-02       1.22690E-06       8.28234E-07
       1.14815E-04       1.20226E-04       1.17520E-04       5.41100E-06       6.05686E-08       1.11936E-02       1.31548E-06       8.88802E-07
       1.20226E-04       1.25892E-04       1.23059E-04       5.66600E-06       6.49845E-08       1.14692E-02       1.41139E-06       9.53787E-07
       1.25892E-04       1.31826E-04       1.28859E-04       5.93401E-06       6.97590E-08       1.17558E-02       1.51484E-06       1.02355E-06
       1.31826E-04       1.38038E-04       1.34932E-04       6.21199E-06       7.48615E-08       1.20511E-02       1.62608E-06       1.09841E-06
       1.38038E-04       1.44544E-04       1.41291E-04       6.50601E-06       8.01556E-08       1.23202E-02       1.74074E-06       1.17856E-06
       1.44544E-04       1.51356E-04       1.47950E-04       6.81200E-06       8.58401E-08       1.26013E-02       1.86436E-06       1.26440E-06
       1.51356E-04       1.58489E-04       1.54922E-04       7.13300E-06       9.19785E-08       1.28948E-02       1.99769E-06       1.35638E-06
       1.58489E-04       1.65959E-04       1.62224E-04       7.47000E-06       9.86076E-08       1.32005E-02       2.14143E-06       1.45499E-06
       1.65959E-04       1.73780E-04       1.69870E-04       7.82100E-06       1.05770E-07       1.35239E-02       2.29729E-06       1.56076E-06
       1.73780E-04       1.81970E-04       1.77875E-04       8.19000E-06       1.13475E-07       1.38553E-02       2.46451E-06       1.67423E-06
       1.81970E-04       1.90546E-04       1.86258E-04       8.57600E-06       1.21437E-07       1.41600E-02       2.63742E-06       1.79567E-06
       1.90546E-04       1.99526E-04       1.95036E-04       8.98000E-06       1.29913E-07       1.44669E-02       2.82157E-06       1.92558E-06
       1.99526E-04       2.08930E-04       2.04228E-04       9.40399E-06       1.39057E-07       1.47870E-02       3.01992E-06       2.06464E-06
       2.08930E-04       2.18776E-04       2.13853E-04       9.84601E-06       1.48923E-07       1.51252E-02       3.23456E-06       2.21356E-06
       2.18776E-04       2.29087E-04       2.23932E-04       1.03110E-05       1.59571E-07       1.54758E-02       3.46552E-06       2.37313E-06
       2.29087E-04       2.39883E-04       2.34485E-04       1.07960E-05       1.71073E-07       1.58459E-02       3.71563E-06       2.54421E-06
       2.39883E-04       2.51189E-04       2.45536E-04       1.13060E-05       1.83500E-07       1.62303E-02       3.98512E-06       2.72771E-06
       2.51189E-04       2.63027E-04       2.57108E-04       1.18380E-05       1.96936E-07       1.66359E-02       4.27723E-06       2.92464E-06
       2.63027E-04       2.75423E-04       2.69225E-04       1.23960E-05       2.11315E-07       1.70471E-02       4.58950E-06       3.13596E-06
       2.75423E-04       2.88403E-04       2.81913E-04       1.29800E-05       2.26180E-07       1.74252E-02       4.91240E-06       3.36214E-06
       2.88403E-04       3.01995E-04       2.95199E-04       1.35920E-05       2.42119E-07       1.78133E-02       5.25848E-06       3.60426E-06
       3.01995E-04       3.16228E-04       3.09111E-04       1.42330E-05       2.59318E-07       1.82195E-02       5.63186E-06       3.86357E-06
       3.16228E-04       3.31131E-04       3.23680E-04       1.49030E-05       2.77886E-07       1.86463E-02       6.03542E-06       4.14146E-06
       3.31131E-04       3.46737E-04       3.38934E-04       1.56060E-05       2.97945E-07       1.90917E-02       6.47083E-06       4.43941E-06
       3.46737E-04       3.63078E-04       3.54908E-04       1.63410E-05       3.19541E-07       1.95545E-02       6.94006E-06       4.75895E-06
       3.63078E-04       3.80189E-04       3.71634E-04       1.71110E-05       3.41961E-07       1.99848E-02       7.42704E-06       5.10091E-06
       3.80189E-04       3.98107E-04       3.89148E-04       1.79180E-05       3.65816E-07       2.04161E-02       7.94490E-06       5.46672E-06
       3.98107E-04       4.16869E-04       4.07488E-04       1.87620E-05       3.91543E-07       2.08690E-02       8.50385E-06       5.85827E-06
       4.16869E-04       4.36516E-04       4.26692E-04       1.96470E-05       4.19300E-07       2.13417E-02       9.10632E-06       6.27757E-06
       4.36516E-04       4.57088E-04       4.46802E-04       2.05720E-05       4.49265E-07       2.18386E-02       9.75754E-06       6.72683E-06
       4.57088E-04       4.78630E-04       4.67859E-04       2.15420E-05       4.81624E-07       2.23574E-02       1.04601E-05       7.20846E-06
       4.78630E-04       5.01187E-04       4.89909E-04       2.25570E-05       5.16587E-07       2.29014E-02       1.12196E-05       7.72504E-06
       5.01187E-04       5.24808E-04       5.12998E-04       2.36210E-05       5.54384E-07       2.34700E-02       1.20400E-05       8.27943E-06
       5.24808E-04       5.49541E-04       5.37175E-04       2.47330E-05       5.94930E-07       2.40541E-02       1.29212E-05       8.87436E-06
       5.49541E-04       5.75440E-04       5.62491E-04       2.58990E-05       6.36982E-07       2.45949E-02       1.38344E-05       9.51134E-06
       5.75440E-04       6.02560E-04       5.89000E-04       2.71200E-05       6.82050E-07       2.51493E-02       1.48130E-05       1.01934E-05
       6.02560E-04       6.30957E-04       6.16758E-04       2.83970E-05       7.30689E-07       2.57312E-02       1.58699E-05       1.09241E-05
       6.30957E-04       6.60693E-04       6.45825E-04       2.97360E-05       7.83216E-07       2.63390E-02       1.70104E-05       1.17073E-05
       6.60693E-04       6.91831E-04       6.76262E-04       3.11380E-05       8.39963E-07       2.69755E-02       1.82425E-05       1.25473E-05
       6.91831E-04       7.24436E-04       7.08133E-04       3.26050E-05       9.01141E-07       2.76381E-02       1.95715E-05       1.34484E-05
       7.24436E-04       7.58578E-04       7.41507E-04       3.41420E-05       9.64754E-07       2.82571E-02       2.09528E-05       1.44132E-05
       7.58578E-04       7.94328E-04       7.76453E-04       3.57500E-05       1.03233E-06       2.88763E-02       2.24211E-05       1.54455E-05
       7.94328E-04       8.31764E-04       8.13046E-04       3.74360E-05       1.10523E-06       2.95232E-02       2.40037E-05       1.65507E-05
       8.31764E-04       8.70964E-04       8.51364E-04       3.92000E-05       1.18389E-06       3.02014E-02       2.57123E-05       1.77346E-05
       8.70964E-04       9.12011E-04       8.91487E-04       4.10470E-05       1.26883E-06       3.09117E-02       2.75574E-05       1.90034E-05
       9.12011E-04       9.54993E-04       9.33502E-04       4.29820E-05       1.36059E-06       3.16549E-02       2.95499E-05       2.03640E-05
       9.54993E-04       1.00000E-03       9.77497E-04       4.50070E-05       1.45975E-06       3.24339E-02       3.17040E-05       2.18238E-05
       1.00000E-03       1.04713E-03       1.02356E-03       4.71300E-05       1.56698E-06       3.32481E-02       3.40316E-05       2.33908E-05
       1.04713E-03       1.09648E-03       1.07180E-03       4.93500E-05       1.68217E-06       3.40865E-02       3.65341E-05       2.50729E-05
       1.09648E-03       1.14815E-03       1.12231E-03       5.16700E-05       1.80180E-06       3.48712E-02       3.91365E-05       2.68747E-05
       1.14815E-03       1.20226E-03       1.17520E-03       5.41100E-05       1.92976E-06       3.56637E-02       4.19121E-05       2.88045E-05
       1.20226E-03       1.25892E-03       1.23059E-03       5.66600E-05       2.06800E-06       3.64983E-02       4.49145E-05       3.08725E-05
       1.25892E-03       1.31826E-03       1.28859E-03       5.93400E-05       2.21730E-06       3.73661E-02       4.81496E-05       3.30898E-05
       1.31826E-03       1.38038E-03       1.34932E-03       6.21200E-05       2.37858E-06       3.82901E-02       5.16656E-05       3.54684E-05
       1.38038E-03       1.44544E-03       1.41291E-03       6.50599E-05       2.55269E-06       3.92359E-02       5.54368E-05       3.80211E-05
       1.44544E-03       1.51356E-03       1.47950E-03       6.81201E-05       2.73399E-06       4.01349E-02       5.93796E-05       4.07551E-05
       1.51356E-03       1.58489E-03       1.54923E-03       7.13300E-05       2.92630E-06       4.10249E-02       6.35568E-05       4.36814E-05
       1.58489E-03       1.65959E-03       1.62224E-03       7.47000E-05       3.13379E-06       4.19517E-02       6.80557E-05       4.68151E-05
       1.65959E-03       1.73780E-03       1.69870E-03       7.82101E-05       3.35772E-06       4.29321E-02       7.29285E-05       5.01729E-05
       1.73780E-03       1.81970E-03       1.77875E-03       8.18999E-05       3.59960E-06       4.39512E-02       7.81781E-05       5.37725E-05
       1.81970E-03       1.90546E-03       1.86258E-03       8.57600E-05       3.86093E-06       4.50201E-02       8.38536E-05       5.76334E-05
       1.90546E-03       1.99526E-03       1.95036E-03       8.98001E-05       4.14339E-06       4.61401E-02       8.99899E-05       6.17768E-05
       1.99526E-03       2.08930E-03       2.04228E-03       9.40400E-05       4.44893E-06       4.73088E-02       9.66179E-05       6.62257E-05
       2.08930E-03       2.18776E-03       2.13853E-03       9.84600E-05       4.77757E-06       4.85229E-02       1.03768E-04       7.10033E-05
       2.18776E-03       2.29087E-03       2.23932E-03       1.03110E-04       5.11732E-06       4.96297E-02       1.11136E-04       7.61206E-05
       2.29087E-03       2.39883E-03       2.34485E-03       1.07960E-04       5.48004E-06       5.07600E-02       1.19025E-04       8.16006E-05
       2.39883E-03       2.51189E-03       2.45536E-03       1.13060E-04       5.87160E-06       5.19336E-02       1.27516E-04       8.74722E-05
       2.51189E-03       2.63027E-03       2.57108E-03       1.18380E-04       6.29452E-06       5.31721E-02       1.36710E-04       9.37668E-05
       2.63027E-03       2.75423E-03       2.69225E-03       1.23960E-04       6.75141E-06       5.44645E-02       1.46632E-04       1.00518E-04
       2.75423E-03       2.88403E-03       2.81913E-03       1.29800E-04       7.24472E-06       5.58144E-02       1.57348E-04       1.07763E-04
       2.88403E-03       3.01995E-03       2.95199E-03       1.35920E-04       7.76016E-06       5.70936E-02       1.68540E-04       1.15523E-04
       3.01995E-03       3.16228E-03       3.09112E-03       1.42330E-04       8.30592E-06       5.83568E-02       1.80387E-04       1.23829E-04
       3.16228E-03       3.31131E-03       3.23679E-03       1.49030E-04       8.89471E-06       5.96840E-02       1.93185E-04       1.32724E-04
       3.31131E-03       3.46737E-03       3.38934E-03       1.56060E-04       9.53040E-06       6.10688E-02       2.06983E-04       1.42254E-04
       3.46737E-03       3.63078E-03       3.54907E-03       1.63410E-04       1.02168E-05       6.25227E-02       2.21898E-04       1.52471E-04
       3.63078E-03       3.80189E-03       3.71633E-03       1.71110E-04       1.09585E-05       6.40438E-02       2.38008E-04       1.63429E-04
       3.80189E-03       3.98107E-03       3.89148E-03       1.79180E-04       1.17603E-05       6.56341E-02       2.55414E-04       1.75190E-04
       3.98107E-03       4.16869E-03       4.07488E-03       1.87620E-04       1.26274E-05       6.73030E-02       2.74252E-04       1.87817E-04
       4.16869E-03       4.36516E-03       4.26693E-03       1.96470E-04       1.35618E-05       6.90272E-02       2.94534E-04       2.01379E-04
       4.36516E-03       4.57088E-03       4.46802E-03       2.05720E-04       1.45348E-05       7.06535E-02       3.15681E-04       2.15914E-04
       4.57088E-03       4.78630E-03       4.67859E-03       2.15420E-04       1.55739E-05       7.22955E-02       3.38241E-04       2.31488E-04
       4.78630E-03       5.01187E-03       4.89909E-03       2.25570E-04       1.66961E-05       7.40174E-02       3.62618E-04       2.48184E-04
       5.01187E-03       5.24807E-03       5.12997E-03       2.36200E-04       1.79088E-05       7.58207E-02       3.88958E-04       2.66093E-04
       5.24807E-03       5.49541E-03       5.37174E-03       2.47340E-04       1.92196E-05       7.77050E-02       4.17411E-04       2.85312E-04
       5.49541E-03       5.75440E-03       5.62491E-03       2.58990E-04       2.06358E-05       7.96780E-02       4.48181E-04       3.05948E-04
       5.75440E-03       6.02560E-03       5.89000E-03       2.71200E-04       2.21071E-05       8.15160E-02       4.80129E-04       3.28055E-04
       6.02560E-03       6.30957E-03       6.16759E-03       2.83970E-04       2.36519E-05       8.32901E-02       5.13699E-04       3.51707E-04
       6.30957E-03       6.60693E-03       6.45825E-03       2.97360E-04       2.53180E-05       8.51426E-02       5.49872E-04       3.77025E-04
       6.60693E-03       6.91831E-03       6.76262E-03       3.11380E-04       2.71159E-05       8.70832E-02       5.88910E-04       4.04141E-04
       6.91831E-03       7.24436E-03       7.08133E-03       3.26050E-04       2.90568E-05       8.91178E-02       6.31073E-04       4.33198E-04
       7.24436E-03       7.58578E-03       7.41507E-03       3.41420E-04       3.11532E-05       9.12460E-02       6.76595E-04       4.64351E-04
       7.58578E-03       7.94328E-03       7.76453E-03       3.57500E-04       3.34184E-05       9.34781E-02       7.25814E-04       4.97769E-04
       7.94328E-03       8.31764E-03       8.13046E-03       3.74360E-04       3.58675E-05       9.58102E-02       7.78981E-04       5.33637E-04
       8.31764E-03       8.70964E-03       8.51364E-03       3.92000E-04       3.85061E-05       9.82298E-02       8.36293E-04       5.72143E-04
       8.70964E-03       9.12011E-03       8.91487E-03       4.10471E-04       4.12281E-05       1.00441E-01       8.95419E-04       6.13371E-04
       9.12011E-03       9.54993E-03       9.33502E-03       4.29819E-04       4.41168E-05       1.02640E-01       9.58149E-04       6.57488E-04
       9.54993E-03       1.00000E-02       9.77496E-03       4.50070E-04       4.72326E-05       1.04945E-01       1.02583E-03       7.04720E-04
       1.00000E-02       1.04713E-02       1.02357E-02       4.71300E-04       5.05961E-05       1.07354E-01       1.09884E-03       7.55316E-04
       1.04713E-02       1.09648E-02       1.07180E-02       4.93500E-04       5.42257E-05       1.09880E-01       1.17770E-03       8.09542E-04
       1.09648E-02       1.14815E-02       1.12232E-02       5.16700E-04       5.81475E-05       1.12536E-01       1.26301E-03       8.67690E-04
       1.14815E-02       1.20226E-02       1.17521E-02       5.41100E-04       6.22436E-05       1.15032E-01       1.35186E-03       9.29933E-04
       1.20226E-02       1.25892E-02       1.23059E-02       5.66601E-04       6.65472E-05       1.17450E-01       1.44533E-03       9.96480E-04
       1.25892E-02       1.31826E-02       1.28859E-02       5.93399E-04       7.11853E-05       1.19962E-01       1.54582E-03       1.06767E-03
       1.31826E-02       1.38038E-02       1.34932E-02       6.21200E-04       7.61846E-05       1.22641E-01       1.65482E-03       1.14385E-03
       1.38038E-02       1.44544E-02       1.41291E-02       6.50601E-04       8.15810E-05       1.25393E-01       1.77170E-03       1.22543E-03
       1.44544E-02       1.51356E-02       1.47950E-02       6.81199E-04       8.74033E-05       1.28308E-01       1.89832E-03       1.31283E-03
       1.51356E-02       1.58489E-02       1.54923E-02       7.13301E-04       9.36930E-05       1.31351E-01       2.03493E-03       1.40653E-03
       1.58489E-02       1.65959E-02       1.62224E-02       7.47000E-04       1.00488E-04       1.34522E-01       2.18227E-03       1.50702E-03
       1.65959E-02       1.73780E-02       1.69870E-02       7.82100E-04       1.07818E-04       1.37857E-01       2.34177E-03       1.61483E-03
       1.73780E-02       1.81970E-02       1.77875E-02       8.19000E-04       1.15493E-04       1.41017E-01       2.50834E-03       1.73033E-03
       1.81970E-02       1.90546E-02       1.86258E-02       8.57600E-04       1.23671E-04       1.44206E-01       2.68595E-03       1.85400E-03
       1.90546E-02       1.99526E-02       1.95036E-02       8.98000E-04       1.32497E-04       1.47547E-01       2.87769E-03       1.98649E-03
       1.99526E-02       2.08930E-02       2.04228E-02       9.40400E-04       1.42031E-04       1.51032E-01       3.08450E-03       2.12853E-03
       2.08930E-02       2.18776E-02       2.13853E-02       9.84600E-04       1.52330E-04       1.54712E-01       3.30857E-03       2.28086E-03
       2.18776E-02       2.29087E-02       2.23931E-02       1.03110E-03       1.63456E-04       1.58526E-01       3.54989E-03       2.44431E-03
       2.29087E-02       2.39883E-02       2.34485E-02       1.07960E-03       1.74987E-04       1.62084E-01       3.80064E-03       2.61930E-03
       2.39883E-02       2.51189E-02       2.45536E-02       1.13060E-03       1.86918E-04       1.65326E-01       4.05935E-03       2.80622E-03
       2.51189E-02       2.63027E-02       2.57108E-02       1.18380E-03       1.99765E-04       1.68750E-01       4.33868E-03       3.00598E-03
       2.63027E-02       2.75423E-02       2.69225E-02       1.23960E-03       2.13607E-04       1.72319E-01       4.63925E-03       3.21959E-03
       2.75423E-02       2.88403E-02       2.81913E-02       1.29800E-03       2.28527E-04       1.76061E-01       4.96339E-03       3.44811E-03
       2.88403E-02       3.01995E-02       2.95199E-02       1.35920E-03       2.44618E-04       1.79972E-01       5.31275E-03       3.69273E-03
       3.01995E-02       3.16228E-02       3.09112E-02       1.42330E-03       2.61984E-04       1.84068E-01       5.68976E-03       3.95472E-03
       3.16228E-02       3.31131E-02       3.23680E-02       1.49030E-03       2.80728E-04       1.88370E-01       6.09714E-03       4.23544E-03
       3.31131E-02       3.46737E-02       3.38934E-02       1.56060E-03       3.00942E-04       1.92838E-01       6.53593E-03       4.53639E-03
       3.46737E-02       3.63078E-02       3.54908E-02       1.63410E-03       3.21994E-04       1.97046E-01       6.99333E-03       4.85838E-03
       3.63078E-02       3.80189E-02       3.71633E-02       1.71110E-03       3.44291E-04       2.01210E-01       7.47765E-03       5.20267E-03
       3.80189E-02       3.98107E-02       3.89148E-02       1.79180E-03       3.68327E-04       2.05562E-01       7.99941E-03       5.57100E-03
       3.98107E-02       4.16869E-02       4.07488E-02       1.87620E-03       3.94247E-04       2.10131E-01       8.56257E-03       5.96524E-03
       4.16869E-02       4.36516E-02       4.26693E-02       1.96470E-03       4.22214E-04       2.14899E-01       9.16960E-03       6.38746E-03
       4.36516E-02       4.57088E-02       4.46802E-02       2.05720E-03       4.52407E-04       2.19914E-01       9.82581E-03       6.83987E-03
       4.57088E-02       4.78630E-02       4.67859E-02       2.15420E-03       4.84698E-04       2.25002E-01       1.05269E-02       7.32456E-03
       4.78630E-02       5.01187E-02       4.89908E-02       2.25570E-03       5.19190E-04       2.30168E-01       1.12761E-02       7.84375E-03
       5.01187E-02       5.24808E-02       5.12998E-02       2.36210E-03       5.56429E-04       2.35565E-01       1.20844E-02       8.40018E-03
       5.24808E-02       5.49541E-02       5.37174E-02       2.47330E-03       5.96649E-04       2.41236E-01       1.29586E-02       8.99683E-03
       5.49541E-02       5.75440E-02       5.62491E-02       2.58990E-03       6.40118E-04       2.47160E-01       1.39025E-02       9.63695E-03
       5.75440E-02       6.02560E-02       5.89000E-02       2.71200E-03       6.87119E-04       2.53362E-01       1.49230E-02       1.03241E-02
       6.02560E-02       6.30957E-02       6.16758E-02       2.83970E-03       7.37953E-04       2.59870E-01       1.60277E-02       1.10620E-02
       6.30957E-02       6.60693E-02       6.45825E-02       2.97360E-03       7.92969E-04       2.66670E-01       1.72222E-02       1.18550E-02
       6.60693E-02       6.91831E-02       6.76262E-02       3.11380E-03       8.52531E-04       2.73791E-01       1.85154E-02       1.27075E-02
       6.91831E-02       7.24436E-02       7.08134E-02       3.26050E-03       9.17036E-04       2.81256E-01       1.99167E-02       1.36246E-02
       7.24436E-02       7.58578E-02       7.41507E-02       3.41420E-03       9.86930E-04       2.89067E-01       2.14345E-02       1.46115E-02
       7.58578E-02       7.94328E-02       7.76453E-02       3.57500E-03       1.06269E-03       2.97256E-01       2.30805E-02       1.56742E-02
       7.94328E-02       8.31764E-02       8.13046E-02       3.74360E-03       1.14485E-03       3.05814E-01       2.48641E-02       1.68190E-02
       8.31764E-02       8.70964E-02       8.51364E-02       3.92000E-03       1.23397E-03       3.14787E-01       2.67998E-02       1.80530E-02
       8.70964E-02       9.12011E-02       8.91488E-02       4.10470E-03       1.33068E-03       3.24183E-01       2.89005E-02       1.93837E-02
       9.12011E-02       9.54993E-02       9.33502E-02       4.29820E-03       1.43504E-03       3.33870E-01       3.11668E-02       2.08187E-02
       9.54993E-02       1.00000E-01       9.77497E-02       4.50070E-03       1.54742E-03       3.43818E-01       3.36081E-02       2.23661E-02
       1.00000E-01       1.04713E-01       1.02357E-01       4.71300E-03       1.66943E-03       3.54217E-01       3.62564E-02       2.40356E-02
       1.04713E-01       1.09648E-01       1.07180E-01       4.93500E-03       1.80185E-03       3.65117E-01       3.91334E-02       2.58374E-02
       1.09648E-01       1.14815E-01       1.12231E-01       5.16700E-03       1.94580E-03       3.76582E-01       4.22643E-02       2.77832E-02
       1.14815E-01       1.20226E-01       1.17520E-01       5.41100E-03       2.10211E-03       3.88489E-01       4.56554E-02       2.98853E-02
       1.20226E-01       1.25892E-01       1.23059E-01       5.66600E-03       2.27212E-03       4.01009E-01       4.93478E-02       3.21574E-02
       1.25892E-01       1.31826E-01       1.28859E-01       5.93400E-03       2.45698E-03       4.14052E-01       5.33543E-02       3.46144E-02
       1.31826E-01       1.38038E-01       1.34932E-01       6.21200E-03       2.65878E-03       4.28007E-01       5.77518E-02       3.72732E-02
       1.38038E-01       1.44544E-01       1.41291E-01       6.50600E-03       2.91649E-03       4.48277E-01       6.33374E-02       4.01897E-02
       1.44544E-01       1.51356E-01       1.47950E-01       6.81200E-03       3.22725E-03       4.73760E-01       7.00928E-02       4.34169E-02
       1.51356E-01       1.58489E-01       1.54923E-01       7.13300E-03       3.56949E-03       5.00419E-01       7.75261E-02       4.69864E-02
       1.58489E-01       1.65959E-01       1.62224E-01       7.47000E-03       3.94618E-03       5.28270E-01       8.56981E-02       5.09326E-02
       1.65959E-01       1.73780E-01       1.69869E-01       7.82100E-03       4.36071E-03       5.57564E-01       9.47131E-02       5.52933E-02
       1.73780E-01       1.81970E-01       1.77875E-01       8.19000E-03       4.81683E-03       5.88136E-01       1.04615E-01       6.01102E-02
       1.81970E-01       1.90546E-01       1.86258E-01       8.57600E-03       5.31049E-03       6.19226E-01       1.15336E-01       6.54206E-02
       1.90546E-01       1.99526E-01       1.95036E-01       8.98000E-03       5.83994E-03       6.50327E-01       1.26837E-01       7.12606E-02
       1.99526E-01       2.08930E-01       2.04228E-01       9.40400E-03       6.42099E-03       6.82794E-01       1.39446E-01       7.76816E-02
       2.08930E-01       2.18776E-01       2.13853E-01       9.84600E-03       7.05889E-03       7.16929E-01       1.53317E-01       8.47405E-02
       2.18776E-01       2.29087E-01       2.23931E-01       1.03110E-02       7.75868E-03       7.52467E-01       1.68501E-01       9.24991E-02
       2.29087E-01       2.39883E-01       2.34485E-01       1.07960E-02       8.51940E-03       7.89126E-01       1.85038E-01       1.01019E-01
       2.39883E-01       2.51189E-01       2.45536E-01       1.13060E-02       9.35110E-03       8.27091E-01       2.03081E-01       1.10370E-01
       2.51189E-01       2.63027E-01       2.57108E-01       1.18380E-02       1.02636E-02       8.67003E-01       2.22913E-01       1.20633E-01
       2.63027E-01       2.75423E-01       2.69225E-01       1.23960E-02       1.12526E-02       9.07764E-01       2.44393E-01       1.31886E-01
       2.75423E-01       2.88403E-01       2.81913E-01       1.29800E-02       1.22772E-02       9.45855E-01       2.66649E-01       1.44163E-01
       2.88403E-01       3.01995E-01       2.95199E-01       1.35920E-02       1.33879E-02       9.84981E-01       2.90765E-01       1.57551E-01
       3.01995E-01       3.16228E-01       3.09112E-01       1.42330E-02       1.46023E-02       1.02595E+00       3.17132E-01       1.72153E-01
       3.16228E-01       3.31131E-01       3.23680E-01       1.49030E-02       1.59301E-02       1.06892E+00       3.45988E-01       1.88083E-01
       3.31131E-01       3.46737E-01       3.38934E-01       1.56060E-02       1.73825E-02       1.11384E+00       3.77517E-01       2.05466E-01
       3.46737E-01       3.63078E-01       3.54908E-01       1.63410E-02       1.89702E-02       1.16090E+00       4.12012E-01       2.24436E-01
       3.63078E-01       3.80189E-01       3.71633E-01       1.71110E-02       2.07043E-02       1.21000E+00       4.49677E-01       2.45140E-01
       3.80189E-01       3.98107E-01       3.89148E-01       1.79180E-02       2.26096E-02       1.26184E+00       4.91042E-01       2.67750E-01
       3.98107E-01       4.16869E-01       4.07488E-01       1.87620E-02       2.64830E-02       1.41153E+00       5.75179E-01       2.94233E-01
       4.16869E-01       4.36516E-01       4.26692E-01       1.96470E-02       3.16572E-02       1.61130E+00       6.87529E-01       3.25890E-01
       4.36516E-01       4.57088E-01       4.46802E-01       2.05720E-02       2.63967E-02       1.28314E+00       5.73309E-01       3.52287E-01
       4.57088E-01       4.78630E-01       4.67859E-01       2.15420E-02       2.64501E-02       1.22784E+00       5.74455E-01       3.78737E-01
       4.78630E-01       5.01187E-01       4.89909E-01       2.25570E-02       2.64356E-02       1.17195E+00       5.74147E-01       4.05173E-01
       5.01187E-01       5.24808E-01       5.12998E-01       2.36210E-02       2.63001E-02       1.11342E+00       5.71182E-01       4.31473E-01
       5.24808E-01       5.49541E-01       5.37174E-01       2.47330E-02       2.61655E-02       1.05792E+00       5.68287E-01       4.57638E-01
       5.49541E-01       5.75440E-01       5.62490E-01       2.58990E-02       2.60476E-02       1.00574E+00       5.65717E-01       4.83686E-01
       5.75440E-01       6.02560E-01       5.89000E-01       2.71200E-02       2.57952E-02       9.51151E-01       5.60228E-01       5.09481E-01
       6.02560E-01       6.30957E-01       6.16758E-01       2.83970E-02       2.53881E-02       8.94041E-01       5.51407E-01       5.34869E-01
       6.30957E-01       6.60693E-01       6.45825E-01       2.97360E-02       2.48050E-02       8.34175E-01       5.38731E-01       5.59674E-01
       6.60693E-01       6.91831E-01       6.76262E-01       3.11380E-02       2.40232E-02       7.71508E-01       5.21742E-01       5.83697E-01
       6.91831E-01       7.24436E-01       7.08133E-01       3.26050E-02       2.31143E-02       7.08918E-01       5.02008E-01       6.06812E-01
       7.24436E-01       7.58578E-01       7.41507E-01       3.41420E-02       2.21267E-02       6.48079E-01       4.80555E-01       6.28938E-01
       7.58578E-01       7.94328E-01       7.76453E-01       3.57500E-02       2.08967E-02       5.84522E-01       4.53854E-01       6.49835E-01
       7.94328E-01       8.31764E-01       8.13046E-01       3.74360E-02       1.93896E-02       5.17940E-01       4.21109E-01       6.69225E-01
       8.31764E-01       8.70964E-01       8.51364E-01       3.92000E-02       1.75962E-02       4.48882E-01       3.82162E-01       6.86821E-01
       8.70964E-01       9.12011E-01       8.91487E-01       4.10470E-02       1.67435E-02       4.07911E-01       3.63648E-01       7.03564E-01
       9.12011E-01       9.54993E-01       9.33502E-01       4.29820E-02       1.66712E-02       3.87865E-01       3.62073E-01       7.20236E-01
       9.54993E-01       1.00000E+00       9.77497E-01       4.50070E-02       1.65131E-02       3.66901E-01       3.58644E-01       7.36749E-01
       1.00000E+00       1.04713E+00       1.02357E+00       4.71300E-02       1.62566E-02       3.44932E-01       3.53060E-01       7.53005E-01
       1.04713E+00       1.09648E+00       1.07181E+00       4.93500E-02       1.58891E-02       3.21968E-01       3.45086E-01       7.68894E-01
       1.09648E+00       1.14815E+00       1.12231E+00       5.16700E-02       1.57058E-02       3.03963E-01       3.41142E-01       7.84600E-01
       1.14815E+00       1.20226E+00       1.17520E+00       5.41100E-02       1.58185E-02       2.92340E-01       3.43559E-01       8.00419E-01
       1.20226E+00       1.25892E+00       1.23059E+00       5.66600E-02       1.58822E-02       2.80307E-01       3.44943E-01       8.16301E-01
       1.25892E+00       1.31826E+00       1.28859E+00       5.93400E-02       1.58805E-02       2.67619E-01       3.44852E-01       8.32181E-01
       1.31826E+00       1.38038E+00       1.34932E+00       6.21200E-02       1.57827E-02       2.54067E-01       3.42818E-01       8.47964E-01
       1.38038E+00       1.44544E+00       1.41291E+00       6.50600E-02       1.55922E-02       2.39659E-01       3.38616E-01       8.63556E-01
       1.44544E+00       1.51356E+00       1.47950E+00       6.81200E-02       1.52810E-02       2.24325E-01       3.31889E-01       8.78837E-01
       1.51356E+00       1.58489E+00       1.54923E+00       7.13300E-02       1.47583E-02       2.06901E-01       3.20537E-01       8.93596E-01
       1.58489E+00       1.65959E+00       1.62224E+00       7.47000E-02       1.40767E-02       1.88443E-01       3.05700E-01       9.07672E-01
       1.65959E+00       1.73780E+00       1.69869E+00       7.82100E-02       1.32297E-02       1.69156E-01       2.87344E-01       9.20902E-01
       1.73780E+00       1.81970E+00       1.77875E+00       8.19000E-02       1.22022E-02       1.48989E-01       2.65014E-01       9.33104E-01
       1.81970E+00       1.90546E+00       1.86258E+00       8.57600E-02       1.10749E-02       1.29138E-01       2.40529E-01       9.44179E-01
       1.90546E+00       1.99526E+00       1.95036E+00       8.98000E-02       9.81884E-03       1.09341E-01       2.13255E-01       9.53998E-01
       1.99526E+00       2.08930E+00       2.04228E+00       9.40400E-02       8.57613E-03       9.11966E-02       1.86249E-01       9.62574E-01
       2.08930E+00       2.18776E+00       2.13853E+00       9.84600E-02       7.33087E-03       7.44553E-02       1.59225E-01       9.69905E-01
       2.18776E+00       2.29087E+00       2.23932E+00       1.03110E-01       6.16981E-03       5.98371E-02       1.33994E-01       9.76075E-01
       2.29087E+00       2.39883E+00       2.34485E+00       1.07960E-01       5.14778E-03       4.76823E-02       1.11808E-01       9.81222E-01
       2.39883E+00       2.51189E+00       2.45536E+00       1.13060E-01       4.26948E-03       3.77630E-02       9.27218E-02       9.85492E-01
       2.51189E+00       2.63027E+00       2.57108E+00       1.18380E-01       3.53806E-03       2.98873E-02       7.68427E-02       9.89030E-01
       2.63027E+00       2.75423E+00       2.69225E+00       1.23960E-01       2.94682E-03       2.37723E-02       6.40010E-02       9.91977E-01
       2.75423E+00       2.88403E+00       2.81913E+00       1.29800E-01       2.46317E-03       1.89767E-02       5.34978E-02       9.94440E-01
       2.88403E+00       3.01995E+00       2.95199E+00       1.35920E-01       2.03495E-03       1.49717E-02       4.41962E-02       9.96475E-01
       3.01995E+00       3.16228E+00       3.09111E+00       1.42330E-01       1.60979E-03       1.13103E-02       3.49613E-02       9.98085E-01
       3.16228E+00       3.31131E+00       3.23679E+00       1.49030E-01       1.13152E-03       7.59259E-03       2.45757E-02       9.99216E-01
       3.31131E+00       3.46737E+00       3.38934E+00       1.56060E-01       6.33530E-04       4.05953E-03       1.37591E-02       9.99850E-01
       3.46737E+00       3.63078E+00       3.54908E+00       1.63410E-01       1.50267E-04       9.19571E-04       3.26362E-03       1.00000E+00

 Sum =                                                                         1.00000E+00
 Renormalization bin#   938 =                                                  4.55359E-01 barn        1.24000E+07        1.26000E+07        1.25000E+07
 Avg. Energy     bin#   938 =                                                  7.79122E-01 MeV         1.24000E+07        1.26000E+07
