"        MT=  4 recoil spectrum "
" Initial neutron energy corresponds to the group:"
   2.40000E+01    2.42000E+01       0.00000E+00           615           910           296



          Low               High              Mid              Energy           Number             dn/de            E*dn/de          Cumulative
         Energy            Energy            Energy             Width          Fraction                               Sum   
         [MeV]             [MeV]             [MeV]              [MeV]

       9.97500E-06       1.00000E-05       9.98750E-06       2.49996E-08       0.00000E+00       0.00000E+00       0.00000E+00       0.00000E+00
       1.00000E-05       1.04713E-05       1.02356E-05       4.71300E-07       1.07662E-10       2.28436E-04       2.33819E-09       1.07662E-10
       1.04713E-05       1.09648E-05       1.07180E-05       4.93500E-07       1.18050E-10       2.39209E-04       2.56386E-09       2.25712E-10
       1.09648E-05       1.14815E-05       1.12232E-05       5.16700E-07       1.29437E-10       2.50508E-04       2.81148E-09       3.55149E-10
       1.14815E-05       1.20226E-05       1.17521E-05       5.41101E-07       1.41925E-10       2.62290E-04       3.08244E-09       4.97074E-10
       1.20226E-05       1.25892E-05       1.23059E-05       5.66600E-07       1.55620E-10       2.74656E-04       3.37989E-09       6.52694E-10
       1.25892E-05       1.31826E-05       1.28859E-05       5.93400E-07       1.70636E-10       2.87556E-04       3.70542E-09       8.23330E-10
       1.31826E-05       1.38038E-05       1.34932E-05       6.21200E-07       1.87091E-10       3.01177E-04       4.06385E-09       1.01042E-09
       1.38038E-05       1.44544E-05       1.41291E-05       6.50600E-07       2.05144E-10       3.15315E-04       4.45511E-09       1.21556E-09
       1.44544E-05       1.51356E-05       1.47950E-05       6.81200E-07       2.24932E-10       3.30200E-04       4.88531E-09       1.44050E-09
       1.51356E-05       1.58489E-05       1.54922E-05       7.13300E-07       2.46638E-10       3.45771E-04       5.35676E-09       1.68714E-09
       1.58489E-05       1.65959E-05       1.62224E-05       7.47000E-07       2.70432E-10       3.62024E-04       5.87289E-09       1.95757E-09
       1.65959E-05       1.73780E-05       1.69869E-05       7.82101E-07       2.96527E-10       3.79141E-04       6.44045E-09       2.25409E-09
       1.73780E-05       1.81970E-05       1.77875E-05       8.19000E-07       3.25130E-10       3.96984E-04       7.06136E-09       2.57922E-09
       1.81970E-05       1.90546E-05       1.86258E-05       8.57599E-07       3.56501E-10       4.15696E-04       7.74268E-09       2.93572E-09
       1.90546E-05       1.99526E-05       1.95036E-05       8.98001E-07       3.90890E-10       4.35289E-04       8.48970E-09       3.32661E-09
       1.99526E-05       2.08930E-05       2.04228E-05       9.40399E-07       4.28611E-10       4.55776E-04       9.30821E-09       3.75523E-09
       2.08930E-05       2.18776E-05       2.13853E-05       9.84600E-07       4.69960E-10       4.77311E-04       1.02074E-08       4.22519E-09
       2.18776E-05       2.29087E-05       2.23932E-05       1.03110E-06       5.15303E-10       4.99760E-04       1.11912E-08       4.74049E-09
       2.29087E-05       2.39883E-05       2.34485E-05       1.07960E-06       5.65015E-10       5.23356E-04       1.22719E-08       5.30550E-09
       2.39883E-05       2.51189E-05       2.45536E-05       1.13060E-06       6.19525E-10       5.47962E-04       1.34544E-08       5.92503E-09
       2.51189E-05       2.63027E-05       2.57108E-05       1.18380E-06       6.79286E-10       5.73818E-04       1.47533E-08       6.60431E-09
       2.63027E-05       2.75423E-05       2.69225E-05       1.23960E-06       7.44806E-10       6.00844E-04       1.61762E-08       7.34912E-09
       2.75423E-05       2.88403E-05       2.81913E-05       1.29800E-06       8.16677E-10       6.29181E-04       1.77374E-08       8.16580E-09
       2.88403E-05       3.01995E-05       2.95199E-05       1.35920E-06       8.95465E-10       6.58818E-04       1.94482E-08       9.06126E-09
       3.01995E-05       3.16228E-05       3.09111E-05       1.42330E-06       9.81861E-10       6.89848E-04       2.13240E-08       1.00431E-08
       3.16228E-05       3.31131E-05       3.23679E-05       1.49030E-06       1.07662E-09       7.22420E-04       2.33833E-08       1.11197E-08
       3.31131E-05       3.46737E-05       3.38934E-05       1.56060E-06       1.18050E-09       7.56438E-04       2.56383E-08       1.23002E-08
       3.46737E-05       3.63078E-05       3.54907E-05       1.63410E-06       1.29437E-09       7.92100E-04       2.81122E-08       1.35946E-08
       3.63078E-05       3.80189E-05       3.71634E-05       1.71110E-06       1.41925E-09       8.29437E-04       3.08246E-08       1.50139E-08
       3.80189E-05       3.98107E-05       3.89148E-05       1.79180E-06       1.55620E-09       8.68514E-04       3.37981E-08       1.65701E-08
       3.98107E-05       4.16869E-05       4.07488E-05       1.87620E-06       1.70629E-09       9.09441E-04       3.70586E-08       1.82764E-08
       4.16869E-05       4.36516E-05       4.26692E-05       1.96470E-06       1.86959E-09       9.51592E-04       4.06037E-08       2.01460E-08
       4.36516E-05       4.57088E-05       4.46802E-05       2.05720E-06       2.01396E-09       9.78982E-04       4.37411E-08       2.21599E-08
       4.57088E-05       4.78630E-05       4.67859E-05       2.15420E-06       2.15437E-09       1.00008E-03       4.67897E-08       2.43143E-08
       4.78630E-05       5.01187E-05       4.89908E-05       2.25570E-06       2.30585E-09       1.02223E-03       5.00800E-08       2.66201E-08
       5.01187E-05       5.24808E-05       5.12998E-05       2.36210E-06       2.46921E-09       1.04534E-03       5.36259E-08       2.90893E-08
       5.24808E-05       5.49541E-05       5.37174E-05       2.47330E-06       2.64559E-09       1.06966E-03       5.74593E-08       3.17349E-08
       5.49541E-05       5.75440E-05       5.62490E-05       2.58990E-06       2.83605E-09       1.09504E-03       6.15951E-08       3.45710E-08
       5.75440E-05       6.02560E-05       5.89000E-05       2.71200E-06       3.04185E-09       1.12163E-03       6.60638E-08       3.76128E-08
       6.02560E-05       6.30957E-05       6.16758E-05       2.83970E-06       3.26426E-09       1.14951E-03       7.08969E-08       4.08771E-08
       6.30957E-05       6.60693E-05       6.45825E-05       2.97360E-06       3.50358E-09       1.17823E-03       7.60929E-08       4.43807E-08
       6.60693E-05       6.91831E-05       6.76262E-05       3.11380E-06       3.75126E-09       1.20472E-03       8.14706E-08       4.81319E-08
       6.91831E-05       7.24436E-05       7.08134E-05       3.26051E-06       4.01592E-09       1.23169E-03       8.72198E-08       5.21478E-08
       7.24436E-05       7.58578E-05       7.41507E-05       3.41420E-06       4.30158E-09       1.25991E-03       9.34231E-08       5.64494E-08
       7.58578E-05       7.94328E-05       7.76453E-05       3.57500E-06       4.61000E-09       1.28951E-03       1.00125E-07       6.10594E-08
       7.94328E-05       8.31764E-05       8.13046E-05       3.74360E-06       4.94314E-09       1.32042E-03       1.07357E-07       6.60026E-08
       8.31764E-05       8.70964E-05       8.51364E-05       3.92000E-06       5.30281E-09       1.35276E-03       1.15169E-07       7.13054E-08
       8.70964E-05       9.12011E-05       8.91488E-05       4.10471E-06       5.67700E-09       1.38305E-03       1.23297E-07       7.69824E-08
       9.12011E-05       9.54993E-05       9.33502E-05       4.29820E-06       6.07270E-09       1.41285E-03       1.31890E-07       8.30551E-08
       9.54993E-05       1.00000E-04       9.77497E-05       4.50070E-06       6.49940E-09       1.44409E-03       1.41159E-07       8.95545E-08
       1.00000E-04       1.04713E-04       1.02356E-04       4.71300E-06       6.95987E-09       1.47674E-03       1.51154E-07       9.65143E-08
       1.04713E-04       1.09648E-04       1.07181E-04       4.93501E-06       7.45661E-09       1.51096E-03       1.61946E-07       1.03971E-07
       1.09648E-04       1.14815E-04       1.12232E-04       5.16700E-06       7.99348E-09       1.54702E-03       1.73625E-07       1.11964E-07
       1.14815E-04       1.20226E-04       1.17520E-04       5.41100E-06       8.57304E-09       1.58437E-03       1.86196E-07       1.20537E-07
       1.20226E-04       1.25892E-04       1.23059E-04       5.66600E-06       9.19988E-09       1.62370E-03       1.99811E-07       1.29737E-07
       1.25892E-04       1.31826E-04       1.28859E-04       5.93401E-06       9.87489E-09       1.66412E-03       2.14437E-07       1.39612E-07
       1.31826E-04       1.38038E-04       1.34932E-04       6.21199E-06       1.05739E-08       1.70218E-03       2.29678E-07       1.50186E-07
       1.38038E-04       1.44544E-04       1.41291E-04       6.50601E-06       1.13199E-08       1.73992E-03       2.45835E-07       1.61506E-07
       1.44544E-04       1.51356E-04       1.47950E-04       6.81200E-06       1.21247E-08       1.77990E-03       2.63336E-07       1.73631E-07
       1.51356E-04       1.58489E-04       1.54922E-04       7.13300E-06       1.29938E-08       1.82164E-03       2.82213E-07       1.86625E-07
       1.58489E-04       1.65959E-04       1.62224E-04       7.47000E-06       1.39325E-08       1.86513E-03       3.02568E-07       2.00557E-07
       1.65959E-04       1.73780E-04       1.69870E-04       7.82100E-06       1.49462E-08       1.91104E-03       3.24627E-07       2.15503E-07
       1.73780E-04       1.81970E-04       1.77875E-04       8.19000E-06       1.60034E-08       1.95401E-03       3.47570E-07       2.31507E-07
       1.81970E-04       1.90546E-04       1.86258E-04       8.57600E-06       1.71185E-08       1.99610E-03       3.71789E-07       2.48625E-07
       1.90546E-04       1.99526E-04       1.95036E-04       8.98000E-06       1.83208E-08       2.04018E-03       3.97909E-07       2.66946E-07
       1.99526E-04       2.08930E-04       2.04228E-04       9.40399E-06       1.96183E-08       2.08617E-03       4.26054E-07       2.86564E-07
       2.08930E-04       2.18776E-04       2.13853E-04       9.84601E-06       2.10187E-08       2.13474E-03       4.56521E-07       3.07583E-07
       2.18776E-04       2.29087E-04       2.23932E-04       1.03110E-05       2.25307E-08       2.18512E-03       4.89316E-07       3.30114E-07
       2.29087E-04       2.39883E-04       2.34485E-04       1.07960E-05       2.41645E-08       2.23828E-03       5.24844E-07       3.54278E-07
       2.39883E-04       2.51189E-04       2.45536E-04       1.13060E-05       2.59304E-08       2.29351E-03       5.63138E-07       3.80209E-07
       2.51189E-04       2.63027E-04       2.57108E-04       1.18380E-05       2.78342E-08       2.35126E-03       6.04528E-07       4.08043E-07
       2.63027E-04       2.75423E-04       2.69225E-04       1.23960E-05       2.98084E-08       2.40468E-03       6.47400E-07       4.37851E-07
       2.75423E-04       2.88403E-04       2.81913E-04       1.29800E-05       3.19104E-08       2.45843E-03       6.93062E-07       4.69762E-07
       2.88403E-04       3.01995E-04       2.95199E-04       1.35920E-05       3.41786E-08       2.51462E-03       7.42313E-07       5.03940E-07
       3.01995E-04       3.16228E-04       3.09111E-04       1.42330E-05       3.66277E-08       2.57343E-03       7.95478E-07       5.40568E-07
       3.16228E-04       3.31131E-04       3.23680E-04       1.49030E-05       3.92728E-08       2.63523E-03       8.52969E-07       5.79841E-07
       3.31131E-04       3.46737E-04       3.38934E-04       1.56060E-05       4.21315E-08       2.69970E-03       9.15021E-07       6.21972E-07
       3.46737E-04       3.63078E-04       3.54908E-04       1.63410E-05       4.51907E-08       2.76548E-03       9.81489E-07       6.67163E-07
       3.63078E-04       3.80189E-04       3.71634E-04       1.71110E-05       4.84732E-08       2.83287E-03       1.05279E-06       7.15636E-07
       3.80189E-04       3.98107E-04       3.89148E-04       1.79180E-05       5.20219E-08       2.90333E-03       1.12983E-06       7.67658E-07
       3.98107E-04       4.16869E-04       4.07488E-04       1.87620E-05       5.58595E-08       2.97727E-03       1.21320E-06       8.23518E-07
       4.16869E-04       4.36516E-04       4.26692E-04       1.96470E-05       6.00118E-08       3.05450E-03       1.30333E-06       8.83529E-07
       4.36516E-04       4.57088E-04       4.46802E-04       2.05720E-05       6.45067E-08       3.13565E-03       1.40102E-06       9.48036E-07
       4.57088E-04       4.78630E-04       4.67859E-04       2.15420E-05       6.93735E-08       3.22039E-03       1.50669E-06       1.01741E-06
       4.78630E-04       5.01187E-04       4.89909E-04       2.25570E-05       7.46466E-08       3.30924E-03       1.62123E-06       1.09206E-06
       5.01187E-04       5.24808E-04       5.12998E-04       2.36210E-05       8.03498E-08       3.40163E-03       1.74503E-06       1.17241E-06
       5.24808E-04       5.49541E-04       5.37175E-04       2.47330E-05       8.63051E-08       3.48947E-03       1.87445E-06       1.25871E-06
       5.49541E-04       5.75440E-04       5.62491E-04       2.58990E-05       9.26578E-08       3.57766E-03       2.01240E-06       1.35137E-06
       5.75440E-04       6.02560E-04       5.89000E-04       2.71200E-05       9.95305E-08       3.67000E-03       2.16163E-06       1.45090E-06
       6.02560E-04       6.30957E-04       6.16758E-04       2.83970E-05       1.06968E-07       3.76690E-03       2.32327E-06       1.55787E-06
       6.30957E-04       6.60693E-04       6.45825E-04       2.97360E-05       1.15023E-07       3.86813E-03       2.49813E-06       1.67289E-06
       6.60693E-04       6.91831E-04       6.76262E-04       3.11380E-05       1.23746E-07       3.97411E-03       2.68754E-06       1.79664E-06
       6.91831E-04       7.24436E-04       7.08133E-04       3.26050E-05       1.32890E-07       4.07575E-03       2.88618E-06       1.92953E-06
       7.24436E-04       7.58578E-04       7.41507E-04       3.41420E-05       1.42485E-07       4.17329E-03       3.09453E-06       2.07201E-06
       7.58578E-04       7.94328E-04       7.76453E-04       3.57500E-05       1.52853E-07       4.27560E-03       3.31981E-06       2.22486E-06
       7.94328E-04       8.31764E-04       8.13046E-04       3.74360E-05       1.64063E-07       4.38249E-03       3.56317E-06       2.38893E-06
       8.31764E-04       8.70964E-04       8.51364E-04       3.92000E-05       1.76187E-07       4.49456E-03       3.82651E-06       2.56511E-06
       8.70964E-04       9.12011E-04       8.91487E-04       4.10470E-05       1.89306E-07       4.61193E-03       4.11148E-06       2.75442E-06
       9.12011E-04       9.54993E-04       9.33502E-04       4.29820E-05       2.03509E-07       4.73475E-03       4.41990E-06       2.95793E-06
       9.54993E-04       1.00000E-03       9.77497E-04       4.50070E-05       2.18890E-07       4.86346E-03       4.75402E-06       3.17682E-06
       1.00000E-03       1.04713E-03       1.02356E-03       4.71300E-05       2.35530E-07       4.99745E-03       5.11521E-06       3.41235E-06
       1.04713E-03       1.09648E-03       1.07180E-03       4.93500E-05       2.52820E-07       5.12301E-03       5.49087E-06       3.66517E-06
       1.09648E-03       1.14815E-03       1.12231E-03       5.16700E-05       2.71179E-07       5.24827E-03       5.89022E-06       3.93635E-06
       1.14815E-03       1.20226E-03       1.17520E-03       5.41100E-05       2.91009E-07       5.37810E-03       6.32037E-06       4.22736E-06
       1.20226E-03       1.25892E-03       1.23059E-03       5.66600E-05       1.69638E-05       2.99396E-01       3.68434E-04       2.11912E-05
       1.25892E-03       1.31826E-03       1.28859E-03       5.93400E-05       3.60077E-05       6.06804E-01       7.81921E-04       5.71989E-05
       1.31826E-03       1.38038E-03       1.34932E-03       6.21200E-05       3.76779E-05       6.06535E-01       8.18410E-04       9.48768E-05
       1.38038E-03       1.44544E-03       1.41291E-03       6.50599E-05       3.94403E-05       6.06214E-01       8.56526E-04       1.34317E-04
       1.44544E-03       1.51356E-03       1.47950E-03       6.81201E-05       4.12798E-05       6.05985E-01       8.96555E-04       1.75597E-04
       1.51356E-03       1.58489E-03       1.54923E-03       7.13300E-05       4.31979E-05       6.05607E-01       9.38222E-04       2.18795E-04
       1.58489E-03       1.65959E-03       1.62224E-03       7.47000E-05       4.52137E-05       6.05270E-01       9.81894E-04       2.64008E-04
       1.65959E-03       1.73780E-03       1.69870E-03       7.82101E-05       4.73228E-05       6.05073E-01       1.02784E-03       3.11331E-04
       1.73780E-03       1.81970E-03       1.77875E-03       8.18999E-05       4.95157E-05       6.04588E-01       1.07541E-03       3.60847E-04
       1.81970E-03       1.90546E-03       1.86258E-03       8.57600E-05       5.18168E-05       6.04206E-01       1.12538E-03       4.12664E-04
       1.90546E-03       1.99526E-03       1.95036E-03       8.98001E-05       5.42356E-05       6.03960E-01       1.17794E-03       4.66899E-04
       1.99526E-03       2.08930E-03       2.04228E-03       9.40400E-05       5.67533E-05       6.03501E-01       1.23252E-03       5.23653E-04
       2.08930E-03       2.18776E-03       2.13853E-03       9.84600E-05       5.93780E-05       6.03067E-01       1.28968E-03       5.83031E-04
       2.18776E-03       2.29087E-03       2.23932E-03       1.03110E-04       6.21437E-05       6.02693E-01       1.34962E-03       6.45174E-04
       2.29087E-03       2.39883E-03       2.34485E-03       1.07960E-04       6.50047E-05       6.02119E-01       1.41188E-03       7.10179E-04
       2.39883E-03       2.51189E-03       2.45536E-03       1.13060E-04       6.80221E-05       6.01647E-01       1.47726E-03       7.78201E-04
       2.51189E-03       2.63027E-03       2.57108E-03       1.18380E-04       7.11502E-05       6.01031E-01       1.54530E-03       8.49351E-04
       2.63027E-03       2.75423E-03       2.69225E-03       1.23960E-04       7.44503E-05       6.00599E-01       1.61696E-03       9.23802E-04
       2.75423E-03       2.88403E-03       2.81913E-03       1.29800E-04       7.78826E-05       6.00020E-01       1.69153E-03       1.00168E-03
       2.88403E-03       3.01995E-03       2.95199E-03       1.35920E-04       8.14522E-05       5.99266E-01       1.76903E-03       1.08314E-03
       3.01995E-03       3.16228E-03       3.09112E-03       1.42330E-04       8.52097E-05       5.98677E-01       1.85058E-03       1.16835E-03
       3.16228E-03       3.31131E-03       3.23679E-03       1.49030E-04       8.91067E-05       5.97911E-01       1.93532E-03       1.25745E-03
       3.31131E-03       3.46737E-03       3.38934E-03       1.56060E-04       9.31929E-05       5.97160E-01       2.02398E-03       1.35065E-03
       3.46737E-03       3.63078E-03       3.54907E-03       1.63410E-04       9.74726E-05       5.96491E-01       2.11699E-03       1.44812E-03
       3.63078E-03       3.80189E-03       3.71633E-03       1.71110E-04       1.01919E-04       5.95635E-01       2.21358E-03       1.55004E-03
       3.80189E-03       3.98107E-03       3.89148E-03       1.79180E-04       1.06589E-04       5.94872E-01       2.31493E-03       1.65663E-03
       3.98107E-03       4.16869E-03       4.07488E-03       1.87620E-04       1.11446E-04       5.93998E-01       2.42047E-03       1.76807E-03
       4.16869E-03       4.36516E-03       4.26693E-03       1.96470E-04       1.16515E-04       5.93042E-01       2.53047E-03       1.88459E-03
       4.36516E-03       4.57088E-03       4.46802E-03       2.05720E-04       1.21788E-04       5.92011E-01       2.64512E-03       2.00638E-03
       4.57088E-03       4.78630E-03       4.67859E-03       2.15420E-04       1.27302E-04       5.90948E-01       2.76480E-03       2.13368E-03
       4.78630E-03       5.01187E-03       4.89909E-03       2.25570E-04       1.33042E-04       5.89803E-01       2.88949E-03       2.26672E-03
       5.01187E-03       5.24807E-03       5.12997E-03       2.36200E-04       1.39052E-04       5.88706E-01       3.02004E-03       2.40577E-03
       5.24807E-03       5.49541E-03       5.37174E-03       2.47340E-04       1.45320E-04       5.87529E-01       3.15605E-03       2.55109E-03
       5.49541E-03       5.75440E-03       5.62491E-03       2.58990E-04       1.51827E-04       5.86229E-01       3.29748E-03       2.70292E-03
       5.75440E-03       6.02560E-03       5.89000E-03       2.71200E-04       1.58629E-04       5.84915E-01       3.44515E-03       2.86155E-03
       6.02560E-03       6.30957E-03       6.16759E-03       2.83970E-04       1.65699E-04       5.83511E-01       3.59885E-03       3.02725E-03
       6.30957E-03       6.60693E-03       6.45825E-03       2.97360E-04       1.73078E-04       5.82049E-01       3.75902E-03       3.20033E-03
       6.60693E-03       6.91831E-03       6.76262E-03       3.11380E-04       1.80776E-04       5.80565E-01       3.92614E-03       3.38110E-03
       6.91831E-03       7.24436E-03       7.08133E-03       3.26050E-04       1.88767E-04       5.78951E-01       4.09975E-03       3.56987E-03
       7.24436E-03       7.58578E-03       7.41507E-03       3.41420E-04       1.97118E-04       5.77349E-01       4.28108E-03       3.76699E-03
       7.58578E-03       7.94328E-03       7.76453E-03       3.57500E-04       2.05785E-04       5.75623E-01       4.46944E-03       3.97277E-03
       7.94328E-03       8.31764E-03       8.13046E-03       3.74360E-04       2.14830E-04       5.73861E-01       4.66575E-03       4.18760E-03
       8.31764E-03       8.70964E-03       8.51364E-03       3.92000E-04       2.24222E-04       5.71995E-01       4.86976E-03       4.41182E-03
       8.70964E-03       9.12011E-03       8.91487E-03       4.10471E-04       2.42177E-04       5.89999E-01       5.25977E-03       4.65400E-03
       9.12011E-03       9.54993E-03       9.33502E-03       4.29819E-04       2.58883E-04       6.02307E-01       5.62255E-03       4.91289E-03
       9.54993E-03       1.00000E-02       9.77496E-03       4.50070E-04       2.70114E-04       6.00159E-01       5.86653E-03       5.18300E-03
       1.00000E-02       1.04713E-02       1.02357E-02       4.71300E-04       2.81804E-04       5.97929E-01       6.12019E-03       5.46480E-03
       1.04713E-02       1.09648E-02       1.07180E-02       4.93500E-04       2.93976E-04       5.95696E-01       6.38470E-03       5.75878E-03
       1.09648E-02       1.14815E-02       1.12232E-02       5.16700E-04       3.06601E-04       5.93383E-01       6.65963E-03       6.06538E-03
       1.14815E-02       1.20226E-02       1.17521E-02       5.41100E-04       3.19685E-04       5.90806E-01       6.94318E-03       6.38507E-03
       1.20226E-02       1.25892E-02       1.23059E-02       5.66601E-04       3.33292E-04       5.88230E-01       7.23871E-03       6.71836E-03
       1.25892E-02       1.31826E-02       1.28859E-02       5.93399E-04       3.47405E-04       5.85448E-01       7.54403E-03       7.06576E-03
       1.31826E-02       1.38038E-02       1.34932E-02       6.21200E-04       3.62026E-04       5.82785E-01       7.86363E-03       7.42779E-03
       1.38038E-02       1.44544E-02       1.41291E-02       6.50601E-04       3.77250E-04       5.79849E-01       8.19274E-03       7.80504E-03
       1.44544E-02       1.51356E-02       1.47950E-02       6.81199E-04       3.92995E-04       5.76917E-01       8.53548E-03       8.19803E-03
       1.51356E-02       1.58489E-02       1.54923E-02       7.13301E-04       4.09351E-04       5.73883E-01       8.89074E-03       8.60738E-03
       1.58489E-02       1.65959E-02       1.62224E-02       7.47000E-04       4.26285E-04       5.70663E-01       9.25753E-03       9.03367E-03
       1.65959E-02       1.73780E-02       1.69870E-02       7.82100E-04       4.43821E-04       5.67473E-01       9.63964E-03       9.47749E-03
       1.73780E-02       1.81970E-02       1.77875E-02       8.19000E-04       4.61971E-04       5.64067E-01       1.00333E-02       9.93946E-03
       1.81970E-02       1.90546E-02       1.86258E-02       8.57600E-04       4.80715E-04       5.60535E-01       1.04404E-02       1.04202E-02
       1.90546E-02       1.99526E-02       1.95036E-02       8.98000E-04       5.00129E-04       5.56937E-01       1.08623E-02       1.09203E-02
       1.99526E-02       2.08930E-02       2.04228E-02       9.40400E-04       5.21326E-04       5.54366E-01       1.13217E-02       1.14416E-02
       2.08930E-02       2.18776E-02       2.13853E-02       9.84600E-04       5.85885E-04       5.95049E-01       1.27253E-02       1.20275E-02
       2.18776E-02       2.29087E-02       2.23931E-02       1.03110E-03       6.12654E-04       5.94176E-01       1.33055E-02       1.26402E-02
       2.29087E-02       2.39883E-02       2.34485E-02       1.07960E-03       6.37496E-04       5.90492E-01       1.38462E-02       1.32777E-02
       2.39883E-02       2.51189E-02       2.45536E-02       1.13060E-03       6.64669E-04       5.87891E-01       1.44348E-02       1.39423E-02
       2.51189E-02       2.63027E-02       2.57108E-02       1.18380E-03       6.92945E-04       5.85357E-01       1.50500E-02       1.46353E-02
       2.63027E-02       2.75423E-02       2.69225E-02       1.23960E-03       7.20638E-04       5.81346E-01       1.56513E-02       1.53559E-02
       2.75423E-02       2.88403E-02       2.81913E-02       1.29800E-03       7.49564E-04       5.77476E-01       1.62798E-02       1.61055E-02
       2.88403E-02       3.01995E-02       2.95199E-02       1.35920E-03       7.80756E-04       5.74423E-01       1.69569E-02       1.68862E-02
       3.01995E-02       3.16228E-02       3.09112E-02       1.42330E-03       8.11835E-04       5.70389E-01       1.76314E-02       1.76981E-02
       3.16228E-02       3.31131E-02       3.23680E-02       1.49030E-03       8.45301E-04       5.67201E-01       1.83591E-02       1.85434E-02
       3.31131E-02       3.46737E-02       3.38934E-02       1.56060E-03       8.78418E-04       5.62873E-01       1.90777E-02       1.94218E-02
       3.46737E-02       3.63078E-02       3.54908E-02       1.63410E-03       9.12487E-04       5.58403E-01       1.98181E-02       2.03343E-02
       3.63078E-02       3.80189E-02       3.71633E-02       1.71110E-03       9.47785E-04       5.53905E-01       2.05850E-02       2.12821E-02
       3.80189E-02       3.98107E-02       3.89148E-02       1.79180E-03       9.84337E-04       5.49356E-01       2.13781E-02       2.22664E-02
       3.98107E-02       4.16869E-02       4.07488E-02       1.87620E-03       1.02221E-03       5.44832E-01       2.22012E-02       2.32886E-02
       4.16869E-02       4.36516E-02       4.26693E-02       1.96470E-03       1.06146E-03       5.40263E-01       2.30526E-02       2.43501E-02
       4.36516E-02       4.57088E-02       4.46802E-02       2.05720E-03       1.10207E-03       5.35715E-01       2.39358E-02       2.54521E-02
       4.57088E-02       4.78630E-02       4.67859E-02       2.15420E-03       1.14387E-03       5.30993E-01       2.48430E-02       2.65960E-02
       4.78630E-02       5.01187E-02       4.89908E-02       2.25570E-03       1.18721E-03       5.26317E-01       2.57847E-02       2.77832E-02
       5.01187E-02       5.24808E-02       5.12998E-02       2.36210E-03       1.23222E-03       5.21664E-01       2.67612E-02       2.90154E-02
       5.24808E-02       5.49541E-02       5.37174E-02       2.47330E-03       1.27897E-03       5.17111E-01       2.77779E-02       3.02944E-02
       5.49541E-02       5.75440E-02       5.62491E-02       2.58990E-03       1.32759E-03       5.12602E-01       2.88334E-02       3.16220E-02
       5.75440E-02       6.02560E-02       5.89000E-02       2.71200E-03       1.37821E-03       5.08189E-01       2.99323E-02       3.30002E-02
       6.02560E-02       6.30957E-02       6.16758E-02       2.83970E-03       1.43095E-03       5.03907E-01       3.10789E-02       3.44311E-02
       6.30957E-02       6.60693E-02       6.45825E-02       2.97360E-03       1.48600E-03       4.99730E-01       3.22738E-02       3.59171E-02
       6.60693E-02       6.91831E-02       6.76262E-02       3.11380E-03       1.54332E-03       4.95637E-01       3.35180E-02       3.74605E-02
       6.91831E-02       7.24436E-02       7.08134E-02       3.26050E-03       1.60298E-03       4.91635E-01       3.48143E-02       3.90634E-02
       7.24436E-02       7.58578E-02       7.41507E-02       3.41420E-03       1.66542E-03       4.87793E-01       3.61702E-02       4.07289E-02
       7.58578E-02       7.94328E-02       7.76453E-02       3.57500E-03       1.73086E-03       4.84156E-01       3.75925E-02       4.24597E-02
       7.94328E-02       8.31764E-02       8.13046E-02       3.74360E-03       1.79955E-03       4.80699E-01       3.90831E-02       4.42593E-02
       8.31764E-02       8.70964E-02       8.51364E-02       3.92000E-03       1.87172E-03       4.77480E-01       4.06509E-02       4.61310E-02
       8.70964E-02       9.12011E-02       8.91488E-02       4.10470E-03       1.94755E-03       4.74467E-01       4.22981E-02       4.80785E-02
       9.12011E-02       9.54993E-02       9.33502E-02       4.29820E-03       2.02707E-03       4.71609E-01       4.40248E-02       5.01056E-02
       9.54993E-02       1.00000E-01       9.77497E-02       4.50070E-03       2.11083E-03       4.68999E-01       4.58445E-02       5.22164E-02
       1.00000E-01       1.04713E-01       1.02357E-01       4.71300E-03       2.19917E-03       4.66617E-01       4.77613E-02       5.44156E-02
       1.04713E-01       1.09648E-01       1.07180E-01       4.93500E-03       2.29234E-03       4.64506E-01       4.97860E-02       5.67079E-02
       1.09648E-01       1.14815E-01       1.12231E-01       5.16700E-03       2.39123E-03       4.62789E-01       5.19395E-02       5.90992E-02
       1.14815E-01       1.20226E-01       1.17520E-01       5.41100E-03       2.49644E-03       4.61364E-01       5.42197E-02       6.15956E-02
       1.20226E-01       1.25892E-01       1.23059E-01       5.66600E-03       2.60861E-03       4.60398E-01       5.66561E-02       6.42042E-02
       1.25892E-01       1.31826E-01       1.28859E-01       5.93400E-03       2.72931E-03       4.59945E-01       5.92680E-02       6.69335E-02
       1.31826E-01       1.38038E-01       1.34932E-01       6.21200E-03       2.85663E-03       4.59857E-01       6.20494E-02       6.97902E-02
       1.38038E-01       1.44544E-01       1.41291E-01       6.50600E-03       2.99063E-03       4.59672E-01       6.49475E-02       7.27808E-02
       1.44544E-01       1.51356E-01       1.47950E-01       6.81200E-03       3.13190E-03       4.59762E-01       6.80218E-02       7.59127E-02
       1.51356E-01       1.58489E-01       1.54923E-01       7.13300E-03       3.28085E-03       4.59953E-01       7.12571E-02       7.91935E-02
       1.58489E-01       1.65959E-01       1.62224E-01       7.47000E-03       3.43749E-03       4.60173E-01       7.46511E-02       8.26310E-02
       1.65959E-01       1.73780E-01       1.69869E-01       7.82100E-03       3.60186E-03       4.60537E-01       7.82313E-02       8.62329E-02
       1.73780E-01       1.81970E-01       1.77875E-01       8.19000E-03       3.77345E-03       4.60738E-01       8.19538E-02       9.00063E-02
       1.81970E-01       1.90546E-01       1.86258E-01       8.57600E-03       3.95064E-03       4.60662E-01       8.58021E-02       9.39570E-02
       1.90546E-01       1.99526E-01       1.95036E-01       8.98000E-03       4.13443E-03       4.60404E-01       8.97954E-02       9.80914E-02
       1.99526E-01       2.08930E-01       2.04228E-01       9.40400E-03       4.32469E-03       4.59877E-01       9.39198E-02       1.02416E-01
       2.08930E-01       2.18776E-01       2.13853E-01       9.84600E-03       4.52070E-03       4.59141E-01       9.81887E-02       1.06937E-01
       2.18776E-01       2.29087E-01       2.23931E-01       1.03110E-02       4.72104E-03       4.57865E-01       1.02530E-01       1.11658E-01
       2.29087E-01       2.39883E-01       2.34485E-01       1.07960E-02       4.92381E-03       4.56077E-01       1.06943E-01       1.16582E-01
       2.39883E-01       2.51189E-01       2.45536E-01       1.13060E-02       5.12915E-03       4.53666E-01       1.11391E-01       1.21711E-01
       2.51189E-01       2.63027E-01       2.57108E-01       1.18380E-02       5.36941E-03       4.53574E-01       1.16618E-01       1.27080E-01
       2.63027E-01       2.75423E-01       2.69225E-01       1.23960E-02       5.71125E-03       4.60733E-01       1.24041E-01       1.32791E-01
       2.75423E-01       2.88403E-01       2.81913E-01       1.29800E-02       6.08682E-03       4.68938E-01       1.32200E-01       1.38878E-01
       2.88403E-01       3.01995E-01       2.95199E-01       1.35920E-02       6.48430E-03       4.77067E-01       1.40830E-01       1.45363E-01
       3.01995E-01       3.16228E-01       3.09112E-01       1.42330E-02       6.90323E-03       4.85015E-01       1.49924E-01       1.52266E-01
       3.16228E-01       3.31131E-01       3.23680E-01       1.49030E-02       7.33374E-03       4.92098E-01       1.59282E-01       1.59600E-01
       3.31131E-01       3.46737E-01       3.38934E-01       1.56060E-02       7.78726E-03       4.98991E-01       1.69125E-01       1.67387E-01
       3.46737E-01       3.63078E-01       3.54908E-01       1.63410E-02       8.26500E-03       5.05783E-01       1.79506E-01       1.75652E-01
       3.63078E-01       3.80189E-01       3.71633E-01       1.71110E-02       8.75407E-03       5.11605E-01       1.90130E-01       1.84406E-01
       3.80189E-01       3.98107E-01       3.89148E-01       1.79180E-02       9.27425E-03       5.17594E-01       2.01421E-01       1.93680E-01
       3.98107E-01       4.16869E-01       4.07488E-01       1.87620E-02       9.83374E-03       5.24131E-01       2.13577E-01       2.03514E-01
       4.16869E-01       4.36516E-01       4.26692E-01       1.96470E-02       1.04397E-02       5.31364E-01       2.26729E-01       2.13954E-01
       4.36516E-01       4.57088E-01       4.46802E-01       2.05720E-02       1.10805E-02       5.38622E-01       2.40657E-01       2.25034E-01
       4.57088E-01       4.78630E-01       4.67859E-01       2.15420E-02       1.17631E-02       5.46054E-01       2.55476E-01       2.36797E-01
       4.78630E-01       5.01187E-01       4.89909E-01       2.25570E-02       1.25163E-02       5.54874E-01       2.71838E-01       2.49314E-01
       5.01187E-01       5.24808E-01       5.12998E-01       2.36210E-02       1.33509E-02       5.65212E-01       2.89952E-01       2.62664E-01
       5.24808E-01       5.49541E-01       5.37174E-01       2.47330E-02       1.42402E-02       5.75759E-01       3.09283E-01       2.76905E-01
       5.49541E-01       5.75440E-01       5.62490E-01       2.58990E-02       1.52177E-02       5.87580E-01       3.30508E-01       2.92122E-01
       5.75440E-01       6.02560E-01       5.89000E-01       2.71200E-02       1.63146E-02       6.01572E-01       3.54326E-01       3.08437E-01
       6.02560E-01       6.30957E-01       6.16758E-01       2.83970E-02       1.75465E-02       6.17900E-01       3.81095E-01       3.25983E-01
       6.30957E-01       6.60693E-01       6.45825E-01       2.97360E-02       1.89301E-02       6.36604E-01       4.11135E-01       3.44914E-01
       6.60693E-01       6.91831E-01       6.76262E-01       3.11380E-02       2.04812E-02       6.57757E-01       4.44816E-01       3.65395E-01
       6.91831E-01       7.24436E-01       7.08133E-01       3.26050E-02       2.22226E-02       6.81570E-01       4.82643E-01       3.87617E-01
       7.24436E-01       7.58578E-01       7.41507E-01       3.41420E-02       2.41648E-02       7.07774E-01       5.24819E-01       4.11782E-01
       7.58578E-01       7.94328E-01       7.76453E-01       3.57500E-02       2.67555E-02       7.48406E-01       5.81102E-01       4.38538E-01
       7.94328E-01       8.31764E-01       8.13046E-01       3.74360E-02       3.54640E-02       9.47323E-01       7.70217E-01       4.74002E-01
       8.31764E-01       8.70964E-01       8.51364E-01       3.92000E-02       2.87903E-02       7.34446E-01       6.25280E-01       5.02792E-01
       8.70964E-01       9.12011E-01       8.91487E-01       4.10470E-02       2.86754E-02       6.98600E-01       6.22793E-01       5.31467E-01
       9.12011E-01       9.54993E-01       9.33502E-01       4.29820E-02       2.85935E-02       6.65245E-01       6.21007E-01       5.60061E-01
       9.54993E-01       1.00000E+00       9.77497E-01       4.50070E-02       2.85401E-02       6.34125E-01       6.19855E-01       5.88601E-01
       1.00000E+00       1.04713E+00       1.02357E+00       4.71300E-02       2.83653E-02       6.01852E-01       6.16035E-01       6.16966E-01
       1.04713E+00       1.09648E+00       1.07181E+00       4.93500E-02       2.80795E-02       5.68987E-01       6.09843E-01       6.45046E-01
       1.09648E+00       1.14815E+00       1.12231E+00       5.16700E-02       2.75685E-02       5.33550E-01       5.98812E-01       6.72614E-01
       1.14815E+00       1.20226E+00       1.17520E+00       5.41100E-02       2.67947E-02       4.95189E-01       5.81949E-01       6.99409E-01
       1.20226E+00       1.25892E+00       1.23059E+00       5.66600E-02       2.57365E-02       4.54227E-01       5.58967E-01       7.25146E-01
       1.25892E+00       1.31826E+00       1.28859E+00       5.93400E-02       2.43747E-02       4.10764E-01       5.29306E-01       7.49520E-01
       1.31826E+00       1.38038E+00       1.34932E+00       6.21200E-02       2.27358E-02       3.65997E-01       4.93848E-01       7.72256E-01
       1.38038E+00       1.44544E+00       1.41291E+00       6.50600E-02       2.09477E-02       3.21975E-01       4.54922E-01       7.93204E-01
       1.44544E+00       1.51356E+00       1.47950E+00       6.81200E-02       1.88859E-02       2.77245E-01       4.10184E-01       8.12090E-01
       1.51356E+00       1.58489E+00       1.54923E+00       7.13300E-02       1.66151E-02       2.32933E-01       3.60866E-01       8.28705E-01
       1.58489E+00       1.65959E+00       1.62224E+00       7.47000E-02       1.41219E-02       1.89048E-01       3.06681E-01       8.42827E-01
       1.65959E+00       1.73780E+00       1.69869E+00       7.82100E-02       1.22401E-02       1.56503E-01       2.65851E-01       8.55067E-01
       1.73780E+00       1.81970E+00       1.77875E+00       8.19000E-02       1.19487E-02       1.45894E-01       2.59508E-01       8.67016E-01
       1.81970E+00       1.90546E+00       1.86258E+00       8.57600E-02       1.17184E-02       1.36641E-01       2.54505E-01       8.78734E-01
       1.90546E+00       1.99526E+00       1.95036E+00       8.98000E-02       1.14619E-02       1.27638E-01       2.48939E-01       8.90196E-01
       1.99526E+00       2.08930E+00       2.04228E+00       9.40400E-02       1.11211E-02       1.18260E-01       2.41519E-01       9.01317E-01
       2.08930E+00       2.18776E+00       2.13853E+00       9.84600E-02       1.07329E-02       1.09008E-01       2.33116E-01       9.12050E-01
       2.18776E+00       2.29087E+00       2.23932E+00       1.03110E-01       1.05000E-02       1.01833E-01       2.28035E-01       9.22550E-01
       2.29087E+00       2.39883E+00       2.34485E+00       1.07960E-01       1.01685E-02       9.41874E-02       2.20855E-01       9.32718E-01
       2.39883E+00       2.51189E+00       2.45536E+00       1.13060E-01       9.81214E-03       8.67870E-02       2.13093E-01       9.42530E-01
       2.51189E+00       2.63027E+00       2.57108E+00       1.18380E-01       9.65041E-03       8.15206E-02       2.09596E-01       9.52181E-01
       2.63027E+00       2.75423E+00       2.69225E+00       1.23960E-01       9.61636E-03       7.75763E-02       2.08855E-01       9.61797E-01
       2.75423E+00       2.88403E+00       2.81913E+00       1.29800E-01       7.48068E-03       5.76323E-02       1.62473E-01       9.69278E-01
       2.88403E+00       3.01995E+00       2.95199E+00       1.35920E-01       6.98659E-03       5.14022E-02       1.51739E-01       9.76264E-01
       3.01995E+00       3.16228E+00       3.09111E+00       1.42330E-01       4.75391E-03       3.34006E-02       1.03245E-01       9.81018E-01
       3.16228E+00       3.31131E+00       3.23679E+00       1.49030E-01       2.83054E-03       1.89931E-02       6.14767E-02       9.83849E-01
       3.31131E+00       3.46737E+00       3.38934E+00       1.56060E-01       2.48336E-03       1.59128E-02       5.39340E-02       9.86332E-01
       3.46737E+00       3.63078E+00       3.54908E+00       1.63410E-01       2.16218E-03       1.32316E-02       4.69601E-02       9.88494E-01
       3.63078E+00       3.80189E+00       3.71633E+00       1.71110E-01       1.89608E-03       1.10810E-02       4.11809E-02       9.90391E-01
       3.80189E+00       3.98107E+00       3.89148E+00       1.79180E-01       1.67682E-03       9.35828E-03       3.64176E-02       9.92067E-01
       3.98107E+00       4.16869E+00       4.07488E+00       1.87620E-01       1.48354E-03       7.90718E-03       3.22208E-02       9.93551E-01
       4.16869E+00       4.36516E+00       4.26692E+00       1.96470E-01       1.32019E-03       6.71955E-03       2.86718E-02       9.94871E-01
       4.36516E+00       4.57088E+00       4.46802E+00       2.05720E-01       1.16380E-03       5.65722E-03       2.52766E-02       9.96035E-01
       4.57088E+00       4.78630E+00       4.67859E+00       2.15420E-01       1.00616E-03       4.67068E-03       2.18522E-02       9.97041E-01
       4.78630E+00       5.00000E+00       4.89315E+00       2.13700E-01       8.04793E-04       3.76599E-03       1.84276E-02       9.97846E-01
       5.00000E+00       5.20000E+00       5.10000E+00       2.00000E-01       5.96349E-04       2.98174E-03       1.52069E-02       9.98442E-01
       5.20000E+00       5.40000E+00       5.30000E+00       2.00000E-01       4.63432E-04       2.31716E-03       1.22810E-02       9.98906E-01
       5.40000E+00       5.60000E+00       5.50000E+00       2.00000E-01       3.49628E-04       1.74814E-03       9.61476E-03       9.99255E-01
       5.60000E+00       5.80000E+00       5.70000E+00       2.00000E-01       2.54709E-04       1.27355E-03       7.25921E-03       9.99510E-01
       5.80000E+00       6.00000E+00       5.90000E+00       2.00000E-01       1.79660E-04       8.98298E-04       5.29996E-03       9.99690E-01
       6.00000E+00       6.20000E+00       6.10000E+00       2.00000E-01       1.24821E-04       6.24106E-04       3.80705E-03       9.99814E-01
       6.20000E+00       6.40000E+00       6.30000E+00       2.00000E-01       8.72797E-05       4.36399E-04       2.74931E-03       9.99902E-01
       6.40000E+00       6.60000E+00       6.50000E+00       2.00000E-01       5.86416E-05       2.93208E-04       1.90585E-03       9.99960E-01
       6.60000E+00       6.80000E+00       6.70000E+00       2.00000E-01       3.51155E-05       1.75577E-04       1.17637E-03       9.99995E-01
       6.80000E+00       7.00000E+00       6.90000E+00       2.00000E-01       4.85437E-06       2.42718E-05       1.67476E-04       1.00000E+00

 Sum =                                                                         1.00000E+00
 Renormalization bin#   996 =                                                  1.59035E-01 barn        2.40000E+07        2.42000E+07        2.41000E+07
 Avg. Energy     bin#   996 =                                                  1.02894E+00 MeV         2.40000E+07        2.42000E+07
