"        MT=  4 recoil spectrum "
" Initial neutron energy corresponds to the group:"
   1.76000E+01    1.78000E+01       0.00000E+00           300           901           602



          Low               High              Mid              Energy           Number             dn/de            E*dn/de          Cumulative
         Energy            Energy            Energy             Width          Fraction                               Sum   
         [MeV]             [MeV]             [MeV]              [MeV]

       2.10000E-06       2.12500E-06       2.11250E-06       2.50001E-08       0.00000E+00       0.00000E+00       0.00000E+00       0.00000E+00
       2.12500E-06       2.15000E-06       2.13750E-06       2.50001E-08       3.69277E-12       1.47710E-04       3.15731E-10       3.69277E-12
       2.15000E-06       2.17500E-06       2.16250E-06       2.49999E-08       3.73588E-12       1.49436E-04       3.23155E-10       7.42865E-12
       2.17500E-06       2.20000E-06       2.18750E-06       2.50001E-08       3.77935E-12       1.51173E-04       3.30692E-10       1.12080E-11
       2.20000E-06       2.22500E-06       2.21250E-06       2.49999E-08       3.82245E-12       1.52899E-04       3.38289E-10       1.50304E-11
       2.22500E-06       2.25000E-06       2.23750E-06       2.50001E-08       3.86555E-12       1.54621E-04       3.45965E-10       1.88960E-11
       2.25000E-06       2.27500E-06       2.26250E-06       2.50001E-08       3.90865E-12       1.56345E-04       3.53732E-10       2.28046E-11
       2.27500E-06       2.30000E-06       2.28750E-06       2.49999E-08       3.95212E-12       1.58086E-04       3.61621E-10       2.67568E-11
       2.30000E-06       2.32500E-06       2.31250E-06       2.50001E-08       3.99522E-12       1.59808E-04       3.69557E-10       3.07520E-11
       2.32500E-06       2.35000E-06       2.33750E-06       2.49999E-08       4.03833E-12       1.61534E-04       3.77586E-10       3.47903E-11
       2.35000E-06       2.37500E-06       2.36250E-06       2.50001E-08       4.08143E-12       1.63257E-04       3.85693E-10       3.88717E-11
       2.37500E-06       2.40000E-06       2.38750E-06       2.50001E-08       4.12490E-12       1.64995E-04       3.93926E-10       4.29966E-11
       2.40000E-06       2.42500E-06       2.41250E-06       2.49999E-08       4.16800E-12       1.66721E-04       4.02214E-10       4.71646E-11
       2.42500E-06       2.45000E-06       2.43750E-06       2.50001E-08       4.21110E-12       1.68443E-04       4.10581E-10       5.13757E-11
       2.45000E-06       2.47500E-06       2.46250E-06       2.49999E-08       4.25421E-12       1.70169E-04       4.19042E-10       5.56300E-11
       2.47500E-06       2.50000E-06       2.48750E-06       2.50001E-08       4.29768E-12       1.71906E-04       4.27617E-10       5.99276E-11
       2.50000E-06       2.52500E-06       2.51250E-06       2.50001E-08       4.34078E-12       1.73630E-04       4.36246E-10       6.42684E-11
       2.52500E-06       2.55000E-06       2.53750E-06       2.49999E-08       4.38388E-12       1.75356E-04       4.44966E-10       6.86523E-11
       2.55000E-06       2.57500E-06       2.56250E-06       2.50001E-08       4.42698E-12       1.77079E-04       4.53764E-10       7.30793E-11
       2.57500E-06       2.60000E-06       2.58750E-06       2.49999E-08       4.47045E-12       1.78819E-04       4.62694E-10       7.75497E-11
       2.60000E-06       2.62500E-06       2.61250E-06       2.50001E-08       4.51355E-12       1.80541E-04       4.71665E-10       8.20633E-11
       2.62500E-06       2.65000E-06       2.63750E-06       2.50001E-08       4.55666E-12       1.82266E-04       4.80725E-10       8.66199E-11
       2.65000E-06       2.67500E-06       2.66250E-06       2.49999E-08       4.59976E-12       1.83991E-04       4.89877E-10       9.12197E-11
       2.67500E-06       2.70000E-06       2.68750E-06       2.50001E-08       4.64323E-12       1.85728E-04       4.99145E-10       9.58629E-11
       2.70000E-06       2.72500E-06       2.71250E-06       2.49999E-08       4.68633E-12       1.87454E-04       5.08470E-10       1.00549E-10
       2.72500E-06       2.75000E-06       2.73750E-06       2.50001E-08       4.72943E-12       1.89177E-04       5.17871E-10       1.05279E-10
       2.75000E-06       2.77500E-06       2.76250E-06       2.50001E-08       4.77253E-12       1.90901E-04       5.27363E-10       1.10051E-10
       2.77500E-06       2.80000E-06       2.78750E-06       2.49999E-08       4.81564E-12       1.92627E-04       5.36946E-10       1.14867E-10
       2.80000E-06       2.82500E-06       2.81250E-06       2.50001E-08       4.85911E-12       1.94364E-04       5.46647E-10       1.19726E-10
       2.82500E-06       2.85000E-06       2.83750E-06       2.49999E-08       4.90221E-12       1.96089E-04       5.56404E-10       1.24628E-10
       2.85000E-06       2.87500E-06       2.86250E-06       2.50001E-08       4.94531E-12       1.97812E-04       5.66236E-10       1.29573E-10
       2.87500E-06       2.90000E-06       2.88750E-06       2.50001E-08       4.98841E-12       1.99536E-04       5.76159E-10       1.34562E-10
       2.90000E-06       2.92500E-06       2.91250E-06       2.49999E-08       5.03188E-12       2.01276E-04       5.86218E-10       1.39594E-10
       2.92500E-06       2.95000E-06       2.93750E-06       2.50001E-08       5.07498E-12       2.02999E-04       5.96308E-10       1.44669E-10
       2.95000E-06       2.97500E-06       2.96250E-06       2.49999E-08       5.11809E-12       2.04725E-04       6.06497E-10       1.49787E-10
       2.97500E-06       3.00000E-06       2.98750E-06       2.50001E-08       5.16119E-12       2.06447E-04       6.16760E-10       1.54948E-10
       3.00000E-06       3.02500E-06       3.01250E-06       2.50001E-08       5.20466E-12       2.08186E-04       6.27159E-10       1.60153E-10
       3.02500E-06       3.05000E-06       3.03750E-06       2.49999E-08       5.24776E-12       2.09912E-04       6.37607E-10       1.65400E-10
       3.05000E-06       3.07500E-06       3.06250E-06       2.50001E-08       5.29086E-12       2.11634E-04       6.48128E-10       1.70691E-10
       3.07500E-06       3.10000E-06       3.08750E-06       2.49999E-08       5.33397E-12       2.13360E-04       6.58749E-10       1.76025E-10
       3.10000E-06       3.12500E-06       3.11250E-06       2.50001E-08       5.37744E-12       2.15097E-04       6.69488E-10       1.81403E-10
       3.12500E-06       3.15000E-06       3.13750E-06       2.50001E-08       5.42054E-12       2.16821E-04       6.80275E-10       1.86823E-10
       3.15000E-06       3.17500E-06       3.16250E-06       2.49999E-08       5.46364E-12       2.18547E-04       6.91154E-10       1.92287E-10
       3.17500E-06       3.20000E-06       3.18750E-06       2.50001E-08       5.50674E-12       2.20269E-04       7.02107E-10       1.97794E-10
       3.20000E-06       3.22500E-06       3.21250E-06       2.49999E-08       5.55021E-12       2.22010E-04       7.13206E-10       2.03344E-10
       3.22500E-06       3.25000E-06       3.23750E-06       2.50001E-08       5.59331E-12       2.23732E-04       7.24331E-10       2.08937E-10
       3.25000E-06       3.27500E-06       3.26250E-06       2.50001E-08       5.63642E-12       2.25456E-04       7.35549E-10       2.14574E-10
       3.27500E-06       3.30000E-06       3.28750E-06       2.49999E-08       5.67952E-12       2.27182E-04       7.46861E-10       2.20253E-10
       3.30000E-06       3.32500E-06       3.31250E-06       2.50001E-08       5.72299E-12       2.28919E-04       7.58293E-10       2.25976E-10
       3.32500E-06       3.35000E-06       3.33750E-06       2.49999E-08       5.76609E-12       2.30645E-04       7.69777E-10       2.31742E-10
       3.35000E-06       3.37500E-06       3.36250E-06       2.50001E-08       5.80919E-12       2.32367E-04       7.81333E-10       2.37551E-10
       3.37500E-06       3.40000E-06       3.38750E-06       2.50001E-08       5.85229E-12       2.34091E-04       7.92983E-10       2.43404E-10
       3.40000E-06       3.42500E-06       3.41250E-06       2.49999E-08       5.89576E-12       2.35832E-04       8.04777E-10       2.49299E-10
       3.42500E-06       3.45000E-06       3.43750E-06       2.50001E-08       5.93887E-12       2.37554E-04       8.16591E-10       2.55238E-10
       3.45000E-06       3.47500E-06       3.46250E-06       2.49999E-08       5.98197E-12       2.39280E-04       8.28507E-10       2.61220E-10
       3.47500E-06       3.50000E-06       3.48750E-06       2.50001E-08       6.02507E-12       2.41002E-04       8.40494E-10       2.67245E-10
       3.50000E-06       3.52500E-06       3.51250E-06       2.50001E-08       6.06817E-12       2.42726E-04       8.52575E-10       2.73313E-10
       3.52500E-06       3.55000E-06       3.53750E-06       2.49999E-08       6.11164E-12       2.44467E-04       8.64803E-10       2.79425E-10
       3.55000E-06       3.57500E-06       3.56250E-06       2.50001E-08       6.15475E-12       2.46189E-04       8.77048E-10       2.85580E-10
       3.57500E-06       3.60000E-06       3.58750E-06       2.49999E-08       6.19785E-12       2.47915E-04       8.89396E-10       2.91778E-10
       3.60000E-06       3.62500E-06       3.61250E-06       2.50001E-08       6.24095E-12       2.49637E-04       9.01814E-10       2.98019E-10
       3.62500E-06       3.65000E-06       3.63750E-06       2.50001E-08       6.28442E-12       2.51376E-04       9.14380E-10       3.04303E-10
       3.65000E-06       3.67500E-06       3.66250E-06       2.49999E-08       6.32752E-12       2.53102E-04       9.26987E-10       3.10631E-10
       3.67500E-06       3.70000E-06       3.68750E-06       2.50001E-08       6.37062E-12       2.54824E-04       9.39663E-10       3.17001E-10
       3.70000E-06       3.72500E-06       3.71250E-06       2.49999E-08       6.41373E-12       2.56550E-04       9.52444E-10       3.23415E-10
       3.72500E-06       3.75000E-06       3.73750E-06       2.50001E-08       6.45720E-12       2.58287E-04       9.65347E-10       3.29872E-10
       3.75000E-06       3.77500E-06       3.76250E-06       2.50001E-08       6.50030E-12       2.60011E-04       9.78291E-10       3.36372E-10
       3.77500E-06       3.80000E-06       3.78750E-06       2.49999E-08       6.54340E-12       2.61738E-04       9.91331E-10       3.42916E-10
       3.80000E-06       3.82500E-06       3.81250E-06       2.50001E-08       6.58650E-12       2.63459E-04       1.00444E-09       3.49502E-10
       3.82500E-06       3.85000E-06       3.83750E-06       2.49999E-08       6.62997E-12       2.65200E-04       1.01771E-09       3.56132E-10
       3.85000E-06       3.87500E-06       3.86250E-06       2.50001E-08       6.67307E-12       2.66922E-04       1.03099E-09       3.62805E-10
       3.87500E-06       3.90000E-06       3.88750E-06       2.50001E-08       6.71618E-12       2.68646E-04       1.04436E-09       3.69522E-10
       3.90000E-06       3.92500E-06       3.91250E-06       2.49999E-08       6.75928E-12       2.70373E-04       1.05783E-09       3.76281E-10
       3.92500E-06       3.95000E-06       3.93750E-06       2.50001E-08       6.80275E-12       2.72109E-04       1.07143E-09       3.83084E-10
       3.95000E-06       3.97500E-06       3.96250E-06       2.49999E-08       6.84585E-12       2.73836E-04       1.08507E-09       3.89930E-10
       3.97500E-06       4.00000E-06       3.98750E-06       2.50001E-08       6.88895E-12       2.75557E-04       1.09878E-09       3.96818E-10
       4.00000E-06       4.02500E-06       4.01250E-06       2.50001E-08       6.93206E-12       2.77281E-04       1.11259E-09       4.03751E-10
       4.02500E-06       4.05000E-06       4.03750E-06       2.50001E-08       6.97552E-12       2.79020E-04       1.12654E-09       4.10726E-10
       4.05000E-06       4.07500E-06       4.06250E-06       2.49996E-08       7.01863E-12       2.80749E-04       1.14054E-09       4.17745E-10
       4.07500E-06       4.10000E-06       4.08750E-06       2.50001E-08       7.06173E-12       2.82468E-04       1.15459E-09       4.24806E-10
       4.10000E-06       4.12500E-06       4.11250E-06       2.50001E-08       7.10483E-12       2.84192E-04       1.16874E-09       4.31911E-10
       4.12500E-06       4.15000E-06       4.13750E-06       2.50001E-08       7.14830E-12       2.85931E-04       1.18304E-09       4.39060E-10
       4.15000E-06       4.17500E-06       4.16250E-06       2.50001E-08       7.19140E-12       2.87655E-04       1.19736E-09       4.46251E-10
       4.17500E-06       4.20000E-06       4.18750E-06       2.49996E-08       7.23451E-12       2.89385E-04       1.21180E-09       4.53486E-10
       4.20000E-06       4.22500E-06       4.21250E-06       2.50001E-08       7.27761E-12       2.91103E-04       1.22627E-09       4.60763E-10
       4.22500E-06       4.25000E-06       4.23750E-06       2.50001E-08       7.32071E-12       2.92827E-04       1.24086E-09       4.68084E-10
       4.25000E-06       4.27500E-06       4.26250E-06       2.50001E-08       7.36418E-12       2.94566E-04       1.25559E-09       4.75448E-10
       4.27500E-06       4.30000E-06       4.28750E-06       2.50001E-08       7.40728E-12       2.96290E-04       1.27034E-09       4.82855E-10
       4.30000E-06       4.32500E-06       4.31250E-06       2.49996E-08       7.45038E-12       2.98020E-04       1.28521E-09       4.90306E-10
       4.32500E-06       4.35000E-06       4.33750E-06       2.50001E-08       7.49349E-12       2.99738E-04       1.30011E-09       4.97799E-10
       4.35000E-06       4.37500E-06       4.36250E-06       2.50001E-08       7.53696E-12       3.01477E-04       1.31519E-09       5.05336E-10
       4.37500E-06       4.40000E-06       4.38750E-06       2.50001E-08       7.58006E-12       3.03201E-04       1.33030E-09       5.12916E-10
       4.40000E-06       4.42500E-06       4.41250E-06       2.50001E-08       7.62316E-12       3.04925E-04       1.34548E-09       5.20539E-10
       4.42500E-06       4.45000E-06       4.43750E-06       2.49996E-08       7.66626E-12       3.06655E-04       1.36078E-09       5.28206E-10
       4.45000E-06       4.47500E-06       4.46250E-06       2.50001E-08       7.70973E-12       3.08388E-04       1.37618E-09       5.35915E-10
       4.47500E-06       4.50000E-06       4.48750E-06       2.50001E-08       7.75283E-12       3.10112E-04       1.39163E-09       5.43668E-10
       4.50000E-06       4.52500E-06       4.51250E-06       2.50001E-08       7.79594E-12       3.11836E-04       1.40716E-09       5.51464E-10
       4.52500E-06       4.55000E-06       4.53750E-06       2.50001E-08       7.83904E-12       3.13560E-04       1.42278E-09       5.59303E-10
       4.55000E-06       4.57500E-06       4.56250E-06       2.49996E-08       7.88251E-12       3.15305E-04       1.43858E-09       5.67186E-10
       4.57500E-06       4.60000E-06       4.58750E-06       2.50001E-08       7.92561E-12       3.17023E-04       1.45434E-09       5.75111E-10
       4.60000E-06       4.62500E-06       4.61250E-06       2.50001E-08       7.96871E-12       3.18747E-04       1.47022E-09       5.83080E-10
       4.62500E-06       4.65000E-06       4.63750E-06       2.50001E-08       8.01182E-12       3.20471E-04       1.48619E-09       5.91092E-10
       4.65000E-06       4.67500E-06       4.66250E-06       2.50001E-08       8.05529E-12       3.22210E-04       1.50231E-09       5.99147E-10
       4.67500E-06       4.70000E-06       4.68750E-06       2.49996E-08       8.09839E-12       3.23940E-04       1.51847E-09       6.07246E-10
       4.70000E-06       4.72500E-06       4.71250E-06       2.50001E-08       8.14149E-12       3.25658E-04       1.53466E-09       6.15387E-10
       4.72500E-06       4.75000E-06       4.73750E-06       2.50001E-08       8.18459E-12       3.27382E-04       1.55097E-09       6.23572E-10
       4.75000E-06       4.77500E-06       4.76250E-06       2.50001E-08       8.22806E-12       3.29121E-04       1.56744E-09       6.31800E-10
       4.77500E-06       4.80000E-06       4.78750E-06       2.50001E-08       8.27116E-12       3.30845E-04       1.58392E-09       6.40071E-10
       4.80000E-06       4.82500E-06       4.81250E-06       2.49996E-08       8.31427E-12       3.32576E-04       1.60052E-09       6.48385E-10
       4.82500E-06       4.85000E-06       4.83750E-06       2.50001E-08       8.35737E-12       3.34293E-04       1.61714E-09       6.56742E-10
       4.85000E-06       4.87500E-06       4.86250E-06       2.50001E-08       8.40084E-12       3.36032E-04       1.63396E-09       6.65143E-10
       4.87500E-06       4.90000E-06       4.88750E-06       2.50001E-08       8.44394E-12       3.37756E-04       1.65078E-09       6.73587E-10
       4.90000E-06       4.92500E-06       4.91250E-06       2.50001E-08       8.48704E-12       3.39480E-04       1.66770E-09       6.82074E-10
       4.92500E-06       4.95000E-06       4.93750E-06       2.49996E-08       8.53014E-12       3.41211E-04       1.68473E-09       6.90604E-10
       4.95000E-06       4.97500E-06       4.96250E-06       2.50001E-08       8.57361E-12       3.42943E-04       1.70186E-09       6.99178E-10
       4.97500E-06       5.00000E-06       4.98750E-06       2.50001E-08       8.61672E-12       3.44667E-04       1.71903E-09       7.07795E-10
       5.00000E-06       5.02500E-06       5.01250E-06       2.50001E-08       8.65982E-12       3.46391E-04       1.73629E-09       7.16455E-10
       5.02500E-06       5.05000E-06       5.03750E-06       2.50001E-08       8.70292E-12       3.48116E-04       1.75363E-09       7.25158E-10
       5.05000E-06       5.07500E-06       5.06250E-06       2.49996E-08       8.74602E-12       3.49846E-04       1.77110E-09       7.33904E-10
       5.07500E-06       5.10000E-06       5.08750E-06       2.50001E-08       8.78949E-12       3.51578E-04       1.78865E-09       7.42693E-10
       5.10000E-06       5.12500E-06       5.11250E-06       2.50001E-08       8.83260E-12       3.53302E-04       1.80626E-09       7.51526E-10
       5.12500E-06       5.15000E-06       5.13750E-06       2.50001E-08       8.87570E-12       3.55027E-04       1.82395E-09       7.60401E-10
       5.15000E-06       5.17500E-06       5.16250E-06       2.50001E-08       8.91880E-12       3.56751E-04       1.84173E-09       7.69320E-10
       5.17500E-06       5.20000E-06       5.18750E-06       2.49996E-08       8.96227E-12       3.58496E-04       1.85970E-09       7.78282E-10
       5.20000E-06       5.22500E-06       5.21250E-06       2.50001E-08       9.00537E-12       3.60213E-04       1.87761E-09       7.87288E-10
       5.22500E-06       5.25000E-06       5.23750E-06       2.50001E-08       9.04847E-12       3.61938E-04       1.89565E-09       7.96336E-10
       5.25000E-06       5.27500E-06       5.26250E-06       2.50001E-08       9.09158E-12       3.63662E-04       1.91377E-09       8.05428E-10
       5.27500E-06       5.30000E-06       5.28750E-06       2.50001E-08       9.13505E-12       3.65400E-04       1.93206E-09       8.14563E-10
       5.30000E-06       5.32500E-06       5.31250E-06       2.49996E-08       9.17815E-12       3.67132E-04       1.95039E-09       8.23741E-10
       5.32500E-06       5.35000E-06       5.33750E-06       2.50001E-08       9.22125E-12       3.68849E-04       1.96873E-09       8.32962E-10
       5.35000E-06       5.37500E-06       5.36250E-06       2.50001E-08       9.26435E-12       3.70573E-04       1.98720E-09       8.42227E-10
       5.37500E-06       5.40000E-06       5.38750E-06       2.50001E-08       9.30782E-12       3.72311E-04       2.00583E-09       8.51534E-10
       5.40000E-06       5.42500E-06       5.41250E-06       2.50001E-08       9.35093E-12       3.74036E-04       2.02447E-09       8.60885E-10
       5.42500E-06       5.45000E-06       5.43750E-06       2.49996E-08       9.39403E-12       3.75767E-04       2.04323E-09       8.70279E-10
       5.45000E-06       5.47500E-06       5.46250E-06       2.50001E-08       9.43713E-12       3.77484E-04       2.06201E-09       8.79716E-10
       5.47500E-06       5.50000E-06       5.48750E-06       2.50001E-08       9.48060E-12       3.79223E-04       2.08098E-09       8.89197E-10
       5.50000E-06       5.52500E-06       5.51250E-06       2.50001E-08       9.52370E-12       3.80947E-04       2.09997E-09       8.98721E-10
       5.52500E-06       5.55000E-06       5.53750E-06       2.50001E-08       9.56680E-12       3.82671E-04       2.11904E-09       9.08288E-10
       5.55000E-06       5.57500E-06       5.56250E-06       2.49996E-08       9.60990E-12       3.84402E-04       2.13824E-09       9.17897E-10
       5.57500E-06       5.60000E-06       5.58750E-06       2.50001E-08       9.65338E-12       3.86134E-04       2.15752E-09       9.27551E-10
       5.60000E-06       5.62500E-06       5.61250E-06       2.50001E-08       9.69648E-12       3.87858E-04       2.17685E-09       9.37247E-10
       5.62500E-06       5.65000E-06       5.63750E-06       2.50001E-08       9.73958E-12       3.89582E-04       2.19627E-09       9.46987E-10
       5.65000E-06       5.67500E-06       5.66250E-06       2.50001E-08       9.78268E-12       3.91306E-04       2.21577E-09       9.56770E-10
       5.67500E-06       5.70000E-06       5.68750E-06       2.49996E-08       9.82615E-12       3.93052E-04       2.23548E-09       9.66596E-10
       5.70000E-06       5.72500E-06       5.71250E-06       2.50001E-08       9.86925E-12       3.94769E-04       2.25512E-09       9.76465E-10
       5.72500E-06       5.75000E-06       5.73750E-06       2.50001E-08       9.91236E-12       3.96493E-04       2.27488E-09       9.86377E-10
       5.75000E-06       5.77500E-06       5.76250E-06       2.50001E-08       9.95546E-12       3.98217E-04       2.29472E-09       9.96333E-10
       5.77500E-06       5.80000E-06       5.78750E-06       2.50001E-08       9.99856E-12       3.99941E-04       2.31466E-09       1.00633E-09
       5.80000E-06       5.82500E-06       5.81250E-06       2.49996E-08       1.00420E-11       4.01687E-04       2.33481E-09       1.01637E-09
       5.82500E-06       5.85000E-06       5.83750E-06       2.50001E-08       1.00851E-11       4.03404E-04       2.35487E-09       1.02646E-09
       5.85000E-06       5.87500E-06       5.86250E-06       2.50001E-08       1.01282E-11       4.05128E-04       2.37506E-09       1.03659E-09
       5.87500E-06       5.90000E-06       5.88750E-06       2.50001E-08       1.01713E-11       4.06852E-04       2.39534E-09       1.04676E-09
       5.90000E-06       5.92500E-06       5.91250E-06       2.50001E-08       1.02148E-11       4.08591E-04       2.41579E-09       1.05697E-09
       5.92500E-06       5.95000E-06       5.93750E-06       2.49996E-08       1.02579E-11       4.10323E-04       2.43629E-09       1.06723E-09
       5.95000E-06       5.97500E-06       5.96250E-06       2.50001E-08       1.03010E-11       4.12039E-04       2.45678E-09       1.07753E-09
       5.97500E-06       6.00000E-06       5.98750E-06       2.50001E-08       1.03441E-11       4.13763E-04       2.47741E-09       1.08788E-09
       6.00000E-06       6.02500E-06       6.01250E-06       2.50001E-08       1.03876E-11       4.15502E-04       2.49820E-09       1.09826E-09
       6.02500E-06       6.05000E-06       6.03750E-06       2.50001E-08       1.04307E-11       4.17226E-04       2.51900E-09       1.10869E-09
       6.05000E-06       6.07500E-06       6.06250E-06       2.49996E-08       1.04738E-11       4.18958E-04       2.53993E-09       1.11917E-09
       6.07500E-06       6.10000E-06       6.08750E-06       2.50001E-08       1.05169E-11       4.20674E-04       2.56085E-09       1.12968E-09
       6.10000E-06       6.12500E-06       6.11250E-06       2.50001E-08       1.05604E-11       4.22413E-04       2.58200E-09       1.14025E-09
       6.12500E-06       6.15000E-06       6.13750E-06       2.50001E-08       1.06035E-11       4.24137E-04       2.60314E-09       1.15085E-09
       6.15000E-06       6.17500E-06       6.16250E-06       2.50001E-08       1.06466E-11       4.25861E-04       2.62437E-09       1.16150E-09
       6.17500E-06       6.20000E-06       6.18750E-06       2.49996E-08       1.06897E-11       4.27593E-04       2.64573E-09       1.17218E-09
       6.20000E-06       6.22500E-06       6.21250E-06       2.50001E-08       1.07331E-11       4.29324E-04       2.66717E-09       1.18292E-09
       6.22500E-06       6.25000E-06       6.23750E-06       2.50001E-08       1.07762E-11       4.31048E-04       2.68866E-09       1.19369E-09
       6.25000E-06       6.27500E-06       6.26250E-06       2.50001E-08       1.08193E-11       4.32772E-04       2.71023E-09       1.20451E-09
       6.27500E-06       6.30000E-06       6.28750E-06       2.50001E-08       1.08624E-11       4.34496E-04       2.73189E-09       1.21538E-09
       6.30000E-06       6.32500E-06       6.31250E-06       2.49996E-08       1.09059E-11       4.36243E-04       2.75379E-09       1.22628E-09
       6.32500E-06       6.35000E-06       6.33750E-06       2.50001E-08       1.09490E-11       4.37959E-04       2.77556E-09       1.23723E-09
       6.35000E-06       6.37500E-06       6.36250E-06       2.50001E-08       1.09921E-11       4.39683E-04       2.79748E-09       1.24822E-09
       6.37500E-06       6.40000E-06       6.38750E-06       2.50001E-08       1.10352E-11       4.41407E-04       2.81949E-09       1.25926E-09
       6.40000E-06       6.42500E-06       6.41250E-06       2.50001E-08       1.10787E-11       4.43146E-04       2.84167E-09       1.27034E-09
       6.42500E-06       6.45000E-06       6.43750E-06       2.49996E-08       1.11218E-11       4.44878E-04       2.86390E-09       1.28146E-09
       6.45000E-06       6.47500E-06       6.46250E-06       2.50001E-08       1.11649E-11       4.46594E-04       2.88611E-09       1.29262E-09
       6.47500E-06       6.50000E-06       6.48750E-06       2.50001E-08       1.12080E-11       4.48318E-04       2.90846E-09       1.30383E-09
       6.50000E-06       6.52500E-06       6.51250E-06       2.50001E-08       1.12515E-11       4.50057E-04       2.93100E-09       1.31508E-09
       6.52500E-06       6.55000E-06       6.53750E-06       2.50001E-08       1.12946E-11       4.51781E-04       2.95352E-09       1.32638E-09
       6.55000E-06       6.57500E-06       6.56250E-06       2.49996E-08       1.13377E-11       4.53514E-04       2.97618E-09       1.33772E-09
       6.57500E-06       6.60000E-06       6.58750E-06       2.50001E-08       1.13808E-11       4.55229E-04       2.99882E-09       1.34910E-09
       6.60000E-06       6.62500E-06       6.61250E-06       2.50001E-08       1.14239E-11       4.56953E-04       3.02160E-09       1.36052E-09
       6.62500E-06       6.65000E-06       6.63750E-06       2.50001E-08       1.14673E-11       4.58692E-04       3.04457E-09       1.37199E-09
       6.65000E-06       6.67500E-06       6.66250E-06       2.50001E-08       1.15104E-11       4.60416E-04       3.06752E-09       1.38350E-09
       6.67500E-06       6.70000E-06       6.68750E-06       2.49996E-08       1.15535E-11       4.62149E-04       3.09062E-09       1.39505E-09
       6.70000E-06       6.72500E-06       6.71250E-06       2.50001E-08       1.15966E-11       4.63864E-04       3.11369E-09       1.40665E-09
       6.72500E-06       6.75000E-06       6.73750E-06       2.50001E-08       1.16401E-11       4.65603E-04       3.13700E-09       1.41829E-09
       6.75000E-06       6.77500E-06       6.76250E-06       2.50001E-08       1.16832E-11       4.67327E-04       3.16030E-09       1.42997E-09
       6.77500E-06       6.80000E-06       6.78750E-06       2.50001E-08       1.17263E-11       4.69051E-04       3.18368E-09       1.44170E-09
       6.80000E-06       6.82500E-06       6.81250E-06       2.49996E-08       1.17694E-11       4.70784E-04       3.20722E-09       1.45347E-09
       6.82500E-06       6.85000E-06       6.83750E-06       2.50001E-08       1.18129E-11       4.72514E-04       3.23081E-09       1.46528E-09
       6.85000E-06       6.87500E-06       6.86250E-06       2.50001E-08       1.18560E-11       4.74238E-04       3.25446E-09       1.47714E-09
       6.87500E-06       6.90000E-06       6.88750E-06       2.50001E-08       1.18991E-11       4.75962E-04       3.27819E-09       1.48904E-09
       6.90000E-06       6.92500E-06       6.91250E-06       2.50001E-08       1.19422E-11       4.77686E-04       3.30201E-09       1.50098E-09
       6.92500E-06       6.95000E-06       6.93750E-06       2.49996E-08       1.19857E-11       4.79434E-04       3.32607E-09       1.51296E-09
       6.95000E-06       6.97500E-06       6.96250E-06       2.50001E-08       1.20288E-11       4.81149E-04       3.35000E-09       1.52499E-09
       6.97500E-06       7.00000E-06       6.98750E-06       2.50001E-08       1.20719E-11       4.82873E-04       3.37408E-09       1.53706E-09
       7.00000E-06       7.02500E-06       7.01250E-06       2.50001E-08       1.21150E-11       4.84597E-04       3.39824E-09       1.54918E-09
       7.02500E-06       7.05000E-06       7.03750E-06       2.50001E-08       1.21584E-11       4.86336E-04       3.42259E-09       1.56134E-09
       7.05000E-06       7.07500E-06       7.06250E-06       2.49996E-08       1.22016E-11       4.88070E-04       3.44699E-09       1.57354E-09
       7.07500E-06       7.10000E-06       7.08750E-06       2.50001E-08       1.22447E-11       4.89784E-04       3.47135E-09       1.58578E-09
       7.10000E-06       7.12500E-06       7.11250E-06       2.50001E-08       1.22878E-11       4.91508E-04       3.49585E-09       1.59807E-09
       7.12500E-06       7.15000E-06       7.13750E-06       2.50001E-08       1.23312E-11       4.93247E-04       3.52055E-09       1.61040E-09
       7.15000E-06       7.17500E-06       7.16250E-06       2.50001E-08       1.23743E-11       4.94971E-04       3.54523E-09       1.62278E-09
       7.17500E-06       7.20000E-06       7.18750E-06       2.49996E-08       1.24174E-11       4.96705E-04       3.57007E-09       1.63519E-09
       7.20000E-06       7.22500E-06       7.21250E-06       2.50001E-08       1.24605E-11       4.98419E-04       3.59485E-09       1.64765E-09
       7.22500E-06       7.25000E-06       7.23750E-06       2.50001E-08       1.25040E-11       5.00158E-04       3.61989E-09       1.66016E-09
       7.25000E-06       7.27500E-06       7.26250E-06       2.50001E-08       1.25471E-11       5.01882E-04       3.64492E-09       1.67271E-09
       7.27500E-06       7.30000E-06       7.28750E-06       2.50001E-08       1.25902E-11       5.03606E-04       3.67003E-09       1.68530E-09
       7.30000E-06       7.32500E-06       7.31250E-06       2.49996E-08       1.26333E-11       5.05340E-04       3.69530E-09       1.69793E-09
       7.32500E-06       7.35000E-06       7.33750E-06       2.50001E-08       1.26764E-11       5.07054E-04       3.72051E-09       1.71061E-09
       7.35000E-06       7.37500E-06       7.36250E-06       2.50001E-08       1.27199E-11       5.08793E-04       3.74599E-09       1.72333E-09
       7.37500E-06       7.40000E-06       7.38750E-06       2.50001E-08       1.27630E-11       5.10517E-04       3.77145E-09       1.73609E-09
       7.40000E-06       7.42500E-06       7.41250E-06       2.50001E-08       1.28061E-11       5.12241E-04       3.79699E-09       1.74889E-09
       7.42500E-06       7.45000E-06       7.43750E-06       2.49996E-08       1.28492E-11       5.13975E-04       3.82269E-09       1.76174E-09
       7.45000E-06       7.47500E-06       7.46250E-06       2.50001E-08       1.28927E-11       5.15704E-04       3.84844E-09       1.77464E-09
       7.47500E-06       7.50000E-06       7.48750E-06       2.50001E-08       1.29358E-11       5.17428E-04       3.87424E-09       1.78757E-09
       7.50000E-06       7.52500E-06       7.51250E-06       2.50001E-08       1.29789E-11       5.19152E-04       3.90013E-09       1.80055E-09
       7.52500E-06       7.55000E-06       7.53750E-06       2.50001E-08       1.30220E-11       5.20876E-04       3.92611E-09       1.81357E-09
       7.55000E-06       7.57500E-06       7.56250E-06       2.49996E-08       1.30654E-11       5.22625E-04       3.95235E-09       1.82664E-09
       7.57500E-06       7.60000E-06       7.58750E-06       2.50001E-08       1.31085E-11       5.24339E-04       3.97843E-09       1.83975E-09
       7.60000E-06       7.62500E-06       7.61250E-06       2.50001E-08       1.31516E-11       5.26063E-04       4.00466E-09       1.85290E-09
       7.62500E-06       7.65000E-06       7.63750E-06       2.50001E-08       1.31947E-11       5.27788E-04       4.03098E-09       1.86609E-09
       7.65000E-06       7.67500E-06       7.66250E-06       2.50001E-08       1.32382E-11       5.29526E-04       4.05750E-09       1.87933E-09
       7.67500E-06       7.70000E-06       7.68750E-06       2.49996E-08       1.32813E-11       5.31261E-04       4.08407E-09       1.89261E-09
       7.70000E-06       7.72500E-06       7.71250E-06       2.50001E-08       1.33244E-11       5.32974E-04       4.11057E-09       1.90594E-09
       7.72500E-06       7.75000E-06       7.73750E-06       2.50001E-08       1.33675E-11       5.34699E-04       4.13723E-09       1.91930E-09
       7.75000E-06       7.77500E-06       7.76250E-06       2.50001E-08       1.34110E-11       5.36437E-04       4.16410E-09       1.93272E-09
       7.77500E-06       7.80000E-06       7.78750E-06       2.50001E-08       1.34541E-11       5.38161E-04       4.19093E-09       1.94617E-09
       7.80000E-06       7.82500E-06       7.81250E-06       2.49996E-08       1.34972E-11       5.39896E-04       4.21794E-09       1.95967E-09
       7.82500E-06       7.85000E-06       7.83750E-06       2.50001E-08       1.35403E-11       5.41610E-04       4.24486E-09       1.97321E-09
       7.85000E-06       7.87500E-06       7.86250E-06       2.50001E-08       1.35838E-11       5.43348E-04       4.27208E-09       1.98679E-09
       7.87500E-06       7.90000E-06       7.88750E-06       2.50001E-08       1.36269E-11       5.45072E-04       4.29926E-09       2.00042E-09
       7.90000E-06       7.92500E-06       7.91250E-06       2.50001E-08       1.36700E-11       5.46797E-04       4.32653E-09       2.01409E-09
       7.92500E-06       7.95000E-06       7.93750E-06       2.49996E-08       1.37131E-11       5.48531E-04       4.35397E-09       2.02780E-09
       7.95000E-06       7.97500E-06       7.96250E-06       2.50001E-08       1.37565E-11       5.50259E-04       4.38144E-09       2.04156E-09
       7.97500E-06       8.00000E-06       7.98750E-06       2.50001E-08       1.37996E-11       5.51983E-04       4.40897E-09       2.05536E-09
       8.00000E-06       8.02500E-06       8.01250E-06       2.49996E-08       1.38427E-11       5.53718E-04       4.43667E-09       2.06920E-09
       8.02500E-06       8.05000E-06       8.03750E-06       2.50006E-08       1.38858E-11       5.55421E-04       4.46420E-09       2.08309E-09
       8.05000E-06       8.07500E-06       8.06250E-06       2.49996E-08       1.39289E-11       5.57166E-04       4.49215E-09       2.09701E-09
       8.07500E-06       8.10000E-06       8.08750E-06       2.50006E-08       1.39724E-11       5.58884E-04       4.51997E-09       2.11099E-09
       8.10000E-06       8.12500E-06       8.11250E-06       2.49996E-08       1.40155E-11       5.60629E-04       4.54811E-09       2.12500E-09
       8.12500E-06       8.15000E-06       8.13750E-06       2.49996E-08       1.40586E-11       5.62353E-04       4.57615E-09       2.13906E-09
       8.15000E-06       8.17500E-06       8.16250E-06       2.50006E-08       1.41017E-11       5.64056E-04       4.60411E-09       2.15316E-09
       8.17500E-06       8.20000E-06       8.18750E-06       2.49996E-08       1.41452E-11       5.65816E-04       4.63262E-09       2.16731E-09
       8.20000E-06       8.22500E-06       8.21250E-06       2.50006E-08       1.41883E-11       5.67519E-04       4.66075E-09       2.18150E-09
       8.22500E-06       8.25000E-06       8.23750E-06       2.49996E-08       1.42314E-11       5.69265E-04       4.68932E-09       2.19573E-09
       8.25000E-06       8.27500E-06       8.26250E-06       2.49996E-08       1.42745E-11       5.70989E-04       4.71779E-09       2.21000E-09
       8.27500E-06       8.30000E-06       8.28750E-06       2.50006E-08       1.43180E-11       5.72706E-04       4.74630E-09       2.22432E-09
       8.30000E-06       8.32500E-06       8.31250E-06       2.49996E-08       1.43611E-11       5.74452E-04       4.77513E-09       2.23868E-09
       8.32500E-06       8.35000E-06       8.33750E-06       2.50006E-08       1.44042E-11       5.76154E-04       4.80368E-09       2.25309E-09
       8.35000E-06       8.37500E-06       8.36250E-06       2.49996E-08       1.44473E-11       5.77900E-04       4.83269E-09       2.26753E-09
       8.37500E-06       8.40000E-06       8.38750E-06       2.49996E-08       1.44907E-11       5.79639E-04       4.86172E-09       2.28202E-09
       8.40000E-06       8.42500E-06       8.41250E-06       2.50006E-08       1.45338E-11       5.81341E-04       4.89053E-09       2.29656E-09
       8.42500E-06       8.45000E-06       8.43750E-06       2.49996E-08       1.45770E-11       5.83087E-04       4.91980E-09       2.31113E-09
       8.45000E-06       8.47500E-06       8.46250E-06       2.50006E-08       1.46201E-11       5.84789E-04       4.94877E-09       2.32575E-09
       8.47500E-06       8.50000E-06       8.48750E-06       2.49996E-08       1.46635E-11       5.86550E-04       4.97834E-09       2.34042E-09
       8.50000E-06       8.52500E-06       8.51250E-06       2.49996E-08       1.47066E-11       5.88274E-04       5.00768E-09       2.35512E-09
       8.52500E-06       8.55000E-06       8.53750E-06       2.50006E-08       1.47497E-11       5.89976E-04       5.03692E-09       2.36987E-09
       8.55000E-06       8.57500E-06       8.56250E-06       2.49996E-08       1.47928E-11       5.91722E-04       5.06662E-09       2.38467E-09
       8.57500E-06       8.60000E-06       8.58750E-06       2.50006E-08       1.48363E-11       5.93438E-04       5.09615E-09       2.39950E-09
       8.60000E-06       8.62500E-06       8.61250E-06       2.49996E-08       1.48794E-11       5.95185E-04       5.12603E-09       2.41438E-09
       8.62500E-06       8.65000E-06       8.63750E-06       2.49996E-08       1.49225E-11       5.96909E-04       5.15580E-09       2.42931E-09
       8.65000E-06       8.67500E-06       8.66250E-06       2.50006E-08       1.49656E-11       5.98610E-04       5.18546E-09       2.44427E-09
       8.67500E-06       8.70000E-06       8.68750E-06       2.49996E-08       1.50091E-11       6.00372E-04       5.21573E-09       2.45928E-09
       8.70000E-06       8.72500E-06       8.71250E-06       2.50006E-08       1.50522E-11       6.02073E-04       5.24556E-09       2.47433E-09
       8.72500E-06       8.75000E-06       8.73750E-06       2.49996E-08       1.50953E-11       6.03820E-04       5.27588E-09       2.48943E-09
       8.75000E-06       8.77500E-06       8.76250E-06       2.49996E-08       1.51384E-11       6.05545E-04       5.30608E-09       2.50457E-09
       8.77500E-06       8.80000E-06       8.78750E-06       2.50006E-08       1.51819E-11       6.07260E-04       5.33630E-09       2.51975E-09
       8.80000E-06       8.82500E-06       8.81250E-06       2.49996E-08       1.52250E-11       6.09007E-04       5.36688E-09       2.53497E-09
       8.82500E-06       8.85000E-06       8.83750E-06       2.50006E-08       1.52681E-11       6.10708E-04       5.39713E-09       2.55024E-09
       8.85000E-06       8.87500E-06       8.86250E-06       2.49996E-08       1.53112E-11       6.12456E-04       5.42789E-09       2.56555E-09
       8.87500E-06       8.90000E-06       8.88750E-06       2.49996E-08       1.53543E-11       6.14180E-04       5.45852E-09       2.58091E-09
       8.90000E-06       8.92500E-06       8.91250E-06       2.50006E-08       1.53977E-11       6.15895E-04       5.48916E-09       2.59630E-09
       8.92500E-06       8.95000E-06       8.93750E-06       2.49996E-08       1.54408E-11       6.17643E-04       5.52018E-09       2.61174E-09
       8.95000E-06       8.97500E-06       8.96250E-06       2.50006E-08       1.54839E-11       6.19343E-04       5.55086E-09       2.62723E-09
       8.97500E-06       9.00000E-06       8.98750E-06       2.49996E-08       1.55270E-11       6.21091E-04       5.58205E-09       2.64276E-09
       9.00000E-06       9.02500E-06       9.01250E-06       2.49996E-08       1.55705E-11       6.22830E-04       5.61325E-09       2.65833E-09
       9.02500E-06       9.05000E-06       9.03750E-06       2.50006E-08       1.56136E-11       6.24530E-04       5.64419E-09       2.67394E-09
       9.05000E-06       9.07500E-06       9.06250E-06       2.49996E-08       1.56567E-11       6.26278E-04       5.67564E-09       2.68960E-09
       9.07500E-06       9.10000E-06       9.08750E-06       2.50006E-08       1.56998E-11       6.27978E-04       5.70675E-09       2.70530E-09
       9.10000E-06       9.12500E-06       9.11250E-06       2.49996E-08       1.57433E-11       6.29741E-04       5.73851E-09       2.72104E-09
       9.12500E-06       9.15000E-06       9.13750E-06       2.49996E-08       1.57864E-11       6.31465E-04       5.77001E-09       2.73683E-09
       9.15000E-06       9.17500E-06       9.16250E-06       2.50006E-08       1.58295E-11       6.33165E-04       5.80137E-09       2.75266E-09
       9.17500E-06       9.20000E-06       9.18750E-06       2.49996E-08       1.58726E-11       6.34913E-04       5.83327E-09       2.76853E-09
       9.20000E-06       9.22500E-06       9.21250E-06       2.50006E-08       1.59161E-11       6.36628E-04       5.86493E-09       2.78444E-09
       9.22500E-06       9.25000E-06       9.23750E-06       2.49996E-08       1.59592E-11       6.38376E-04       5.89700E-09       2.80040E-09
       9.25000E-06       9.27500E-06       9.26250E-06       2.49996E-08       1.60023E-11       6.40100E-04       5.92893E-09       2.81641E-09
       9.27500E-06       9.30000E-06       9.28750E-06       2.50006E-08       1.60454E-11       6.41800E-04       5.96072E-09       2.83245E-09
       9.30000E-06       9.32500E-06       9.31250E-06       2.49996E-08       1.60888E-11       6.43563E-04       5.99318E-09       2.84854E-09
       9.32500E-06       9.35000E-06       9.33750E-06       2.50006E-08       1.61319E-11       6.45263E-04       6.02514E-09       2.86467E-09
       9.35000E-06       9.37500E-06       9.36250E-06       2.49996E-08       1.61750E-11       6.47012E-04       6.05765E-09       2.88085E-09
       9.37500E-06       9.40000E-06       9.38750E-06       2.49996E-08       1.62181E-11       6.48736E-04       6.09001E-09       2.89707E-09
       9.40000E-06       9.42500E-06       9.41250E-06       2.50006E-08       1.62616E-11       6.50450E-04       6.12236E-09       2.91333E-09
       9.42500E-06       9.45000E-06       9.43750E-06       2.49996E-08       1.63047E-11       6.52199E-04       6.15512E-09       2.92963E-09
       9.45000E-06       9.47500E-06       9.46250E-06       2.50006E-08       1.63478E-11       6.53898E-04       6.18751E-09       2.94598E-09
       9.47500E-06       9.50000E-06       9.48750E-06       2.49996E-08       1.63909E-11       6.55647E-04       6.22045E-09       2.96237E-09
       9.50000E-06       9.52500E-06       9.51250E-06       2.49996E-08       1.64344E-11       6.57386E-04       6.25338E-09       2.97880E-09
       9.52500E-06       9.55000E-06       9.53750E-06       2.50006E-08       1.64775E-11       6.59084E-04       6.28602E-09       2.99528E-09
       9.55000E-06       9.57500E-06       9.56250E-06       2.49996E-08       1.65206E-11       6.60834E-04       6.31922E-09       3.01180E-09
       9.57500E-06       9.60000E-06       9.58750E-06       2.50006E-08       1.65637E-11       6.62533E-04       6.35203E-09       3.02837E-09
       9.60000E-06       9.62500E-06       9.61250E-06       2.49996E-08       1.66068E-11       6.64282E-04       6.38541E-09       3.04497E-09
       9.62500E-06       9.65000E-06       9.63750E-06       2.49996E-08       1.66503E-11       6.66021E-04       6.41878E-09       3.06162E-09
       9.65000E-06       9.67500E-06       9.66250E-06       2.50006E-08       1.66934E-11       6.67719E-04       6.45184E-09       3.07832E-09
       9.67500E-06       9.70000E-06       9.68750E-06       2.49996E-08       1.67365E-11       6.69469E-04       6.48548E-09       3.09505E-09
       9.70000E-06       9.72500E-06       9.71250E-06       2.50006E-08       1.67796E-11       6.71168E-04       6.51872E-09       3.11183E-09
       9.72500E-06       9.75000E-06       9.73750E-06       2.49996E-08       1.68230E-11       6.72932E-04       6.55268E-09       3.12866E-09
       9.75000E-06       9.77500E-06       9.76250E-06       2.49996E-08       1.68661E-11       6.74656E-04       6.58633E-09       3.14552E-09
       9.77500E-06       9.80000E-06       9.78750E-06       2.50006E-08       1.69092E-11       6.76354E-04       6.61982E-09       3.16243E-09
       9.80000E-06       9.82500E-06       9.81250E-06       2.49996E-08       1.69523E-11       6.78104E-04       6.65390E-09       3.17938E-09
       9.82500E-06       9.85000E-06       9.83750E-06       2.50006E-08       1.69958E-11       6.79817E-04       6.68770E-09       3.19638E-09
       9.85000E-06       9.87500E-06       9.86250E-06       2.49996E-08       1.70389E-11       6.81567E-04       6.72196E-09       3.21342E-09
       9.87500E-06       9.90000E-06       9.88750E-06       2.49996E-08       1.70820E-11       6.83291E-04       6.75604E-09       3.23050E-09
       9.90000E-06       9.92500E-06       9.91250E-06       2.50006E-08       1.71251E-11       6.84989E-04       6.78996E-09       3.24763E-09
       9.92500E-06       9.95000E-06       9.93750E-06       2.49996E-08       1.71686E-11       6.86754E-04       6.82462E-09       3.26479E-09
       9.95000E-06       9.97500E-06       9.96250E-06       2.50006E-08       1.72117E-11       6.88452E-04       6.85870E-09       3.28201E-09
       9.97500E-06       1.00000E-05       9.98750E-06       2.49996E-08       1.72548E-11       6.90203E-04       6.89340E-09       3.29926E-09
       1.00000E-05       1.04713E-05       1.02356E-05       4.71300E-07       3.33363E-10       7.07326E-04       7.23994E-09       3.63262E-09
       1.04713E-05       1.09648E-05       1.07180E-05       4.93500E-07       3.65516E-10       7.40661E-04       7.93844E-09       3.99814E-09
       1.09648E-05       1.14815E-05       1.12232E-05       5.16700E-07       4.00775E-10       7.75644E-04       8.70517E-09       4.39891E-09
       1.14815E-05       1.20226E-05       1.17521E-05       5.41101E-07       4.39456E-10       8.12153E-04       9.54446E-09       4.83837E-09
       1.20226E-05       1.25892E-05       1.23059E-05       5.66600E-07       4.81858E-10       8.50438E-04       1.04654E-08       5.32023E-09
       1.25892E-05       1.31826E-05       1.28859E-05       5.93400E-07       5.28350E-10       8.90377E-04       1.14733E-08       5.84858E-09
       1.31826E-05       1.38038E-05       1.34932E-05       6.21200E-07       5.79298E-10       9.32548E-04       1.25831E-08       6.42788E-09
       1.38038E-05       1.44544E-05       1.41291E-05       6.50600E-07       6.35220E-10       9.76360E-04       1.37951E-08       7.06310E-09
       1.44544E-05       1.51356E-05       1.47950E-05       6.81200E-07       6.96484E-10       1.02244E-03       1.51270E-08       7.75958E-09
       1.51356E-05       1.58489E-05       1.54922E-05       7.13300E-07       7.63679E-10       1.07063E-03       1.65864E-08       8.52326E-09
       1.58489E-05       1.65959E-05       1.62224E-05       7.47000E-07       8.37358E-10       1.12096E-03       1.81847E-08       9.36062E-09
       1.65959E-05       1.73780E-05       1.69869E-05       7.82101E-07       9.18146E-10       1.17395E-03       1.99418E-08       1.02788E-08
       1.73780E-05       1.81970E-05       1.77875E-05       8.19000E-07       1.00675E-09       1.22924E-03       2.18650E-08       1.12855E-08
       1.81970E-05       1.90546E-05       1.86258E-05       8.57599E-07       1.10385E-09       1.28714E-03       2.39741E-08       1.23894E-08
       1.90546E-05       1.99526E-05       1.95036E-05       8.98001E-07       1.21036E-09       1.34783E-03       2.62876E-08       1.35997E-08
       1.99526E-05       2.08930E-05       2.04228E-05       9.40399E-07       1.32714E-09       1.41125E-03       2.88216E-08       1.49269E-08
       2.08930E-05       2.18776E-05       2.13853E-05       9.84600E-07       1.45519E-09       1.47795E-03       3.16064E-08       1.63820E-08
       2.18776E-05       2.29087E-05       2.23932E-05       1.03110E-06       1.59555E-09       1.54742E-03       3.46516E-08       1.79776E-08
       2.29087E-05       2.39883E-05       2.34485E-05       1.07960E-06       1.74950E-09       1.62051E-03       3.79985E-08       1.97271E-08
       2.39883E-05       2.51189E-05       2.45536E-05       1.13060E-06       1.91826E-09       1.69667E-03       4.16595E-08       2.16454E-08
       2.51189E-05       2.63027E-05       2.57108E-05       1.18380E-06       2.10338E-09       1.77680E-03       4.56830E-08       2.37487E-08
       2.63027E-05       2.75423E-05       2.69225E-05       1.23960E-06       2.30629E-09       1.86051E-03       5.00896E-08       2.60550E-08
       2.75423E-05       2.88403E-05       2.81913E-05       1.29800E-06       2.52880E-09       1.94823E-03       5.49230E-08       2.85838E-08
       2.88403E-05       3.01995E-05       2.95199E-05       1.35920E-06       2.77275E-09       2.03999E-03       6.02202E-08       3.13566E-08
       3.01995E-05       3.16228E-05       3.09111E-05       1.42330E-06       3.04020E-09       2.13602E-03       6.60268E-08       3.43968E-08
       3.16228E-05       3.31131E-05       3.23679E-05       1.49030E-06       3.29487E-09       2.21088E-03       7.15617E-08       3.76916E-08
       3.31131E-05       3.46737E-05       3.38934E-05       1.56060E-06       3.52464E-09       2.25851E-03       7.65487E-08       4.12163E-08
       3.46737E-05       3.63078E-05       3.54907E-05       1.63410E-06       3.77183E-09       2.30820E-03       8.19197E-08       4.49881E-08
       3.63078E-05       3.80189E-05       3.71634E-05       1.71110E-06       4.03851E-09       2.36018E-03       8.77123E-08       4.90266E-08
       3.80189E-05       3.98107E-05       3.89148E-05       1.79180E-06       4.32634E-09       2.41452E-03       9.39607E-08       5.33530E-08
       3.98107E-05       4.16869E-05       4.07488E-05       1.87620E-06       4.63711E-09       2.47154E-03       1.00712E-07       5.79901E-08
       4.16869E-05       4.36516E-05       4.26692E-05       1.96470E-06       4.97287E-09       2.53111E-03       1.08000E-07       6.29629E-08
       4.36516E-05       4.57088E-05       4.46802E-05       2.05720E-06       5.33577E-09       2.59370E-03       1.15887E-07       6.82987E-08
       4.57088E-05       4.78630E-05       4.67859E-05       2.15420E-06       5.72778E-09       2.65889E-03       1.24399E-07       7.40265E-08
       4.78630E-05       5.01187E-05       4.89908E-05       2.25570E-06       6.13669E-09       2.72053E-03       1.33281E-07       8.01632E-08
       5.01187E-05       5.24808E-05       5.12998E-05       2.36210E-06       6.56878E-09       2.78090E-03       1.42660E-07       8.67320E-08
       5.24808E-05       5.49541E-05       5.37174E-05       2.47330E-06       7.03495E-09       2.84436E-03       1.52792E-07       9.37669E-08
       5.49541E-05       5.75440E-05       5.62490E-05       2.58990E-06       7.53821E-09       2.91062E-03       1.63720E-07       1.01305E-07
       5.75440E-05       6.02560E-05       5.89000E-05       2.71200E-06       8.08181E-09       2.98002E-03       1.75523E-07       1.09387E-07
       6.02560E-05       6.30957E-05       6.16758E-05       2.83970E-06       8.66914E-09       3.05284E-03       1.88286E-07       1.18056E-07
       6.30957E-05       6.60693E-05       6.45825E-05       2.97360E-06       9.28870E-09       3.12372E-03       2.01738E-07       1.27345E-07
       6.60693E-05       6.91831E-05       6.76262E-05       3.11380E-06       9.93516E-09       3.19069E-03       2.15774E-07       1.37280E-07
       6.91831E-05       7.24436E-05       7.08134E-05       3.26051E-06       1.06317E-08       3.26075E-03       2.30904E-07       1.47912E-07
       7.24436E-05       7.58578E-05       7.41507E-05       3.41420E-06       1.13831E-08       3.33404E-03       2.47222E-07       1.59295E-07
       7.58578E-05       7.94328E-05       7.76453E-05       3.57500E-06       1.21940E-08       3.41092E-03       2.64842E-07       1.71489E-07
       7.94328E-05       8.31764E-05       8.13046E-05       3.74360E-06       1.30698E-08       3.49123E-03       2.83853E-07       1.84559E-07
       8.31764E-05       8.70964E-05       8.51364E-05       3.92000E-06       1.40157E-08       3.57545E-03       3.04401E-07       1.98574E-07
       8.70964E-05       9.12011E-05       8.91488E-05       4.10471E-06       1.50381E-08       3.66363E-03       3.26608E-07       2.13612E-07
       9.12011E-05       9.54993E-05       9.33502E-05       4.29820E-06       1.61430E-08       3.75575E-03       3.50600E-07       2.29755E-07
       9.54993E-05       1.00000E-04       9.77497E-05       4.50070E-06       1.72981E-08       3.84343E-03       3.75694E-07       2.47053E-07
       1.00000E-04       1.04713E-04       1.02356E-04       4.71300E-06       1.85158E-08       3.92866E-03       4.02124E-07       2.65569E-07
       1.04713E-04       1.09648E-04       1.07181E-04       4.93501E-06       1.98290E-08       4.01803E-03       4.30654E-07       2.85398E-07
       1.09648E-04       1.14815E-04       1.12232E-04       5.16700E-06       2.12476E-08       4.11217E-03       4.61515E-07       3.06646E-07
       1.14815E-04       1.20226E-04       1.17520E-04       5.41100E-06       2.27786E-08       4.20969E-03       4.94725E-07       3.29424E-07
       1.20226E-04       1.25892E-04       1.23059E-04       5.66600E-06       2.44339E-08       4.31236E-03       5.30675E-07       3.53858E-07
       1.25892E-04       1.31826E-04       1.28859E-04       5.93401E-06       2.61845E-08       4.41262E-03       5.68606E-07       3.80043E-07
       1.31826E-04       1.38038E-04       1.34932E-04       6.21199E-06       2.80063E-08       4.50842E-03       6.08331E-07       4.08049E-07
       1.38038E-04       1.44544E-04       1.41291E-04       6.50601E-06       2.99696E-08       4.60645E-03       6.50850E-07       4.38019E-07
       1.44544E-04       1.51356E-04       1.47950E-04       6.81200E-06       3.20866E-08       4.71031E-03       6.96891E-07       4.70105E-07
       1.51356E-04       1.58489E-04       1.54922E-04       7.13300E-06       3.43722E-08       4.81875E-03       7.46533E-07       5.04477E-07
       1.58489E-04       1.65959E-04       1.62224E-04       7.47000E-06       3.68397E-08       4.93168E-03       8.00038E-07       5.41317E-07
       1.65959E-04       1.73780E-04       1.69870E-04       7.82100E-06       3.95054E-08       5.05119E-03       8.58044E-07       5.80823E-07
       1.73780E-04       1.81970E-04       1.77875E-04       8.19000E-06       4.23862E-08       5.17536E-03       9.20567E-07       6.23209E-07
       1.81970E-04       1.90546E-04       1.86258E-04       8.57600E-06       4.55002E-08       5.30553E-03       9.88197E-07       6.68709E-07
       1.90546E-04       1.99526E-04       1.95036E-04       8.98000E-06       4.87638E-08       5.43027E-03       1.05910E-06       7.17473E-07
       1.99526E-04       2.08930E-04       2.04228E-04       9.40399E-06       5.21954E-08       5.55035E-03       1.13354E-06       7.69668E-07
       2.08930E-04       2.18776E-04       2.13853E-04       9.84601E-06       5.58978E-08       5.67720E-03       1.21409E-06       8.25566E-07
       2.18776E-04       2.29087E-04       2.23932E-04       1.03110E-05       5.98937E-08       5.80872E-03       1.30076E-06       8.85460E-07
       2.29087E-04       2.39883E-04       2.34485E-04       1.07960E-05       6.42098E-08       5.94756E-03       1.39461E-06       9.49670E-07
       2.39883E-04       2.51189E-04       2.45536E-04       1.13060E-05       6.88733E-08       6.09175E-03       1.49574E-06       1.01854E-06
       2.51189E-04       2.63027E-04       2.57108E-04       1.18380E-05       7.38278E-08       6.23651E-03       1.60346E-06       1.09237E-06
       2.63027E-04       2.75423E-04       2.69225E-04       1.23960E-05       7.89964E-08       6.37273E-03       1.71570E-06       1.17137E-06
       2.75423E-04       2.88403E-04       2.81913E-04       1.29800E-05       8.45632E-08       6.51488E-03       1.83663E-06       1.25593E-06
       2.88403E-04       3.01995E-04       2.95199E-04       1.35920E-05       9.05706E-08       6.66353E-03       1.96707E-06       1.34650E-06
       3.01995E-04       3.16228E-04       3.09111E-04       1.42330E-05       9.70561E-08       6.81909E-03       2.10786E-06       1.44356E-06
       3.16228E-04       3.31131E-04       3.23680E-04       1.49030E-05       1.04061E-07       6.98256E-03       2.26011E-06       1.54762E-06
       3.31131E-04       3.46737E-04       3.38934E-04       1.56060E-05       1.11632E-07       7.15313E-03       2.42444E-06       1.65925E-06
       3.46737E-04       3.63078E-04       3.54908E-04       1.63410E-05       1.19815E-07       7.33217E-03       2.60224E-06       1.77907E-06
       3.63078E-04       3.80189E-04       3.71634E-04       1.71110E-05       1.28665E-07       7.51941E-03       2.79447E-06       1.90773E-06
       3.80189E-04       3.98107E-04       3.89148E-04       1.79180E-05       1.37978E-07       7.70052E-03       2.99664E-06       2.04571E-06
       3.98107E-04       4.16869E-04       4.07488E-04       1.87620E-05       1.47758E-07       7.87541E-03       3.20914E-06       2.19347E-06
       4.16869E-04       4.36516E-04       4.26692E-04       1.96470E-05       1.58315E-07       8.05796E-03       3.43827E-06       2.35178E-06
       4.36516E-04       4.57088E-04       4.46802E-04       2.05720E-05       1.69716E-07       8.24984E-03       3.68604E-06       2.52150E-06
       4.57088E-04       4.78630E-04       4.67859E-04       2.15420E-05       1.82033E-07       8.45017E-03       3.95349E-06       2.70353E-06
       4.78630E-04       5.01187E-04       4.89909E-04       2.25570E-05       1.95348E-07       8.66019E-03       4.24270E-06       2.89888E-06
       5.01187E-04       5.24808E-04       5.12998E-04       2.36210E-05       2.09503E-07       8.86936E-03       4.54996E-06       3.10838E-06
       5.24808E-04       5.49541E-04       5.37175E-04       2.47330E-05       2.24186E-07       9.06424E-03       4.86908E-06       3.33257E-06
       5.49541E-04       5.75440E-04       5.62491E-04       2.58990E-05       2.39989E-07       9.26635E-03       5.21223E-06       3.57256E-06
       5.75440E-04       6.02560E-04       5.89000E-04       2.71200E-05       2.57044E-07       9.47802E-03       5.58255E-06       3.82960E-06
       6.02560E-04       6.30957E-04       6.16758E-04       2.83970E-05       2.75454E-07       9.70013E-03       5.98263E-06       4.10505E-06
       6.30957E-04       6.60693E-04       6.45825E-04       2.97360E-05       2.95341E-07       9.93210E-03       6.41440E-06       4.40040E-06
       6.60693E-04       6.91831E-04       6.76262E-04       3.11380E-05       3.16832E-07       1.01751E-02       6.88103E-06       4.71723E-06
       6.91831E-04       7.24436E-04       7.08133E-04       3.26050E-05       3.40065E-07       1.04298E-02       7.38571E-06       5.05729E-06
       7.24436E-04       7.58578E-04       7.41507E-04       3.41420E-05       3.65192E-07       1.06963E-02       7.93136E-06       5.42248E-06
       7.58578E-04       7.94328E-04       7.76453E-04       3.57500E-05       3.91668E-07       1.09558E-02       8.50663E-06       5.81415E-06
       7.94328E-04       8.31764E-04       8.13046E-04       3.74360E-05       4.19368E-07       1.12023E-02       9.10796E-06       6.23352E-06
       8.31764E-04       8.70964E-04       8.51364E-04       3.92000E-05       4.49248E-07       1.14604E-02       9.75698E-06       6.68277E-06
       8.70964E-04       9.12011E-04       8.91487E-04       4.10470E-05       4.81516E-07       1.17308E-02       1.04579E-05       7.16428E-06
       9.12011E-04       9.54993E-04       9.33502E-04       4.29820E-05       5.16377E-07       1.20138E-02       1.12149E-05       7.68066E-06
       9.54993E-04       1.00000E-03       9.77497E-04       4.50070E-05       5.54049E-07       1.23103E-02       1.20332E-05       8.23471E-06
       1.00000E-03       1.04713E-03       1.02356E-03       4.71300E-05       5.94192E-07       1.26075E-02       1.29046E-05       8.82890E-06
       1.04713E-03       1.09648E-03       1.07180E-03       4.93500E-05       6.35769E-07       1.28829E-02       1.38079E-05       9.46467E-06
       1.09648E-03       1.14815E-03       1.12231E-03       5.16700E-05       6.80503E-07       1.31702E-02       1.47811E-05       1.01452E-05
       1.14815E-03       1.20226E-03       1.17520E-03       5.41100E-05       7.28733E-07       1.34676E-02       1.58272E-05       1.08739E-05
       1.20226E-03       1.25892E-03       1.23059E-03       5.66600E-05       7.80831E-07       1.37810E-02       1.69588E-05       1.16547E-05
       1.25892E-03       1.31826E-03       1.28859E-03       5.93400E-05       8.37093E-07       1.41067E-02       1.81778E-05       1.24918E-05
       1.31826E-03       1.38038E-03       1.34932E-03       6.21200E-05       8.97855E-07       1.44536E-02       1.95025E-05       1.33897E-05
       1.38038E-03       1.44544E-03       1.41291E-03       6.50599E-05       9.63569E-07       1.48105E-02       2.09259E-05       1.43533E-05
       1.44544E-03       1.51356E-03       1.47950E-03       6.81201E-05       1.03461E-06       1.51880E-02       2.24707E-05       1.53879E-05
       1.51356E-03       1.58489E-03       1.54923E-03       7.13300E-05       1.10968E-06       1.55570E-02       2.41013E-05       1.64975E-05
       1.58489E-03       1.65959E-03       1.62224E-03       7.47000E-05       1.18804E-06       1.59042E-02       2.58004E-05       1.76856E-05
       1.65959E-03       1.73780E-03       1.69870E-03       7.82101E-05       1.31351E-05       1.67946E-01       2.85290E-04       3.08207E-05
       1.73780E-03       1.81970E-03       1.77875E-03       8.18999E-05       2.81367E-05       3.43550E-01       6.11089E-04       5.89574E-05
       1.81970E-03       1.90546E-03       1.86258E-03       8.57600E-05       2.94764E-05       3.43708E-01       6.40184E-04       8.84338E-05
       1.90546E-03       1.99526E-03       1.95036E-03       8.98001E-05       3.08717E-05       3.43782E-01       6.70500E-04       1.19305E-04
       1.99526E-03       2.08930E-03       2.04228E-03       9.40400E-05       3.23294E-05       3.43783E-01       7.02101E-04       1.51635E-04
       2.08930E-03       2.18776E-03       2.13853E-03       9.84600E-05       3.38600E-05       3.43896E-01       7.35432E-04       1.85495E-04
       2.18776E-03       2.29087E-03       2.23932E-03       1.03110E-04       3.54656E-05       3.43959E-01       7.70232E-04       2.20960E-04
       2.29087E-03       2.39883E-03       2.34485E-03       1.07960E-04       3.71376E-05       3.43994E-01       8.06615E-04       2.58098E-04
       2.39883E-03       2.51189E-03       2.45536E-03       1.13060E-04       3.88994E-05       3.44061E-01       8.44793E-04       2.96997E-04
       2.51189E-03       2.63027E-03       2.57108E-03       1.18380E-04       4.07420E-05       3.44162E-01       8.84868E-04       3.37739E-04
       2.63027E-03       2.75423E-03       2.69225E-03       1.23960E-04       4.26538E-05       3.44094E-01       9.26386E-04       3.80393E-04
       2.75423E-03       2.88403E-03       2.81913E-03       1.29800E-04       4.46798E-05       3.44220E-01       9.70401E-04       4.25073E-04
       2.88403E-03       3.01995E-03       2.95199E-03       1.35920E-04       4.67897E-05       3.44245E-01       1.01621E-03       4.71863E-04
       3.01995E-03       3.16228E-03       3.09112E-03       1.42330E-04       4.89881E-05       3.44186E-01       1.06392E-03       5.20851E-04
       3.16228E-03       3.31131E-03       3.23679E-03       1.49030E-04       5.13039E-05       3.44252E-01       1.11427E-03       5.72155E-04
       3.31131E-03       3.46737E-03       3.38934E-03       1.56060E-04       5.37034E-05       3.44120E-01       1.16634E-03       6.25858E-04
       3.46737E-03       3.63078E-03       3.54907E-03       1.63410E-04       5.62228E-05       3.44060E-01       1.22109E-03       6.82081E-04
       3.63078E-03       3.80189E-03       3.71633E-03       1.71110E-04       5.88526E-05       3.43946E-01       1.27822E-03       7.40934E-04
       3.80189E-03       3.98107E-03       3.89148E-03       1.79180E-04       6.16140E-05       3.43866E-01       1.33815E-03       8.02548E-04
       3.98107E-03       4.16869E-03       4.07488E-03       1.87620E-04       6.44993E-05       3.43777E-01       1.40085E-03       8.67047E-04
       4.16869E-03       4.36516E-03       4.26693E-03       1.96470E-04       6.75069E-05       3.43599E-01       1.46611E-03       9.34554E-04
       4.36516E-03       4.57088E-03       4.46802E-03       2.05720E-04       7.06515E-05       3.43436E-01       1.53448E-03       1.00521E-03
       4.57088E-03       4.78630E-03       4.67859E-03       2.15420E-04       7.39455E-05       3.43262E-01       1.60598E-03       1.07915E-03
       4.78630E-03       5.01187E-03       4.89909E-03       2.25570E-04       7.73820E-05       3.43051E-01       1.68063E-03       1.15653E-03
       5.01187E-03       5.24807E-03       5.12997E-03       2.36200E-04       8.09852E-05       3.42868E-01       1.75890E-03       1.23752E-03
       5.24807E-03       5.49541E-03       5.37174E-03       2.47340E-04       8.47462E-05       3.42630E-01       1.84052E-03       1.32226E-03
       5.49541E-03       5.75440E-03       5.62491E-03       2.58990E-04       8.86915E-05       3.42452E-01       1.92626E-03       1.41096E-03
       5.75440E-03       6.02560E-03       5.89000E-03       2.71200E-04       9.28111E-05       3.42223E-01       2.01570E-03       1.50377E-03
       6.02560E-03       6.30957E-03       6.16759E-03       2.83970E-04       9.71212E-05       3.42012E-01       2.10939E-03       1.60089E-03
       6.30957E-03       6.60693E-03       6.45825E-03       2.97360E-04       1.01591E-04       3.41643E-01       2.20642E-03       1.70248E-03
       6.60693E-03       6.91831E-03       6.76262E-03       3.11380E-04       1.06286E-04       3.41338E-01       2.30834E-03       1.80876E-03
       6.91831E-03       7.24436E-03       7.08133E-03       3.26050E-04       1.11178E-04       3.40985E-01       2.41463E-03       1.91994E-03
       7.24436E-03       7.58578E-03       7.41507E-03       3.41420E-04       1.16294E-04       3.40619E-01       2.52571E-03       2.03624E-03
       7.58578E-03       7.94328E-03       7.76453E-03       3.57500E-04       1.21639E-04       3.40250E-01       2.64188E-03       2.15788E-03
       7.94328E-03       8.31764E-03       8.13046E-03       3.74360E-04       1.27228E-04       3.39854E-01       2.76317E-03       2.28510E-03
       8.31764E-03       8.70964E-03       8.51364E-03       3.92000E-04       1.33017E-04       3.39328E-01       2.88892E-03       2.41812E-03
       8.70964E-03       9.12011E-03       8.91487E-03       4.10471E-04       1.39055E-04       3.38771E-01       3.02010E-03       2.55718E-03
       9.12011E-03       9.54993E-03       9.33502E-03       4.29819E-04       1.45346E-04       3.38156E-01       3.15669E-03       2.70252E-03
       9.54993E-03       1.00000E-02       9.77496E-03       4.50070E-04       1.51937E-04       3.37586E-01       3.29989E-03       2.85446E-03
       1.00000E-02       1.04713E-02       1.02357E-02       4.71300E-04       1.58807E-04       3.36956E-01       3.44897E-03       3.01327E-03
       1.04713E-02       1.09648E-02       1.07180E-02       4.93500E-04       1.65991E-04       3.36356E-01       3.60508E-03       3.17926E-03
       1.09648E-02       1.14815E-02       1.12232E-02       5.16700E-04       1.73479E-04       3.35745E-01       3.76811E-03       3.35274E-03
       1.14815E-02       1.20226E-02       1.17521E-02       5.41100E-04       1.81309E-04       3.35074E-01       3.93781E-03       3.53405E-03
       1.20226E-02       1.25892E-02       1.23059E-02       5.66601E-04       1.89791E-04       3.34964E-01       4.12203E-03       3.72384E-03
       1.25892E-02       1.31826E-02       1.28859E-02       5.93399E-04       2.13680E-04       3.60094E-01       4.64014E-03       3.93752E-03
       1.31826E-02       1.38038E-02       1.34932E-02       6.21200E-04       2.24935E-04       3.62097E-01       4.88585E-03       4.16245E-03
       1.38038E-02       1.44544E-02       1.41291E-02       6.50601E-04       2.34918E-04       3.61078E-01       5.10171E-03       4.39737E-03
       1.44544E-02       1.51356E-02       1.47950E-02       6.81199E-04       2.45586E-04       3.60521E-01       5.33390E-03       4.64296E-03
       1.51356E-02       1.58489E-02       1.54923E-02       7.13301E-04       2.56980E-04       3.60268E-01       5.58137E-03       4.89994E-03
       1.58489E-02       1.65959E-02       1.62224E-02       7.47000E-04       2.68319E-04       3.59196E-01       5.82701E-03       5.16825E-03
       1.65959E-02       1.73780E-02       1.69870E-02       7.82100E-04       2.80012E-04       3.58026E-01       6.08177E-03       5.44827E-03
       1.73780E-02       1.81970E-02       1.77875E-02       8.19000E-04       2.92183E-04       3.56756E-01       6.34580E-03       5.74045E-03
       1.81970E-02       1.90546E-02       1.86258E-02       8.57600E-04       3.04865E-04       3.55486E-01       6.62121E-03       6.04531E-03
       1.90546E-02       1.99526E-02       1.95036E-02       8.98000E-04       3.18068E-04       3.54196E-01       6.90809E-03       6.36338E-03
       1.99526E-02       2.08930E-02       2.04228E-02       9.40400E-04       3.31836E-04       3.52867E-01       7.20653E-03       6.69522E-03
       2.08930E-02       2.18776E-02       2.13853E-02       9.84600E-04       3.46190E-04       3.51605E-01       7.51918E-03       7.04141E-03
       2.18776E-02       2.29087E-02       2.23931E-02       1.03110E-03       3.61157E-04       3.50264E-01       7.84351E-03       7.40257E-03
       2.29087E-02       2.39883E-02       2.34485E-02       1.07960E-03       3.76764E-04       3.48985E-01       8.18316E-03       7.77933E-03
       2.39883E-02       2.51189E-02       2.45536E-02       1.13060E-03       3.93335E-04       3.47900E-01       8.54219E-03       8.17266E-03
       2.51189E-02       2.63027E-02       2.57108E-02       1.18380E-03       4.11650E-04       3.47737E-01       8.94059E-03       8.58431E-03
       2.63027E-02       2.75423E-02       2.69225E-02       1.23960E-03       4.29236E-04       3.46269E-01       9.32243E-03       9.01355E-03
       2.75423E-02       2.88403E-02       2.81913E-02       1.29800E-03       4.47713E-04       3.44925E-01       9.72390E-03       9.46126E-03
       2.88403E-02       3.01995E-02       2.95199E-02       1.35920E-03       4.67990E-04       3.44313E-01       1.01641E-02       9.92925E-03
       3.01995E-02       3.16228E-02       3.09112E-02       1.42330E-03       5.30215E-04       3.72525E-01       1.15152E-02       1.04595E-02
       3.16228E-02       3.31131E-02       3.23680E-02       1.49030E-03       5.75050E-04       3.85862E-01       1.24896E-02       1.10345E-02
       3.31131E-02       3.46737E-02       3.38934E-02       1.56060E-03       5.99746E-04       3.84305E-01       1.30254E-02       1.16343E-02
       3.46737E-02       3.63078E-02       3.54908E-02       1.63410E-03       6.25977E-04       3.83071E-01       1.35955E-02       1.22602E-02
       3.63078E-02       3.80189E-02       3.71633E-02       1.71110E-03       6.59121E-04       3.85204E-01       1.43155E-02       1.29194E-02
       3.80189E-02       3.98107E-02       3.89148E-02       1.79180E-03       6.88038E-04       3.83992E-01       1.49430E-02       1.36074E-02
       3.98107E-02       4.16869E-02       4.07488E-02       1.87620E-03       7.18745E-04       3.83086E-01       1.56103E-02       1.43261E-02
       4.16869E-02       4.36516E-02       4.26693E-02       1.96470E-03       7.53834E-04       3.83688E-01       1.63717E-02       1.50800E-02
       4.36516E-02       4.57088E-02       4.46802E-02       2.05720E-03       7.89118E-04       3.83589E-01       1.71388E-02       1.58691E-02
       4.57088E-02       4.78630E-02       4.67859E-02       2.15420E-03       8.25631E-04       3.83266E-01       1.79314E-02       1.66947E-02
       4.78630E-02       5.01187E-02       4.89908E-02       2.25570E-03       8.68942E-04       3.85221E-01       1.88723E-02       1.75637E-02
       5.01187E-02       5.24808E-02       5.12998E-02       2.36210E-03       9.09342E-04       3.84972E-01       1.97490E-02       1.84730E-02
       5.24808E-02       5.49541E-02       5.37174E-02       2.47330E-03       9.49458E-04       3.83883E-01       2.06212E-02       1.94225E-02
       5.49541E-02       5.75440E-02       5.62491E-02       2.58990E-03       9.91708E-04       3.82914E-01       2.15385E-02       2.04142E-02
       5.75440E-02       6.02560E-02       5.89000E-02       2.71200E-03       1.03626E-03       3.82103E-01       2.25059E-02       2.14504E-02
       6.02560E-02       6.30957E-02       6.16758E-02       2.83970E-03       1.08325E-03       3.81467E-01       2.35273E-02       2.25337E-02
       6.30957E-02       6.60693E-02       6.45825E-02       2.97360E-03       1.13286E-03       3.80973E-01       2.46042E-02       2.36666E-02
       6.60693E-02       6.91831E-02       6.76262E-02       3.11380E-03       1.18483E-03       3.80508E-01       2.57323E-02       2.48514E-02
       6.91831E-02       7.24436E-02       7.08134E-02       3.26050E-03       1.23970E-03       3.80218E-01       2.69245E-02       2.60911E-02
       7.24436E-02       7.58578E-02       7.41507E-02       3.41420E-03       1.29781E-03       3.80122E-01       2.81863E-02       2.73889E-02
       7.58578E-02       7.94328E-02       7.76453E-02       3.57500E-03       1.35945E-03       3.80266E-01       2.95259E-02       2.87483E-02
       7.94328E-02       8.31764E-02       8.13046E-02       3.74360E-03       1.42517E-03       3.80694E-01       3.09522E-02       3.01735E-02
       8.31764E-02       8.70964E-02       8.51364E-02       3.92000E-03       1.49642E-03       3.81740E-01       3.24999E-02       3.16699E-02
       8.70964E-02       9.12011E-02       8.91488E-02       4.10470E-03       1.57301E-03       3.83221E-01       3.41636E-02       3.32429E-02
       9.12011E-02       9.54993E-02       9.33502E-02       4.29820E-03       1.65748E-03       3.85623E-01       3.59980E-02       3.49004E-02
       9.54993E-02       1.00000E-01       9.77497E-02       4.50070E-03       1.74832E-03       3.88455E-01       3.79714E-02       3.66487E-02
       1.00000E-01       1.04713E-01       1.02357E-01       4.71300E-03       1.84483E-03       3.91435E-01       4.00659E-02       3.84936E-02
       1.04713E-01       1.09648E-01       1.07180E-01       4.93500E-03       1.94801E-03       3.94734E-01       4.23078E-02       4.04416E-02
       1.09648E-01       1.14815E-01       1.12231E-01       5.16700E-03       2.05860E-03       3.98413E-01       4.47145E-02       4.25002E-02
       1.14815E-01       1.20226E-01       1.17520E-01       5.41100E-03       2.17695E-03       4.02319E-01       4.72807E-02       4.46771E-02
       1.20226E-01       1.25892E-01       1.23059E-01       5.66600E-03       2.30376E-03       4.06594E-01       5.00351E-02       4.69809E-02
       1.25892E-01       1.31826E-01       1.28859E-01       5.93400E-03       2.43934E-03       4.11078E-01       5.29711E-02       4.94202E-02
       1.31826E-01       1.38038E-01       1.34932E-01       6.21200E-03       2.58203E-03       4.15653E-01       5.60849E-02       5.20023E-02
       1.38038E-01       1.44544E-01       1.41291E-01       6.50600E-03       2.73375E-03       4.20189E-01       5.93689E-02       5.47360E-02
       1.44544E-01       1.51356E-01       1.47950E-01       6.81200E-03       2.89548E-03       4.25055E-01       6.28869E-02       5.76315E-02
       1.51356E-01       1.58489E-01       1.54923E-01       7.13300E-03       3.06786E-03       4.30094E-01       6.66312E-02       6.06994E-02
       1.58489E-01       1.65959E-01       1.62224E-01       7.47000E-03       3.25089E-03       4.35192E-01       7.05986E-02       6.39502E-02
       1.65959E-01       1.73780E-01       1.69869E-01       7.82100E-03       3.44299E-03       4.40224E-01       7.47806E-02       6.73932E-02
       1.73780E-01       1.81970E-01       1.77875E-01       8.19000E-03       3.64600E-03       4.45176E-01       7.91858E-02       7.10392E-02
       1.81970E-01       1.90546E-01       1.86258E-01       8.57600E-03       3.87089E-03       4.51363E-01       8.40701E-02       7.49101E-02
       1.90546E-01       1.99526E-01       1.95036E-01       8.98000E-03       4.18964E-03       4.66552E-01       9.09945E-02       7.90998E-02
       1.99526E-01       2.08930E-01       2.04228E-01       9.40400E-03       4.56413E-03       4.85339E-01       9.91198E-02       8.36639E-02
       2.08930E-01       2.18776E-01       2.13853E-01       9.84600E-03       4.97199E-03       5.04975E-01       1.07990E-01       8.86359E-02
       2.18776E-01       2.29087E-01       2.23931E-01       1.03110E-02       5.41326E-03       5.24999E-01       1.17564E-01       9.40491E-02
       2.29087E-01       2.39883E-01       2.34485E-01       1.07960E-02       5.88128E-03       5.44765E-01       1.27739E-01       9.99304E-02
       2.39883E-01       2.51189E-01       2.45536E-01       1.13060E-02       6.38130E-03       5.64417E-01       1.38585E-01       1.06312E-01
       2.51189E-01       2.63027E-01       2.57108E-01       1.18380E-02       6.91948E-03       5.84514E-01       1.50283E-01       1.13231E-01
       2.63027E-01       2.75423E-01       2.69225E-01       1.23960E-02       7.48049E-03       6.03460E-01       1.62467E-01       1.20712E-01
       2.75423E-01       2.88403E-01       2.81913E-01       1.29800E-02       8.07645E-03       6.22222E-01       1.75413E-01       1.28788E-01
       2.88403E-01       3.01995E-01       2.95199E-01       1.35920E-02       8.71735E-03       6.41359E-01       1.89328E-01       1.37506E-01
       3.01995E-01       3.16228E-01       3.09112E-01       1.42330E-02       9.40702E-03       6.60931E-01       2.04301E-01       1.46913E-01
       3.16228E-01       3.31131E-01       3.23680E-01       1.49030E-02       1.01396E-02       6.80375E-01       2.20223E-01       1.57052E-01
       3.31131E-01       3.46737E-01       3.38934E-01       1.56060E-02       1.09025E-02       6.98611E-01       2.36783E-01       1.67955E-01
       3.46737E-01       3.63078E-01       3.54908E-01       1.63410E-02       1.17223E-02       7.17355E-01       2.54595E-01       1.79677E-01
       3.63078E-01       3.80189E-01       3.71633E-01       1.71110E-02       1.26068E-02       7.36765E-01       2.73807E-01       1.92284E-01
       3.80189E-01       3.98107E-01       3.89148E-01       1.79180E-02       1.35364E-02       7.55466E-01       2.93988E-01       2.05820E-01
       3.98107E-01       4.16869E-01       4.07488E-01       1.87620E-02       1.45114E-02       7.73446E-01       3.15170E-01       2.20332E-01
       4.16869E-01       4.36516E-01       4.26692E-01       1.96470E-02       1.55676E-02       7.92366E-01       3.38096E-01       2.35899E-01
       4.36516E-01       4.57088E-01       4.46802E-01       2.05720E-02       1.67155E-02       8.12538E-01       3.63044E-01       2.52615E-01
       4.57088E-01       4.78630E-01       4.67859E-01       2.15420E-02       1.79666E-02       8.34027E-01       3.90207E-01       2.70581E-01
       4.78630E-01       5.01187E-01       4.89909E-01       2.25570E-02       1.93340E-02       8.57117E-01       4.19909E-01       2.89915E-01
       5.01187E-01       5.24808E-01       5.12998E-01       2.36210E-02       2.08353E-02       8.82066E-01       4.52498E-01       3.10751E-01
       5.24808E-01       5.49541E-01       5.37174E-01       2.47330E-02       2.24871E-02       9.09195E-01       4.88396E-01       3.33238E-01
       5.49541E-01       5.75440E-01       5.62490E-01       2.58990E-02       2.44379E-02       9.43586E-01       5.30758E-01       3.57676E-01
       5.75440E-01       6.02560E-01       5.89000E-01       2.71200E-02       3.24203E-02       1.19544E+00       7.04113E-01       3.90096E-01
       6.02560E-01       6.30957E-01       6.16758E-01       2.83970E-02       2.74413E-02       9.66346E-01       5.96002E-01       4.17537E-01
       6.30957E-01       6.60693E-01       6.45825E-01       2.97360E-02       2.67386E-02       8.99198E-01       5.80725E-01       4.44276E-01
       6.60693E-01       6.91831E-01       6.76262E-01       3.11380E-02       2.65878E-02       8.53868E-01       5.77439E-01       4.70864E-01
       6.91831E-01       7.24436E-01       7.08133E-01       3.26050E-02       2.65005E-02       8.12775E-01       5.75553E-01       4.97364E-01
       7.24436E-01       7.58578E-01       7.41507E-01       3.41420E-02       2.63941E-02       7.73068E-01       5.73235E-01       5.23758E-01
       7.58578E-01       7.94328E-01       7.76453E-01       3.57500E-02       2.62752E-02       7.34972E-01       5.70671E-01       5.50033E-01
       7.94328E-01       8.31764E-01       8.13046E-01       3.74360E-02       2.60634E-02       6.96213E-01       5.66054E-01       5.76097E-01
       8.31764E-01       8.70964E-01       8.51364E-01       3.92000E-02       2.57159E-02       6.56018E-01       5.58510E-01       6.01813E-01
       8.70964E-01       9.12011E-01       8.91487E-01       4.10470E-02       2.52081E-02       6.14127E-01       5.47487E-01       6.27021E-01
       9.12011E-01       9.54993E-01       9.33502E-01       4.29820E-02       2.45116E-02       5.70277E-01       5.32355E-01       6.51532E-01
       9.54993E-01       1.00000E+00       9.77497E-01       4.50070E-02       2.36056E-02       5.24488E-01       5.12685E-01       6.75138E-01
       1.00000E+00       1.04713E+00       1.02357E+00       4.71300E-02       2.25939E-02       4.79396E-01       4.90693E-01       6.97732E-01
       1.04713E+00       1.09648E+00       1.07181E+00       4.93500E-02       2.13648E-02       4.32923E-01       4.64009E-01       7.19097E-01
       1.09648E+00       1.14815E+00       1.12231E+00       5.16700E-02       1.98701E-02       3.84558E-01       4.31595E-01       7.38967E-01
       1.14815E+00       1.20226E+00       1.17520E+00       5.41100E-02       1.81133E-02       3.34750E-01       3.93399E-01       7.57080E-01
       1.20226E+00       1.25892E+00       1.23059E+00       5.66600E-02       1.63335E-02       2.88271E-01       3.54744E-01       7.73414E-01
       1.25892E+00       1.31826E+00       1.28859E+00       5.93400E-02       1.59667E-02       2.69071E-01       3.46723E-01       7.89380E-01
       1.31826E+00       1.38038E+00       1.34932E+00       6.21200E-02       1.57390E-02       2.53364E-01       3.41869E-01       8.05119E-01
       1.38038E+00       1.44544E+00       1.41291E+00       6.50600E-02       1.53976E-02       2.36668E-01       3.34391E-01       8.20517E-01
       1.44544E+00       1.51356E+00       1.47950E+00       6.81200E-02       1.49518E-02       2.19492E-01       3.24739E-01       8.35469E-01
       1.51356E+00       1.58489E+00       1.54923E+00       7.13300E-02       1.44824E-02       2.03034E-01       3.14545E-01       8.49951E-01
       1.58489E+00       1.65959E+00       1.62224E+00       7.47000E-02       1.44721E-02       1.93736E-01       3.14287E-01       8.64423E-01
       1.65959E+00       1.73780E+00       1.69869E+00       7.82100E-02       1.48055E-02       1.89305E-01       3.21571E-01       8.79229E-01
       1.73780E+00       1.81970E+00       1.77875E+00       8.19000E-02       1.52085E-02       1.85696E-01       3.30307E-01       8.94437E-01
       1.81970E+00       1.90546E+00       1.86258E+00       8.57600E-02       1.48173E-02       1.72777E-01       3.21810E-01       9.09255E-01
       1.90546E+00       1.99526E+00       1.95036E+00       8.98000E-02       1.36507E-02       1.52012E-01       2.96478E-01       9.22905E-01
       1.99526E+00       2.08930E+00       2.04228E+00       9.40400E-02       1.35590E-02       1.44183E-01       2.94462E-01       9.36464E-01
       2.08930E+00       2.18776E+00       2.13853E+00       9.84600E-02       1.19818E-02       1.21692E-01       2.60243E-01       9.48446E-01
       2.18776E+00       2.29087E+00       2.23932E+00       1.03110E-01       7.96631E-03       7.72603E-02       1.73010E-01       9.56412E-01
       2.29087E+00       2.39883E+00       2.34485E+00       1.07960E-01       5.93179E-03       5.49444E-02       1.28836E-01       9.62344E-01
       2.39883E+00       2.51189E+00       2.45536E+00       1.13060E-01       5.42640E-03       4.79957E-02       1.17847E-01       9.67771E-01
       2.51189E+00       2.63027E+00       2.57108E+00       1.18380E-01       4.87299E-03       4.11640E-02       1.05836E-01       9.72644E-01
       2.63027E+00       2.75423E+00       2.69225E+00       1.23960E-01       4.36340E-03       3.52000E-02       9.47673E-02       9.77007E-01
       2.75423E+00       2.88403E+00       2.81913E+00       1.29800E-01       3.86780E-03       2.97981E-02       8.40048E-02       9.80875E-01
       2.88403E+00       3.01995E+00       2.95199E+00       1.35920E-01       3.43012E-03       2.52363E-02       7.44974E-02       9.84305E-01
       3.01995E+00       3.16228E+00       3.09111E+00       1.42330E-01       3.05180E-03       2.14417E-02       6.62789E-02       9.87357E-01
       3.16228E+00       3.31131E+00       3.23679E+00       1.49030E-01       2.70041E-03       1.81199E-02       5.86504E-02       9.90057E-01
       3.31131E+00       3.46737E+00       3.38934E+00       1.56060E-01       2.37073E-03       1.51912E-02       5.14880E-02       9.92428E-01
       3.46737E+00       3.63078E+00       3.54908E+00       1.63410E-01       2.03546E-03       1.24562E-02       4.42079E-02       9.94463E-01
       3.63078E+00       3.80189E+00       3.71633E+00       1.71110E-01       1.67907E-03       9.81281E-03       3.64677E-02       9.96142E-01
       3.80189E+00       3.98107E+00       3.89148E+00       1.79180E-01       1.31026E-03       7.31256E-03       2.84567E-02       9.97453E-01
       3.98107E+00       4.16869E+00       4.07488E+00       1.87620E-01       9.65378E-04       5.14539E-03       2.09668E-02       9.98418E-01
       4.16869E+00       4.36516E+00       4.26692E+00       1.96470E-01       6.80831E-04       3.46532E-03       1.47863E-02       9.99099E-01
       4.36516E+00       4.57088E+00       4.46802E+00       2.05720E-01       4.61420E-04       2.24295E-03       1.00215E-02       9.99560E-01
       4.57088E+00       4.78630E+00       4.67859E+00       2.15420E-01       2.88360E-04       1.33859E-03       6.26273E-03       9.99849E-01
       4.78630E+00       5.00000E+00       4.89315E+00       2.13700E-01       1.41974E-04       6.64363E-04       3.25083E-03       9.99991E-01
       5.00000E+00       5.20000E+00       5.10000E+00       2.00000E-01       9.27890E-06       4.63945E-05       2.36612E-04       1.00000E+00

 Sum =                                                                         1.00000E+00
 Renormalization bin#   964 =                                                  2.71449E-01 barn        1.76000E+07        1.78000E+07        1.77000E+07
 Avg. Energy     bin#   964 =                                                  9.10245E-01 MeV         1.76000E+07        1.78000E+07
