"        MT= 91 recoil spectrum "
" Initial neutron energy corresponds to the group:"
   9.80000E+00    1.00000E+01       0.00000E+00           241           888           648



          Low               High              Mid              Energy           Number             dn/de            E*dn/de          Cumulative
         Energy            Energy            Energy             Width          Fraction                               Sum   
         [MeV]             [MeV]             [MeV]              [MeV]

       6.25000E-07       6.50000E-07       6.37500E-07       2.50000E-08       0.00000E+00       0.00000E+00       0.00000E+00       0.00000E+00
       6.50000E-07       6.75000E-07       6.62500E-07       2.50000E-08       6.44294E-12       2.57717E-04       1.70738E-10       6.44294E-12
       6.75000E-07       7.00000E-07       6.87500E-07       2.50000E-08       6.68647E-12       2.67459E-04       1.83878E-10       1.31294E-11
       7.00000E-07       7.25000E-07       7.12500E-07       2.50000E-08       6.92938E-12       2.77175E-04       1.97487E-10       2.00588E-11
       7.25000E-07       7.50000E-07       7.37500E-07       2.50000E-08       7.17292E-12       2.86917E-04       2.11601E-10       2.72317E-11
       7.50000E-07       7.75000E-07       7.62500E-07       2.50000E-08       7.41582E-12       2.96633E-04       2.26183E-10       3.46475E-11
       7.75000E-07       8.00000E-07       7.87500E-07       2.50000E-08       7.65872E-12       3.06348E-04       2.41249E-10       4.23062E-11
       8.00000E-07       8.25000E-07       8.12500E-07       2.50000E-08       7.90226E-12       3.16091E-04       2.56824E-10       5.02085E-11
       8.25000E-07       8.50000E-07       8.37500E-07       2.50000E-08       8.14516E-12       3.25806E-04       2.72862E-10       5.83536E-11
       8.50000E-07       8.75000E-07       8.62500E-07       2.50000E-08       8.38806E-12       3.35523E-04       2.89388E-10       6.67417E-11
       8.75000E-07       9.00000E-07       8.87500E-07       2.50000E-08       8.63160E-12       3.45264E-04       3.06422E-10       7.53733E-11
       9.00000E-07       9.25000E-07       9.12500E-07       2.50000E-08       8.87450E-12       3.54979E-04       3.23919E-10       8.42478E-11
       9.25000E-07       9.50000E-07       9.37500E-07       2.50000E-08       9.11740E-12       3.64696E-04       3.41903E-10       9.33652E-11
       9.50000E-07       9.75000E-07       9.62500E-07       2.50000E-08       9.36094E-12       3.74437E-04       3.60396E-10       1.02726E-10
       9.75000E-07       1.00000E-06       9.87500E-07       2.50000E-08       9.60384E-12       3.84154E-04       3.79352E-10       1.12330E-10
       1.00000E-06       1.02500E-06       1.01250E-06       2.50000E-08       9.84738E-12       3.93895E-04       3.98819E-10       1.22177E-10
       1.02500E-06       1.05000E-06       1.03750E-06       2.50000E-08       1.00903E-11       4.03612E-04       4.18747E-10       1.32268E-10
       1.05000E-06       1.07500E-06       1.06250E-06       2.50001E-08       1.03332E-11       4.13326E-04       4.39158E-10       1.42601E-10
       1.07500E-06       1.10000E-06       1.08750E-06       2.50000E-08       1.05767E-11       4.23069E-04       4.60088E-10       1.53178E-10
       1.10000E-06       1.12500E-06       1.11250E-06       2.50000E-08       1.08196E-11       4.32785E-04       4.81474E-10       1.63997E-10
       1.12500E-06       1.15000E-06       1.13750E-06       2.50000E-08       1.10625E-11       4.42501E-04       5.03345E-10       1.75060E-10
       1.15000E-06       1.17500E-06       1.16250E-06       2.50000E-08       1.13061E-11       4.52243E-04       5.25732E-10       1.86366E-10
       1.17500E-06       1.20000E-06       1.18750E-06       2.50001E-08       1.15490E-11       4.61957E-04       5.48573E-10       1.97915E-10
       1.20000E-06       1.22500E-06       1.21250E-06       2.50000E-08       1.17925E-11       4.71700E-04       5.71937E-10       2.09707E-10
       1.22500E-06       1.25000E-06       1.23750E-06       2.50000E-08       1.20354E-11       4.81417E-04       5.95753E-10       2.21743E-10
       1.25000E-06       1.27500E-06       1.26250E-06       2.50000E-08       1.22783E-11       4.91133E-04       6.20055E-10       2.34021E-10
       1.27500E-06       1.30000E-06       1.28750E-06       2.50000E-08       1.25218E-11       5.00874E-04       6.44875E-10       2.46543E-10
       1.30000E-06       1.32500E-06       1.31250E-06       2.50001E-08       1.27647E-11       5.10588E-04       6.70146E-10       2.59307E-10
       1.32500E-06       1.35000E-06       1.33750E-06       2.50000E-08       1.30076E-11       5.20306E-04       6.95910E-10       2.72315E-10
       1.35000E-06       1.37500E-06       1.36250E-06       2.50000E-08       1.32512E-11       5.30048E-04       7.22190E-10       2.85566E-10
       1.37500E-06       1.40000E-06       1.38750E-06       2.50000E-08       1.34941E-11       5.39764E-04       7.48922E-10       2.99060E-10
       1.40000E-06       1.42500E-06       1.41250E-06       2.50000E-08       1.37376E-11       5.49505E-04       7.76176E-10       3.12798E-10
       1.42500E-06       1.45000E-06       1.43750E-06       2.50001E-08       1.39805E-11       5.59219E-04       8.03877E-10       3.26779E-10
       1.45000E-06       1.47500E-06       1.46250E-06       2.50000E-08       1.42234E-11       5.68937E-04       8.32071E-10       3.41002E-10
       1.47500E-06       1.50000E-06       1.48750E-06       2.50000E-08       1.44670E-11       5.78679E-04       8.60785E-10       3.55469E-10
       1.50000E-06       1.52500E-06       1.51250E-06       2.50000E-08       1.47099E-11       5.88395E-04       8.89948E-10       3.70179E-10
       1.52500E-06       1.55000E-06       1.53750E-06       2.50000E-08       1.49528E-11       5.98111E-04       9.19596E-10       3.85132E-10
       1.55000E-06       1.57500E-06       1.56250E-06       2.50001E-08       1.51963E-11       6.07850E-04       9.49765E-10       4.00328E-10
       1.57500E-06       1.60000E-06       1.58750E-06       2.50000E-08       1.54392E-11       6.17569E-04       9.80390E-10       4.15767E-10
       1.60000E-06       1.62500E-06       1.61250E-06       2.50000E-08       1.56827E-11       6.27310E-04       1.01154E-09       4.31450E-10
       1.62500E-06       1.65000E-06       1.63750E-06       2.50000E-08       1.59256E-11       6.37026E-04       1.04313E-09       4.47375E-10
       1.65000E-06       1.67500E-06       1.66250E-06       2.50000E-08       1.61685E-11       6.46742E-04       1.07521E-09       4.63544E-10
       1.67500E-06       1.70000E-06       1.68750E-06       2.50001E-08       1.64121E-11       6.56481E-04       1.10781E-09       4.79956E-10
       1.70000E-06       1.72500E-06       1.71250E-06       2.50000E-08       1.66550E-11       6.66200E-04       1.14087E-09       4.96611E-10
       1.72500E-06       1.75000E-06       1.73750E-06       2.50000E-08       1.68979E-11       6.75916E-04       1.17440E-09       5.13509E-10
       1.75000E-06       1.77500E-06       1.76250E-06       2.50000E-08       1.71414E-11       6.85658E-04       1.20847E-09       5.30650E-10
       1.77500E-06       1.80000E-06       1.78750E-06       2.50000E-08       1.73843E-11       6.95374E-04       1.24298E-09       5.48035E-10
       1.80000E-06       1.82500E-06       1.81250E-06       2.50001E-08       1.76279E-11       7.05112E-04       1.27802E-09       5.65662E-10
       1.82500E-06       1.85000E-06       1.83750E-06       2.50000E-08       1.78708E-11       7.14831E-04       1.31350E-09       5.83533E-10
       1.85000E-06       1.87500E-06       1.86250E-06       2.50000E-08       1.81137E-11       7.24547E-04       1.34947E-09       6.01647E-10
       1.87500E-06       1.90000E-06       1.88750E-06       2.50000E-08       1.83572E-11       7.34289E-04       1.38597E-09       6.20004E-10
       1.90000E-06       1.92500E-06       1.91250E-06       2.50000E-08       1.86001E-11       7.44005E-04       1.42291E-09       6.38604E-10
       1.92500E-06       1.95000E-06       1.93750E-06       2.50001E-08       1.88430E-11       7.53717E-04       1.46033E-09       6.57447E-10
       1.95000E-06       1.97500E-06       1.96250E-06       2.50000E-08       1.90865E-11       7.63463E-04       1.49830E-09       6.76534E-10
       1.97500E-06       2.00000E-06       1.98750E-06       2.50000E-08       1.93294E-11       7.73179E-04       1.53669E-09       6.95863E-10
       2.00000E-06       2.02500E-06       2.01250E-06       2.50001E-08       1.95730E-11       7.82916E-04       1.57562E-09       7.15436E-10
       2.02500E-06       2.05000E-06       2.03750E-06       2.49999E-08       1.98159E-11       7.92640E-04       1.61500E-09       7.35252E-10
       2.05000E-06       2.07500E-06       2.06250E-06       2.50001E-08       2.00588E-11       8.02348E-04       1.65484E-09       7.55311E-10
       2.07500E-06       2.10000E-06       2.08750E-06       2.49999E-08       2.03023E-11       8.12098E-04       1.69525E-09       7.75613E-10
       2.10000E-06       2.12500E-06       2.11250E-06       2.50001E-08       2.05452E-11       8.21806E-04       1.73606E-09       7.96158E-10
       2.12500E-06       2.15000E-06       2.13750E-06       2.50001E-08       2.07881E-11       8.31522E-04       1.77738E-09       8.16947E-10
       2.15000E-06       2.17500E-06       2.16250E-06       2.49999E-08       2.10317E-11       8.41271E-04       1.81925E-09       8.37978E-10
       2.17500E-06       2.20000E-06       2.18750E-06       2.50001E-08       2.12746E-11       8.50979E-04       1.86152E-09       8.59253E-10
       2.20000E-06       2.22500E-06       2.21250E-06       2.49999E-08       2.15181E-11       8.60729E-04       1.90436E-09       8.80771E-10
       2.22500E-06       2.25000E-06       2.23750E-06       2.50001E-08       2.17610E-11       8.70437E-04       1.94760E-09       9.02532E-10
       2.25000E-06       2.27500E-06       2.26250E-06       2.50001E-08       2.20039E-11       8.80153E-04       1.99135E-09       9.24536E-10
       2.27500E-06       2.30000E-06       2.28750E-06       2.49999E-08       2.22474E-11       8.89903E-04       2.03565E-09       9.46783E-10
       2.30000E-06       2.32500E-06       2.31250E-06       2.50001E-08       2.24903E-11       8.99610E-04       2.08035E-09       9.69274E-10
       2.32500E-06       2.35000E-06       2.33750E-06       2.49999E-08       2.27333E-11       9.09335E-04       2.12557E-09       9.92007E-10
       2.35000E-06       2.37500E-06       2.36250E-06       2.50001E-08       2.29768E-11       9.19068E-04       2.17130E-09       1.01498E-09
       2.37500E-06       2.40000E-06       2.38750E-06       2.50001E-08       2.32197E-11       9.28784E-04       2.21747E-09       1.03820E-09
       2.40000E-06       2.42500E-06       2.41250E-06       2.49999E-08       2.34632E-11       9.38535E-04       2.26421E-09       1.06167E-09
       2.42500E-06       2.45000E-06       2.43750E-06       2.50001E-08       2.37061E-11       9.48242E-04       2.31134E-09       1.08537E-09
       2.45000E-06       2.47500E-06       2.46250E-06       2.49999E-08       2.39490E-11       9.57967E-04       2.35899E-09       1.10932E-09
       2.47500E-06       2.50000E-06       2.48750E-06       2.50001E-08       2.41926E-11       9.67699E-04       2.40715E-09       1.13351E-09
       2.50000E-06       2.52500E-06       2.51250E-06       2.50001E-08       2.44355E-11       9.77415E-04       2.45576E-09       1.15795E-09
       2.52500E-06       2.55000E-06       2.53750E-06       2.49999E-08       2.46784E-11       9.87140E-04       2.50487E-09       1.18263E-09
       2.55000E-06       2.57500E-06       2.56250E-06       2.50001E-08       2.49219E-11       9.96873E-04       2.55449E-09       1.20755E-09
       2.57500E-06       2.60000E-06       2.58750E-06       2.49999E-08       2.51648E-11       1.00660E-03       2.60457E-09       1.23271E-09
       2.60000E-06       2.62500E-06       2.61250E-06       2.50001E-08       2.54077E-11       1.01630E-03       2.65510E-09       1.25812E-09
       2.62500E-06       2.65000E-06       2.63750E-06       2.50001E-08       2.56513E-11       1.02605E-03       2.70620E-09       1.28377E-09
       2.65000E-06       2.67500E-06       2.66250E-06       2.49999E-08       2.58942E-11       1.03577E-03       2.75774E-09       1.30967E-09
       2.67500E-06       2.70000E-06       2.68750E-06       2.50001E-08       2.61377E-11       1.04550E-03       2.80979E-09       1.33581E-09
       2.70000E-06       2.72500E-06       2.71250E-06       2.49999E-08       2.63806E-11       1.05523E-03       2.86231E-09       1.36219E-09
       2.72500E-06       2.75000E-06       2.73750E-06       2.50001E-08       2.66235E-11       1.06494E-03       2.91526E-09       1.38881E-09
       2.75000E-06       2.77500E-06       2.76250E-06       2.50001E-08       2.68670E-11       1.07468E-03       2.96880E-09       1.41568E-09
       2.77500E-06       2.80000E-06       2.78750E-06       2.49999E-08       2.71099E-11       1.08440E-03       3.02277E-09       1.44279E-09
       2.80000E-06       2.82500E-06       2.81250E-06       2.50001E-08       2.73528E-11       1.09411E-03       3.07718E-09       1.47014E-09
       2.82500E-06       2.85000E-06       2.83750E-06       2.49999E-08       2.75964E-11       1.10386E-03       3.13221E-09       1.49774E-09
       2.85000E-06       2.87500E-06       2.86250E-06       2.50001E-08       2.78393E-11       1.11357E-03       3.18758E-09       1.52558E-09
       2.87500E-06       2.90000E-06       2.88750E-06       2.50001E-08       2.80828E-11       1.12331E-03       3.24355E-09       1.55366E-09
       2.90000E-06       2.92500E-06       2.91250E-06       2.49999E-08       2.83257E-11       1.13304E-03       3.29996E-09       1.58198E-09
       2.92500E-06       2.95000E-06       2.93750E-06       2.50001E-08       2.85686E-11       1.14274E-03       3.35680E-09       1.61055E-09
       2.95000E-06       2.97500E-06       2.96250E-06       2.49999E-08       2.88122E-11       1.15249E-03       3.41426E-09       1.63936E-09
       2.97500E-06       3.00000E-06       2.98750E-06       2.50001E-08       2.90551E-11       1.16220E-03       3.47207E-09       1.66842E-09
       3.00000E-06       3.02500E-06       3.01250E-06       2.50001E-08       2.92980E-11       1.17191E-03       3.53039E-09       1.69772E-09
       3.02500E-06       3.05000E-06       3.03750E-06       2.49999E-08       2.95415E-11       1.18167E-03       3.58931E-09       1.72726E-09
       3.05000E-06       3.07500E-06       3.06250E-06       2.50001E-08       2.97844E-11       1.19137E-03       3.64857E-09       1.75704E-09
       3.07500E-06       3.10000E-06       3.08750E-06       2.49999E-08       3.00279E-11       1.20112E-03       3.70847E-09       1.78707E-09
       3.10000E-06       3.12500E-06       3.11250E-06       2.50001E-08       3.02708E-11       1.21083E-03       3.76870E-09       1.81734E-09
       3.12500E-06       3.15000E-06       3.13750E-06       2.50001E-08       3.05137E-11       1.22054E-03       3.82946E-09       1.84786E-09
       3.15000E-06       3.17500E-06       3.16250E-06       2.49999E-08       3.07573E-11       1.23030E-03       3.89082E-09       1.87861E-09
       3.17500E-06       3.20000E-06       3.18750E-06       2.50001E-08       3.10002E-11       1.24000E-03       3.95251E-09       1.90961E-09
       3.20000E-06       3.22500E-06       3.21250E-06       2.49999E-08       3.12431E-11       1.24973E-03       4.01476E-09       1.94086E-09
       3.22500E-06       3.25000E-06       3.23750E-06       2.50001E-08       3.14866E-11       1.25946E-03       4.07750E-09       1.97234E-09
       3.25000E-06       3.27500E-06       3.26250E-06       2.50001E-08       3.17295E-11       1.26918E-03       4.14069E-09       2.00407E-09
       3.27500E-06       3.30000E-06       3.28750E-06       2.49999E-08       3.19731E-11       1.27893E-03       4.20448E-09       2.03605E-09
       3.30000E-06       3.32500E-06       3.31250E-06       2.50001E-08       3.22160E-11       1.28863E-03       4.26860E-09       2.06826E-09
       3.32500E-06       3.35000E-06       3.33750E-06       2.49999E-08       3.24589E-11       1.29836E-03       4.33328E-09       2.10072E-09
       3.35000E-06       3.37500E-06       3.36250E-06       2.50001E-08       3.27024E-11       1.30809E-03       4.39846E-09       2.13342E-09
       3.37500E-06       3.40000E-06       3.38750E-06       2.50001E-08       3.29453E-11       1.31781E-03       4.46407E-09       2.16637E-09
       3.40000E-06       3.42500E-06       3.41250E-06       2.49999E-08       3.31882E-11       1.32754E-03       4.53022E-09       2.19956E-09
       3.42500E-06       3.45000E-06       3.43750E-06       2.50001E-08       3.34317E-11       1.33726E-03       4.59685E-09       2.23299E-09
       3.45000E-06       3.47500E-06       3.46250E-06       2.49999E-08       3.36746E-11       1.34699E-03       4.66396E-09       2.26666E-09
       3.47500E-06       3.50000E-06       3.48750E-06       2.50001E-08       3.39182E-11       1.35672E-03       4.73157E-09       2.30058E-09
       3.50000E-06       3.52500E-06       3.51250E-06       2.50001E-08       3.41611E-11       1.36644E-03       4.79961E-09       2.33474E-09
       3.52500E-06       3.55000E-06       3.53750E-06       2.49999E-08       3.44040E-11       1.37617E-03       4.86819E-09       2.36915E-09
       3.55000E-06       3.57500E-06       3.56250E-06       2.50001E-08       3.46475E-11       1.38590E-03       4.93725E-09       2.40379E-09
       3.57500E-06       3.60000E-06       3.58750E-06       2.49999E-08       3.48904E-11       1.39562E-03       5.00680E-09       2.43868E-09
       3.60000E-06       3.62500E-06       3.61250E-06       2.50001E-08       3.51333E-11       1.40533E-03       5.07675E-09       2.47382E-09
       3.62500E-06       3.65000E-06       3.63750E-06       2.50001E-08       3.53769E-11       1.41507E-03       5.14731E-09       2.50919E-09
       3.65000E-06       3.67500E-06       3.66250E-06       2.49999E-08       3.56198E-11       1.42480E-03       5.21833E-09       2.54481E-09
       3.67500E-06       3.70000E-06       3.68750E-06       2.50001E-08       3.58633E-11       1.43453E-03       5.28982E-09       2.58068E-09
       3.70000E-06       3.72500E-06       3.71250E-06       2.49999E-08       3.61062E-11       1.44426E-03       5.36180E-09       2.61678E-09
       3.72500E-06       3.75000E-06       3.73750E-06       2.50001E-08       3.63491E-11       1.45396E-03       5.43417E-09       2.65313E-09
       3.75000E-06       3.77500E-06       3.76250E-06       2.50001E-08       3.65926E-11       1.46370E-03       5.50717E-09       2.68972E-09
       3.77500E-06       3.80000E-06       3.78750E-06       2.49999E-08       3.68355E-11       1.47343E-03       5.58062E-09       2.72656E-09
       3.80000E-06       3.82500E-06       3.81250E-06       2.50001E-08       3.70784E-11       1.48313E-03       5.65444E-09       2.76364E-09
       3.82500E-06       3.85000E-06       3.83750E-06       2.49999E-08       3.73220E-11       1.49289E-03       5.72896E-09       2.80096E-09
       3.85000E-06       3.87500E-06       3.86250E-06       2.50001E-08       3.75649E-11       1.50259E-03       5.80375E-09       2.83853E-09
       3.87500E-06       3.90000E-06       3.88750E-06       2.50001E-08       3.78084E-11       1.51233E-03       5.87919E-09       2.87633E-09
       3.90000E-06       3.92500E-06       3.91250E-06       2.49999E-08       3.80513E-11       1.52206E-03       5.95507E-09       2.91439E-09
       3.92500E-06       3.95000E-06       3.93750E-06       2.50001E-08       3.82942E-11       1.53176E-03       6.03132E-09       2.95268E-09
       3.95000E-06       3.97500E-06       3.96250E-06       2.49999E-08       3.85378E-11       1.54152E-03       6.10827E-09       2.99122E-09
       3.97500E-06       4.00000E-06       3.98750E-06       2.50001E-08       3.87807E-11       1.55122E-03       6.18549E-09       3.03000E-09
       4.00000E-06       4.02500E-06       4.01250E-06       2.50001E-08       3.90236E-11       1.56094E-03       6.26326E-09       3.06902E-09
       4.02500E-06       4.05000E-06       4.03750E-06       2.50001E-08       3.92671E-11       1.57068E-03       6.34161E-09       3.10829E-09
       4.05000E-06       4.07500E-06       4.06250E-06       2.49996E-08       3.95100E-11       1.58042E-03       6.42047E-09       3.14780E-09
       4.07500E-06       4.10000E-06       4.08750E-06       2.50001E-08       3.97535E-11       1.59014E-03       6.49968E-09       3.18755E-09
       4.10000E-06       4.12500E-06       4.11250E-06       2.50001E-08       3.99964E-11       1.59985E-03       6.57939E-09       3.22755E-09
       4.12500E-06       4.15000E-06       4.13750E-06       2.50001E-08       4.02393E-11       1.60957E-03       6.65959E-09       3.26779E-09
       4.15000E-06       4.17500E-06       4.16250E-06       2.50001E-08       4.04829E-11       1.61931E-03       6.74037E-09       3.30827E-09
       4.17500E-06       4.20000E-06       4.18750E-06       2.49996E-08       4.07258E-11       1.62906E-03       6.82167E-09       3.34900E-09
       4.20000E-06       4.22500E-06       4.21250E-06       2.50001E-08       4.09687E-11       1.63874E-03       6.90320E-09       3.38997E-09
       4.22500E-06       4.25000E-06       4.23750E-06       2.50001E-08       4.12122E-11       1.64848E-03       6.98545E-09       3.43118E-09
       4.25000E-06       4.27500E-06       4.26250E-06       2.50001E-08       4.14551E-11       1.65820E-03       7.06807E-09       3.47263E-09
       4.27500E-06       4.30000E-06       4.28750E-06       2.50001E-08       4.16980E-11       1.66791E-03       7.15118E-09       3.51433E-09
       4.30000E-06       4.32500E-06       4.31250E-06       2.49996E-08       4.19416E-11       1.67769E-03       7.23503E-09       3.55627E-09
       4.32500E-06       4.35000E-06       4.33750E-06       2.50001E-08       4.21845E-11       1.68737E-03       7.31898E-09       3.59846E-09
       4.35000E-06       4.37500E-06       4.36250E-06       2.50001E-08       4.24280E-11       1.69711E-03       7.40366E-09       3.64089E-09
       4.37500E-06       4.40000E-06       4.38750E-06       2.50001E-08       4.26709E-11       1.70683E-03       7.48872E-09       3.68356E-09
       4.40000E-06       4.42500E-06       4.41250E-06       2.50001E-08       4.29138E-11       1.71655E-03       7.57426E-09       3.72647E-09
       4.42500E-06       4.45000E-06       4.43750E-06       2.49996E-08       4.31573E-11       1.72632E-03       7.66055E-09       3.76963E-09
       4.45000E-06       4.47500E-06       4.46250E-06       2.50001E-08       4.34002E-11       1.73600E-03       7.74691E-09       3.81303E-09
       4.47500E-06       4.50000E-06       4.48750E-06       2.50001E-08       4.36431E-11       1.74572E-03       7.83391E-09       3.85667E-09
       4.50000E-06       4.52500E-06       4.51250E-06       2.50001E-08       4.38867E-11       1.75546E-03       7.92152E-09       3.90056E-09
       4.52500E-06       4.55000E-06       4.53750E-06       2.50001E-08       4.41296E-11       1.76518E-03       8.00949E-09       3.94469E-09
       4.55000E-06       4.57500E-06       4.56250E-06       2.49996E-08       4.43731E-11       1.77495E-03       8.09822E-09       3.98906E-09
       4.57500E-06       4.60000E-06       4.58750E-06       2.50001E-08       4.46160E-11       1.78463E-03       8.18701E-09       4.03368E-09
       4.60000E-06       4.62500E-06       4.61250E-06       2.50001E-08       4.48589E-11       1.79435E-03       8.27644E-09       4.07853E-09
       4.62500E-06       4.65000E-06       4.63750E-06       2.50001E-08       4.51025E-11       1.80409E-03       8.36648E-09       4.12364E-09
       4.65000E-06       4.67500E-06       4.66250E-06       2.50001E-08       4.53454E-11       1.81381E-03       8.45688E-09       4.16898E-09
       4.67500E-06       4.70000E-06       4.68750E-06       2.49996E-08       4.55883E-11       1.82356E-03       8.54793E-09       4.21457E-09
       4.70000E-06       4.72500E-06       4.71250E-06       2.50001E-08       4.58318E-11       1.83327E-03       8.63926E-09       4.26040E-09
       4.72500E-06       4.75000E-06       4.73750E-06       2.50001E-08       4.60747E-11       1.84298E-03       8.73112E-09       4.30648E-09
       4.75000E-06       4.77500E-06       4.76250E-06       2.50001E-08       4.63183E-11       1.85272E-03       8.82359E-09       4.35280E-09
       4.77500E-06       4.80000E-06       4.78750E-06       2.50001E-08       4.65611E-11       1.86244E-03       8.91643E-09       4.39936E-09
       4.80000E-06       4.82500E-06       4.81250E-06       2.49996E-08       4.68041E-11       1.87219E-03       9.00992E-09       4.44616E-09
       4.82500E-06       4.85000E-06       4.83750E-06       2.50001E-08       4.70476E-11       1.88190E-03       9.10367E-09       4.49321E-09
       4.85000E-06       4.87500E-06       4.86250E-06       2.50001E-08       4.72905E-11       1.89161E-03       9.19796E-09       4.54050E-09
       4.87500E-06       4.90000E-06       4.88750E-06       2.50001E-08       4.75334E-11       1.90133E-03       9.29274E-09       4.58803E-09
       4.90000E-06       4.92500E-06       4.91250E-06       2.50001E-08       4.77769E-11       1.91107E-03       9.38813E-09       4.63581E-09
       4.92500E-06       4.95000E-06       4.93750E-06       2.49996E-08       4.80198E-11       1.92082E-03       9.48406E-09       4.68383E-09
       4.95000E-06       4.97500E-06       4.96250E-06       2.50001E-08       4.82634E-11       1.93053E-03       9.58024E-09       4.73209E-09
       4.97500E-06       5.00000E-06       4.98750E-06       2.50001E-08       4.85063E-11       1.94024E-03       9.67696E-09       4.78060E-09
       5.00000E-06       5.02500E-06       5.01250E-06       2.50001E-08       4.87492E-11       1.94996E-03       9.77417E-09       4.82935E-09
       5.02500E-06       5.05000E-06       5.03750E-06       2.50001E-08       4.89927E-11       1.95970E-03       9.87199E-09       4.87834E-09
       5.05000E-06       5.07500E-06       5.06250E-06       2.49996E-08       4.92356E-11       1.96945E-03       9.97036E-09       4.92758E-09
       5.07500E-06       5.10000E-06       5.08750E-06       2.50001E-08       4.94785E-11       1.97913E-03       1.00688E-08       4.97705E-09
       5.10000E-06       5.12500E-06       5.11250E-06       2.50001E-08       4.97221E-11       1.98887E-03       1.01681E-08       5.02678E-09
       5.12500E-06       5.15000E-06       5.13750E-06       2.50001E-08       4.99650E-11       1.99859E-03       1.02678E-08       5.07674E-09
       5.15000E-06       5.17500E-06       5.16250E-06       2.50001E-08       5.02085E-11       2.00833E-03       1.03680E-08       5.12695E-09
       5.17500E-06       5.20000E-06       5.18750E-06       2.49996E-08       5.04514E-11       2.01809E-03       1.04688E-08       5.17740E-09
       5.20000E-06       5.22500E-06       5.21250E-06       2.50001E-08       5.06943E-11       2.02776E-03       1.05697E-08       5.22810E-09
       5.22500E-06       5.25000E-06       5.23750E-06       2.50001E-08       5.09378E-11       2.03751E-03       1.06714E-08       5.27903E-09
       5.25000E-06       5.27500E-06       5.26250E-06       2.50001E-08       5.11807E-11       2.04722E-03       1.07735E-08       5.33021E-09
       5.27500E-06       5.30000E-06       5.28750E-06       2.50001E-08       5.14236E-11       2.05694E-03       1.08761E-08       5.38164E-09
       5.30000E-06       5.32500E-06       5.31250E-06       2.49996E-08       5.16672E-11       2.06672E-03       1.09794E-08       5.43330E-09
       5.32500E-06       5.35000E-06       5.33750E-06       2.50001E-08       5.19101E-11       2.07639E-03       1.10828E-08       5.48521E-09
       5.35000E-06       5.37500E-06       5.36250E-06       2.50001E-08       5.21536E-11       2.08614E-03       1.11869E-08       5.53737E-09
       5.37500E-06       5.40000E-06       5.38750E-06       2.50001E-08       5.23965E-11       2.09585E-03       1.12914E-08       5.58976E-09
       5.40000E-06       5.42500E-06       5.41250E-06       2.50001E-08       5.26394E-11       2.10557E-03       1.13964E-08       5.64240E-09
       5.42500E-06       5.45000E-06       5.43750E-06       2.49996E-08       5.28830E-11       2.11535E-03       1.15022E-08       5.69529E-09
       5.45000E-06       5.47500E-06       5.46250E-06       2.50001E-08       5.31259E-11       2.12503E-03       1.16080E-08       5.74841E-09
       5.47500E-06       5.50000E-06       5.48750E-06       2.50001E-08       5.33688E-11       2.13474E-03       1.17144E-08       5.80178E-09
       5.50000E-06       5.52500E-06       5.51250E-06       2.50001E-08       5.36123E-11       2.14448E-03       1.18215E-08       5.85539E-09
       5.52500E-06       5.55000E-06       5.53750E-06       2.50001E-08       5.38552E-11       2.15420E-03       1.19289E-08       5.90925E-09
       5.55000E-06       5.57500E-06       5.56250E-06       2.49996E-08       5.40987E-11       2.16398E-03       1.20372E-08       5.96335E-09
       5.57500E-06       5.60000E-06       5.58750E-06       2.50001E-08       5.43416E-11       2.17366E-03       1.21453E-08       6.01769E-09
       5.60000E-06       5.62500E-06       5.61250E-06       2.50001E-08       5.45845E-11       2.18337E-03       1.22542E-08       6.07227E-09
       5.62500E-06       5.65000E-06       5.63750E-06       2.50001E-08       5.48281E-11       2.19311E-03       1.23637E-08       6.12710E-09
       5.65000E-06       5.67500E-06       5.66250E-06       2.50001E-08       5.50710E-11       2.20283E-03       1.24735E-08       6.18217E-09
       5.67500E-06       5.70000E-06       5.68750E-06       2.49996E-08       5.53139E-11       2.21259E-03       1.25841E-08       6.23749E-09
       5.70000E-06       5.72500E-06       5.71250E-06       2.50001E-08       5.55574E-11       2.22229E-03       1.26948E-08       6.29304E-09
       5.72500E-06       5.75000E-06       5.73750E-06       2.50001E-08       5.58003E-11       2.23200E-03       1.28061E-08       6.34884E-09
       5.75000E-06       5.77500E-06       5.76250E-06       2.50001E-08       5.60432E-11       2.24172E-03       1.29179E-08       6.40489E-09
       5.77500E-06       5.80000E-06       5.78750E-06       2.50001E-08       5.62868E-11       2.25146E-03       1.30303E-08       6.46117E-09
       5.80000E-06       5.82500E-06       5.81250E-06       2.49996E-08       5.65297E-11       2.26122E-03       1.31433E-08       6.51770E-09
       5.82500E-06       5.85000E-06       5.83750E-06       2.50001E-08       5.67732E-11       2.27092E-03       1.32565E-08       6.57448E-09
       5.85000E-06       5.87500E-06       5.86250E-06       2.50001E-08       5.70161E-11       2.28064E-03       1.33702E-08       6.63149E-09
       5.87500E-06       5.90000E-06       5.88750E-06       2.50001E-08       5.72590E-11       2.29035E-03       1.34844E-08       6.68875E-09
       5.90000E-06       5.92500E-06       5.91250E-06       2.50001E-08       5.75025E-11       2.30009E-03       1.35993E-08       6.74626E-09
       5.92500E-06       5.95000E-06       5.93750E-06       2.49996E-08       5.77454E-11       2.30985E-03       1.37148E-08       6.80400E-09
       5.95000E-06       5.97500E-06       5.96250E-06       2.50001E-08       5.79883E-11       2.31952E-03       1.38302E-08       6.86199E-09
       5.97500E-06       6.00000E-06       5.98750E-06       2.50001E-08       5.82319E-11       2.32927E-03       1.39465E-08       6.92022E-09
       6.00000E-06       6.02500E-06       6.01250E-06       2.50001E-08       5.84748E-11       2.33898E-03       1.40631E-08       6.97870E-09
       6.02500E-06       6.05000E-06       6.03750E-06       2.50001E-08       5.87183E-11       2.34872E-03       1.41804E-08       7.03741E-09
       6.05000E-06       6.07500E-06       6.06250E-06       2.49996E-08       5.89612E-11       2.35848E-03       1.42983E-08       7.09638E-09
       6.07500E-06       6.10000E-06       6.08750E-06       2.50001E-08       5.92041E-11       2.36816E-03       1.44161E-08       7.15558E-09
       6.10000E-06       6.12500E-06       6.11250E-06       2.50001E-08       5.94477E-11       2.37790E-03       1.45349E-08       7.21503E-09
       6.12500E-06       6.15000E-06       6.13750E-06       2.50001E-08       5.96906E-11       2.38761E-03       1.46540E-08       7.27472E-09
       6.15000E-06       6.17500E-06       6.16250E-06       2.50001E-08       5.99335E-11       2.39733E-03       1.47735E-08       7.33465E-09
       6.17500E-06       6.20000E-06       6.18750E-06       2.49996E-08       6.01770E-11       2.40712E-03       1.48940E-08       7.39483E-09
       6.20000E-06       6.22500E-06       6.21250E-06       2.50001E-08       6.04199E-11       2.41679E-03       1.50143E-08       7.45525E-09
       6.22500E-06       6.25000E-06       6.23750E-06       2.50001E-08       6.06634E-11       2.42653E-03       1.51355E-08       7.51591E-09
       6.25000E-06       6.27500E-06       6.26250E-06       2.50001E-08       6.09063E-11       2.43624E-03       1.52570E-08       7.57682E-09
       6.27500E-06       6.30000E-06       6.28750E-06       2.50001E-08       6.11492E-11       2.44596E-03       1.53790E-08       7.63797E-09
       6.30000E-06       6.32500E-06       6.31250E-06       2.49996E-08       6.13928E-11       2.45575E-03       1.55019E-08       7.69936E-09
       6.32500E-06       6.35000E-06       6.33750E-06       2.50001E-08       6.16357E-11       2.46542E-03       1.56246E-08       7.76100E-09
       6.35000E-06       6.37500E-06       6.36250E-06       2.50001E-08       6.18786E-11       2.47513E-03       1.57480E-08       7.82287E-09
       6.37500E-06       6.40000E-06       6.38750E-06       2.50001E-08       6.21221E-11       2.48488E-03       1.58721E-08       7.88500E-09
       6.40000E-06       6.42500E-06       6.41250E-06       2.50001E-08       6.23650E-11       2.49459E-03       1.59966E-08       7.94736E-09
       6.42500E-06       6.45000E-06       6.43750E-06       2.49996E-08       6.26086E-11       2.50438E-03       1.61220E-08       8.00997E-09
       6.45000E-06       6.47500E-06       6.46250E-06       2.50001E-08       6.28515E-11       2.51405E-03       1.62470E-08       8.07282E-09
       6.47500E-06       6.50000E-06       6.48750E-06       2.50001E-08       6.30944E-11       2.52376E-03       1.63729E-08       8.13592E-09
       6.50000E-06       6.52500E-06       6.51250E-06       2.50001E-08       6.33379E-11       2.53351E-03       1.64995E-08       8.19925E-09
       6.52500E-06       6.55000E-06       6.53750E-06       2.50001E-08       6.35808E-11       2.54322E-03       1.66263E-08       8.26283E-09
       6.55000E-06       6.57500E-06       6.56250E-06       2.49996E-08       6.38237E-11       2.55299E-03       1.67540E-08       8.32666E-09
       6.57500E-06       6.60000E-06       6.58750E-06       2.50001E-08       6.40660E-11       2.56263E-03       1.68813E-08       8.39072E-09
       6.60000E-06       6.62500E-06       6.61250E-06       2.50001E-08       6.43082E-11       2.57232E-03       1.70095E-08       8.45503E-09
       6.62500E-06       6.65000E-06       6.63750E-06       2.50001E-08       6.45505E-11       2.58201E-03       1.71381E-08       8.51958E-09
       6.65000E-06       6.67500E-06       6.66250E-06       2.50001E-08       6.47991E-11       2.59196E-03       1.72689E-08       8.58438E-09
       6.67500E-06       6.70000E-06       6.68750E-06       2.49996E-08       6.50414E-11       2.60170E-03       1.73988E-08       8.64942E-09
       6.70000E-06       6.72500E-06       6.71250E-06       2.50001E-08       6.52837E-11       2.61134E-03       1.75286E-08       8.71471E-09
       6.72500E-06       6.75000E-06       6.73750E-06       2.50001E-08       6.55259E-11       2.62103E-03       1.76592E-08       8.78023E-09
       6.75000E-06       6.77500E-06       6.76250E-06       2.50001E-08       6.57682E-11       2.63072E-03       1.77902E-08       8.84600E-09
       6.77500E-06       6.80000E-06       6.78750E-06       2.50001E-08       6.60105E-11       2.64041E-03       1.79218E-08       8.91201E-09
       6.80000E-06       6.82500E-06       6.81250E-06       2.49996E-08       6.62527E-11       2.65015E-03       1.80541E-08       8.97826E-09
       6.82500E-06       6.85000E-06       6.83750E-06       2.50001E-08       6.65014E-11       2.66004E-03       1.81880E-08       9.04476E-09
       6.85000E-06       6.87500E-06       6.86250E-06       2.50001E-08       6.67436E-11       2.66973E-03       1.83211E-08       9.11151E-09
       6.87500E-06       6.90000E-06       6.88750E-06       2.50001E-08       6.69859E-11       2.67943E-03       1.84545E-08       9.17849E-09
       6.90000E-06       6.92500E-06       6.91250E-06       2.50001E-08       6.72281E-11       2.68912E-03       1.85885E-08       9.24572E-09
       6.92500E-06       6.95000E-06       6.93750E-06       2.49996E-08       6.74704E-11       2.69886E-03       1.87233E-08       9.31319E-09
       6.95000E-06       6.97500E-06       6.96250E-06       2.50001E-08       6.77127E-11       2.70850E-03       1.88579E-08       9.38091E-09
       6.97500E-06       7.00000E-06       6.98750E-06       2.50001E-08       6.79549E-11       2.71819E-03       1.89933E-08       9.44886E-09
       7.00000E-06       7.02500E-06       7.01250E-06       2.50001E-08       6.82036E-11       2.72813E-03       1.91310E-08       9.51706E-09
       7.02500E-06       7.05000E-06       7.03750E-06       2.50001E-08       6.84458E-11       2.73782E-03       1.92674E-08       9.58551E-09
       7.05000E-06       7.07500E-06       7.06250E-06       2.49996E-08       6.86881E-11       2.74757E-03       1.94047E-08       9.65420E-09
       7.07500E-06       7.10000E-06       7.08750E-06       2.50001E-08       6.89304E-11       2.75720E-03       1.95417E-08       9.72313E-09
       7.10000E-06       7.12500E-06       7.11250E-06       2.50001E-08       6.91726E-11       2.76689E-03       1.96795E-08       9.79230E-09
       7.12500E-06       7.15000E-06       7.13750E-06       2.50001E-08       6.94149E-11       2.77658E-03       1.98179E-08       9.86172E-09
       7.15000E-06       7.17500E-06       7.16250E-06       2.50001E-08       6.96572E-11       2.78628E-03       1.99567E-08       9.93137E-09
       7.17500E-06       7.20000E-06       7.18750E-06       2.49996E-08       6.98994E-11       2.79602E-03       2.00964E-08       1.00013E-08
       7.20000E-06       7.22500E-06       7.21250E-06       2.50001E-08       7.01481E-11       2.80591E-03       2.02376E-08       1.00714E-08
       7.22500E-06       7.25000E-06       7.23750E-06       2.50001E-08       7.03903E-11       2.81560E-03       2.03779E-08       1.01418E-08
       7.25000E-06       7.27500E-06       7.26250E-06       2.50001E-08       7.06326E-11       2.82529E-03       2.05187E-08       1.02124E-08
       7.27500E-06       7.30000E-06       7.28750E-06       2.50001E-08       7.08749E-11       2.83498E-03       2.06599E-08       1.02833E-08
       7.30000E-06       7.32500E-06       7.31250E-06       2.49996E-08       7.11171E-11       2.84473E-03       2.08021E-08       1.03544E-08
       7.32500E-06       7.35000E-06       7.33750E-06       2.50001E-08       7.13594E-11       2.85436E-03       2.09439E-08       1.04258E-08
       7.35000E-06       7.37500E-06       7.36250E-06       2.50001E-08       7.16016E-11       2.86405E-03       2.10866E-08       1.04974E-08
       7.37500E-06       7.40000E-06       7.38750E-06       2.50001E-08       7.18503E-11       2.87400E-03       2.12317E-08       1.05692E-08
       7.40000E-06       7.42500E-06       7.41250E-06       2.50001E-08       7.20925E-11       2.88369E-03       2.13754E-08       1.06413E-08
       7.42500E-06       7.45000E-06       7.43750E-06       2.49996E-08       7.23348E-11       2.89344E-03       2.15199E-08       1.07137E-08
       7.45000E-06       7.47500E-06       7.46250E-06       2.50001E-08       7.25771E-11       2.90307E-03       2.16642E-08       1.07863E-08
       7.47500E-06       7.50000E-06       7.48750E-06       2.50001E-08       7.28193E-11       2.91276E-03       2.18093E-08       1.08591E-08
       7.50000E-06       7.52500E-06       7.51250E-06       2.50001E-08       7.30616E-11       2.92245E-03       2.19549E-08       1.09321E-08
       7.52500E-06       7.55000E-06       7.53750E-06       2.50001E-08       7.33039E-11       2.93214E-03       2.21010E-08       1.10054E-08
       7.55000E-06       7.57500E-06       7.56250E-06       2.49996E-08       7.35525E-11       2.94214E-03       2.22500E-08       1.10790E-08
       7.57500E-06       7.60000E-06       7.58750E-06       2.50001E-08       7.37948E-11       2.95178E-03       2.23966E-08       1.11528E-08
       7.60000E-06       7.62500E-06       7.61250E-06       2.50001E-08       7.40370E-11       2.96147E-03       2.25442E-08       1.12268E-08
       7.62500E-06       7.65000E-06       7.63750E-06       2.50001E-08       7.42793E-11       2.97116E-03       2.26922E-08       1.13011E-08
       7.65000E-06       7.67500E-06       7.66250E-06       2.50001E-08       7.45216E-11       2.98085E-03       2.28408E-08       1.13756E-08
       7.67500E-06       7.70000E-06       7.68750E-06       2.49996E-08       7.47638E-11       2.99060E-03       2.29902E-08       1.14504E-08
       7.70000E-06       7.72500E-06       7.71250E-06       2.50001E-08       7.50061E-11       3.00023E-03       2.31393E-08       1.15254E-08
       7.72500E-06       7.75000E-06       7.73750E-06       2.50001E-08       7.52547E-11       3.01018E-03       2.32912E-08       1.16006E-08
       7.75000E-06       7.77500E-06       7.76250E-06       2.50001E-08       7.54970E-11       3.01987E-03       2.34417E-08       1.16761E-08
       7.77500E-06       7.80000E-06       7.78750E-06       2.50001E-08       7.57392E-11       3.02956E-03       2.35927E-08       1.17519E-08
       7.80000E-06       7.82500E-06       7.81250E-06       2.49996E-08       7.59815E-11       3.03931E-03       2.37446E-08       1.18279E-08
       7.82500E-06       7.85000E-06       7.83750E-06       2.50001E-08       7.62238E-11       3.04894E-03       2.38961E-08       1.19041E-08
       7.85000E-06       7.87500E-06       7.86250E-06       2.50001E-08       7.64660E-11       3.05863E-03       2.40485E-08       1.19806E-08
       7.87500E-06       7.90000E-06       7.88750E-06       2.50001E-08       7.67083E-11       3.06832E-03       2.42014E-08       1.20573E-08
       7.90000E-06       7.92500E-06       7.91250E-06       2.50001E-08       7.69506E-11       3.07801E-03       2.43548E-08       1.21342E-08
       7.92500E-06       7.95000E-06       7.93750E-06       2.49996E-08       7.71992E-11       3.08802E-03       2.45111E-08       1.22114E-08
       7.95000E-06       7.97500E-06       7.96250E-06       2.50001E-08       7.74415E-11       3.09765E-03       2.46650E-08       1.22889E-08
       7.97500E-06       8.00000E-06       7.98750E-06       2.50001E-08       7.76837E-11       3.10734E-03       2.48199E-08       1.23665E-08
       8.00000E-06       8.02500E-06       8.01250E-06       2.49996E-08       7.79260E-11       3.11709E-03       2.49757E-08       1.24445E-08
       8.02500E-06       8.05000E-06       8.03750E-06       2.50006E-08       7.81683E-11       3.12666E-03       2.51305E-08       1.25226E-08
       8.05000E-06       8.07500E-06       8.06250E-06       2.49996E-08       7.84105E-11       3.13647E-03       2.52878E-08       1.26010E-08
       8.07500E-06       8.10000E-06       8.08750E-06       2.50006E-08       7.86528E-11       3.14604E-03       2.54436E-08       1.26797E-08
       8.10000E-06       8.12500E-06       8.11250E-06       2.49996E-08       7.89014E-11       3.15611E-03       2.56039E-08       1.27586E-08
       8.12500E-06       8.15000E-06       8.13750E-06       2.49996E-08       7.91437E-11       3.16580E-03       2.57617E-08       1.28377E-08
       8.15000E-06       8.17500E-06       8.16250E-06       2.50006E-08       7.93860E-11       3.17537E-03       2.59189E-08       1.29171E-08
       8.17500E-06       8.20000E-06       8.18750E-06       2.49996E-08       7.96282E-11       3.18518E-03       2.60786E-08       1.29968E-08
       8.20000E-06       8.22500E-06       8.21250E-06       2.50006E-08       7.98705E-11       3.19475E-03       2.62369E-08       1.30766E-08
       8.22500E-06       8.25000E-06       8.23750E-06       2.49996E-08       8.01127E-11       3.20456E-03       2.63976E-08       1.31567E-08
       8.25000E-06       8.27500E-06       8.26250E-06       2.49996E-08       8.03550E-11       3.21425E-03       2.65577E-08       1.32371E-08
       8.27500E-06       8.30000E-06       8.28750E-06       2.50006E-08       8.06036E-11       3.22407E-03       2.67195E-08       1.33177E-08
       8.30000E-06       8.32500E-06       8.31250E-06       2.49996E-08       8.08459E-11       3.23389E-03       2.68817E-08       1.33985E-08
       8.32500E-06       8.35000E-06       8.33750E-06       2.50006E-08       8.10882E-11       3.24345E-03       2.70423E-08       1.34796E-08
       8.35000E-06       8.37500E-06       8.36250E-06       2.49996E-08       8.13304E-11       3.25327E-03       2.72054E-08       1.35610E-08
       8.37500E-06       8.40000E-06       8.38750E-06       2.49996E-08       8.15727E-11       3.26296E-03       2.73681E-08       1.36425E-08
       8.40000E-06       8.42500E-06       8.41250E-06       2.50006E-08       8.18150E-11       3.27252E-03       2.75301E-08       1.37243E-08
       8.42500E-06       8.45000E-06       8.43750E-06       2.49996E-08       8.20572E-11       3.28234E-03       2.76947E-08       1.38064E-08
       8.45000E-06       8.47500E-06       8.46250E-06       2.50006E-08       8.22995E-11       3.29190E-03       2.78577E-08       1.38887E-08
       8.47500E-06       8.50000E-06       8.48750E-06       2.49996E-08       8.25481E-11       3.30198E-03       2.80255E-08       1.39713E-08
       8.50000E-06       8.52500E-06       8.51250E-06       2.49996E-08       8.27904E-11       3.31167E-03       2.81906E-08       1.40540E-08
       8.52500E-06       8.55000E-06       8.53750E-06       2.50006E-08       8.30327E-11       3.32123E-03       2.83550E-08       1.41371E-08
       8.55000E-06       8.57500E-06       8.56250E-06       2.49996E-08       8.32749E-11       3.33105E-03       2.85221E-08       1.42204E-08
       8.57500E-06       8.60000E-06       8.58750E-06       2.50006E-08       8.35172E-11       3.34061E-03       2.86875E-08       1.43039E-08
       8.60000E-06       8.62500E-06       8.61250E-06       2.49996E-08       8.37594E-11       3.35043E-03       2.88556E-08       1.43876E-08
       8.62500E-06       8.65000E-06       8.63750E-06       2.49996E-08       8.40017E-11       3.36012E-03       2.90230E-08       1.44716E-08
       8.65000E-06       8.67500E-06       8.66250E-06       2.50006E-08       8.42503E-11       3.36994E-03       2.91921E-08       1.45559E-08
       8.67500E-06       8.70000E-06       8.68750E-06       2.49996E-08       8.44926E-11       3.37976E-03       2.93616E-08       1.46404E-08
       8.70000E-06       8.72500E-06       8.71250E-06       2.50006E-08       8.47349E-11       3.38932E-03       2.95294E-08       1.47251E-08
       8.72500E-06       8.75000E-06       8.73750E-06       2.49996E-08       8.49771E-11       3.39914E-03       2.97000E-08       1.48101E-08
       8.75000E-06       8.77500E-06       8.76250E-06       2.49996E-08       8.52194E-11       3.40883E-03       2.98699E-08       1.48953E-08
       8.77500E-06       8.80000E-06       8.78750E-06       2.50006E-08       8.54617E-11       3.41839E-03       3.00391E-08       1.49808E-08
       8.80000E-06       8.82500E-06       8.81250E-06       2.49996E-08       8.57039E-11       3.42821E-03       3.02111E-08       1.50665E-08
       8.82500E-06       8.85000E-06       8.83750E-06       2.50006E-08       8.59526E-11       3.43802E-03       3.03835E-08       1.51524E-08
       8.85000E-06       8.87500E-06       8.86250E-06       2.49996E-08       8.61948E-11       3.44785E-03       3.05565E-08       1.52386E-08
       8.87500E-06       8.90000E-06       8.88750E-06       2.49996E-08       8.64371E-11       3.45754E-03       3.07289E-08       1.53251E-08
       8.90000E-06       8.92500E-06       8.91250E-06       2.50006E-08       8.66794E-11       3.46709E-03       3.09005E-08       1.54117E-08
       8.92500E-06       8.95000E-06       8.93750E-06       2.49996E-08       8.69216E-11       3.47692E-03       3.10750E-08       1.54987E-08
       8.95000E-06       8.97500E-06       8.96250E-06       2.50006E-08       8.71639E-11       3.48648E-03       3.12475E-08       1.55858E-08
       8.97500E-06       9.00000E-06       8.98750E-06       2.49996E-08       8.74062E-11       3.49630E-03       3.14230E-08       1.56732E-08
       9.00000E-06       9.02500E-06       9.01250E-06       2.49996E-08       8.76548E-11       3.50625E-03       3.16000E-08       1.57609E-08
       9.02500E-06       9.05000E-06       9.03750E-06       2.50006E-08       8.78971E-11       3.51580E-03       3.17741E-08       1.58488E-08
       9.05000E-06       9.07500E-06       9.06250E-06       2.49996E-08       8.81393E-11       3.52563E-03       3.19510E-08       1.59369E-08
       9.07500E-06       9.10000E-06       9.08750E-06       2.50006E-08       8.83816E-11       3.53518E-03       3.21260E-08       1.60253E-08
       9.10000E-06       9.12500E-06       9.11250E-06       2.49996E-08       8.86239E-11       3.54501E-03       3.23039E-08       1.61139E-08
       9.12500E-06       9.15000E-06       9.13750E-06       2.49996E-08       8.88661E-11       3.55470E-03       3.24811E-08       1.62028E-08
       9.15000E-06       9.17500E-06       9.16250E-06       2.50006E-08       8.91084E-11       3.56425E-03       3.26575E-08       1.62919E-08
       9.17500E-06       9.20000E-06       9.18750E-06       2.49996E-08       8.93506E-11       3.57408E-03       3.28369E-08       1.63812E-08
       9.20000E-06       9.22500E-06       9.21250E-06       2.50006E-08       8.95993E-11       3.58389E-03       3.30166E-08       1.64708E-08
       9.22500E-06       9.25000E-06       9.23750E-06       2.49996E-08       8.98415E-11       3.59372E-03       3.31970E-08       1.65607E-08
       9.25000E-06       9.27500E-06       9.26250E-06       2.49996E-08       9.00838E-11       3.60341E-03       3.33766E-08       1.66508E-08
       9.27500E-06       9.30000E-06       9.28750E-06       2.50006E-08       9.03261E-11       3.61296E-03       3.35554E-08       1.67411E-08
       9.30000E-06       9.32500E-06       9.31250E-06       2.49996E-08       9.05683E-11       3.62279E-03       3.37372E-08       1.68317E-08
       9.32500E-06       9.35000E-06       9.33750E-06       2.50006E-08       9.08106E-11       3.63234E-03       3.39170E-08       1.69225E-08
       9.35000E-06       9.37500E-06       9.36250E-06       2.49996E-08       9.10529E-11       3.64217E-03       3.40998E-08       1.70135E-08
       9.37500E-06       9.40000E-06       9.38750E-06       2.49996E-08       9.13015E-11       3.65212E-03       3.42842E-08       1.71048E-08
       9.40000E-06       9.42500E-06       9.41250E-06       2.50006E-08       9.15438E-11       3.66167E-03       3.44654E-08       1.71964E-08
       9.42500E-06       9.45000E-06       9.43750E-06       2.49996E-08       9.17860E-11       3.67150E-03       3.46498E-08       1.72882E-08
       9.45000E-06       9.47500E-06       9.46250E-06       2.50006E-08       9.20283E-11       3.68105E-03       3.48319E-08       1.73802E-08
       9.47500E-06       9.50000E-06       9.48750E-06       2.49996E-08       9.22705E-11       3.69088E-03       3.50172E-08       1.74725E-08
       9.50000E-06       9.52500E-06       9.51250E-06       2.49996E-08       9.25128E-11       3.70057E-03       3.52017E-08       1.75650E-08
       9.52500E-06       9.55000E-06       9.53750E-06       2.50006E-08       9.27551E-11       3.71012E-03       3.53853E-08       1.76577E-08
       9.55000E-06       9.57500E-06       9.56250E-06       2.49996E-08       9.30037E-11       3.72021E-03       3.55745E-08       1.77507E-08
       9.57500E-06       9.60000E-06       9.58750E-06       2.50006E-08       9.32460E-11       3.72975E-03       3.57590E-08       1.78440E-08
       9.60000E-06       9.62500E-06       9.61250E-06       2.49996E-08       9.34883E-11       3.73959E-03       3.59468E-08       1.79375E-08
       9.62500E-06       9.65000E-06       9.63750E-06       2.49996E-08       9.37305E-11       3.74928E-03       3.61337E-08       1.80312E-08
       9.65000E-06       9.67500E-06       9.66250E-06       2.50006E-08       9.39728E-11       3.75882E-03       3.63196E-08       1.81252E-08
       9.67500E-06       9.70000E-06       9.68750E-06       2.49996E-08       9.42150E-11       3.76866E-03       3.65089E-08       1.82194E-08
       9.70000E-06       9.72500E-06       9.71250E-06       2.50006E-08       9.44573E-11       3.77821E-03       3.66958E-08       1.83138E-08
       9.72500E-06       9.75000E-06       9.73750E-06       2.49996E-08       9.46996E-11       3.78804E-03       3.68860E-08       1.84085E-08
       9.75000E-06       9.77500E-06       9.76250E-06       2.49996E-08       9.49482E-11       3.79799E-03       3.70778E-08       1.85035E-08
       9.77500E-06       9.80000E-06       9.78750E-06       2.50006E-08       9.51905E-11       3.80753E-03       3.72662E-08       1.85987E-08
       9.80000E-06       9.82500E-06       9.81250E-06       2.49996E-08       9.54327E-11       3.81737E-03       3.74579E-08       1.86941E-08
       9.82500E-06       9.85000E-06       9.83750E-06       2.50006E-08       9.56750E-11       3.82691E-03       3.76472E-08       1.87898E-08
       9.85000E-06       9.87500E-06       9.86250E-06       2.49996E-08       9.59173E-11       3.83675E-03       3.78399E-08       1.88857E-08
       9.87500E-06       9.90000E-06       9.88750E-06       2.49996E-08       9.61595E-11       3.84644E-03       3.80317E-08       1.89819E-08
       9.90000E-06       9.92500E-06       9.91250E-06       2.50006E-08       9.64018E-11       3.85598E-03       3.82224E-08       1.90783E-08
       9.92500E-06       9.95000E-06       9.93750E-06       2.49996E-08       9.66504E-11       3.86608E-03       3.84191E-08       1.91749E-08
       9.95000E-06       9.97500E-06       9.96250E-06       2.50006E-08       9.68927E-11       3.87562E-03       3.86108E-08       1.92718E-08
       9.97500E-06       1.00000E-05       9.98750E-06       2.49996E-08       9.71350E-11       3.88546E-03       3.88060E-08       1.93689E-08
       1.00000E-05       1.04713E-05       1.02356E-05       4.71300E-07       1.87665E-09       3.98186E-03       4.07569E-08       2.12456E-08
       1.04713E-05       1.09648E-05       1.07180E-05       4.93500E-07       2.05765E-09       4.16950E-03       4.46889E-08       2.33032E-08
       1.09648E-05       1.14815E-05       1.12232E-05       5.16700E-07       2.25618E-09       4.36651E-03       4.90060E-08       2.55594E-08
       1.14815E-05       1.20226E-05       1.17521E-05       5.41101E-07       2.47383E-09       4.57185E-03       5.37286E-08       2.80332E-08
       1.20226E-05       1.25892E-05       1.23059E-05       5.66600E-07       2.71252E-09       4.78737E-03       5.89129E-08       3.07458E-08
       1.25892E-05       1.31826E-05       1.28859E-05       5.93400E-07       2.97423E-09       5.01219E-03       6.45866E-08       3.37200E-08
       1.31826E-05       1.38038E-05       1.34932E-05       6.21200E-07       3.26112E-09       5.24972E-03       7.08355E-08       3.69811E-08
       1.38038E-05       1.44544E-05       1.41291E-05       6.50600E-07       3.57581E-09       5.49617E-03       7.76559E-08       4.05569E-08
       1.44544E-05       1.51356E-05       1.47950E-05       6.81200E-07       3.92078E-09       5.75570E-03       8.51555E-08       4.44777E-08
       1.51356E-05       1.58489E-05       1.54922E-05       7.13300E-07       4.29909E-09       6.02705E-03       9.33726E-08       4.87768E-08
       1.58489E-05       1.65959E-05       1.62224E-05       7.47000E-07       4.71388E-09       6.31041E-03       1.02370E-07       5.34907E-08
       1.65959E-05       1.73780E-05       1.69869E-05       7.82101E-07       5.16863E-09       6.60865E-03       1.12261E-07       5.86593E-08
       1.73780E-05       1.81970E-05       1.77875E-05       8.19000E-07       5.64124E-09       6.88795E-03       1.22519E-07       6.43006E-08
       1.81970E-05       1.90546E-05       1.86258E-05       8.57599E-07       6.04715E-09       7.05126E-03       1.31335E-07       7.03477E-08
       1.90546E-05       1.99526E-05       1.95036E-05       8.98001E-07       6.46997E-09       7.20486E-03       1.40521E-07       7.68177E-08
       1.99526E-05       2.08930E-05       2.04228E-05       9.40399E-07       6.92606E-09       7.36502E-03       1.50414E-07       8.37437E-08
       2.08930E-05       2.18776E-05       2.13853E-05       9.84600E-07       7.41824E-09       7.53427E-03       1.61123E-07       9.11620E-08
       2.18776E-05       2.29087E-05       2.23932E-05       1.03110E-06       7.94956E-09       7.70978E-03       1.72646E-07       9.91115E-08
       2.29087E-05       2.39883E-05       2.34485E-05       1.07960E-06       8.52347E-09       7.89503E-03       1.85127E-07       1.07635E-07
       2.39883E-05       2.51189E-05       2.45536E-05       1.13060E-06       9.14367E-09       8.08745E-03       1.98576E-07       1.16779E-07
       2.51189E-05       2.63027E-05       2.57108E-05       1.18380E-06       9.81422E-09       8.29044E-03       2.13154E-07       1.26593E-07
       2.63027E-05       2.75423E-05       2.69225E-05       1.23960E-06       1.05262E-08       8.49164E-03       2.28616E-07       1.37119E-07
       2.75423E-05       2.88403E-05       2.81913E-05       1.29800E-06       1.12666E-08       8.67996E-03       2.44699E-07       1.48386E-07
       2.88403E-05       3.01995E-05       2.95199E-05       1.35920E-06       1.20638E-08       8.87569E-03       2.62009E-07       1.60450E-07
       3.01995E-05       3.16228E-05       3.09111E-05       1.42330E-06       1.29244E-08       9.08056E-03       2.80691E-07       1.73374E-07
       3.16228E-05       3.31131E-05       3.23679E-05       1.49030E-06       1.38535E-08       9.29581E-03       3.00886E-07       1.87227E-07
       3.31131E-05       3.46737E-05       3.38934E-05       1.56060E-06       1.48576E-08       9.52043E-03       3.22680E-07       2.02085E-07
       3.46737E-05       3.63078E-05       3.54907E-05       1.63410E-06       1.59329E-08       9.75026E-03       3.46044E-07       2.18018E-07
       3.63078E-05       3.80189E-05       3.71634E-05       1.71110E-06       1.70456E-08       9.96177E-03       3.70213E-07       2.35064E-07
       3.80189E-05       3.98107E-05       3.89148E-05       1.79180E-06       1.82372E-08       1.01781E-02       3.96080E-07       2.53301E-07
       3.98107E-05       4.16869E-05       4.07488E-05       1.87620E-06       1.95222E-08       1.04052E-02       4.23999E-07       2.72823E-07
       4.16869E-05       4.36516E-05       4.26692E-05       1.96470E-06       2.09089E-08       1.06423E-02       4.54098E-07       2.93732E-07
       4.36516E-05       4.57088E-05       4.46802E-05       2.05720E-06       2.24061E-08       1.08916E-02       4.86637E-07       3.16138E-07
       4.57088E-05       4.78630E-05       4.67859E-05       2.15420E-06       2.40231E-08       1.11518E-02       5.21745E-07       3.40161E-07
       4.78630E-05       5.01187E-05       4.89908E-05       2.25570E-06       2.57704E-08       1.14246E-02       5.59700E-07       3.65931E-07
       5.01187E-05       5.24808E-05       5.12998E-05       2.36210E-06       2.76596E-08       1.17097E-02       6.00707E-07       3.93591E-07
       5.24808E-05       5.49541E-05       5.37174E-05       2.47330E-06       2.96700E-08       1.19961E-02       6.44401E-07       4.23261E-07
       5.49541E-05       5.75440E-05       5.62490E-05       2.58990E-06       3.17578E-08       1.22622E-02       6.89737E-07       4.55019E-07
       5.75440E-05       6.02560E-05       5.89000E-05       2.71200E-06       3.40044E-08       1.25385E-02       7.38518E-07       4.89023E-07
       6.02560E-05       6.30957E-05       6.16758E-05       2.83970E-06       3.64290E-08       1.28285E-02       7.91207E-07       5.25452E-07
       6.30957E-05       6.60693E-05       6.45825E-05       2.97360E-06       3.90473E-08       1.31313E-02       8.48054E-07       5.64500E-07
       6.60693E-05       6.91831E-05       6.76262E-05       3.11380E-06       4.18760E-08       1.34485E-02       9.09473E-07       6.06376E-07
       6.91831E-05       7.24436E-05       7.08134E-05       3.26051E-06       4.49107E-08       1.37742E-02       9.75394E-07       6.51286E-07
       7.24436E-05       7.58578E-05       7.41507E-05       3.41420E-06       4.80509E-08       1.40739E-02       1.04359E-06       6.99337E-07
       7.58578E-05       7.94328E-05       7.76453E-05       3.57500E-06       5.14085E-08       1.43800E-02       1.11654E-06       7.50746E-07
       7.94328E-05       8.31764E-05       8.13046E-05       3.74360E-06       5.50301E-08       1.46998E-02       1.19516E-06       8.05776E-07
       8.31764E-05       8.70964E-05       8.51364E-05       3.92000E-06       5.89377E-08       1.50351E-02       1.28004E-06       8.64714E-07
       8.70964E-05       9.12011E-05       8.91488E-05       4.10471E-06       6.31563E-08       1.53863E-02       1.37167E-06       9.27870E-07
       9.12011E-05       9.54993E-05       9.33502E-05       4.29820E-06       6.77133E-08       1.57539E-02       1.47063E-06       9.95583E-07
       9.54993E-05       1.00000E-04       9.77497E-05       4.50070E-06       7.26364E-08       1.61389E-02       1.57757E-06       1.06822E-06
       1.00000E-04       1.04713E-04       1.02356E-04       4.71300E-06       7.79604E-08       1.65416E-02       1.69314E-06       1.14618E-06
       1.04713E-04       1.09648E-04       1.07181E-04       4.93501E-06       8.36358E-08       1.69475E-02       1.81644E-06       1.22982E-06
       1.09648E-04       1.14815E-04       1.12232E-04       5.16700E-06       8.95266E-08       1.73266E-02       1.94459E-06       1.31934E-06
       1.14815E-04       1.20226E-04       1.17520E-04       5.41100E-06       9.58554E-08       1.77149E-02       2.08187E-06       1.41520E-06
       1.20226E-04       1.25892E-04       1.23059E-04       5.66600E-06       1.02690E-07       1.81239E-02       2.23030E-06       1.51789E-06
       1.25892E-04       1.31826E-04       1.28859E-04       5.93401E-06       1.10070E-07       1.85490E-02       2.39021E-06       1.62796E-06
       1.31826E-04       1.38038E-04       1.34932E-04       6.21199E-06       1.18039E-07       1.90018E-02       2.56395E-06       1.74600E-06
       1.38038E-04       1.44544E-04       1.41291E-04       6.50601E-06       1.26601E-07       1.94591E-02       2.74940E-06       1.87260E-06
       1.44544E-04       1.51356E-04       1.47950E-04       6.81200E-06       1.35432E-07       1.98814E-02       2.94145E-06       2.00803E-06
       1.51356E-04       1.58489E-04       1.54922E-04       7.13300E-06       1.44853E-07       2.03074E-02       3.14607E-06       2.15288E-06
       1.58489E-04       1.65959E-04       1.62224E-04       7.47000E-06       1.55010E-07       2.07510E-02       3.36631E-06       2.30789E-06
       1.65959E-04       1.73780E-04       1.69870E-04       7.82100E-06       1.65966E-07       2.12205E-02       3.60472E-06       2.47386E-06
       1.73780E-04       1.81970E-04       1.77875E-04       8.19000E-06       1.77791E-07       2.17083E-02       3.86136E-06       2.65165E-06
       1.81970E-04       1.90546E-04       1.86258E-04       8.57600E-06       1.90560E-07       2.22201E-02       4.13868E-06       2.84221E-06
       1.90546E-04       1.99526E-04       1.95036E-04       8.98000E-06       2.04353E-07       2.27564E-02       4.43832E-06       3.04656E-06
       1.99526E-04       2.08930E-04       2.04228E-04       9.40399E-06       2.19263E-07       2.33159E-02       4.76176E-06       3.26582E-06
       2.08930E-04       2.18776E-04       2.13853E-04       9.84601E-06       2.35178E-07       2.38856E-02       5.10801E-06       3.50100E-06
       2.18776E-04       2.29087E-04       2.23932E-04       1.03110E-05       2.51614E-07       2.44025E-02       5.46449E-06       3.75262E-06
       2.29087E-04       2.39883E-04       2.34485E-04       1.07960E-05       2.69251E-07       2.49399E-02       5.84804E-06       4.02187E-06
       2.39883E-04       2.51189E-04       2.45536E-04       1.13060E-05       2.88277E-07       2.54977E-02       6.26061E-06       4.31014E-06
       2.51189E-04       2.63027E-04       2.57108E-04       1.18380E-05       3.08815E-07       2.60867E-02       6.70710E-06       4.61896E-06
       2.63027E-04       2.75423E-04       2.69225E-04       1.23960E-05       3.30987E-07       2.67011E-02       7.18861E-06       4.94995E-06
       2.75423E-04       2.88403E-04       2.81913E-04       1.29800E-05       3.54828E-07       2.73365E-02       7.70650E-06       5.30477E-06
       2.88403E-04       3.01995E-04       2.95199E-04       1.35920E-05       3.79524E-07       2.79227E-02       8.24275E-06       5.68430E-06
       3.01995E-04       3.16228E-04       3.09111E-04       1.42330E-05       4.05838E-07       2.85139E-02       8.81397E-06       6.09014E-06
       3.16228E-04       3.31131E-04       3.23680E-04       1.49030E-05       4.34202E-07       2.91352E-02       9.43046E-06       6.52434E-06
       3.31131E-04       3.46737E-04       3.38934E-04       1.56060E-05       4.64800E-07       2.97834E-02       1.00946E-05       6.98914E-06
       3.46737E-04       3.63078E-04       3.54908E-04       1.63410E-05       4.97811E-07       3.04639E-02       1.08119E-05       7.48695E-06
       3.63078E-04       3.80189E-04       3.71634E-04       1.71110E-05       5.33450E-07       3.11759E-02       1.15860E-05       8.02040E-06
       3.80189E-04       3.98107E-04       3.89148E-04       1.79180E-05       5.71948E-07       3.19203E-02       1.24217E-05       8.59235E-06
       3.98107E-04       4.16869E-04       4.07488E-04       1.87620E-05       6.13545E-07       3.27015E-02       1.33255E-05       9.20589E-06
       4.16869E-04       4.36516E-04       4.26692E-04       1.96470E-05       6.58064E-07       3.34944E-02       1.42918E-05       9.86396E-06
       4.36516E-04       4.57088E-04       4.46802E-04       2.05720E-05       7.04197E-07       3.42308E-02       1.52944E-05       1.05682E-05
       4.57088E-04       4.78630E-04       4.67859E-04       2.15420E-05       7.53663E-07       3.49858E-02       1.63684E-05       1.13218E-05
       4.78630E-04       5.01187E-04       4.89909E-04       2.25570E-05       8.07025E-07       3.57771E-02       1.75275E-05       1.21288E-05
       5.01187E-04       5.24808E-04       5.12998E-04       2.36210E-05       8.64639E-07       3.66047E-02       1.87781E-05       1.29935E-05
       5.24808E-04       5.49541E-04       5.37175E-04       2.47330E-05       9.26843E-07       3.74739E-02       2.01300E-05       1.39203E-05
       5.49541E-04       5.75440E-04       5.62491E-04       2.58990E-05       9.93803E-07       3.83723E-02       2.15841E-05       1.49141E-05
       5.75440E-04       6.02560E-04       5.89000E-04       2.71200E-05       1.06325E-06       3.92054E-02       2.30920E-05       1.59774E-05
       6.02560E-04       6.30957E-04       6.16758E-04       2.83970E-05       1.13710E-06       4.00429E-02       2.46968E-05       1.71145E-05
       6.30957E-04       6.60693E-04       6.45825E-04       2.97360E-05       1.21672E-06       4.09173E-02       2.64254E-05       1.83312E-05
       6.60693E-04       6.91831E-04       6.76262E-04       3.11380E-05       1.30260E-06       4.18331E-02       2.82902E-05       1.96338E-05
       6.91831E-04       7.24436E-04       7.08133E-04       3.26050E-05       1.39528E-06       4.27934E-02       3.03035E-05       2.10291E-05
       7.24436E-04       7.58578E-04       7.41507E-04       3.41420E-05       1.49535E-06       4.37980E-02       3.24765E-05       2.25244E-05
       7.58578E-04       7.94328E-04       7.76453E-04       3.57500E-05       1.60345E-06       4.48517E-02       3.48252E-05       2.41279E-05
       7.94328E-04       8.31764E-04       8.13046E-04       3.74360E-05       1.72028E-06       4.59525E-02       3.73615E-05       2.58481E-05
       8.31764E-04       8.70964E-04       8.51364E-04       3.92000E-05       1.84551E-06       4.70794E-02       4.00817E-05       2.76937E-05
       8.70964E-04       9.12011E-04       8.91487E-04       4.10470E-05       1.97526E-06       4.81219E-02       4.29000E-05       2.96689E-05
       9.12011E-04       9.54993E-04       9.33502E-04       4.29820E-05       2.11423E-06       4.91887E-02       4.59177E-05       3.17831E-05
       9.54993E-04       1.00000E-03       9.77497E-04       4.50070E-05       2.26416E-06       5.03069E-02       4.91748E-05       3.40473E-05
       1.00000E-03       1.04713E-03       1.02356E-03       4.71300E-05       2.42605E-06       5.14756E-02       5.26887E-05       3.64734E-05
       1.04713E-03       1.09648E-03       1.07180E-03       4.93500E-05       2.60080E-06       5.27012E-02       5.64854E-05       3.90742E-05
       1.09648E-03       1.14815E-03       1.12231E-03       5.16700E-05       2.78923E-06       5.39816E-02       6.05844E-05       4.18634E-05
       1.14815E-03       1.20226E-03       1.17520E-03       5.41100E-05       2.98476E-06       5.51609E-02       6.48254E-05       4.48481E-05
       1.20226E-03       1.25892E-03       1.23059E-03       5.66600E-05       3.19243E-06       5.63436E-02       6.93358E-05       4.80406E-05
       1.25892E-03       1.31826E-03       1.28859E-03       5.93400E-05       3.41633E-06       5.75722E-02       7.41869E-05       5.14569E-05
       1.31826E-03       1.38038E-03       1.34932E-03       6.21200E-05       3.65776E-06       5.88822E-02       7.94509E-05       5.51147E-05
       1.38038E-03       1.44544E-03       1.41291E-03       6.50599E-05       3.91847E-06       6.02286E-02       8.50975E-05       5.90331E-05
       1.44544E-03       1.51356E-03       1.47950E-03       6.81201E-05       4.19986E-06       6.16537E-02       9.12166E-05       6.32330E-05
       1.51356E-03       1.58489E-03       1.54923E-03       7.13300E-05       4.50394E-06       6.31423E-02       9.78216E-05       6.77369E-05
       1.58489E-03       1.65959E-03       1.62224E-03       7.47000E-05       4.83257E-06       6.46930E-02       1.04948E-04       7.25695E-05
       1.65959E-03       1.73780E-03       1.69870E-03       7.82101E-05       5.18545E-06       6.63016E-02       1.12626E-04       7.77549E-05
       1.73780E-03       1.81970E-03       1.77875E-03       8.18999E-05       5.55136E-06       6.77822E-02       1.20568E-04       8.33063E-05
       1.81970E-03       1.90546E-03       1.86258E-03       8.57600E-05       5.94283E-06       6.92960E-02       1.29069E-04       8.92491E-05
       1.90546E-03       1.99526E-03       1.95036E-03       8.98001E-05       6.36521E-06       7.08821E-02       1.38246E-04       9.56143E-05
       1.99526E-03       2.08930E-03       2.04228E-03       9.40400E-05       6.82138E-06       7.25370E-02       1.48141E-04       1.02436E-04
       2.08930E-03       2.18776E-03       2.13853E-03       9.84600E-05       7.31400E-06       7.42840E-02       1.58859E-04       1.09750E-04
       2.18776E-03       2.29087E-03       2.23932E-03       1.03110E-04       7.84526E-06       7.60862E-02       1.70381E-04       1.17595E-04
       2.29087E-03       2.39883E-03       2.34485E-03       1.07960E-04       8.39775E-06       7.77858E-02       1.82396E-04       1.25993E-04
       2.39883E-03       2.51189E-03       2.45536E-03       1.13060E-04       8.98294E-06       7.94530E-02       1.95086E-04       1.34976E-04
       2.51189E-03       2.63027E-03       2.57108E-03       1.18380E-04       9.61404E-06       8.12133E-02       2.08806E-04       1.44590E-04
       2.63027E-03       2.75423E-03       2.69225E-03       1.23960E-04       1.02949E-05       8.30499E-02       2.23591E-04       1.54885E-04
       2.75423E-03       2.88403E-03       2.81913E-03       1.29800E-04       1.10298E-05       8.49749E-02       2.39555E-04       1.65914E-04
       2.88403E-03       3.01995E-03       2.95199E-03       1.35920E-04       1.18234E-05       8.69877E-02       2.56787E-04       1.77738E-04
       3.01995E-03       3.16228E-03       3.09112E-03       1.42330E-04       1.26808E-05       8.90942E-02       2.75400E-04       1.90418E-04
       3.16228E-03       3.31131E-03       3.23679E-03       1.49030E-04       1.36076E-05       9.13075E-02       2.95544E-04       2.04026E-04
       3.31131E-03       3.46737E-03       3.38934E-03       1.56060E-04       1.46042E-05       9.35808E-02       3.17177E-04       2.18630E-04
       3.46737E-03       3.63078E-03       3.54907E-03       1.63410E-04       1.56372E-05       9.56932E-02       3.39622E-04       2.34267E-04
       3.63078E-03       3.80189E-03       3.71633E-03       1.71110E-04       1.67405E-05       9.78350E-02       3.63588E-04       2.51008E-04
       3.80189E-03       3.98107E-03       3.89148E-03       1.79180E-04       1.79313E-05       1.00074E-01       3.89437E-04       2.68939E-04
       3.98107E-03       4.16869E-03       4.07488E-03       1.87620E-04       1.92169E-05       1.02424E-01       4.17367E-04       2.88156E-04
       4.16869E-03       4.36516E-03       4.26693E-03       1.96470E-04       2.06054E-05       1.04878E-01       4.47507E-04       3.08762E-04
       4.36516E-03       4.57088E-03       4.46802E-03       2.05720E-04       2.21039E-05       1.07447E-01       4.80073E-04       3.30865E-04
       4.57088E-03       4.78630E-03       4.67859E-03       2.15420E-04       2.36577E-05       1.09821E-01       5.13809E-04       3.54523E-04
       4.78630E-03       5.01187E-03       4.89909E-03       2.25570E-04       2.52947E-05       1.12137E-01       5.49367E-04       3.79818E-04
       5.01187E-03       5.24807E-03       5.12997E-03       2.36200E-04       2.70593E-05       1.14561E-01       5.87695E-04       4.06877E-04
       5.24807E-03       5.49541E-03       5.37174E-03       2.47340E-04       2.89621E-05       1.17094E-01       6.28999E-04       4.35839E-04
       5.49541E-03       5.75440E-03       5.62491E-03       2.58990E-04       3.10152E-05       1.19755E-01       6.73608E-04       4.66854E-04
       5.75440E-03       6.02560E-03       5.89000E-03       2.71200E-04       3.32316E-05       1.22535E-01       7.21733E-04       5.00086E-04
       6.02560E-03       6.30957E-03       6.16759E-03       2.83970E-04       3.56251E-05       1.25454E-01       7.73746E-04       5.35711E-04
       6.30957E-03       6.60693E-03       6.45825E-03       2.97360E-04       3.82113E-05       1.28502E-01       8.29895E-04       5.73922E-04
       6.60693E-03       6.91831E-03       6.76262E-03       3.11380E-04       4.09926E-05       1.31648E-01       8.90287E-04       6.14915E-04
       6.91831E-03       7.24436E-03       7.08133E-03       3.26050E-04       4.38567E-05       1.34509E-01       9.52504E-04       6.58772E-04
       7.24436E-03       7.58578E-03       7.41507E-03       3.41420E-04       4.69012E-05       1.37371E-01       1.01862E-03       7.05673E-04
       7.58578E-03       7.94328E-03       7.76453E-03       3.57500E-04       5.01836E-05       1.40374E-01       1.08994E-03       7.55857E-04
       7.94328E-03       8.31764E-03       8.13046E-03       3.74360E-04       5.37243E-05       1.43510E-01       1.16680E-03       8.09581E-04
       8.31764E-03       8.70964E-03       8.51364E-03       3.92000E-04       5.75450E-05       1.46798E-01       1.24979E-03       8.67126E-04
       8.70964E-03       9.12011E-03       8.91487E-03       4.10471E-04       6.16660E-05       1.50232E-01       1.33930E-03       9.28792E-04
       9.12011E-03       9.54993E-03       9.33502E-03       4.29819E-04       6.59493E-05       1.53435E-01       1.43232E-03       9.94741E-04
       9.54993E-03       1.00000E-02       9.77496E-03       4.50070E-04       7.04483E-05       1.56527E-01       1.53005E-03       1.06519E-03
       1.00000E-02       1.04713E-02       1.02357E-02       4.71300E-04       7.52943E-05       1.59759E-01       1.63523E-03       1.14048E-03
       1.04713E-02       1.09648E-02       1.07180E-02       4.93500E-04       8.05125E-05       1.63146E-01       1.74861E-03       1.22100E-03
       1.09648E-02       1.14815E-02       1.12232E-02       5.16700E-04       8.61426E-05       1.66717E-01       1.87109E-03       1.30714E-03
       1.14815E-02       1.20226E-02       1.17521E-02       5.41100E-04       9.22100E-05       1.70412E-01       2.00269E-03       1.39935E-03
       1.20226E-02       1.25892E-02       1.23059E-02       5.66601E-04       9.87613E-05       1.74305E-01       2.14498E-03       1.49811E-03
       1.25892E-02       1.31826E-02       1.28859E-02       5.93399E-04       1.05833E-04       1.78351E-01       2.29822E-03       1.60394E-03
       1.31826E-02       1.38038E-02       1.34932E-02       6.21200E-04       1.13443E-04       1.82619E-01       2.46412E-03       1.71739E-03
       1.38038E-02       1.44544E-02       1.41291E-02       6.50601E-04       1.21345E-04       1.86513E-01       2.63526E-03       1.83873E-03
       1.44544E-02       1.51356E-02       1.47950E-02       6.81199E-04       1.29744E-04       1.90464E-01       2.81791E-03       1.96848E-03
       1.51356E-02       1.58489E-02       1.54923E-02       7.13301E-04       1.38800E-04       1.94588E-01       3.01461E-03       2.10728E-03
       1.58489E-02       1.65959E-02       1.62224E-02       7.47000E-04       1.48565E-04       1.98882E-01       3.22635E-03       2.25584E-03
       1.65959E-02       1.73780E-02       1.69870E-02       7.82100E-04       1.59102E-04       2.03429E-01       3.45563E-03       2.41494E-03
       1.73780E-02       1.81970E-02       1.77875E-02       8.19000E-04       1.70468E-04       2.08141E-01       3.70231E-03       2.58541E-03
       1.81970E-02       1.90546E-02       1.86258E-02       8.57600E-04       1.82298E-04       2.12568E-01       3.95925E-03       2.76771E-03
       1.90546E-02       1.99526E-02       1.95036E-02       8.98000E-04       1.94671E-04       2.16783E-01       4.22804E-03       2.96238E-03
       1.99526E-02       2.08930E-02       2.04228E-02       9.40400E-04       2.07994E-04       2.21176E-01       4.51704E-03       3.17037E-03
       2.08930E-02       2.18776E-02       2.13853E-02       9.84600E-04       2.22344E-04       2.25822E-01       4.82926E-03       3.39272E-03
       2.18776E-02       2.29087E-02       2.23931E-02       1.03110E-03       2.37807E-04       2.30634E-01       5.16462E-03       3.63052E-03
       2.29087E-02       2.39883E-02       2.34485E-02       1.07960E-03       2.54479E-04       2.35716E-01       5.52719E-03       3.88500E-03
       2.39883E-02       2.51189E-02       2.45536E-02       1.13060E-03       2.72466E-04       2.40992E-01       5.91722E-03       4.15747E-03
       2.51189E-02       2.63027E-02       2.57108E-02       1.18380E-03       2.91880E-04       2.46563E-01       6.33932E-03       4.44935E-03
       2.63027E-02       2.75423E-02       2.69225E-02       1.23960E-03       3.12781E-04       2.52324E-01       6.79318E-03       4.76213E-03
       2.75423E-02       2.88403E-02       2.81913E-02       1.29800E-03       3.34356E-04       2.57593E-01       7.26189E-03       5.09649E-03
       2.88403E-02       3.01995E-02       2.95199E-02       1.35920E-03       3.57169E-04       2.62779E-01       7.75722E-03       5.45366E-03
       3.01995E-02       3.16228E-02       3.09112E-02       1.42330E-03       3.81739E-04       2.68207E-01       8.29059E-03       5.83539E-03
       3.16228E-02       3.31131E-02       3.23680E-02       1.49030E-03       4.08212E-04       2.73912E-01       8.86598E-03       6.24361E-03
       3.31131E-02       3.46737E-02       3.38934E-02       1.56060E-03       4.36755E-04       2.79864E-01       9.48555E-03       6.68036E-03
       3.46737E-02       3.63078E-02       3.54908E-02       1.63410E-03       4.67533E-04       2.86110E-01       1.01543E-02       7.14790E-03
       3.63078E-02       3.80189E-02       3.71633E-02       1.71110E-03       5.00472E-04       2.92486E-01       1.08698E-02       7.64837E-03
       3.80189E-02       3.98107E-02       3.89148E-02       1.79180E-03       5.35747E-04       2.98999E-01       1.16355E-02       8.18411E-03
       3.98107E-02       4.16869E-02       4.07488E-02       1.87620E-03       5.73806E-04       3.05834E-01       1.24624E-02       8.75792E-03
       4.16869E-02       4.36516E-02       4.26693E-02       1.96470E-03       6.14896E-04       3.12971E-01       1.33542E-02       9.37282E-03
       4.36516E-02       4.57088E-02       4.46802E-02       2.05720E-03       6.59282E-04       3.20476E-01       1.43189E-02       1.00321E-02
       4.57088E-02       4.78630E-02       4.67859E-02       2.15420E-03       7.07238E-04       3.28306E-01       1.53601E-02       1.07393E-02
       4.78630E-02       5.01187E-02       4.89908E-02       2.25570E-03       7.59088E-04       3.36520E-01       1.64864E-02       1.14984E-02
       5.01187E-02       5.24808E-02       5.12998E-02       2.36210E-03       8.15172E-04       3.45105E-01       1.77038E-02       1.23136E-02
       5.24808E-02       5.49541E-02       5.37174E-02       2.47330E-03       8.75847E-04       3.54121E-01       1.90225E-02       1.31894E-02
       5.49541E-02       5.75440E-02       5.62491E-02       2.58990E-03       9.41538E-04       3.63543E-01       2.04489E-02       1.41310E-02
       5.75440E-02       6.02560E-02       5.89000E-02       2.71200E-03       1.01268E-03       3.73407E-01       2.19937E-02       1.51437E-02
       6.02560E-02       6.30957E-02       6.16758E-02       2.83970E-03       1.08975E-03       3.83756E-01       2.36685E-02       1.62334E-02
       6.30957E-02       6.60693E-02       6.45825E-02       2.97360E-03       1.17330E-03       3.94571E-01       2.54824E-02       1.74067E-02
       6.60693E-02       6.91831E-02       6.76262E-02       3.11380E-03       1.26388E-03       4.05895E-01       2.74491E-02       1.86706E-02
       6.91831E-02       7.24436E-02       7.08134E-02       3.26050E-03       1.36212E-03       4.17764E-01       2.95833E-02       2.00327E-02
       7.24436E-02       7.58578E-02       7.41507E-02       3.41420E-03       1.46704E-03       4.29688E-01       3.18617E-02       2.14997E-02
       7.58578E-02       7.94328E-02       7.76453E-02       3.57500E-03       1.57886E-03       4.41640E-01       3.42913E-02       2.30786E-02
       7.94328E-02       8.31764E-02       8.13046E-02       3.74360E-03       1.70005E-03       4.54122E-01       3.69222E-02       2.47787E-02
       8.31764E-02       8.70964E-02       8.51364E-02       3.92000E-03       1.83146E-03       4.67210E-01       3.97765E-02       2.66101E-02
       8.70964E-02       9.12011E-02       8.91488E-02       4.10470E-03       1.97401E-03       4.80914E-01       4.28729E-02       2.85841E-02
       9.12011E-02       9.54993E-02       9.33502E-02       4.29820E-03       2.12871E-03       4.95256E-01       4.62322E-02       3.07128E-02
       9.54993E-02       1.00000E-01       9.77497E-02       4.50070E-03       2.29664E-03       5.10285E-01       4.98801E-02       3.30095E-02
       1.00000E-01       1.04713E-01       1.02357E-01       4.71300E-03       2.47904E-03       5.26000E-01       5.38395E-02       3.54885E-02
       1.04713E-01       1.09648E-01       1.07180E-01       4.93500E-03       2.67852E-03       5.42761E-01       5.81733E-02       3.81670E-02
       1.09648E-01       1.14815E-01       1.12231E-01       5.16700E-03       2.93797E-03       5.68602E-01       6.38151E-02       4.11050E-02
       1.14815E-01       1.20226E-01       1.17520E-01       5.41100E-03       3.24868E-03       6.00385E-01       7.05576E-02       4.43537E-02
       1.20226E-01       1.25892E-01       1.23059E-01       5.66600E-03       3.59082E-03       6.33748E-01       7.79884E-02       4.79445E-02
       1.25892E-01       1.31826E-01       1.28859E-01       5.93400E-03       3.96730E-03       6.68571E-01       8.61514E-02       5.19118E-02
       1.31826E-01       1.38038E-01       1.34932E-01       6.21200E-03       4.38139E-03       7.05310E-01       9.51689E-02       5.62932E-02
       1.38038E-01       1.44544E-01       1.41291E-01       6.50600E-03       4.83702E-03       7.43470E-01       1.05046E-01       6.11302E-02
       1.44544E-01       1.51356E-01       1.47950E-01       6.81200E-03       5.31974E-03       7.80937E-01       1.15540E-01       6.64500E-02
       1.51356E-01       1.58489E-01       1.54923E-01       7.13300E-03       5.82421E-03       8.16517E-01       1.26497E-01       7.22742E-02
       1.58489E-01       1.65959E-01       1.62224E-01       7.47000E-03       6.37631E-03       8.53590E-01       1.38473E-01       7.86505E-02
       1.65959E-01       1.73780E-01       1.69869E-01       7.82100E-03       6.98121E-03       8.92623E-01       1.51629E-01       8.56317E-02
       1.73780E-01       1.81970E-01       1.77875E-01       8.19000E-03       7.64399E-03       9.33332E-01       1.66016E-01       9.32757E-02
       1.81970E-01       1.90546E-01       1.86258E-01       8.57600E-03       8.37027E-03       9.76011E-01       1.81790E-01       1.01646E-01
       1.90546E-01       1.99526E-01       1.95036E-01       8.98000E-03       9.16592E-03       1.02070E+00       1.99074E-01       1.10812E-01
       1.99526E-01       2.08930E-01       2.04228E-01       9.40400E-03       1.00380E-02       1.06742E+00       2.17997E-01       1.20850E-01
       2.08930E-01       2.18776E-01       2.13853E-01       9.84600E-03       1.09788E-02       1.11505E+00       2.38457E-01       1.31829E-01
       2.18776E-01       2.29087E-01       2.23931E-01       1.03110E-02       1.19495E-02       1.15891E+00       2.59517E-01       1.43778E-01
       2.29087E-01       2.39883E-01       2.34485E-01       1.07960E-02       1.30019E-02       1.20433E+00       2.82396E-01       1.56780E-01
       2.39883E-01       2.51189E-01       2.45536E-01       1.13060E-02       1.41510E-02       1.25164E+00       3.07322E-01       1.70931E-01
       2.51189E-01       2.63027E-01       2.57108E-01       1.18380E-02       1.54062E-02       1.30142E+00       3.34606E-01       1.86337E-01
       2.63027E-01       2.75423E-01       2.69225E-01       1.23960E-02       1.67773E-02       1.35344E+00       3.64380E-01       2.03115E-01
       2.75423E-01       2.88403E-01       2.81913E-01       1.29800E-02       1.82737E-02       1.40783E+00       3.96887E-01       2.21388E-01
       2.88403E-01       3.01995E-01       2.95199E-01       1.35920E-02       1.99031E-02       1.46432E+00       4.32267E-01       2.41291E-01
       3.01995E-01       3.16228E-01       3.09112E-01       1.42330E-02       2.16967E-02       1.52440E+00       4.71209E-01       2.62988E-01
       3.16228E-01       3.31131E-01       3.23680E-01       1.49030E-02       2.58271E-02       1.73301E+00       5.60941E-01       2.88815E-01
       3.31131E-01       3.46737E-01       3.38934E-01       1.56060E-02       2.95058E-02       1.89067E+00       6.40812E-01       3.18321E-01
       3.46737E-01       3.63078E-01       3.54908E-01       1.63410E-02       2.51944E-02       1.54179E+00       5.47193E-01       3.43515E-01
       3.63078E-01       3.80189E-01       3.71633E-01       1.71110E-02       2.53084E-02       1.47907E+00       5.49672E-01       3.68824E-01
       3.80189E-01       3.98107E-01       3.89148E-01       1.79180E-02       2.53554E-02       1.41508E+00       5.50676E-01       3.94179E-01
       3.98107E-01       4.16869E-01       4.07488E-01       1.87620E-02       2.52961E-02       1.34826E+00       5.49400E-01       4.19475E-01
       4.16869E-01       4.36516E-01       4.26692E-01       1.96470E-02       2.52541E-02       1.28539E+00       5.48467E-01       4.44729E-01
       4.36516E-01       4.57088E-01       4.46802E-01       2.05720E-02       2.52184E-02       1.22586E+00       5.47716E-01       4.69948E-01
       4.57088E-01       4.78630E-01       4.67859E-01       2.15420E-02       2.50632E-02       1.16346E+00       5.44334E-01       4.95011E-01
       4.78630E-01       5.01187E-01       4.89909E-01       2.25570E-02       2.47711E-02       1.09816E+00       5.37997E-01       5.19782E-01
       5.01187E-01       5.24808E-01       5.12998E-01       2.36210E-02       2.43233E-02       1.02973E+00       5.28251E-01       5.44105E-01
       5.24808E-01       5.49541E-01       5.37174E-01       2.47330E-02       2.36987E-02       9.58183E-01       5.14711E-01       5.67804E-01
       5.49541E-01       5.75440E-01       5.62490E-01       2.58990E-02       2.29744E-02       8.87075E-01       4.98971E-01       5.90779E-01
       5.75440E-01       6.02560E-01       5.89000E-01       2.71200E-02       2.21732E-02       8.17595E-01       4.81563E-01       6.12952E-01
       6.02560E-01       6.30957E-01       6.16758E-01       2.83970E-02       2.11549E-02       7.44970E-01       4.59466E-01       6.34107E-01
       6.30957E-01       6.60693E-01       6.45825E-01       2.97360E-02       1.98898E-02       6.68879E-01       4.31979E-01       6.53996E-01
       6.60693E-01       6.91831E-01       6.76262E-01       3.11380E-02       1.83825E-02       5.90356E-01       3.99236E-01       6.72379E-01
       6.91831E-01       7.24436E-01       7.08133E-01       3.26050E-02       1.76707E-02       5.41963E-01       3.83782E-01       6.90050E-01
       7.24436E-01       7.58578E-01       7.41507E-01       3.41420E-02       1.74693E-02       5.11666E-01       3.79404E-01       7.07519E-01
       7.58578E-01       7.94328E-01       7.76453E-01       3.57500E-02       1.71593E-02       4.79980E-01       3.72682E-01       7.24678E-01
       7.94328E-01       8.31764E-01       8.13046E-01       3.74360E-02       1.67253E-02       4.46771E-01       3.63245E-01       7.41403E-01
       8.31764E-01       8.70964E-01       8.51364E-01       3.92000E-02       1.61549E-02       4.12115E-01       3.50860E-01       7.57558E-01
       8.70964E-01       9.12011E-01       8.91487E-01       4.10470E-02       1.58417E-02       3.85940E-01       3.44061E-01       7.73400E-01
       9.12011E-01       9.54993E-01       9.33502E-01       4.29820E-02       1.58414E-02       3.68560E-01       3.44051E-01       7.89241E-01
       9.54993E-01       1.00000E+00       9.77497E-01       4.50070E-02       1.57732E-02       3.50461E-01       3.42575E-01       8.05015E-01
       1.00000E+00       1.04713E+00       1.02357E+00       4.71300E-02       1.56395E-02       3.31836E-01       3.39656E-01       8.20654E-01
       1.04713E+00       1.09648E+00       1.07181E+00       4.93500E-02       1.55311E-02       3.14714E-01       3.37312E-01       8.36185E-01
       1.09648E+00       1.14815E+00       1.12231E+00       5.16700E-02       1.53653E-02       2.97373E-01       3.33746E-01       8.51551E-01
       1.14815E+00       1.20226E+00       1.17520E+00       5.41100E-02       1.51015E-02       2.79089E-01       3.27987E-01       8.66652E-01
       1.20226E+00       1.25892E+00       1.23059E+00       5.66600E-02       1.47189E-02       2.59775E-01       3.19677E-01       8.81371E-01
       1.25892E+00       1.31826E+00       1.28859E+00       5.93400E-02       1.42104E-02       2.39475E-01       3.08584E-01       8.95581E-01
       1.31826E+00       1.38038E+00       1.34932E+00       6.21200E-02       1.35561E-02       2.18225E-01       2.94455E-01       9.09137E-01
       1.38038E+00       1.44544E+00       1.41291E+00       6.50600E-02       1.27438E-02       1.95877E-01       2.76757E-01       9.21881E-01
       1.44544E+00       1.51356E+00       1.47950E+00       6.81200E-02       1.17863E-02       1.73023E-01       2.55987E-01       9.33667E-01
       1.51356E+00       1.58489E+00       1.54923E+00       7.13300E-02       1.06771E-02       1.49686E-01       2.31898E-01       9.44345E-01
       1.58489E+00       1.65959E+00       1.62224E+00       7.47000E-02       9.50783E-03       1.27280E-01       2.06479E-01       9.53852E-01
       1.65959E+00       1.73780E+00       1.69869E+00       7.82100E-02       8.30365E-03       1.06171E-01       1.80352E-01       9.62156E-01
       1.73780E+00       1.81970E+00       1.77875E+00       8.19000E-02       7.13020E-03       8.70598E-02       1.54858E-01       9.69286E-01
       1.81970E+00       1.90546E+00       1.86258E+00       8.57600E-02       6.06390E-03       7.07078E-02       1.31699E-01       9.75350E-01
       1.90546E+00       1.99526E+00       1.95036E+00       8.98000E-02       5.15032E-03       5.73532E-02       1.11859E-01       9.80501E-01
       1.99526E+00       2.08930E+00       2.04228E+00       9.40400E-02       4.39471E-03       4.67323E-02       9.54404E-02       9.84895E-01
       2.08930E+00       2.18776E+00       2.13853E+00       9.84600E-02       3.79549E-03       3.85485E-02       8.24372E-02       9.88691E-01
       2.18776E+00       2.29087E+00       2.23932E+00       1.03110E-01       3.31893E-03       3.21883E-02       7.20797E-02       9.92010E-01
       2.29087E+00       2.39883E+00       2.34485E+00       1.07960E-01       2.85112E-03       2.64090E-02       6.19252E-02       9.94861E-01
       2.39883E+00       2.51189E+00       2.45536E+00       1.13060E-01       2.29897E-03       2.03340E-02       4.99274E-02       9.97160E-01
       2.51189E+00       2.63027E+00       2.57108E+00       1.18380E-01       1.64917E-03       1.39312E-02       3.58181E-02       9.98809E-01
       2.63027E+00       2.75423E+00       2.69225E+00       1.23960E-01       9.70145E-04       7.82627E-03       2.10703E-02       9.99779E-01
       2.75423E+00       2.88403E+00       2.81913E+00       1.29800E-01       2.20726E-04       1.70051E-03       4.79395E-03       1.00000E+00

 Sum =                                                                         1.00000E+00
 Renormalization bin#   925 =                                                  1.56854E-01 barn        9.80000E+06        1.00000E+07        9.90000E+06
 Avg. Energy     bin#   925 =                                                  6.38900E-01 MeV         9.80000E+06        1.00000E+07
