"        MT=  4 recoil spectrum "
" Initial neutron energy corresponds to the group:"
   2.78000E+01    2.80000E+01       0.00000E+00           615           915           301



          Low               High              Mid              Energy           Number             dn/de            E*dn/de          Cumulative
         Energy            Energy            Energy             Width          Fraction                               Sum   
         [MeV]             [MeV]             [MeV]              [MeV]

       9.97500E-06       1.00000E-05       9.98750E-06       2.49996E-08       0.00000E+00       0.00000E+00       0.00000E+00       0.00000E+00
       1.00000E-05       1.04713E-05       1.02356E-05       4.71300E-07       5.52415E-11       1.17211E-04       1.19973E-09       5.52415E-11
       1.04713E-05       1.09648E-05       1.07180E-05       4.93500E-07       6.05695E-11       1.22735E-04       1.31548E-09       1.15811E-10
       1.09648E-05       1.14815E-05       1.12232E-05       5.16700E-07       6.64151E-11       1.28537E-04       1.44259E-09       1.82226E-10
       1.14815E-05       1.20226E-05       1.17521E-05       5.41101E-07       7.28202E-11       1.34578E-04       1.58157E-09       2.55046E-10
       1.20226E-05       1.25892E-05       1.23059E-05       5.66600E-07       7.98487E-11       1.40926E-04       1.73422E-09       3.34895E-10
       1.25892E-05       1.31826E-05       1.28859E-05       5.93400E-07       8.75523E-11       1.47543E-04       1.90123E-09       4.22447E-10
       1.31826E-05       1.38038E-05       1.34932E-05       6.21200E-07       9.59985E-11       1.54537E-04       2.08520E-09       5.18446E-10
       1.38038E-05       1.44544E-05       1.41291E-05       6.50600E-07       1.05262E-10       1.61793E-04       2.28598E-09       6.23708E-10
       1.44544E-05       1.51356E-05       1.47950E-05       6.81200E-07       1.15411E-10       1.69423E-04       2.50662E-09       7.39119E-10
       1.51356E-05       1.58489E-05       1.54922E-05       7.13300E-07       1.26550E-10       1.77415E-04       2.74856E-09       8.65670E-10
       1.58489E-05       1.65959E-05       1.62224E-05       7.47000E-07       1.38762E-10       1.85759E-04       3.01346E-09       1.00443E-09
       1.65959E-05       1.73780E-05       1.69869E-05       7.82101E-07       1.52144E-10       1.94532E-04       3.30451E-09       1.15658E-09
       1.73780E-05       1.81970E-05       1.77875E-05       8.19000E-07       1.66823E-10       2.03692E-04       3.62316E-09       1.32340E-09
       1.81970E-05       1.90546E-05       1.86258E-05       8.57599E-07       1.82921E-10       2.13294E-04       3.97277E-09       1.50632E-09
       1.90546E-05       1.99526E-05       1.95036E-05       8.98001E-07       2.00563E-10       2.23344E-04       4.35602E-09       1.70688E-09
       1.99526E-05       2.08930E-05       2.04228E-05       9.40399E-07       2.19916E-10       2.33854E-04       4.77595E-09       1.92680E-09
       2.08930E-05       2.18776E-05       2.13853E-05       9.84600E-07       2.41136E-10       2.44908E-04       5.23743E-09       2.16794E-09
       2.18776E-05       2.29087E-05       2.23932E-05       1.03110E-06       2.64397E-10       2.56422E-04       5.74210E-09       2.43233E-09
       2.29087E-05       2.39883E-05       2.34485E-05       1.07960E-06       2.89908E-10       2.68533E-04       6.29670E-09       2.72224E-09
       2.39883E-05       2.51189E-05       2.45536E-05       1.13060E-06       3.17880E-10       2.81160E-04       6.90350E-09       3.04012E-09
       2.51189E-05       2.63027E-05       2.57108E-05       1.18380E-06       3.48544E-10       2.94428E-04       7.56998E-09       3.38866E-09
       2.63027E-05       2.75423E-05       2.69225E-05       1.23960E-06       3.82171E-10       3.08302E-04       8.30027E-09       3.77084E-09
       2.75423E-05       2.88403E-05       2.81913E-05       1.29800E-06       4.19046E-10       3.22840E-04       9.10128E-09       4.18988E-09
       2.88403E-05       3.01995E-05       2.95199E-05       1.35920E-06       4.59470E-10       3.38044E-04       9.97903E-09       4.64935E-09
       3.01995E-05       3.16228E-05       3.09111E-05       1.42330E-06       5.03801E-10       3.53966E-04       1.09415E-08       5.15315E-09
       3.16228E-05       3.31131E-05       3.23679E-05       1.49030E-06       5.52408E-10       3.70669E-04       1.19978E-08       5.70556E-09
       3.31131E-05       3.46737E-05       3.38934E-05       1.56060E-06       6.05703E-10       3.88122E-04       1.31548E-08       6.31126E-09
       3.46737E-05       3.63078E-05       3.54907E-05       1.63410E-06       6.64143E-10       4.06427E-04       1.44244E-08       6.97541E-09
       3.63078E-05       3.80189E-05       3.71634E-05       1.71110E-06       7.28217E-10       4.25584E-04       1.58161E-08       7.70362E-09
       3.80189E-05       3.98107E-05       3.89148E-05       1.79180E-06       7.98487E-10       4.45635E-04       1.73418E-08       8.50211E-09
       3.98107E-05       4.16869E-05       4.07488E-05       1.87620E-06       8.75523E-10       4.66647E-04       1.90153E-08       9.37763E-09
       4.16869E-05       4.36516E-05       4.26692E-05       1.96470E-06       9.59985E-10       4.88617E-04       2.08489E-08       1.03376E-08
       4.36516E-05       4.57088E-05       4.46802E-05       2.05720E-06       1.05262E-09       5.11677E-04       2.28618E-08       1.13902E-08
       4.57088E-05       4.78630E-05       4.67859E-05       2.15420E-06       1.15411E-09       5.35750E-04       2.50656E-08       1.25444E-08
       4.78630E-05       5.01187E-05       4.89908E-05       2.25570E-06       1.26535E-09       5.60958E-04       2.74818E-08       1.38097E-08
       5.01187E-05       5.24808E-05       5.12998E-05       2.36210E-06       1.36872E-09       5.79449E-04       2.97256E-08       1.51784E-08
       5.24808E-05       5.49541E-05       5.37174E-05       2.47330E-06       1.46406E-09       5.91944E-04       3.17977E-08       1.66425E-08
       5.49541E-05       5.75440E-05       5.62490E-05       2.58990E-06       1.56682E-09       6.04974E-04       3.40292E-08       1.82093E-08
       5.75440E-05       6.02560E-05       5.89000E-05       2.71200E-06       1.67761E-09       6.18588E-04       3.64348E-08       1.98869E-08
       6.02560E-05       6.30957E-05       6.16758E-05       2.83970E-06       1.79725E-09       6.32903E-04       3.90348E-08       2.16842E-08
       6.30957E-05       6.60693E-05       6.45825E-05       2.97360E-06       1.92650E-09       6.47867E-04       4.18409E-08       2.36107E-08
       6.60693E-05       6.91831E-05       6.76262E-05       3.11380E-06       2.06609E-09       6.63527E-04       4.48718E-08       2.56768E-08
       6.91831E-05       7.24436E-05       7.08134E-05       3.26051E-06       2.21694E-09       6.79936E-04       4.81486E-08       2.78937E-08
       7.24436E-05       7.58578E-05       7.41507E-05       3.41420E-06       2.37978E-09       6.97026E-04       5.16849E-08       3.02735E-08
       7.58578E-05       7.94328E-05       7.76453E-05       3.57500E-06       2.54908E-09       7.13031E-04       5.53635E-08       3.28226E-08
       7.94328E-05       8.31764E-05       8.13046E-05       3.74360E-06       2.72866E-09       7.28887E-04       5.92618E-08       3.55512E-08
       8.31764E-05       8.70964E-05       8.51364E-05       3.92000E-06       2.92249E-09       7.45533E-04       6.34720E-08       3.84737E-08
       8.70964E-05       9.12011E-05       8.91488E-05       4.10471E-06       3.13169E-09       7.62951E-04       6.80161E-08       4.16054E-08
       9.12011E-05       9.54993E-05       9.33502E-05       4.29820E-06       3.35762E-09       7.81170E-04       7.29224E-08       4.49630E-08
       9.54993E-05       1.00000E-04       9.77497E-05       4.50070E-06       3.60178E-09       8.00271E-04       7.82262E-08       4.85648E-08
       1.00000E-04       1.04713E-04       1.02356E-04       4.71300E-06       3.85824E-09       8.18639E-04       8.37930E-08       5.24230E-08
       1.04713E-04       1.09648E-04       1.07181E-04       4.93501E-06       4.12671E-09       8.36211E-04       8.96255E-08       5.65497E-08
       1.09648E-04       1.14815E-04       1.12232E-04       5.16700E-06       4.41640E-09       8.54731E-04       9.59278E-08       6.09661E-08
       1.14815E-04       1.20226E-04       1.17520E-04       5.41100E-06       4.72859E-09       8.73885E-04       1.02699E-07       6.56947E-08
       1.20226E-04       1.25892E-04       1.23059E-04       5.66600E-06       5.06576E-09       8.94063E-04       1.10023E-07       7.07605E-08
       1.25892E-04       1.31826E-04       1.28859E-04       5.93401E-06       5.42986E-09       9.15042E-04       1.17911E-07       7.61904E-08
       1.31826E-04       1.38038E-04       1.34932E-04       6.21199E-06       5.82299E-09       9.37380E-04       1.26483E-07       8.20134E-08
       1.38038E-04       1.44544E-04       1.41291E-04       6.50601E-06       6.24815E-09       9.60366E-04       1.35691E-07       8.82615E-08
       1.44544E-04       1.51356E-04       1.47950E-04       6.81200E-06       6.70714E-09       9.84608E-04       1.45673E-07       9.49687E-08
       1.51356E-04       1.58489E-04       1.54922E-04       7.13300E-06       7.18534E-09       1.00734E-03       1.56059E-07       1.02154E-07
       1.58489E-04       1.65959E-04       1.62224E-04       7.47000E-06       7.69143E-09       1.02964E-03       1.67033E-07       1.09845E-07
       1.65959E-04       1.73780E-04       1.69870E-04       7.82100E-06       8.23743E-09       1.05325E-03       1.78914E-07       1.18083E-07
       1.73780E-04       1.81970E-04       1.77875E-04       8.19000E-06       8.82694E-09       1.07777E-03       1.91708E-07       1.26910E-07
       1.81970E-04       1.90546E-04       1.86258E-04       8.57600E-06       9.46371E-09       1.10351E-03       2.05538E-07       1.36374E-07
       1.90546E-04       1.99526E-04       1.95036E-04       8.98000E-06       1.01516E-08       1.13047E-03       2.20483E-07       1.46525E-07
       1.99526E-04       2.08930E-04       2.04228E-04       9.40399E-06       1.08762E-08       1.15655E-03       2.36201E-07       1.57401E-07
       2.08930E-04       2.18776E-04       2.13853E-04       9.84601E-06       1.16332E-08       1.18151E-03       2.52670E-07       1.69035E-07
       2.18776E-04       2.29087E-04       2.23932E-04       1.03110E-05       1.24490E-08       1.20736E-03       2.70365E-07       1.81484E-07
       2.29087E-04       2.39883E-04       2.34485E-04       1.07960E-05       1.33292E-08       1.23464E-03       2.89504E-07       1.94813E-07
       2.39883E-04       2.51189E-04       2.45536E-04       1.13060E-05       1.42791E-08       1.26297E-03       3.10103E-07       2.09092E-07
       2.51189E-04       2.63027E-04       2.57108E-04       1.18380E-05       1.53050E-08       1.29287E-03       3.32407E-07       2.24397E-07
       2.63027E-04       2.75423E-04       2.69225E-04       1.23960E-05       1.64131E-08       1.32407E-03       3.56472E-07       2.40810E-07
       2.75423E-04       2.88403E-04       2.81913E-04       1.29800E-05       1.76108E-08       1.35677E-03       3.82490E-07       2.58421E-07
       2.88403E-04       3.01995E-04       2.95199E-04       1.35920E-05       1.89050E-08       1.39089E-03       4.10590E-07       2.77326E-07
       3.01995E-04       3.16228E-04       3.09111E-04       1.42330E-05       2.02558E-08       1.42316E-03       4.39914E-07       2.97582E-07
       3.16228E-04       3.31131E-04       3.23680E-04       1.49030E-05       2.16819E-08       1.45487E-03       4.70910E-07       3.19263E-07
       3.31131E-04       3.46737E-04       3.38934E-04       1.56060E-05       2.32209E-08       1.48795E-03       5.04317E-07       3.42484E-07
       3.46737E-04       3.63078E-04       3.54908E-04       1.63410E-05       2.48821E-08       1.52268E-03       5.40411E-07       3.67366E-07
       3.63078E-04       3.80189E-04       3.71634E-04       1.71110E-05       2.66764E-08       1.55902E-03       5.79384E-07       3.94043E-07
       3.80189E-04       3.98107E-04       3.89148E-04       1.79180E-05       2.86153E-08       1.59702E-03       6.21475E-07       4.22658E-07
       3.98107E-04       4.16869E-04       4.07488E-04       1.87620E-05       3.07197E-08       1.63734E-03       6.67194E-07       4.53378E-07
       4.16869E-04       4.36516E-04       4.26692E-04       1.96470E-05       3.30098E-08       1.68015E-03       7.16905E-07       4.86388E-07
       4.36516E-04       4.57088E-04       4.46802E-04       2.05720E-05       3.54896E-08       1.72514E-03       7.70796E-07       5.21877E-07
       4.57088E-04       4.78630E-04       4.67859E-04       2.15420E-05       3.81752E-08       1.77213E-03       8.29107E-07       5.60052E-07
       4.78630E-04       5.01187E-04       4.89909E-04       2.25570E-05       4.10852E-08       1.82139E-03       8.92315E-07       6.01138E-07
       5.01187E-04       5.24808E-04       5.12998E-04       2.36210E-05       4.42396E-08       1.87290E-03       9.60791E-07       6.45377E-07
       5.24808E-04       5.49541E-04       5.37175E-04       2.47330E-05       4.76600E-08       1.92698E-03       1.03512E-06       6.93037E-07
       5.49541E-04       5.75440E-04       5.62491E-04       2.58990E-05       5.13704E-08       1.98349E-03       1.11569E-06       7.44408E-07
       5.75440E-04       6.02560E-04       5.89000E-04       2.71200E-05       5.53959E-08       2.04262E-03       1.20310E-06       7.99804E-07
       6.02560E-04       6.30957E-04       6.16758E-04       2.83970E-05       5.96225E-08       2.09961E-03       1.29495E-06       8.59426E-07
       6.30957E-04       6.60693E-04       6.45825E-04       2.97360E-05       6.40910E-08       2.15533E-03       1.39197E-06       9.23517E-07
       6.60693E-04       6.91831E-04       6.76262E-04       3.11380E-05       6.89303E-08       2.21370E-03       1.49704E-06       9.92447E-07
       6.91831E-04       7.24436E-04       7.08133E-04       3.26050E-05       7.41727E-08       2.27489E-03       1.61092E-06       1.06662E-06
       7.24436E-04       7.58578E-04       7.41507E-04       3.41420E-05       7.98547E-08       2.33890E-03       1.73431E-06       1.14647E-06
       7.58578E-04       7.94328E-04       7.76453E-04       3.57500E-05       8.60153E-08       2.40602E-03       1.86816E-06       1.23249E-06
       7.94328E-04       8.31764E-04       8.13046E-04       3.74360E-05       9.25458E-08       2.47211E-03       2.00994E-06       1.32504E-06
       8.31764E-04       8.70964E-04       8.51364E-04       3.92000E-05       9.93327E-08       2.53400E-03       2.15735E-06       1.42437E-06
       8.70964E-04       9.12011E-04       8.91487E-04       4.10470E-05       1.06666E-07       2.59862E-03       2.31664E-06       1.53103E-06
       9.12011E-04       9.54993E-04       9.33502E-04       4.29820E-05       1.14600E-07       2.66622E-03       2.48893E-06       1.64563E-06
       9.54993E-04       1.00000E-03       9.77497E-04       4.50070E-05       1.23188E-07       2.73707E-03       2.67548E-06       1.76882E-06
       1.00000E-03       1.04713E-03       1.02356E-03       4.71300E-05       1.32490E-07       2.81115E-03       2.87740E-06       1.90131E-06
       1.04713E-03       1.09648E-03       1.07180E-03       4.93500E-05       2.76957E-05       5.61209E-01       6.01507E-04       2.95970E-05
       1.09648E-03       1.14815E-03       1.12231E-03       5.16700E-05       3.68841E-05       7.13840E-01       8.01153E-04       6.64811E-05
       1.14815E-03       1.20226E-03       1.17520E-03       5.41100E-05       3.86018E-05       7.13395E-01       8.38385E-04       1.05083E-04
       1.20226E-03       1.25892E-03       1.23059E-03       5.66600E-05       4.03983E-05       7.12995E-01       8.77405E-04       1.45481E-04
       1.25892E-03       1.31826E-03       1.28859E-03       5.93400E-05       4.22893E-05       7.12662E-01       9.18329E-04       1.87771E-04
       1.31826E-03       1.38038E-03       1.34932E-03       6.21200E-05       4.42597E-05       7.12488E-01       9.61374E-04       2.32030E-04
       1.38038E-03       1.44544E-03       1.41291E-03       6.50599E-05       4.63252E-05       7.12039E-01       1.00605E-03       2.78355E-04
       1.44544E-03       1.51356E-03       1.47950E-03       6.81201E-05       4.84857E-05       7.11768E-01       1.05306E-03       3.26841E-04
       1.51356E-03       1.58489E-03       1.54923E-03       7.13300E-05       5.07259E-05       7.11145E-01       1.10172E-03       3.77567E-04
       1.58489E-03       1.65959E-03       1.62224E-03       7.47000E-05       5.30925E-05       7.10743E-01       1.15300E-03       4.30660E-04
       1.65959E-03       1.73780E-03       1.69870E-03       7.82101E-05       5.55537E-05       7.10313E-01       1.20661E-03       4.86213E-04
       1.73780E-03       1.81970E-03       1.77875E-03       8.18999E-05       5.81258E-05       7.09718E-01       1.26241E-03       5.44339E-04
       1.81970E-03       1.90546E-03       1.86258E-03       8.57600E-05       6.08094E-05       7.09065E-01       1.32069E-03       6.05148E-04
       1.90546E-03       1.99526E-03       1.95036E-03       8.98001E-05       6.36356E-05       7.08637E-01       1.38210E-03       6.68784E-04
       1.99526E-03       2.08930E-03       2.04228E-03       9.40400E-05       6.65734E-05       7.07927E-01       1.44578E-03       7.35358E-04
       2.08930E-03       2.18776E-03       2.13853E-03       9.84600E-05       6.96700E-05       7.07597E-01       1.51322E-03       8.05028E-04
       2.18776E-03       2.29087E-03       2.23932E-03       1.03110E-04       7.28786E-05       7.06803E-01       1.58276E-03       8.77906E-04
       2.29087E-03       2.39883E-03       2.34485E-03       1.07960E-04       7.62466E-05       7.06249E-01       1.65605E-03       9.54153E-04
       2.39883E-03       2.51189E-03       2.45536E-03       1.13060E-04       7.97721E-05       7.05574E-01       1.73244E-03       1.03392E-03
       2.51189E-03       2.63027E-03       2.57108E-03       1.18380E-04       8.34253E-05       7.04724E-01       1.81190E-03       1.11735E-03
       2.63027E-03       2.75423E-03       2.69225E-03       1.23960E-04       8.72690E-05       7.04010E-01       1.89537E-03       1.20462E-03
       2.75423E-03       2.88403E-03       2.81913E-03       1.29800E-04       9.12721E-05       7.03175E-01       1.98234E-03       1.29589E-03
       2.88403E-03       3.01995E-03       2.95199E-03       1.35920E-04       9.54671E-05       7.02378E-01       2.07341E-03       1.39136E-03
       3.01995E-03       3.16228E-03       3.09112E-03       1.42330E-04       9.98378E-05       7.01453E-01       2.16827E-03       1.49120E-03
       3.16228E-03       3.31131E-03       3.23679E-03       1.49030E-04       1.04400E-04       7.00531E-01       2.26747E-03       1.59560E-03
       3.31131E-03       3.46737E-03       3.38934E-03       1.56060E-04       1.09168E-04       6.99523E-01       2.37092E-03       1.70476E-03
       3.46737E-03       3.63078E-03       3.54907E-03       1.63410E-04       1.14143E-04       6.98507E-01       2.47905E-03       1.81891E-03
       3.63078E-03       3.80189E-03       3.71633E-03       1.71110E-04       1.19359E-04       6.97555E-01       2.59235E-03       1.93827E-03
       3.80189E-03       3.98107E-03       3.89148E-03       1.79180E-04       1.24766E-04       6.96318E-01       2.70971E-03       2.06303E-03
       3.98107E-03       4.16869E-03       4.07488E-03       1.87620E-04       1.30446E-04       6.95269E-01       2.83314E-03       2.19348E-03
       4.16869E-03       4.36516E-03       4.26693E-03       1.96470E-04       1.36337E-04       6.93930E-01       2.96095E-03       2.32981E-03
       4.36516E-03       4.57088E-03       4.46802E-03       2.05720E-04       1.42515E-04       6.92763E-01       3.09528E-03       2.47233E-03
       4.57088E-03       4.78630E-03       4.67859E-03       2.15420E-04       1.48936E-04       6.91374E-01       3.23466E-03       2.62127E-03
       4.78630E-03       5.01187E-03       4.89909E-03       2.25570E-04       1.55657E-04       6.90059E-01       3.38066E-03       2.77692E-03
       5.01187E-03       5.24807E-03       5.12997E-03       2.36200E-04       1.62630E-04       6.88527E-01       3.53212E-03       2.93955E-03
       5.24807E-03       5.49541E-03       5.37174E-03       2.47340E-04       1.69908E-04       6.86942E-01       3.69007E-03       3.10946E-03
       5.49541E-03       5.75440E-03       5.62491E-03       2.58990E-04       1.77493E-04       6.85327E-01       3.85490E-03       3.28695E-03
       5.75440E-03       6.02560E-03       5.89000E-03       2.71200E-04       1.85399E-04       6.83625E-01       4.02655E-03       3.47235E-03
       6.02560E-03       6.30957E-03       6.16759E-03       2.83970E-04       1.93660E-04       6.81974E-01       4.20613E-03       3.66601E-03
       6.30957E-03       6.60693E-03       6.45825E-03       2.97360E-04       2.02243E-04       6.80129E-01       4.39244E-03       3.86826E-03
       6.60693E-03       6.91831E-03       6.76262E-03       3.11380E-04       2.11176E-04       6.78194E-01       4.58637E-03       4.07943E-03
       6.91831E-03       7.24436E-03       7.08133E-03       3.26050E-04       2.20463E-04       6.76164E-01       4.78814E-03       4.29990E-03
       7.24436E-03       7.58578E-03       7.41507E-03       3.41420E-04       2.31243E-04       6.77297E-01       5.02220E-03       4.53114E-03
       7.58578E-03       7.94328E-03       7.76453E-03       3.57500E-04       2.51944E-04       7.04739E-01       5.47196E-03       4.78308E-03
       7.94328E-03       8.31764E-03       8.13046E-03       3.74360E-04       2.62961E-04       7.02429E-01       5.71107E-03       5.04604E-03
       8.31764E-03       8.70964E-03       8.51364E-03       3.92000E-04       2.74446E-04       7.00118E-01       5.96055E-03       5.32049E-03
       8.70964E-03       9.12011E-03       8.91487E-03       4.10471E-04       2.86347E-04       6.97607E-01       6.21908E-03       5.60684E-03
       9.12011E-03       9.54993E-03       9.33502E-03       4.29819E-04       2.98765E-04       6.95094E-01       6.48872E-03       5.90560E-03
       9.54993E-03       1.00000E-02       9.77496E-03       4.50070E-04       3.11652E-04       6.92453E-01       6.76870E-03       6.21725E-03
       1.00000E-02       1.04713E-02       1.02357E-02       4.71300E-04       3.25031E-04       6.89649E-01       7.05900E-03       6.54229E-03
       1.04713E-02       1.09648E-02       1.07180E-02       4.93500E-04       3.38918E-04       6.86765E-01       7.36078E-03       6.88120E-03
       1.09648E-02       1.14815E-02       1.12232E-02       5.16700E-04       3.53348E-04       6.83855E-01       7.67500E-03       7.23455E-03
       1.14815E-02       1.20226E-02       1.17521E-02       5.41100E-04       3.68322E-04       6.80691E-01       7.99952E-03       7.60287E-03
       1.20226E-02       1.25892E-02       1.23059E-02       5.66601E-04       3.83878E-04       6.77510E-01       8.33737E-03       7.98675E-03
       1.25892E-02       1.31826E-02       1.28859E-02       5.93399E-04       3.99984E-04       6.74055E-01       8.68580E-03       8.38673E-03
       1.31826E-02       1.38038E-02       1.34932E-02       6.21200E-04       4.16686E-04       6.70776E-01       9.05092E-03       8.80342E-03
       1.38038E-02       1.44544E-02       1.41291E-02       6.50601E-04       4.34012E-04       6.67094E-01       9.42544E-03       9.23743E-03
       1.44544E-02       1.51356E-02       1.47950E-02       6.81199E-04       4.51936E-04       6.63442E-01       9.81562E-03       9.68937E-03
       1.51356E-02       1.58489E-02       1.54923E-02       7.13301E-04       4.70508E-04       6.59621E-01       1.02190E-02       1.01599E-02
       1.58489E-02       1.65959E-02       1.62224E-02       7.47000E-04       4.89734E-04       6.55601E-01       1.06354E-02       1.06496E-02
       1.65959E-02       1.73780E-02       1.69870E-02       7.82100E-04       5.09652E-04       6.51646E-01       1.10695E-02       1.11593E-02
       1.73780E-02       1.81970E-02       1.77875E-02       8.19000E-04       5.60424E-04       6.84278E-01       1.21716E-02       1.17197E-02
       1.81970E-02       1.90546E-02       1.86258E-02       8.57600E-04       5.96709E-04       6.95790E-01       1.29596E-02       1.23164E-02
       1.90546E-02       1.99526E-02       1.95036E-02       8.98000E-04       6.21172E-04       6.91728E-01       1.34912E-02       1.29376E-02
       1.99526E-02       2.08930E-02       2.04228E-02       9.40400E-04       6.47291E-04       6.88315E-01       1.40573E-02       1.35849E-02
       2.08930E-02       2.18776E-02       2.13853E-02       9.84600E-04       6.75700E-04       6.86269E-01       1.46761E-02       1.42606E-02
       2.18776E-02       2.29087E-02       2.23931E-02       1.03110E-03       7.02925E-04       6.81724E-01       1.52659E-02       1.49635E-02
       2.29087E-02       2.39883E-02       2.34485E-02       1.07960E-03       7.31169E-04       6.77259E-01       1.58807E-02       1.56947E-02
       2.39883E-02       2.51189E-02       2.45536E-02       1.13060E-03       7.61836E-04       6.73834E-01       1.65450E-02       1.64565E-02
       2.51189E-02       2.63027E-02       2.57108E-02       1.18380E-03       7.92275E-04       6.69265E-01       1.72073E-02       1.72488E-02
       2.63027E-02       2.75423E-02       2.69225E-02       1.23960E-03       8.25064E-04       6.65588E-01       1.79193E-02       1.80738E-02
       2.75423E-02       2.88403E-02       2.81913E-02       1.29800E-03       8.57366E-04       6.60529E-01       1.86212E-02       1.89312E-02
       2.88403E-02       3.01995E-02       2.95199E-02       1.35920E-03       8.90667E-04       6.55288E-01       1.93440E-02       1.98219E-02
       3.01995E-02       3.16228E-02       3.09112E-02       1.42330E-03       9.25095E-04       6.49964E-01       2.00911E-02       2.07470E-02
       3.16228E-02       3.31131E-02       3.23680E-02       1.49030E-03       9.60654E-04       6.44604E-01       2.08645E-02       2.17076E-02
       3.31131E-02       3.46737E-02       3.38934E-02       1.56060E-03       9.97397E-04       6.39112E-01       2.16617E-02       2.27050E-02
       3.46737E-02       3.63078E-02       3.54908E-02       1.63410E-03       1.03534E-03       6.33585E-01       2.24864E-02       2.37404E-02
       3.63078E-02       3.80189E-02       3.71633E-02       1.71110E-03       1.07455E-03       6.27986E-01       2.33381E-02       2.48149E-02
       3.80189E-02       3.98107E-02       3.89148E-02       1.79180E-03       1.11502E-03       6.22288E-01       2.42162E-02       2.59299E-02
       3.98107E-02       4.16869E-02       4.07488E-02       1.87620E-03       1.15675E-03       6.16537E-01       2.51231E-02       2.70867E-02
       4.16869E-02       4.36516E-02       4.26693E-02       1.96470E-03       1.19987E-03       6.10713E-01       2.60587E-02       2.82865E-02
       4.36516E-02       4.57088E-02       4.46802E-02       2.05720E-03       1.24444E-03       6.04922E-01       2.70280E-02       2.95310E-02
       4.57088E-02       4.78630E-02       4.67859E-02       2.15420E-03       1.29055E-03       5.99084E-01       2.80287E-02       3.08215E-02
       4.78630E-02       5.01187E-02       4.89908E-02       2.25570E-03       1.33826E-03       5.93281E-01       2.90653E-02       3.21598E-02
       5.01187E-02       5.24808E-02       5.12998E-02       2.36210E-03       1.38767E-03       5.87472E-01       3.01371E-02       3.35474E-02
       5.24808E-02       5.49541E-02       5.37174E-02       2.47330E-03       1.43863E-03       5.81664E-01       3.12455E-02       3.49861E-02
       5.49541E-02       5.75440E-02       5.62491E-02       2.58990E-03       1.49144E-03       5.75867E-01       3.23920E-02       3.64775E-02
       5.75440E-02       6.02560E-02       5.89000E-02       2.71200E-03       1.54623E-03       5.70143E-01       3.35814E-02       3.80237E-02
       6.02560E-02       6.30957E-02       6.16758E-02       2.83970E-03       1.60317E-03       5.64558E-01       3.48196E-02       3.96269E-02
       6.30957E-02       6.60693E-02       6.45825E-02       2.97360E-03       1.66238E-03       5.59045E-01       3.61045E-02       4.12893E-02
       6.60693E-02       6.91831E-02       6.76262E-02       3.11380E-03       1.72402E-03       5.53669E-01       3.74425E-02       4.30133E-02
       6.91831E-02       7.24436E-02       7.08134E-02       3.26050E-03       1.78829E-03       5.48471E-01       3.88391E-02       4.48016E-02
       7.24436E-02       7.58578E-02       7.41507E-02       3.41420E-03       1.85540E-03       5.43437E-01       4.02962E-02       4.66570E-02
       7.58578E-02       7.94328E-02       7.76453E-02       3.57500E-03       1.92546E-03       5.38591E-01       4.18190E-02       4.85825E-02
       7.94328E-02       8.31764E-02       8.13046E-02       3.74360E-03       1.99855E-03       5.33857E-01       4.34050E-02       5.05810E-02
       8.31764E-02       8.70964E-02       8.51364E-02       3.92000E-03       2.07509E-03       5.29359E-01       4.50678E-02       5.26561E-02
       8.70964E-02       9.12011E-02       8.91488E-02       4.10470E-03       2.15540E-03       5.25106E-01       4.68125E-02       5.48115E-02
       9.12011E-02       9.54993E-02       9.33502E-02       4.29820E-03       2.23980E-03       5.21102E-01       4.86450E-02       5.70513E-02
       9.54993E-02       1.00000E-01       9.77497E-02       4.50070E-03       2.32854E-03       5.17372E-01       5.05730E-02       5.93798E-02
       1.00000E-01       1.04713E-01       1.02357E-01       4.71300E-03       2.42195E-03       5.13888E-01       5.25998E-02       6.18018E-02
       1.04713E-01       1.09648E-01       1.07180E-01       4.93500E-03       2.51998E-03       5.10635E-01       5.47301E-02       6.43218E-02
       1.09648E-01       1.14815E-01       1.12231E-01       5.16700E-03       2.62338E-03       5.07718E-01       5.69820E-02       6.69452E-02
       1.14815E-01       1.20226E-01       1.17520E-01       5.41100E-03       2.73226E-03       5.04945E-01       5.93414E-02       6.96774E-02
       1.20226E-01       1.25892E-01       1.23059E-01       5.66600E-03       2.84716E-03       5.02500E-01       6.18371E-02       7.25246E-02
       1.25892E-01       1.31826E-01       1.28859E-01       5.93400E-03       2.96853E-03       5.00258E-01       6.44627E-02       7.54931E-02
       1.31826E-01       1.38038E-01       1.34932E-01       6.21200E-03       3.09718E-03       4.98581E-01       6.72745E-02       7.85903E-02
       1.38038E-01       1.44544E-01       1.41291E-01       6.50600E-03       3.23330E-03       4.96971E-01       7.02176E-02       8.18236E-02
       1.44544E-01       1.51356E-01       1.47950E-01       6.81200E-03       3.37825E-03       4.95927E-01       7.33724E-02       8.52018E-02
       1.51356E-01       1.58489E-01       1.54923E-01       7.13300E-03       3.53086E-03       4.95003E-01       7.66871E-02       8.87327E-02
       1.58489E-01       1.65959E-01       1.62224E-01       7.47000E-03       3.69032E-03       4.94019E-01       8.01417E-02       9.24230E-02
       1.65959E-01       1.73780E-01       1.69869E-01       7.82100E-03       3.85722E-03       4.93187E-01       8.37775E-02       9.62802E-02
       1.73780E-01       1.81970E-01       1.77875E-01       8.19000E-03       4.03145E-03       4.92241E-01       8.75573E-02       1.00312E-01
       1.81970E-01       1.90546E-01       1.86258E-01       8.57600E-03       4.21276E-03       4.91226E-01       9.14948E-02       1.04524E-01
       1.90546E-01       1.99526E-01       1.95036E-01       8.98000E-03       4.40066E-03       4.90051E-01       9.55776E-02       1.08925E-01
       1.99526E-01       2.08930E-01       2.04228E-01       9.40400E-03       4.59447E-03       4.88565E-01       9.97787E-02       1.13520E-01
       2.08930E-01       2.18776E-01       2.13853E-01       9.84600E-03       4.79185E-03       4.86679E-01       1.04078E-01       1.18311E-01
       2.18776E-01       2.29087E-01       2.23931E-01       1.03110E-02       4.99280E-03       4.84221E-01       1.08432E-01       1.23304E-01
       2.29087E-01       2.39883E-01       2.34485E-01       1.07960E-02       5.19658E-03       4.81344E-01       1.12868E-01       1.28501E-01
       2.39883E-01       2.51189E-01       2.45536E-01       1.13060E-02       5.40186E-03       4.77787E-01       1.17314E-01       1.33903E-01
       2.51189E-01       2.63027E-01       2.57108E-01       1.18380E-02       5.60678E-03       4.73626E-01       1.21773E-01       1.39509E-01
       2.63027E-01       2.75423E-01       2.69225E-01       1.23960E-02       5.80825E-03       4.68558E-01       1.26148E-01       1.45318E-01
       2.75423E-01       2.88403E-01       2.81913E-01       1.29800E-02       6.00566E-03       4.62686E-01       1.30437E-01       1.51323E-01
       2.88403E-01       3.01995E-01       2.95199E-01       1.35920E-02       6.21643E-03       4.57359E-01       1.35012E-01       1.57540E-01
       3.01995E-01       3.16228E-01       3.09112E-01       1.42330E-02       6.52756E-03       4.58622E-01       1.41765E-01       1.64067E-01
       3.16228E-01       3.31131E-01       3.23680E-01       1.49030E-02       6.87164E-03       4.61091E-01       1.49246E-01       1.70939E-01
       3.31131E-01       3.46737E-01       3.38934E-01       1.56060E-02       7.22968E-03       4.63263E-01       1.57016E-01       1.78169E-01
       3.46737E-01       3.63078E-01       3.54908E-01       1.63410E-02       7.60161E-03       4.65186E-01       1.65098E-01       1.85770E-01
       3.63078E-01       3.80189E-01       3.71633E-01       1.71110E-02       7.97813E-03       4.66258E-01       1.73277E-01       1.93748E-01
       3.80189E-01       3.98107E-01       3.89148E-01       1.79180E-02       8.36791E-03       4.67011E-01       1.81736E-01       2.02116E-01
       3.98107E-01       4.16869E-01       4.07488E-01       1.87620E-02       8.77743E-03       4.67830E-01       1.90635E-01       2.10894E-01
       4.16869E-01       4.36516E-01       4.26692E-01       1.96470E-02       9.19383E-03       4.67951E-01       1.99671E-01       2.20088E-01
       4.36516E-01       4.57088E-01       4.46802E-01       2.05720E-02       9.63495E-03       4.68353E-01       2.09261E-01       2.29723E-01
       4.57088E-01       4.78630E-01       4.67859E-01       2.15420E-02       1.01136E-02       4.69483E-01       2.19652E-01       2.39836E-01
       4.78630E-01       5.01187E-01       4.89909E-01       2.25570E-02       1.06392E-02       4.71660E-01       2.31070E-01       2.50475E-01
       5.01187E-01       5.24808E-01       5.12998E-01       2.36210E-02       1.12098E-02       4.74570E-01       2.43453E-01       2.61685E-01
       5.24808E-01       5.49541E-01       5.37174E-01       2.47330E-02       1.18231E-02       4.78030E-01       2.56785E-01       2.73508E-01
       5.49541E-01       5.75440E-01       5.62490E-01       2.58990E-02       1.25149E-02       4.83220E-01       2.71807E-01       2.86023E-01
       5.75440E-01       6.02560E-01       5.89000E-01       2.71200E-02       1.33008E-02       4.90441E-01       2.88870E-01       2.99324E-01
       6.02560E-01       6.30957E-01       6.16758E-01       2.83970E-02       1.41629E-02       4.98747E-01       3.07607E-01       3.13487E-01
       6.30957E-01       6.60693E-01       6.45825E-01       2.97360E-02       1.51189E-02       5.08437E-01       3.28362E-01       3.28606E-01
       6.60693E-01       6.91831E-01       6.76262E-01       3.11380E-02       1.62091E-02       5.20556E-01       3.52032E-01       3.44815E-01
       6.91831E-01       7.24436E-01       7.08133E-01       3.26050E-02       1.74485E-02       5.35147E-01       3.78956E-01       3.62263E-01
       7.24436E-01       7.58578E-01       7.41507E-01       3.41420E-02       1.88516E-02       5.52152E-01       4.09425E-01       3.81115E-01
       7.58578E-01       7.94328E-01       7.76453E-01       3.57500E-02       2.04308E-02       5.71490E-01       4.43735E-01       4.01546E-01
       7.94328E-01       8.31764E-01       8.13046E-01       3.74360E-02       2.22039E-02       5.93115E-01       4.82230E-01       4.23750E-01
       8.31764E-01       8.70964E-01       8.51364E-01       3.92000E-02       2.41782E-02       6.16790E-01       5.25113E-01       4.47928E-01
       8.70964E-01       9.12011E-01       8.91487E-01       4.10470E-02       2.65763E-02       6.47460E-01       5.77203E-01       4.74504E-01
       9.12011E-01       9.54993E-01       9.33502E-01       4.29820E-02       3.60343E-02       8.38358E-01       7.82609E-01       5.10538E-01
       9.54993E-01       1.00000E+00       9.77497E-01       4.50070E-02       2.94870E-02       6.55165E-01       6.40422E-01       5.40025E-01
       1.00000E+00       1.04713E+00       1.02357E+00       4.71300E-02       2.91508E-02       6.18519E-01       6.33095E-01       5.69176E-01
       1.04713E+00       1.09648E+00       1.07181E+00       4.93500E-02       2.90197E-02       5.88038E-01       6.30262E-01       5.98196E-01
       1.09648E+00       1.14815E+00       1.12231E+00       5.16700E-02       2.88749E-02       5.58833E-01       6.27186E-01       6.27071E-01
       1.14815E+00       1.20226E+00       1.17520E+00       5.41100E-02       2.85822E-02       5.28225E-01       6.20772E-01       6.55653E-01
       1.20226E+00       1.25892E+00       1.23059E+00       5.66600E-02       2.81544E-02       4.96902E-01       6.11482E-01       6.83807E-01
       1.25892E+00       1.31826E+00       1.28859E+00       5.93400E-02       2.74865E-02       4.63204E-01       5.96880E-01       7.11294E-01
       1.31826E+00       1.38038E+00       1.34932E+00       6.21200E-02       2.65430E-02       4.27286E-01       5.76545E-01       7.37837E-01
       1.38038E+00       1.44544E+00       1.41291E+00       6.50600E-02       2.53134E-02       3.89078E-01       5.49732E-01       7.63150E-01
       1.44544E+00       1.51356E+00       1.47950E+00       6.81200E-02       2.37908E-02       3.49248E-01       5.16712E-01       7.86941E-01
       1.51356E+00       1.58489E+00       1.54923E+00       7.13300E-02       2.19949E-02       3.08354E-01       4.77709E-01       8.08936E-01
       1.58489E+00       1.65959E+00       1.62224E+00       7.47000E-02       2.00765E-02       2.68762E-01       4.35996E-01       8.29013E-01
       1.65959E+00       1.73780E+00       1.69869E+00       7.82100E-02       1.79374E-02       2.29350E-01       3.89595E-01       8.46950E-01
       1.73780E+00       1.81970E+00       1.77875E+00       8.19000E-02       1.55975E-02       1.90446E-01       3.38755E-01       8.62548E-01
       1.81970E+00       1.90546E+00       1.86258E+00       8.57600E-02       1.30808E-02       1.52528E-01       2.84095E-01       8.75628E-01
       1.90546E+00       1.99526E+00       1.95036E+00       8.98000E-02       1.08400E-02       1.20713E-01       2.35434E-01       8.86468E-01
       1.99526E+00       2.08930E+00       2.04228E+00       9.40400E-02       1.04005E-02       1.10597E-01       2.25869E-01       8.96869E-01
       2.08930E+00       2.18776E+00       2.13853E+00       9.84600E-02       1.01419E-02       1.03005E-01       2.20279E-01       9.07011E-01
       2.18776E+00       2.29087E+00       2.23932E+00       1.03110E-01       9.83918E-03       9.54241E-02       2.13685E-01       9.16850E-01
       2.29087E+00       2.39883E+00       2.34485E+00       1.07960E-01       9.43566E-03       8.73996E-02       2.04939E-01       9.26286E-01
       2.39883E+00       2.51189E+00       2.45536E+00       1.13060E-01       8.92104E-03       7.89053E-02       1.93741E-01       9.35207E-01
       2.51189E+00       2.63027E+00       2.57108E+00       1.18380E-01       8.51260E-03       7.19091E-02       1.84884E-01       9.43719E-01
       2.63027E+00       2.75423E+00       2.69225E+00       1.23960E-01       8.01765E-03       6.46793E-02       1.74133E-01       9.51737E-01
       2.75423E+00       2.88403E+00       2.81913E+00       1.29800E-01       7.44753E-03       5.73769E-02       1.61753E-01       9.59184E-01
       2.88403E+00       3.01995E+00       2.95199E+00       1.35920E-01       6.93340E-03       5.10109E-02       1.50584E-01       9.66118E-01
       3.01995E+00       3.16228E+00       3.09111E+00       1.42330E-01       6.67207E-03       4.68775E-02       1.44904E-01       9.72790E-01
       3.16228E+00       3.31131E+00       3.23679E+00       1.49030E-01       6.08346E-03       4.08204E-02       1.32127E-01       9.78873E-01
       3.31131E+00       3.46737E+00       3.38934E+00       1.56060E-01       4.95063E-03       3.17226E-02       1.07519E-01       9.83824E-01
       3.46737E+00       3.63078E+00       3.54908E+00       1.63410E-01       3.91365E-03       2.39499E-02       8.50000E-02       9.87738E-01
       3.63078E+00       3.80189E+00       3.71633E+00       1.71110E-01       1.90805E-03       1.11510E-02       4.14409E-02       9.89646E-01
       3.80189E+00       3.98107E+00       3.89148E+00       1.79180E-01       1.64806E-03       9.19777E-03       3.57929E-02       9.91294E-01
       3.98107E+00       4.16869E+00       4.07488E+00       1.87620E-01       1.41333E-03       7.53292E-03       3.06957E-02       9.92707E-01
       4.16869E+00       4.36516E+00       4.26692E+00       1.96470E-01       1.24195E-03       6.32132E-03       2.69726E-02       9.93949E-01
       4.36516E+00       4.57088E+00       4.46802E+00       2.05720E-01       1.08973E-03       5.29716E-03       2.36678E-02       9.95039E-01
       4.57088E+00       4.78630E+00       4.67859E+00       2.15420E-01       9.61448E-04       4.46313E-03       2.08812E-02       9.96000E-01
       4.78630E+00       5.00000E+00       4.89315E+00       2.13700E-01       8.05471E-04       3.76917E-03       1.84431E-02       9.96806E-01
       5.00000E+00       5.20000E+00       5.10000E+00       2.00000E-01       6.35642E-04       3.17821E-03       1.62089E-02       9.97441E-01
       5.20000E+00       5.40000E+00       5.30000E+00       2.00000E-01       5.34133E-04       2.67066E-03       1.41545E-02       9.97975E-01
       5.40000E+00       5.60000E+00       5.50000E+00       2.00000E-01       4.44082E-04       2.22041E-03       1.22123E-02       9.98419E-01
       5.60000E+00       5.80000E+00       5.70000E+00       2.00000E-01       3.63078E-04       1.81539E-03       1.03477E-02       9.98783E-01
       5.80000E+00       6.00000E+00       5.90000E+00       2.00000E-01       2.93435E-04       1.46717E-03       8.65632E-03       9.99076E-01
       6.00000E+00       6.20000E+00       6.10000E+00       2.00000E-01       2.35305E-04       1.17653E-03       7.17681E-03       9.99311E-01
       6.20000E+00       6.40000E+00       6.30000E+00       2.00000E-01       1.85715E-04       9.28574E-04       5.85002E-03       9.99497E-01
       6.40000E+00       6.60000E+00       6.50000E+00       2.00000E-01       1.45145E-04       7.25723E-04       4.71720E-03       9.99642E-01
       6.60000E+00       6.80000E+00       6.70000E+00       2.00000E-01       1.12122E-04       5.60610E-04       3.75609E-03       9.99754E-01
       6.80000E+00       7.00000E+00       6.90000E+00       2.00000E-01       8.43764E-05       4.21882E-04       2.91098E-03       9.99839E-01
       7.00000E+00       7.20000E+00       7.10000E+00       2.00000E-01       6.15372E-05       3.07686E-04       2.18457E-03       9.99900E-01
       7.20000E+00       7.40000E+00       7.30000E+00       2.00000E-01       4.39057E-05       2.19529E-04       1.60256E-03       9.99944E-01
       7.40000E+00       7.60000E+00       7.50000E+00       2.00000E-01       3.00152E-05       1.50076E-04       1.12557E-03       9.99974E-01
       7.60000E+00       7.80000E+00       7.70000E+00       2.00000E-01       1.88629E-05       9.43145E-05       7.26222E-04       9.99993E-01
       7.80000E+00       8.00000E+00       7.90000E+00       2.00000E-01       7.19829E-06       3.59914E-05       2.84332E-04       1.00000E+00

 Sum =                                                                         1.00000E+00
 Renormalization bin#  1015 =                                                  1.33315E-01 barn        2.78000E+07        2.80000E+07        2.79000E+07
 Avg. Energy     bin#  1015 =                                                  1.07849E+00 MeV         2.78000E+07        2.80000E+07
