"        MT=  4 recoil spectrum "
" Initial neutron energy corresponds to the group:"
   1.20000E+01    1.22000E+01       0.00000E+00           231           892           662



          Low               High              Mid              Energy           Number             dn/de            E*dn/de          Cumulative
         Energy            Energy            Energy             Width          Fraction                               Sum   
         [MeV]             [MeV]             [MeV]              [MeV]

       3.98107E-07       4.16869E-07       4.07488E-07       1.87620E-08       0.00000E+00       0.00000E+00       0.00000E+00       0.00000E+00
       4.16869E-07       4.36516E-07       4.26693E-07       1.96470E-08       1.46216E-12       7.44216E-05       3.17552E-11       1.46216E-12
       4.36516E-07       4.57088E-07       4.46802E-07       2.05720E-08       1.60337E-12       7.79394E-05       3.48235E-11       3.06553E-12
       4.57088E-07       4.78630E-07       4.67859E-07       2.15420E-08       1.75801E-12       8.16084E-05       3.81812E-11       4.82354E-12
       4.78630E-07       5.01187E-07       4.89909E-07       2.25570E-08       1.92757E-12       8.54533E-05       4.18643E-11       6.75111E-12
       5.01187E-07       5.24807E-07       5.12997E-07       2.36200E-08       2.11355E-12       8.94814E-05       4.59037E-11       8.86466E-12
       5.24807E-07       5.50000E-07       5.37403E-07       2.51930E-08       2.36151E-12       9.37367E-05       5.03744E-11       1.12262E-11
       5.50000E-07       5.75000E-07       5.62500E-07       2.50000E-08       2.45294E-12       9.81177E-05       5.51912E-11       1.36791E-11
       5.75000E-07       6.00000E-07       5.87500E-07       2.50000E-08       2.56186E-12       1.02474E-04       6.02037E-11       1.62410E-11
       6.00000E-07       6.25000E-07       6.12500E-07       2.50000E-08       2.67093E-12       1.06837E-04       6.54378E-11       1.89119E-11
       6.25000E-07       6.50000E-07       6.37500E-07       2.50000E-08       2.77999E-12       1.11200E-04       7.08898E-11       2.16919E-11
       6.50000E-07       6.75000E-07       6.62500E-07       2.50000E-08       2.88891E-12       1.15556E-04       7.65561E-11       2.45808E-11
       6.75000E-07       7.00000E-07       6.87500E-07       2.50000E-08       2.99798E-12       1.19919E-04       8.24444E-11       2.75788E-11
       7.00000E-07       7.25000E-07       7.12500E-07       2.50000E-08       3.10704E-12       1.24281E-04       8.85504E-11       3.06858E-11
       7.25000E-07       7.50000E-07       7.37500E-07       2.50000E-08       3.21596E-12       1.28639E-04       9.48710E-11       3.39018E-11
       7.50000E-07       7.75000E-07       7.62500E-07       2.50000E-08       3.32503E-12       1.33001E-04       1.01413E-10       3.72268E-11
       7.75000E-07       8.00000E-07       7.87500E-07       2.50000E-08       3.43409E-12       1.37363E-04       1.08174E-10       4.06609E-11
       8.00000E-07       8.25000E-07       8.12500E-07       2.50000E-08       3.54301E-12       1.41721E-04       1.15148E-10       4.42039E-11
       8.25000E-07       8.50000E-07       8.37500E-07       2.50000E-08       3.65208E-12       1.46083E-04       1.22344E-10       4.78560E-11
       8.50000E-07       8.75000E-07       8.62500E-07       2.50000E-08       3.76114E-12       1.50446E-04       1.29759E-10       5.16171E-11
       8.75000E-07       9.00000E-07       8.87500E-07       2.50000E-08       3.87006E-12       1.54803E-04       1.37387E-10       5.54872E-11
       9.00000E-07       9.25000E-07       9.12500E-07       2.50000E-08       3.97912E-12       1.59165E-04       1.45238E-10       5.94663E-11
       9.25000E-07       9.50000E-07       9.37500E-07       2.50000E-08       4.08819E-12       1.63528E-04       1.53307E-10       6.35545E-11
       9.50000E-07       9.75000E-07       9.62500E-07       2.50000E-08       4.19711E-12       1.67884E-04       1.61589E-10       6.77516E-11
       9.75000E-07       1.00000E-06       9.87500E-07       2.50000E-08       4.30617E-12       1.72247E-04       1.70094E-10       7.20578E-11
       1.00000E-06       1.02500E-06       1.01250E-06       2.50000E-08       4.41524E-12       1.76610E-04       1.78817E-10       7.64730E-11
       1.02500E-06       1.05000E-06       1.03750E-06       2.50000E-08       4.52416E-12       1.80967E-04       1.87753E-10       8.09972E-11
       1.05000E-06       1.07500E-06       1.06250E-06       2.50001E-08       4.63322E-12       1.85328E-04       1.96911E-10       8.56304E-11
       1.07500E-06       1.10000E-06       1.08750E-06       2.50000E-08       4.74229E-12       1.89692E-04       2.06290E-10       9.03727E-11
       1.10000E-06       1.12500E-06       1.11250E-06       2.50000E-08       4.85121E-12       1.94049E-04       2.15879E-10       9.52239E-11
       1.12500E-06       1.15000E-06       1.13750E-06       2.50000E-08       4.96027E-12       1.98411E-04       2.25693E-10       1.00184E-10
       1.15000E-06       1.17500E-06       1.16250E-06       2.50000E-08       5.06934E-12       2.02774E-04       2.35724E-10       1.05254E-10
       1.17500E-06       1.20000E-06       1.18750E-06       2.50001E-08       5.17826E-12       2.07130E-04       2.45966E-10       1.10432E-10
       1.20000E-06       1.22500E-06       1.21250E-06       2.50000E-08       5.28732E-12       2.11493E-04       2.56435E-10       1.15719E-10
       1.22500E-06       1.25000E-06       1.23750E-06       2.50000E-08       5.39638E-12       2.15856E-04       2.67121E-10       1.21115E-10
       1.25000E-06       1.27500E-06       1.26250E-06       2.50000E-08       5.50545E-12       2.20218E-04       2.78025E-10       1.26621E-10
       1.27500E-06       1.30000E-06       1.28750E-06       2.50000E-08       5.61437E-12       2.24575E-04       2.89140E-10       1.32235E-10
       1.30000E-06       1.32500E-06       1.31250E-06       2.50001E-08       5.72343E-12       2.28936E-04       3.00479E-10       1.37959E-10
       1.32500E-06       1.35000E-06       1.33750E-06       2.50000E-08       5.83250E-12       2.33300E-04       3.12039E-10       1.43791E-10
       1.35000E-06       1.37500E-06       1.36250E-06       2.50000E-08       5.94142E-12       2.37657E-04       3.23808E-10       1.49733E-10
       1.37500E-06       1.40000E-06       1.38750E-06       2.50000E-08       6.05048E-12       2.42020E-04       3.35802E-10       1.55783E-10
       1.40000E-06       1.42500E-06       1.41250E-06       2.50000E-08       6.15955E-12       2.46382E-04       3.48015E-10       1.61943E-10
       1.42500E-06       1.45000E-06       1.43750E-06       2.50001E-08       6.26847E-12       2.50738E-04       3.60436E-10       1.68211E-10
       1.45000E-06       1.47500E-06       1.46250E-06       2.50000E-08       6.37753E-12       2.55102E-04       3.73086E-10       1.74589E-10
       1.47500E-06       1.50000E-06       1.48750E-06       2.50000E-08       6.48659E-12       2.59464E-04       3.85953E-10       1.81075E-10
       1.50000E-06       1.52500E-06       1.51250E-06       2.50000E-08       6.59552E-12       2.63821E-04       3.99029E-10       1.87671E-10
       1.52500E-06       1.55000E-06       1.53750E-06       2.50000E-08       6.70458E-12       2.68184E-04       4.12332E-10       1.94375E-10
       1.55000E-06       1.57500E-06       1.56250E-06       2.50001E-08       6.81364E-12       2.72545E-04       4.25851E-10       2.01189E-10
       1.57500E-06       1.60000E-06       1.58750E-06       2.50000E-08       6.92257E-12       2.76903E-04       4.39584E-10       2.08112E-10
       1.60000E-06       1.62500E-06       1.61250E-06       2.50000E-08       7.03163E-12       2.81266E-04       4.53541E-10       2.15143E-10
       1.62500E-06       1.65000E-06       1.63750E-06       2.50000E-08       7.14069E-12       2.85628E-04       4.67716E-10       2.22284E-10
       1.65000E-06       1.67500E-06       1.66250E-06       2.50000E-08       7.24962E-12       2.89985E-04       4.82100E-10       2.29534E-10
       1.67500E-06       1.70000E-06       1.68750E-06       2.50001E-08       7.35868E-12       2.94346E-04       4.96709E-10       2.36892E-10
       1.70000E-06       1.72500E-06       1.71250E-06       2.50000E-08       7.46774E-12       2.98710E-04       5.11541E-10       2.44360E-10
       1.72500E-06       1.75000E-06       1.73750E-06       2.50000E-08       7.57667E-12       3.03067E-04       5.26579E-10       2.51937E-10
       1.75000E-06       1.77500E-06       1.76250E-06       2.50000E-08       7.68573E-12       3.07430E-04       5.41845E-10       2.59622E-10
       1.77500E-06       1.80000E-06       1.78750E-06       2.50000E-08       7.79479E-12       3.11792E-04       5.57328E-10       2.67417E-10
       1.80000E-06       1.82500E-06       1.81250E-06       2.50001E-08       7.90372E-12       3.16148E-04       5.73017E-10       2.75321E-10
       1.82500E-06       1.85000E-06       1.83750E-06       2.50000E-08       8.01278E-12       3.20512E-04       5.88940E-10       2.83334E-10
       1.85000E-06       1.87500E-06       1.86250E-06       2.50000E-08       8.12184E-12       3.24874E-04       6.05078E-10       2.91455E-10
       1.87500E-06       1.90000E-06       1.88750E-06       2.50000E-08       8.23077E-12       3.29231E-04       6.21424E-10       2.99686E-10
       1.90000E-06       1.92500E-06       1.91250E-06       2.50000E-08       8.33983E-12       3.33594E-04       6.37998E-10       3.08026E-10
       1.92500E-06       1.95000E-06       1.93750E-06       2.50001E-08       8.44889E-12       3.37954E-04       6.54787E-10       3.16475E-10
       1.95000E-06       1.97500E-06       1.96250E-06       2.50000E-08       8.55782E-12       3.42313E-04       6.71789E-10       3.25033E-10
       1.97500E-06       2.00000E-06       1.98750E-06       2.50000E-08       8.66688E-12       3.46676E-04       6.89018E-10       3.33700E-10
       2.00000E-06       2.02500E-06       2.01250E-06       2.50001E-08       8.77594E-12       3.51036E-04       7.06461E-10       3.42476E-10
       2.02500E-06       2.05000E-06       2.03750E-06       2.49999E-08       8.88487E-12       3.55397E-04       7.24121E-10       3.51360E-10
       2.05000E-06       2.07500E-06       2.06250E-06       2.50001E-08       8.99393E-12       3.59756E-04       7.41996E-10       3.60354E-10
       2.07500E-06       2.10000E-06       2.08750E-06       2.49999E-08       9.10299E-12       3.64122E-04       7.60104E-10       3.69457E-10
       2.10000E-06       2.12500E-06       2.11250E-06       2.50001E-08       9.21192E-12       3.68475E-04       7.78404E-10       3.78669E-10
       2.12500E-06       2.15000E-06       2.13750E-06       2.50001E-08       9.32098E-12       3.72838E-04       7.96941E-10       3.87990E-10
       2.15000E-06       2.17500E-06       2.16250E-06       2.49999E-08       9.43004E-12       3.77204E-04       8.15703E-10       3.97420E-10
       2.17500E-06       2.20000E-06       2.18750E-06       2.50001E-08       9.53897E-12       3.81557E-04       8.34656E-10       4.06959E-10
       2.20000E-06       2.22500E-06       2.21250E-06       2.49999E-08       9.64803E-12       3.85923E-04       8.53855E-10       4.16607E-10
       2.22500E-06       2.25000E-06       2.23750E-06       2.50001E-08       9.75709E-12       3.90282E-04       8.73256E-10       4.26364E-10
       2.25000E-06       2.27500E-06       2.26250E-06       2.50001E-08       9.86602E-12       3.94639E-04       8.92871E-10       4.36230E-10
       2.27500E-06       2.30000E-06       2.28750E-06       2.49999E-08       9.97508E-12       3.99005E-04       9.12725E-10       4.46206E-10
       2.30000E-06       2.32500E-06       2.31250E-06       2.50001E-08       1.00841E-11       4.03364E-04       9.32779E-10       4.56290E-10
       2.32500E-06       2.35000E-06       2.33750E-06       2.49999E-08       1.01931E-11       4.07725E-04       9.53057E-10       4.66483E-10
       2.35000E-06       2.37500E-06       2.36250E-06       2.50001E-08       1.03021E-11       4.12083E-04       9.73547E-10       4.76785E-10
       2.37500E-06       2.40000E-06       2.38750E-06       2.50001E-08       1.04112E-11       4.16446E-04       9.94265E-10       4.87196E-10
       2.40000E-06       2.42500E-06       2.41250E-06       2.49999E-08       1.05201E-11       4.20807E-04       1.01520E-09       4.97716E-10
       2.42500E-06       2.45000E-06       2.43750E-06       2.50001E-08       1.06292E-11       4.25165E-04       1.03634E-09       5.08345E-10
       2.45000E-06       2.47500E-06       2.46250E-06       2.49999E-08       1.07382E-11       4.29532E-04       1.05772E-09       5.19084E-10
       2.47500E-06       2.50000E-06       2.48750E-06       2.50001E-08       1.08472E-11       4.33885E-04       1.07929E-09       5.29931E-10
       2.50000E-06       2.52500E-06       2.51250E-06       2.50001E-08       1.09562E-11       4.38247E-04       1.10110E-09       5.40887E-10
       2.52500E-06       2.55000E-06       2.53750E-06       2.49999E-08       1.10653E-11       4.42614E-04       1.12313E-09       5.51952E-10
       2.55000E-06       2.57500E-06       2.56250E-06       2.50001E-08       1.11743E-11       4.46972E-04       1.14537E-09       5.63127E-10
       2.57500E-06       2.60000E-06       2.58750E-06       2.49999E-08       1.12833E-11       4.51334E-04       1.16783E-09       5.74410E-10
       2.60000E-06       2.62500E-06       2.61250E-06       2.50001E-08       1.13923E-11       4.55692E-04       1.19049E-09       5.85802E-10
       2.62500E-06       2.65000E-06       2.63750E-06       2.50001E-08       1.15014E-11       4.60054E-04       1.21339E-09       5.97304E-10
       2.65000E-06       2.67500E-06       2.66250E-06       2.49999E-08       1.16103E-11       4.64416E-04       1.23651E-09       6.08914E-10
       2.67500E-06       2.70000E-06       2.68750E-06       2.50001E-08       1.17194E-11       4.68774E-04       1.25983E-09       6.20633E-10
       2.70000E-06       2.72500E-06       2.71250E-06       2.49999E-08       1.18284E-11       4.73141E-04       1.28339E-09       6.32462E-10
       2.72500E-06       2.75000E-06       2.73750E-06       2.50001E-08       1.19374E-11       4.77493E-04       1.30714E-09       6.44399E-10
       2.75000E-06       2.77500E-06       2.76250E-06       2.50001E-08       1.20464E-11       4.81856E-04       1.33113E-09       6.56446E-10
       2.77500E-06       2.80000E-06       2.78750E-06       2.49999E-08       1.21555E-11       4.86223E-04       1.35535E-09       6.68601E-10
       2.80000E-06       2.82500E-06       2.81250E-06       2.50001E-08       1.22644E-11       4.90575E-04       1.37974E-09       6.80865E-10
       2.82500E-06       2.85000E-06       2.83750E-06       2.49999E-08       1.23735E-11       4.94942E-04       1.40440E-09       6.93239E-10
       2.85000E-06       2.87500E-06       2.86250E-06       2.50001E-08       1.24825E-11       4.99300E-04       1.42925E-09       7.05722E-10
       2.87500E-06       2.90000E-06       2.88750E-06       2.50001E-08       1.25915E-11       5.03657E-04       1.45431E-09       7.18313E-10
       2.90000E-06       2.92500E-06       2.91250E-06       2.49999E-08       1.27005E-11       5.08024E-04       1.47962E-09       7.31014E-10
       2.92500E-06       2.95000E-06       2.93750E-06       2.50001E-08       1.28096E-11       5.12382E-04       1.50512E-09       7.43823E-10
       2.95000E-06       2.97500E-06       2.96250E-06       2.49999E-08       1.29185E-11       5.16744E-04       1.53085E-09       7.56742E-10
       2.97500E-06       3.00000E-06       2.98750E-06       2.50001E-08       1.30276E-11       5.21101E-04       1.55679E-09       7.69769E-10
       3.00000E-06       3.02500E-06       3.01250E-06       2.50001E-08       1.31366E-11       5.25464E-04       1.58296E-09       7.82906E-10
       3.02500E-06       3.05000E-06       3.03750E-06       2.49999E-08       1.32456E-11       5.29826E-04       1.60935E-09       7.96151E-10
       3.05000E-06       3.07500E-06       3.06250E-06       2.50001E-08       1.33546E-11       5.34183E-04       1.63594E-09       8.09506E-10
       3.07500E-06       3.10000E-06       3.08750E-06       2.49999E-08       1.34637E-11       5.38551E-04       1.66278E-09       8.22970E-10
       3.10000E-06       3.12500E-06       3.11250E-06       2.50001E-08       1.35730E-11       5.42919E-04       1.68984E-09       8.36543E-10
       3.12500E-06       3.15000E-06       3.13750E-06       2.50001E-08       1.36815E-11       5.47260E-04       1.71703E-09       8.50224E-10
       3.15000E-06       3.17500E-06       3.16250E-06       2.49999E-08       1.37901E-11       5.51606E-04       1.74445E-09       8.64014E-10
       3.17500E-06       3.20000E-06       3.18750E-06       2.50001E-08       1.38999E-11       5.55996E-04       1.77224E-09       8.77914E-10
       3.20000E-06       3.22500E-06       3.21250E-06       2.49999E-08       1.40085E-11       5.60342E-04       1.80010E-09       8.91923E-10
       3.22500E-06       3.25000E-06       3.23750E-06       2.50001E-08       1.41183E-11       5.64731E-04       1.82832E-09       9.06041E-10
       3.25000E-06       3.27500E-06       3.26250E-06       2.50001E-08       1.42269E-11       5.69072E-04       1.85660E-09       9.20268E-10
       3.27500E-06       3.30000E-06       3.28750E-06       2.49999E-08       1.43354E-11       5.73418E-04       1.88511E-09       9.34603E-10
       3.30000E-06       3.32500E-06       3.31250E-06       2.50001E-08       1.44453E-11       5.77808E-04       1.91399E-09       9.49049E-10
       3.32500E-06       3.35000E-06       3.33750E-06       2.49999E-08       1.45538E-11       5.82154E-04       1.94294E-09       9.63602E-10
       3.35000E-06       3.37500E-06       3.36250E-06       2.50001E-08       1.46623E-11       5.86489E-04       1.97207E-09       9.78265E-10
       3.37500E-06       3.40000E-06       3.38750E-06       2.50001E-08       1.47722E-11       5.90884E-04       2.00162E-09       9.93037E-10
       3.40000E-06       3.42500E-06       3.41250E-06       2.49999E-08       1.48807E-11       5.95231E-04       2.03123E-09       1.00792E-09
       3.42500E-06       3.45000E-06       3.43750E-06       2.50001E-08       1.49906E-11       5.99620E-04       2.06119E-09       1.02291E-09
       3.45000E-06       3.47500E-06       3.46250E-06       2.49999E-08       1.50991E-11       6.03967E-04       2.09123E-09       1.03801E-09
       3.47500E-06       3.50000E-06       3.48750E-06       2.50001E-08       1.52076E-11       6.08302E-04       2.12145E-09       1.05321E-09
       3.50000E-06       3.52500E-06       3.51250E-06       2.50001E-08       1.53175E-11       6.12697E-04       2.15210E-09       1.06853E-09
       3.52500E-06       3.55000E-06       3.53750E-06       2.49999E-08       1.54260E-11       6.17043E-04       2.18279E-09       1.08396E-09
       3.55000E-06       3.57500E-06       3.56250E-06       2.50001E-08       1.55345E-11       6.21378E-04       2.21366E-09       1.09949E-09
       3.57500E-06       3.60000E-06       3.58750E-06       2.49999E-08       1.56444E-11       6.25779E-04       2.24498E-09       1.11514E-09
       3.60000E-06       3.62500E-06       3.61250E-06       2.50001E-08       1.57529E-11       6.30114E-04       2.27629E-09       1.13089E-09
       3.62500E-06       3.65000E-06       3.63750E-06       2.50001E-08       1.58614E-11       6.34455E-04       2.30783E-09       1.14675E-09
       3.65000E-06       3.67500E-06       3.66250E-06       2.49999E-08       1.59713E-11       6.38856E-04       2.33981E-09       1.16272E-09
       3.67500E-06       3.70000E-06       3.68750E-06       2.50001E-08       1.60798E-11       6.43190E-04       2.37176E-09       1.17880E-09
       3.70000E-06       3.72500E-06       3.71250E-06       2.49999E-08       1.61897E-11       6.47592E-04       2.40418E-09       1.19499E-09
       3.72500E-06       3.75000E-06       3.73750E-06       2.50001E-08       1.62982E-11       6.51926E-04       2.43657E-09       1.21129E-09
       3.75000E-06       3.77500E-06       3.76250E-06       2.50001E-08       1.64067E-11       6.56267E-04       2.46920E-09       1.22770E-09
       3.77500E-06       3.80000E-06       3.78750E-06       2.49999E-08       1.65166E-11       6.60668E-04       2.50228E-09       1.24421E-09
       3.80000E-06       3.82500E-06       3.81250E-06       2.50001E-08       1.66251E-11       6.65003E-04       2.53532E-09       1.26084E-09
       3.82500E-06       3.85000E-06       3.83750E-06       2.49999E-08       1.67336E-11       6.69350E-04       2.56863E-09       1.27757E-09
       3.85000E-06       3.87500E-06       3.86250E-06       2.50001E-08       1.68435E-11       6.73738E-04       2.60231E-09       1.29442E-09
       3.87500E-06       3.90000E-06       3.88750E-06       2.50001E-08       1.69520E-11       6.78079E-04       2.63603E-09       1.31137E-09
       3.90000E-06       3.92500E-06       3.91250E-06       2.49999E-08       1.70606E-11       6.82426E-04       2.66999E-09       1.32843E-09
       3.92500E-06       3.95000E-06       3.93750E-06       2.50001E-08       1.71704E-11       6.86815E-04       2.70433E-09       1.34560E-09
       3.95000E-06       3.97500E-06       3.96250E-06       2.49999E-08       1.72790E-11       6.91162E-04       2.73873E-09       1.36288E-09
       3.97500E-06       4.00000E-06       3.98750E-06       2.50001E-08       1.73888E-11       6.95551E-04       2.77351E-09       1.38027E-09
       4.00000E-06       4.02500E-06       4.01250E-06       2.50001E-08       1.74974E-11       6.99891E-04       2.80831E-09       1.39776E-09
       4.02500E-06       4.05000E-06       4.03750E-06       2.50001E-08       1.76059E-11       7.04232E-04       2.84334E-09       1.41537E-09
       4.05000E-06       4.07500E-06       4.06250E-06       2.49996E-08       1.77157E-11       7.08641E-04       2.87885E-09       1.43309E-09
       4.07500E-06       4.10000E-06       4.08750E-06       2.50001E-08       1.78243E-11       7.12968E-04       2.91426E-09       1.45091E-09
       4.10000E-06       4.12500E-06       4.11250E-06       2.50001E-08       1.79328E-11       7.17309E-04       2.94993E-09       1.46884E-09
       4.12500E-06       4.15000E-06       4.13750E-06       2.50001E-08       1.80427E-11       7.21704E-04       2.98605E-09       1.48689E-09
       4.15000E-06       4.17500E-06       4.16250E-06       2.50001E-08       1.81512E-11       7.26044E-04       3.02216E-09       1.50504E-09
       4.17500E-06       4.20000E-06       4.18750E-06       2.49996E-08       1.82611E-11       7.30453E-04       3.05877E-09       1.52330E-09
       4.20000E-06       4.22500E-06       4.21250E-06       2.50001E-08       1.83696E-11       7.34780E-04       3.09526E-09       1.54167E-09
       4.22500E-06       4.25000E-06       4.23750E-06       2.50001E-08       1.84781E-11       7.39121E-04       3.13202E-09       1.56015E-09
       4.25000E-06       4.27500E-06       4.26250E-06       2.50001E-08       1.85880E-11       7.43516E-04       3.16924E-09       1.57873E-09
       4.27500E-06       4.30000E-06       4.28750E-06       2.50001E-08       1.86965E-11       7.47857E-04       3.20644E-09       1.59743E-09
       4.30000E-06       4.32500E-06       4.31250E-06       2.49996E-08       1.88050E-11       7.52212E-04       3.24391E-09       1.61624E-09
       4.32500E-06       4.35000E-06       4.33750E-06       2.50001E-08       1.89149E-11       7.56592E-04       3.28172E-09       1.63515E-09
       4.35000E-06       4.37500E-06       4.36250E-06       2.50001E-08       1.90234E-11       7.60933E-04       3.31957E-09       1.65417E-09
       4.37500E-06       4.40000E-06       4.38750E-06       2.50001E-08       1.91319E-11       7.65274E-04       3.35764E-09       1.67331E-09
       4.40000E-06       4.42500E-06       4.41250E-06       2.50001E-08       1.92418E-11       7.69669E-04       3.39616E-09       1.69255E-09
       4.42500E-06       4.45000E-06       4.43750E-06       2.49996E-08       1.93503E-11       7.74024E-04       3.43473E-09       1.71190E-09
       4.45000E-06       4.47500E-06       4.46250E-06       2.50001E-08       1.94602E-11       7.78405E-04       3.47363E-09       1.73136E-09
       4.47500E-06       4.50000E-06       4.48750E-06       2.50001E-08       1.95687E-11       7.82745E-04       3.51257E-09       1.75093E-09
       4.50000E-06       4.52500E-06       4.51250E-06       2.50001E-08       1.96772E-11       7.87086E-04       3.55173E-09       1.77060E-09
       4.52500E-06       4.55000E-06       4.53750E-06       2.50001E-08       1.97871E-11       7.91481E-04       3.59135E-09       1.79039E-09
       4.55000E-06       4.57500E-06       4.56250E-06       2.49996E-08       1.98956E-11       7.95837E-04       3.63101E-09       1.81029E-09
       4.57500E-06       4.60000E-06       4.58750E-06       2.50001E-08       2.00041E-11       8.00163E-04       3.67075E-09       1.83029E-09
       4.60000E-06       4.62500E-06       4.61250E-06       2.50001E-08       2.01140E-11       8.04558E-04       3.71102E-09       1.85040E-09
       4.62500E-06       4.65000E-06       4.63750E-06       2.50001E-08       2.02225E-11       8.08898E-04       3.75127E-09       1.87063E-09
       4.65000E-06       4.67500E-06       4.66250E-06       2.50001E-08       2.03324E-11       8.13294E-04       3.79198E-09       1.89096E-09
       4.67500E-06       4.70000E-06       4.68750E-06       2.49996E-08       2.04409E-11       8.17650E-04       3.83273E-09       1.91140E-09
       4.70000E-06       4.72500E-06       4.71250E-06       2.50001E-08       2.05495E-11       8.21975E-04       3.87356E-09       1.93195E-09
       4.72500E-06       4.75000E-06       4.73750E-06       2.50001E-08       2.06593E-11       8.26370E-04       3.91493E-09       1.95261E-09
       4.75000E-06       4.77500E-06       4.76250E-06       2.50001E-08       2.07678E-11       8.30711E-04       3.95626E-09       1.97338E-09
       4.77500E-06       4.80000E-06       4.78750E-06       2.50001E-08       2.08764E-11       8.35051E-04       3.99781E-09       1.99425E-09
       4.80000E-06       4.82500E-06       4.81250E-06       2.49996E-08       2.09862E-11       8.39462E-04       4.03991E-09       2.01524E-09
       4.82500E-06       4.85000E-06       4.83750E-06       2.50001E-08       2.10948E-11       8.43787E-04       4.08182E-09       2.03633E-09
       4.85000E-06       4.87500E-06       4.86250E-06       2.50001E-08       2.12033E-11       8.48128E-04       4.12402E-09       2.05754E-09
       4.87500E-06       4.90000E-06       4.88750E-06       2.50001E-08       2.13132E-11       8.52523E-04       4.16671E-09       2.07885E-09
       4.90000E-06       4.92500E-06       4.91250E-06       2.50001E-08       2.14217E-11       8.56864E-04       4.20934E-09       2.10027E-09
       4.92500E-06       4.95000E-06       4.93750E-06       2.49996E-08       2.15315E-11       8.61275E-04       4.25255E-09       2.12180E-09
       4.95000E-06       4.97500E-06       4.96250E-06       2.50001E-08       2.16401E-11       8.65599E-04       4.29554E-09       2.14344E-09
       4.97500E-06       5.00000E-06       4.98750E-06       2.50001E-08       2.17486E-11       8.69940E-04       4.33883E-09       2.16519E-09
       5.00000E-06       5.02500E-06       5.01250E-06       2.50001E-08       2.18585E-11       8.74335E-04       4.38261E-09       2.18705E-09
       5.02500E-06       5.05000E-06       5.03750E-06       2.50001E-08       2.19670E-11       8.78676E-04       4.42633E-09       2.20902E-09
       5.05000E-06       5.07500E-06       5.06250E-06       2.49996E-08       2.20755E-11       8.83033E-04       4.47036E-09       2.23109E-09
       5.07500E-06       5.10000E-06       5.08750E-06       2.50001E-08       2.21854E-11       8.87412E-04       4.51471E-09       2.25328E-09
       5.10000E-06       5.12500E-06       5.11250E-06       2.50001E-08       2.22939E-11       8.91752E-04       4.55908E-09       2.27557E-09
       5.12500E-06       5.15000E-06       5.13750E-06       2.50001E-08       2.24024E-11       8.96093E-04       4.60368E-09       2.29798E-09
       5.15000E-06       5.17500E-06       5.16250E-06       2.50001E-08       2.25123E-11       9.00488E-04       4.64877E-09       2.32049E-09
       5.17500E-06       5.20000E-06       5.18750E-06       2.49996E-08       2.26208E-11       9.04846E-04       4.69389E-09       2.34311E-09
       5.20000E-06       5.22500E-06       5.21250E-06       2.50001E-08       2.27307E-11       9.09224E-04       4.73933E-09       2.36584E-09
       5.22500E-06       5.25000E-06       5.23750E-06       2.50001E-08       2.28392E-11       9.13565E-04       4.78479E-09       2.38868E-09
       5.25000E-06       5.27500E-06       5.26250E-06       2.50001E-08       2.29477E-11       9.17905E-04       4.83048E-09       2.41163E-09
       5.27500E-06       5.30000E-06       5.28750E-06       2.50001E-08       2.30576E-11       9.22301E-04       4.87666E-09       2.43468E-09
       5.30000E-06       5.32500E-06       5.31250E-06       2.49996E-08       2.31661E-11       9.26659E-04       4.92288E-09       2.45785E-09
       5.32500E-06       5.35000E-06       5.33750E-06       2.50001E-08       2.32746E-11       9.30982E-04       4.96912E-09       2.48112E-09
       5.35000E-06       5.37500E-06       5.36250E-06       2.50001E-08       2.33845E-11       9.35377E-04       5.01596E-09       2.50451E-09
       5.37500E-06       5.40000E-06       5.38750E-06       2.50001E-08       2.34930E-11       9.39718E-04       5.06273E-09       2.52800E-09
       5.40000E-06       5.42500E-06       5.41250E-06       2.50001E-08       2.36029E-11       9.44113E-04       5.11001E-09       2.55160E-09
       5.42500E-06       5.45000E-06       5.43750E-06       2.49996E-08       2.37114E-11       9.48472E-04       5.15731E-09       2.57532E-09
       5.45000E-06       5.47500E-06       5.46250E-06       2.50001E-08       2.38199E-11       9.52794E-04       5.20464E-09       2.59914E-09
       5.47500E-06       5.50000E-06       5.48750E-06       2.50001E-08       2.39298E-11       9.57189E-04       5.25258E-09       2.62307E-09
       5.50000E-06       5.52500E-06       5.51250E-06       2.50001E-08       2.40383E-11       9.61530E-04       5.30043E-09       2.64710E-09
       5.52500E-06       5.55000E-06       5.53750E-06       2.50001E-08       2.41469E-11       9.65871E-04       5.34851E-09       2.67125E-09
       5.55000E-06       5.57500E-06       5.56250E-06       2.49996E-08       2.42567E-11       9.70284E-04       5.39721E-09       2.69551E-09
       5.57500E-06       5.60000E-06       5.58750E-06       2.50001E-08       2.43653E-11       9.74606E-04       5.44561E-09       2.71987E-09
       5.60000E-06       5.62500E-06       5.61250E-06       2.50001E-08       2.44738E-11       9.78947E-04       5.49434E-09       2.74435E-09
       5.62500E-06       5.65000E-06       5.63750E-06       2.50001E-08       2.45836E-11       9.83342E-04       5.54359E-09       2.76893E-09
       5.65000E-06       5.67500E-06       5.66250E-06       2.50001E-08       2.46922E-11       9.87683E-04       5.59276E-09       2.79362E-09
       5.67500E-06       5.70000E-06       5.68750E-06       2.49996E-08       2.48020E-11       9.92097E-04       5.64255E-09       2.81843E-09
       5.70000E-06       5.72500E-06       5.71250E-06       2.50001E-08       2.49106E-11       9.96419E-04       5.69204E-09       2.84334E-09
       5.72500E-06       5.75000E-06       5.73750E-06       2.50001E-08       2.50191E-11       1.00076E-03       5.74186E-09       2.86835E-09
       5.75000E-06       5.77500E-06       5.76250E-06       2.50001E-08       2.51290E-11       1.00515E-03       5.79220E-09       2.89348E-09
       5.77500E-06       5.80000E-06       5.78750E-06       2.50001E-08       2.52375E-11       1.00950E-03       5.84245E-09       2.91872E-09
       5.80000E-06       5.82500E-06       5.81250E-06       2.49996E-08       2.53460E-11       1.01386E-03       5.89303E-09       2.94407E-09
       5.82500E-06       5.85000E-06       5.83750E-06       2.50001E-08       2.54559E-11       1.01823E-03       5.94392E-09       2.96952E-09
       5.85000E-06       5.87500E-06       5.86250E-06       2.50001E-08       2.55644E-11       1.02257E-03       5.99483E-09       2.99509E-09
       5.87500E-06       5.90000E-06       5.88750E-06       2.50001E-08       2.56743E-11       1.02697E-03       6.04627E-09       3.02076E-09
       5.90000E-06       5.92500E-06       5.91250E-06       2.50001E-08       2.57828E-11       1.03131E-03       6.09761E-09       3.04654E-09
       5.92500E-06       5.95000E-06       5.93750E-06       2.49996E-08       2.58913E-11       1.03567E-03       6.14928E-09       3.07244E-09
       5.95000E-06       5.97500E-06       5.96250E-06       2.50001E-08       2.60012E-11       1.04004E-03       6.20126E-09       3.09844E-09
       5.97500E-06       6.00000E-06       5.98750E-06       2.50001E-08       2.61097E-11       1.04438E-03       6.25325E-09       3.12455E-09
       6.00000E-06       6.02500E-06       6.01250E-06       2.50001E-08       2.62182E-11       1.04872E-03       6.30546E-09       3.15076E-09
       6.02500E-06       6.05000E-06       6.03750E-06       2.50001E-08       2.63281E-11       1.05312E-03       6.35821E-09       3.17709E-09
       6.05000E-06       6.07500E-06       6.06250E-06       2.49996E-08       2.64366E-11       1.05748E-03       6.41098E-09       3.20353E-09
       6.07500E-06       6.10000E-06       6.08750E-06       2.50001E-08       2.65451E-11       1.06180E-03       6.46371E-09       3.23007E-09
       6.10000E-06       6.12500E-06       6.11250E-06       2.50001E-08       2.66550E-11       1.06620E-03       6.51712E-09       3.25673E-09
       6.12500E-06       6.15000E-06       6.13750E-06       2.50001E-08       2.67635E-11       1.07054E-03       6.57042E-09       3.28349E-09
       6.15000E-06       6.17500E-06       6.16250E-06       2.50001E-08       2.68734E-11       1.07493E-03       6.62427E-09       3.31037E-09
       6.17500E-06       6.20000E-06       6.18750E-06       2.49996E-08       2.69819E-11       1.07929E-03       6.67813E-09       3.33735E-09
       6.20000E-06       6.22500E-06       6.21250E-06       2.50001E-08       2.70904E-11       1.08361E-03       6.73195E-09       3.36444E-09
       6.22500E-06       6.25000E-06       6.23750E-06       2.50001E-08       2.72003E-11       1.08801E-03       6.78645E-09       3.39164E-09
       6.25000E-06       6.27500E-06       6.26250E-06       2.50001E-08       2.73088E-11       1.09235E-03       6.84084E-09       3.41895E-09
       6.27500E-06       6.30000E-06       6.28750E-06       2.50001E-08       2.74174E-11       1.09669E-03       6.89544E-09       3.44637E-09
       6.30000E-06       6.32500E-06       6.31250E-06       2.49996E-08       2.75272E-11       1.10111E-03       6.95073E-09       3.47389E-09
       6.32500E-06       6.35000E-06       6.33750E-06       2.50001E-08       2.76358E-11       1.10543E-03       7.00564E-09       3.50153E-09
       6.35000E-06       6.37500E-06       6.36250E-06       2.50001E-08       2.77443E-11       1.10977E-03       7.06089E-09       3.52927E-09
       6.37500E-06       6.40000E-06       6.38750E-06       2.50001E-08       2.78541E-11       1.11416E-03       7.11671E-09       3.55713E-09
       6.40000E-06       6.42500E-06       6.41250E-06       2.50001E-08       2.79627E-11       1.11850E-03       7.17240E-09       3.58509E-09
       6.42500E-06       6.45000E-06       6.43750E-06       2.49996E-08       2.80725E-11       1.12292E-03       7.22879E-09       3.61316E-09
       6.45000E-06       6.47500E-06       6.46250E-06       2.50001E-08       2.81811E-11       1.12724E-03       7.28478E-09       3.64134E-09
       6.47500E-06       6.50000E-06       6.48750E-06       2.50001E-08       2.82896E-11       1.13158E-03       7.34112E-09       3.66963E-09
       6.50000E-06       6.52500E-06       6.51250E-06       2.50001E-08       2.83995E-11       1.13597E-03       7.39803E-09       3.69803E-09
       6.52500E-06       6.55000E-06       6.53750E-06       2.50001E-08       2.85080E-11       1.14031E-03       7.45481E-09       3.72654E-09
       6.55000E-06       6.57500E-06       6.56250E-06       2.49996E-08       2.86165E-11       1.14468E-03       7.51194E-09       3.75516E-09
       6.57500E-06       6.60000E-06       6.58750E-06       2.50001E-08       2.87264E-11       1.14905E-03       7.56937E-09       3.78388E-09
       6.60000E-06       6.62500E-06       6.61250E-06       2.50001E-08       2.88349E-11       1.15339E-03       7.62680E-09       3.81272E-09
       6.62500E-06       6.65000E-06       6.63750E-06       2.50001E-08       2.89448E-11       1.15779E-03       7.68481E-09       3.84166E-09
       6.65000E-06       6.67500E-06       6.66250E-06       2.50001E-08       2.90533E-11       1.16213E-03       7.74267E-09       3.87072E-09
       6.67500E-06       6.70000E-06       6.68750E-06       2.49996E-08       2.91618E-11       1.16649E-03       7.80090E-09       3.89988E-09
       6.70000E-06       6.72500E-06       6.71250E-06       2.50001E-08       2.92717E-11       1.17086E-03       7.85942E-09       3.92915E-09
       6.72500E-06       6.75000E-06       6.73750E-06       2.50001E-08       2.93802E-11       1.17520E-03       7.91793E-09       3.95853E-09
       6.75000E-06       6.77500E-06       6.76250E-06       2.50001E-08       2.94887E-11       1.17954E-03       7.97667E-09       3.98802E-09
       6.77500E-06       6.80000E-06       6.78750E-06       2.50001E-08       2.95986E-11       1.18394E-03       8.03599E-09       4.01762E-09
       6.80000E-06       6.82500E-06       6.81250E-06       2.49996E-08       2.97071E-11       1.18830E-03       8.09531E-09       4.04732E-09
       6.82500E-06       6.85000E-06       6.83750E-06       2.50001E-08       2.98156E-11       1.19262E-03       8.15454E-09       4.07714E-09
       6.85000E-06       6.87500E-06       6.86250E-06       2.50001E-08       2.99255E-11       1.19702E-03       8.21452E-09       4.10706E-09
       6.87500E-06       6.90000E-06       6.88750E-06       2.50001E-08       3.00340E-11       1.20136E-03       8.27434E-09       4.13710E-09
       6.90000E-06       6.92500E-06       6.91250E-06       2.50001E-08       3.01439E-11       1.20575E-03       8.33476E-09       4.16724E-09
       6.92500E-06       6.95000E-06       6.93750E-06       2.49996E-08       3.02524E-11       1.21012E-03       8.39517E-09       4.19750E-09
       6.95000E-06       6.97500E-06       6.96250E-06       2.50001E-08       3.03609E-11       1.21443E-03       8.45549E-09       4.22786E-09
       6.97500E-06       7.00000E-06       6.98750E-06       2.50001E-08       3.04708E-11       1.21883E-03       8.51656E-09       4.25833E-09
       7.00000E-06       7.02500E-06       7.01250E-06       2.50001E-08       3.05793E-11       1.22317E-03       8.57747E-09       4.28891E-09
       7.02500E-06       7.05000E-06       7.03750E-06       2.50001E-08       3.06879E-11       1.22751E-03       8.63860E-09       4.31959E-09
       7.05000E-06       7.07500E-06       7.06250E-06       2.49996E-08       3.07977E-11       1.23193E-03       8.70049E-09       4.35039E-09
       7.07500E-06       7.10000E-06       7.08750E-06       2.50001E-08       3.09062E-11       1.23624E-03       8.76189E-09       4.38130E-09
       7.10000E-06       7.12500E-06       7.11250E-06       2.50001E-08       3.10161E-11       1.24064E-03       8.82405E-09       4.41231E-09
       7.12500E-06       7.15000E-06       7.13750E-06       2.50001E-08       3.11246E-11       1.24498E-03       8.88605E-09       4.44344E-09
       7.15000E-06       7.17500E-06       7.16250E-06       2.50001E-08       3.12332E-11       1.24932E-03       8.94827E-09       4.47467E-09
       7.17500E-06       7.20000E-06       7.18750E-06       2.49996E-08       3.13430E-11       1.25374E-03       9.01126E-09       4.50602E-09
       7.20000E-06       7.22500E-06       7.21250E-06       2.50001E-08       3.14516E-11       1.25806E-03       9.07374E-09       4.53747E-09
       7.22500E-06       7.25000E-06       7.23750E-06       2.50001E-08       3.15601E-11       1.26240E-03       9.13661E-09       4.56903E-09
       7.25000E-06       7.27500E-06       7.26250E-06       2.50001E-08       3.16700E-11       1.26679E-03       9.20009E-09       4.60070E-09
       7.27500E-06       7.30000E-06       7.28750E-06       2.50001E-08       3.17785E-11       1.27113E-03       9.26339E-09       4.63248E-09
       7.30000E-06       7.32500E-06       7.31250E-06       2.49996E-08       3.18870E-11       1.27550E-03       9.32709E-09       4.66436E-09
       7.32500E-06       7.35000E-06       7.33750E-06       2.50001E-08       3.19969E-11       1.27987E-03       9.39104E-09       4.69636E-09
       7.35000E-06       7.37500E-06       7.36250E-06       2.50001E-08       3.21054E-11       1.28421E-03       9.45500E-09       4.72846E-09
       7.37500E-06       7.40000E-06       7.38750E-06       2.50001E-08       3.22153E-11       1.28861E-03       9.51957E-09       4.76068E-09
       7.40000E-06       7.42500E-06       7.41250E-06       2.50001E-08       3.23238E-11       1.29295E-03       9.58396E-09       4.79300E-09
       7.42500E-06       7.45000E-06       7.43750E-06       2.49996E-08       3.24323E-11       1.29731E-03       9.64875E-09       4.82544E-09
       7.45000E-06       7.47500E-06       7.46250E-06       2.50001E-08       3.25422E-11       1.30168E-03       9.71380E-09       4.85798E-09
       7.47500E-06       7.50000E-06       7.48750E-06       2.50001E-08       3.26507E-11       1.30602E-03       9.77884E-09       4.89063E-09
       7.50000E-06       7.52500E-06       7.51250E-06       2.50001E-08       3.27592E-11       1.31036E-03       9.84410E-09       4.92339E-09
       7.52500E-06       7.55000E-06       7.53750E-06       2.50001E-08       3.28691E-11       1.31476E-03       9.90999E-09       4.95626E-09
       7.55000E-06       7.57500E-06       7.56250E-06       2.49996E-08       3.29776E-11       1.31912E-03       9.97588E-09       4.98923E-09
       7.57500E-06       7.60000E-06       7.58750E-06       2.50001E-08       3.30861E-11       1.32344E-03       1.00416E-08       5.02232E-09
       7.60000E-06       7.62500E-06       7.61250E-06       2.50001E-08       3.31960E-11       1.32783E-03       1.01081E-08       5.05552E-09
       7.62500E-06       7.65000E-06       7.63750E-06       2.50001E-08       3.33045E-11       1.33218E-03       1.01745E-08       5.08882E-09
       7.65000E-06       7.67500E-06       7.66250E-06       2.50001E-08       3.34144E-11       1.33657E-03       1.02415E-08       5.12224E-09
       7.67500E-06       7.70000E-06       7.68750E-06       2.49996E-08       3.35229E-11       1.34094E-03       1.03085E-08       5.15576E-09
       7.70000E-06       7.72500E-06       7.71250E-06       2.50001E-08       3.36314E-11       1.34525E-03       1.03753E-08       5.18939E-09
       7.72500E-06       7.75000E-06       7.73750E-06       2.50001E-08       3.37413E-11       1.34965E-03       1.04429E-08       5.22313E-09
       7.75000E-06       7.77500E-06       7.76250E-06       2.50001E-08       3.38498E-11       1.35399E-03       1.05103E-08       5.25698E-09
       7.77500E-06       7.80000E-06       7.78750E-06       2.50001E-08       3.39583E-11       1.35833E-03       1.05780E-08       5.29094E-09
       7.80000E-06       7.82500E-06       7.81250E-06       2.49996E-08       3.40682E-11       1.36275E-03       1.06465E-08       5.32501E-09
       7.82500E-06       7.85000E-06       7.83750E-06       2.50001E-08       3.41767E-11       1.36706E-03       1.07144E-08       5.35918E-09
       7.85000E-06       7.87500E-06       7.86250E-06       2.50001E-08       3.42866E-11       1.37146E-03       1.07831E-08       5.39347E-09
       7.87500E-06       7.90000E-06       7.88750E-06       2.50001E-08       3.43951E-11       1.37580E-03       1.08516E-08       5.42787E-09
       7.90000E-06       7.92500E-06       7.91250E-06       2.50001E-08       3.45037E-11       1.38014E-03       1.09204E-08       5.46237E-09
       7.92500E-06       7.95000E-06       7.93750E-06       2.49996E-08       3.46135E-11       1.38456E-03       1.09900E-08       5.49698E-09
       7.95000E-06       7.97500E-06       7.96250E-06       2.50001E-08       3.47220E-11       1.38888E-03       1.10589E-08       5.53171E-09
       7.97500E-06       8.00000E-06       7.98750E-06       2.50001E-08       3.48306E-11       1.39322E-03       1.11283E-08       5.56654E-09
       8.00000E-06       8.02500E-06       8.01250E-06       2.49996E-08       3.49404E-11       1.39764E-03       1.11986E-08       5.60148E-09
       8.02500E-06       8.05000E-06       8.03750E-06       2.50006E-08       3.50490E-11       1.40193E-03       1.12680E-08       5.63653E-09
       8.05000E-06       8.07500E-06       8.06250E-06       2.49996E-08       3.51575E-11       1.40632E-03       1.13385E-08       5.67168E-09
       8.07500E-06       8.10000E-06       8.08750E-06       2.50006E-08       3.52674E-11       1.41066E-03       1.14087E-08       5.70695E-09
       8.10000E-06       8.12500E-06       8.11250E-06       2.49996E-08       3.53759E-11       1.41506E-03       1.14796E-08       5.74233E-09
       8.12500E-06       8.15000E-06       8.13750E-06       2.49996E-08       3.54858E-11       1.41945E-03       1.15508E-08       5.77781E-09
       8.15000E-06       8.17500E-06       8.16250E-06       2.50006E-08       3.55943E-11       1.42374E-03       1.16213E-08       5.81341E-09
       8.17500E-06       8.20000E-06       8.18750E-06       2.49996E-08       3.57028E-11       1.42813E-03       1.16928E-08       5.84911E-09
       8.20000E-06       8.22500E-06       8.21250E-06       2.50006E-08       3.58127E-11       1.43247E-03       1.17642E-08       5.88492E-09
       8.22500E-06       8.25000E-06       8.23750E-06       2.49996E-08       3.59212E-11       1.43687E-03       1.18362E-08       5.92084E-09
       8.25000E-06       8.27500E-06       8.26250E-06       2.49996E-08       3.60297E-11       1.44121E-03       1.19080E-08       5.95687E-09
       8.27500E-06       8.30000E-06       8.28750E-06       2.50006E-08       3.61396E-11       1.44555E-03       1.19800E-08       5.99301E-09
       8.30000E-06       8.32500E-06       8.31250E-06       2.49996E-08       3.62481E-11       1.44995E-03       1.20527E-08       6.02926E-09
       8.32500E-06       8.35000E-06       8.33750E-06       2.50006E-08       3.63580E-11       1.45429E-03       1.21251E-08       6.06562E-09
       8.35000E-06       8.37500E-06       8.36250E-06       2.49996E-08       3.64665E-11       1.45868E-03       1.21982E-08       6.10208E-09
       8.37500E-06       8.40000E-06       8.38750E-06       2.49996E-08       3.65750E-11       1.46302E-03       1.22711E-08       6.13866E-09
       8.40000E-06       8.42500E-06       8.41250E-06       2.50006E-08       3.66849E-11       1.46736E-03       1.23442E-08       6.17534E-09
       8.42500E-06       8.45000E-06       8.43750E-06       2.49996E-08       3.67934E-11       1.47176E-03       1.24180E-08       6.21214E-09
       8.45000E-06       8.47500E-06       8.46250E-06       2.50006E-08       3.69019E-11       1.47604E-03       1.24910E-08       6.24904E-09
       8.47500E-06       8.50000E-06       8.48750E-06       2.49996E-08       3.70118E-11       1.48049E-03       1.25657E-08       6.28605E-09
       8.50000E-06       8.52500E-06       8.51250E-06       2.49996E-08       3.71203E-11       1.48484E-03       1.26397E-08       6.32317E-09
       8.52500E-06       8.55000E-06       8.53750E-06       2.50006E-08       3.72288E-11       1.48912E-03       1.27134E-08       6.36040E-09
       8.55000E-06       8.57500E-06       8.56250E-06       2.49996E-08       3.73387E-11       1.49357E-03       1.27887E-08       6.39774E-09
       8.57500E-06       8.60000E-06       8.58750E-06       2.50006E-08       3.74472E-11       1.49786E-03       1.28628E-08       6.43519E-09
       8.60000E-06       8.62500E-06       8.61250E-06       2.49996E-08       3.75571E-11       1.50231E-03       1.29386E-08       6.47274E-09
       8.62500E-06       8.65000E-06       8.63750E-06       2.49996E-08       3.76656E-11       1.50665E-03       1.30137E-08       6.51041E-09
       8.65000E-06       8.67500E-06       8.66250E-06       2.50006E-08       3.77741E-11       1.51093E-03       1.30884E-08       6.54818E-09
       8.67500E-06       8.70000E-06       8.68750E-06       2.49996E-08       3.78840E-11       1.51538E-03       1.31649E-08       6.58607E-09
       8.70000E-06       8.72500E-06       8.71250E-06       2.50006E-08       3.79925E-11       1.51967E-03       1.32401E-08       6.62406E-09
       8.72500E-06       8.75000E-06       8.73750E-06       2.49996E-08       3.81011E-11       1.52407E-03       1.33165E-08       6.66216E-09
       8.75000E-06       8.77500E-06       8.76250E-06       2.49996E-08       3.82109E-11       1.52846E-03       1.33931E-08       6.70037E-09
       8.77500E-06       8.80000E-06       8.78750E-06       2.50006E-08       3.83195E-11       1.53274E-03       1.34690E-08       6.73869E-09
       8.80000E-06       8.82500E-06       8.81250E-06       2.49996E-08       3.84280E-11       1.53714E-03       1.35461E-08       6.77712E-09
       8.82500E-06       8.85000E-06       8.83750E-06       2.50006E-08       3.85379E-11       1.54148E-03       1.36228E-08       6.81566E-09
       8.85000E-06       8.87500E-06       8.86250E-06       2.49996E-08       3.86464E-11       1.54588E-03       1.37003E-08       6.85430E-09
       8.87500E-06       8.90000E-06       8.88750E-06       2.49996E-08       3.87562E-11       1.55027E-03       1.37781E-08       6.89306E-09
       8.90000E-06       8.92500E-06       8.91250E-06       2.50006E-08       3.88648E-11       1.55456E-03       1.38550E-08       6.93193E-09
       8.92500E-06       8.95000E-06       8.93750E-06       2.49996E-08       3.89733E-11       1.55896E-03       1.39332E-08       6.97090E-09
       8.95000E-06       8.97500E-06       8.96250E-06       2.50006E-08       3.90832E-11       1.56329E-03       1.40110E-08       7.00998E-09
       8.97500E-06       9.00000E-06       8.98750E-06       2.49996E-08       3.91917E-11       1.56769E-03       1.40896E-08       7.04917E-09
       9.00000E-06       9.02500E-06       9.01250E-06       2.49996E-08       3.93002E-11       1.57203E-03       1.41679E-08       7.08847E-09
       9.02500E-06       9.05000E-06       9.03750E-06       2.50006E-08       3.94101E-11       1.57637E-03       1.42464E-08       7.12788E-09
       9.05000E-06       9.07500E-06       9.06250E-06       2.49996E-08       3.95186E-11       1.58077E-03       1.43257E-08       7.16740E-09
       9.07500E-06       9.10000E-06       9.08750E-06       2.50006E-08       3.96285E-11       1.58510E-03       1.44046E-08       7.20703E-09
       9.10000E-06       9.12500E-06       9.11250E-06       2.49996E-08       3.97370E-11       1.58950E-03       1.44844E-08       7.24677E-09
       9.12500E-06       9.15000E-06       9.13750E-06       2.49996E-08       3.98455E-11       1.59384E-03       1.45638E-08       7.28661E-09
       9.15000E-06       9.17500E-06       9.16250E-06       2.50006E-08       3.99554E-11       1.59818E-03       1.46433E-08       7.32657E-09
       9.17500E-06       9.20000E-06       9.18750E-06       2.49996E-08       4.00639E-11       1.60258E-03       1.47237E-08       7.36663E-09
       9.20000E-06       9.22500E-06       9.21250E-06       2.50006E-08       4.01724E-11       1.60686E-03       1.48032E-08       7.40680E-09
       9.22500E-06       9.25000E-06       9.23750E-06       2.49996E-08       4.02823E-11       1.61132E-03       1.48845E-08       7.44709E-09
       9.25000E-06       9.27500E-06       9.26250E-06       2.49996E-08       4.03908E-11       1.61566E-03       1.49650E-08       7.48748E-09
       9.27500E-06       9.30000E-06       9.28750E-06       2.50006E-08       4.04993E-11       1.61994E-03       1.50452E-08       7.52798E-09
       9.30000E-06       9.32500E-06       9.31250E-06       2.49996E-08       4.06092E-11       1.62439E-03       1.51272E-08       7.56859E-09
       9.32500E-06       9.35000E-06       9.33750E-06       2.50006E-08       4.07177E-11       1.62867E-03       1.52077E-08       7.60930E-09
       9.35000E-06       9.37500E-06       9.36250E-06       2.49996E-08       4.08276E-11       1.63313E-03       1.52902E-08       7.65013E-09
       9.37500E-06       9.40000E-06       9.38750E-06       2.49996E-08       4.09361E-11       1.63747E-03       1.53718E-08       7.69107E-09
       9.40000E-06       9.42500E-06       9.41250E-06       2.50006E-08       4.10446E-11       1.64175E-03       1.54530E-08       7.73211E-09
       9.42500E-06       9.45000E-06       9.43750E-06       2.49996E-08       4.11545E-11       1.64621E-03       1.55361E-08       7.77327E-09
       9.45000E-06       9.47500E-06       9.46250E-06       2.50006E-08       4.12630E-11       1.65048E-03       1.56177E-08       7.81453E-09
       9.47500E-06       9.50000E-06       9.48750E-06       2.49996E-08       4.13716E-11       1.65489E-03       1.57007E-08       7.85590E-09
       9.50000E-06       9.52500E-06       9.51250E-06       2.49996E-08       4.14814E-11       1.65928E-03       1.57839E-08       7.89738E-09
       9.52500E-06       9.55000E-06       9.53750E-06       2.50006E-08       4.15900E-11       1.66356E-03       1.58662E-08       7.93897E-09
       9.55000E-06       9.57500E-06       9.56250E-06       2.49996E-08       4.16998E-11       1.66802E-03       1.59504E-08       7.98067E-09
       9.57500E-06       9.60000E-06       9.58750E-06       2.50006E-08       4.18083E-11       1.67230E-03       1.60331E-08       8.02248E-09
       9.60000E-06       9.62500E-06       9.61250E-06       2.49996E-08       4.19169E-11       1.67670E-03       1.61173E-08       8.06440E-09
       9.62500E-06       9.65000E-06       9.63750E-06       2.49996E-08       4.20267E-11       1.68110E-03       1.62016E-08       8.10642E-09
       9.65000E-06       9.67500E-06       9.66250E-06       2.50006E-08       4.21353E-11       1.68537E-03       1.62849E-08       8.14856E-09
       9.67500E-06       9.70000E-06       9.68750E-06       2.49996E-08       4.22438E-11       1.68978E-03       1.63697E-08       8.19080E-09
       9.70000E-06       9.72500E-06       9.71250E-06       2.50006E-08       4.23537E-11       1.69411E-03       1.64540E-08       8.23316E-09
       9.72500E-06       9.75000E-06       9.73750E-06       2.49996E-08       4.24622E-11       1.69851E-03       1.65393E-08       8.27562E-09
       9.75000E-06       9.77500E-06       9.76250E-06       2.49996E-08       4.25707E-11       1.70285E-03       1.66241E-08       8.31819E-09
       9.77500E-06       9.80000E-06       9.78750E-06       2.50006E-08       4.26806E-11       1.70718E-03       1.67091E-08       8.36087E-09
       9.80000E-06       9.82500E-06       9.81250E-06       2.49996E-08       4.27891E-11       1.71159E-03       1.67950E-08       8.40366E-09
       9.82500E-06       9.85000E-06       9.83750E-06       2.50006E-08       4.28990E-11       1.71592E-03       1.68804E-08       8.44656E-09
       9.85000E-06       9.87500E-06       9.86250E-06       2.49996E-08       4.30075E-11       1.72033E-03       1.69667E-08       8.48957E-09
       9.87500E-06       9.90000E-06       9.88750E-06       2.49996E-08       4.31160E-11       1.72467E-03       1.70526E-08       8.53268E-09
       9.90000E-06       9.92500E-06       9.91250E-06       2.50006E-08       4.32259E-11       1.72900E-03       1.71387E-08       8.57591E-09
       9.92500E-06       9.95000E-06       9.93750E-06       2.49996E-08       4.33344E-11       1.73340E-03       1.72257E-08       8.61924E-09
       9.95000E-06       9.97500E-06       9.96250E-06       2.50006E-08       4.34429E-11       1.73768E-03       1.73116E-08       8.66268E-09
       9.97500E-06       1.00000E-05       9.98750E-06       2.49996E-08       4.35528E-11       1.74214E-03       1.73996E-08       8.70624E-09
       1.00000E-05       1.04713E-05       1.02356E-05       4.71300E-07       8.41430E-10       1.78534E-03       1.82741E-08       9.54767E-09
       1.04713E-05       1.09648E-05       1.07180E-05       4.93500E-07       9.22589E-10       1.86948E-03       2.00372E-08       1.04703E-08
       1.09648E-05       1.14815E-05       1.12232E-05       5.16700E-07       1.01163E-09       1.95787E-03       2.19734E-08       1.14819E-08
       1.14815E-05       1.20226E-05       1.17521E-05       5.41101E-07       1.10920E-09       2.04990E-03       2.40905E-08       1.25911E-08
       1.20226E-05       1.25892E-05       1.23059E-05       5.66600E-07       1.21623E-09       2.14654E-03       2.64151E-08       1.38073E-08
       1.25892E-05       1.31826E-05       1.28859E-05       5.93400E-07       1.33358E-09       2.24735E-03       2.89591E-08       1.51409E-08
       1.31826E-05       1.38038E-05       1.34932E-05       6.21200E-07       1.46221E-09       2.35385E-03       3.17610E-08       1.66031E-08
       1.38038E-05       1.44544E-05       1.41291E-05       6.50600E-07       1.60332E-09       2.46436E-03       3.48192E-08       1.82064E-08
       1.44544E-05       1.51356E-05       1.47950E-05       6.81200E-07       1.75797E-09       2.58069E-03       3.81814E-08       1.99644E-08
       1.51356E-05       1.58489E-05       1.54922E-05       7.13300E-07       1.92760E-09       2.70237E-03       4.18657E-08       2.18920E-08
       1.58489E-05       1.65959E-05       1.62224E-05       7.47000E-07       2.11357E-09       2.82942E-03       4.58999E-08       2.40056E-08
       1.65959E-05       1.73780E-05       1.69869E-05       7.82101E-07       2.31748E-09       2.96315E-03       5.03348E-08       2.63230E-08
       1.73780E-05       1.81970E-05       1.77875E-05       8.19000E-07       2.54106E-09       3.10263E-03       5.51881E-08       2.88641E-08
       1.81970E-05       1.90546E-05       1.86258E-05       8.57599E-07       2.78623E-09       3.24887E-03       6.05128E-08       3.16503E-08
       1.90546E-05       1.99526E-05       1.95036E-05       8.98001E-07       3.05500E-09       3.40201E-03       6.63514E-08       3.47053E-08
       1.99526E-05       2.08930E-05       2.04228E-05       9.40399E-07       3.34978E-09       3.56209E-03       7.27478E-08       3.80551E-08
       2.08930E-05       2.18776E-05       2.13853E-05       9.84600E-07       3.66960E-09       3.72700E-03       7.97029E-08       4.17247E-08
       2.18776E-05       2.29087E-05       2.23932E-05       1.03110E-06       3.95343E-09       3.83418E-03       8.58595E-08       4.56781E-08
       2.29087E-05       2.39883E-05       2.34485E-05       1.07960E-06       4.22917E-09       3.91735E-03       9.18559E-08       4.99073E-08
       2.39883E-05       2.51189E-05       2.45536E-05       1.13060E-06       4.52651E-09       4.00363E-03       9.83036E-08       5.44338E-08
       2.51189E-05       2.63027E-05       2.57108E-05       1.18380E-06       4.84737E-09       4.09476E-03       1.05279E-07       5.92812E-08
       2.63027E-05       2.75423E-05       2.69225E-05       1.23960E-06       5.19368E-09       4.18981E-03       1.12800E-07       6.44749E-08
       2.75423E-05       2.88403E-05       2.81913E-05       1.29800E-06       5.56770E-09       4.28944E-03       1.20925E-07       7.00426E-08
       2.88403E-05       3.01995E-05       2.95199E-05       1.35920E-06       5.97179E-09       4.39361E-03       1.29699E-07       7.60144E-08
       3.01995E-05       3.16228E-05       3.09111E-05       1.42330E-06       6.40862E-09       4.50265E-03       1.39182E-07       8.24230E-08
       3.16228E-05       3.31131E-05       3.23679E-05       1.49030E-06       6.87823E-09       4.61534E-03       1.49389E-07       8.93012E-08
       3.31131E-05       3.46737E-05       3.38934E-05       1.56060E-06       7.36485E-09       4.71924E-03       1.59951E-07       9.66661E-08
       3.46737E-05       3.63078E-05       3.54907E-05       1.63410E-06       7.88465E-09       4.82506E-03       1.71245E-07       1.04551E-07
       3.63078E-05       3.80189E-05       3.71634E-05       1.71110E-06       8.44564E-09       4.93579E-03       1.83430E-07       1.12996E-07
       3.80189E-05       3.98107E-05       3.89148E-05       1.79180E-06       9.05138E-09       5.05156E-03       1.96581E-07       1.22048E-07
       3.98107E-05       4.16869E-05       4.07488E-05       1.87620E-06       9.70565E-09       5.17303E-03       2.10795E-07       1.31753E-07
       4.16869E-05       4.36516E-05       4.26692E-05       1.96470E-06       1.04117E-08       5.29938E-03       2.26121E-07       1.42165E-07
       4.36516E-05       4.57088E-05       4.46802E-05       2.05720E-06       1.11469E-08       5.41848E-03       2.42099E-07       1.53312E-07
       4.57088E-05       4.78630E-05       4.67859E-05       2.15420E-06       1.19241E-08       5.53530E-03       2.58974E-07       1.65236E-07
       4.78630E-05       5.01187E-05       4.89908E-05       2.25570E-06       1.27623E-08       5.65778E-03       2.77180E-07       1.77998E-07
       5.01187E-05       5.24808E-05       5.12998E-05       2.36210E-06       1.36666E-08       5.78579E-03       2.96810E-07       1.91665E-07
       5.24808E-05       5.49541E-05       5.37174E-05       2.47330E-06       1.46428E-08       5.92033E-03       3.18025E-07       2.06308E-07
       5.49541E-05       5.75440E-05       5.62490E-05       2.58990E-06       1.56969E-08       6.06081E-03       3.40915E-07       2.22005E-07
       5.75440E-05       6.02560E-05       5.89000E-05       2.71200E-06       1.68359E-08       6.20793E-03       3.65647E-07       2.38841E-07
       6.02560E-05       6.30957E-05       6.16758E-05       2.83970E-06       1.80671E-08       6.36232E-03       3.92402E-07       2.56908E-07
       6.30957E-05       6.60693E-05       6.45825E-05       2.97360E-06       1.93924E-08       6.52152E-03       4.21176E-07       2.76300E-07
       6.60693E-05       6.91831E-05       6.76262E-05       3.11380E-06       2.07665E-08       6.66918E-03       4.51011E-07       2.97066E-07
       6.91831E-05       7.24436E-05       7.08134E-05       3.26051E-06       2.22318E-08       6.81850E-03       4.82841E-07       3.19298E-07
       7.24436E-05       7.58578E-05       7.41507E-05       3.41420E-06       2.38133E-08       6.97478E-03       5.17185E-07       3.43112E-07
       7.58578E-05       7.94328E-05       7.76453E-05       3.57500E-06       2.55207E-08       7.13867E-03       5.54284E-07       3.68632E-07
       7.94328E-05       8.31764E-05       8.13046E-05       3.74360E-06       2.73651E-08       7.30985E-03       5.94324E-07       3.95997E-07
       8.31764E-05       8.70964E-05       8.51364E-05       3.92000E-06       2.93563E-08       7.48886E-03       6.37575E-07       4.25354E-07
       8.70964E-05       9.12011E-05       8.91488E-05       4.10471E-06       3.14342E-08       7.65809E-03       6.82709E-07       4.56788E-07
       9.12011E-05       9.54993E-05       9.33502E-05       4.29820E-06       3.36256E-08       7.82319E-03       7.30296E-07       4.90414E-07
       9.54993E-05       1.00000E-04       9.77497E-05       4.50070E-06       3.59887E-08       7.99625E-03       7.81631E-07       5.26402E-07
       1.00000E-04       1.04713E-04       1.02356E-04       4.71300E-06       3.85388E-08       8.17713E-03       8.36983E-07       5.64941E-07
       1.04713E-04       1.09648E-04       1.07181E-04       4.93501E-06       4.12900E-08       8.36677E-03       8.96754E-07       6.06231E-07
       1.09648E-04       1.14815E-04       1.12232E-04       5.16700E-06       4.42632E-08       8.56652E-03       9.61433E-07       6.50494E-07
       1.14815E-04       1.20226E-04       1.17520E-04       5.41100E-06       4.74732E-08       8.77347E-03       1.03106E-06       6.97967E-07
       1.20226E-04       1.25892E-04       1.23059E-04       5.66600E-06       5.09450E-08       8.99135E-03       1.10647E-06       7.48912E-07
       1.25892E-04       1.31826E-04       1.28859E-04       5.93401E-06       5.46858E-08       9.21566E-03       1.18752E-06       8.03598E-07
       1.31826E-04       1.38038E-04       1.34932E-04       6.21199E-06       5.85664E-08       9.42796E-03       1.27213E-06       8.62165E-07
       1.38038E-04       1.44544E-04       1.41291E-04       6.50601E-06       6.26998E-08       9.63720E-03       1.36165E-06       9.24864E-07
       1.44544E-04       1.51356E-04       1.47950E-04       6.81200E-06       6.71584E-08       9.85884E-03       1.45862E-06       9.92023E-07
       1.51356E-04       1.58489E-04       1.54922E-04       7.13300E-06       7.19738E-08       1.00903E-02       1.56321E-06       1.06400E-06
       1.58489E-04       1.65959E-04       1.62224E-04       7.47000E-06       7.71750E-08       1.03313E-02       1.67599E-06       1.14117E-06
       1.65959E-04       1.73780E-04       1.69870E-04       7.82100E-06       8.27917E-08       1.05858E-02       1.79821E-06       1.22396E-06
       1.73780E-04       1.81970E-04       1.77875E-04       8.19000E-06       8.86517E-08       1.08244E-02       1.92539E-06       1.31262E-06
       1.81970E-04       1.90546E-04       1.86258E-04       8.57600E-06       9.48043E-08       1.10546E-02       2.05901E-06       1.40742E-06
       1.90546E-04       1.99526E-04       1.95036E-04       8.98000E-06       1.01436E-07       1.12958E-02       2.20308E-06       1.50886E-06
       1.99526E-04       2.08930E-04       2.04228E-04       9.40399E-06       1.08591E-07       1.15473E-02       2.35828E-06       1.61745E-06
       2.08930E-04       2.18776E-04       2.13853E-04       9.84601E-06       1.16311E-07       1.18130E-02       2.52625E-06       1.73376E-06
       2.18776E-04       2.29087E-04       2.23932E-04       1.03110E-05       1.24645E-07       1.20885E-02       2.70701E-06       1.85840E-06
       2.29087E-04       2.39883E-04       2.34485E-04       1.07960E-05       1.33648E-07       1.23794E-02       2.90278E-06       1.99205E-06
       2.39883E-04       2.51189E-04       2.45536E-04       1.13060E-05       1.43377E-07       1.26815E-02       3.11376E-06       2.13543E-06
       2.51189E-04       2.63027E-04       2.57108E-04       1.18380E-05       1.53867E-07       1.29977E-02       3.34180E-06       2.28929E-06
       2.63027E-04       2.75423E-04       2.69225E-04       1.23960E-05       1.64736E-07       1.32895E-02       3.57785E-06       2.45403E-06
       2.75423E-04       2.88403E-04       2.81913E-04       1.29800E-05       1.76268E-07       1.35799E-02       3.82836E-06       2.63030E-06
       2.88403E-04       3.01995E-04       2.95199E-04       1.35920E-05       1.88707E-07       1.38837E-02       4.09845E-06       2.81900E-06
       3.01995E-04       3.16228E-04       3.09111E-04       1.42330E-05       2.02130E-07       1.42015E-02       4.38986E-06       3.02113E-06
       3.16228E-04       3.31131E-04       3.23680E-04       1.49030E-05       2.16623E-07       1.45355E-02       4.70485E-06       3.23776E-06
       3.31131E-04       3.46737E-04       3.38934E-04       1.56060E-05       2.32276E-07       1.48838E-02       5.04461E-06       3.47003E-06
       3.46737E-04       3.63078E-04       3.54908E-04       1.63410E-05       2.48684E-07       1.52184E-02       5.40112E-06       3.71872E-06
       3.63078E-04       3.80189E-04       3.71634E-04       1.71110E-05       2.65904E-07       1.55400E-02       5.77518E-06       3.98462E-06
       3.80189E-04       3.98107E-04       3.89148E-04       1.79180E-05       2.84467E-07       1.58760E-02       6.17812E-06       4.26909E-06
       3.98107E-04       4.16869E-04       4.07488E-04       1.87620E-05       3.04483E-07       1.62287E-02       6.61300E-06       4.57357E-06
       4.16869E-04       4.36516E-04       4.26692E-04       1.96470E-05       3.26081E-07       1.65970E-02       7.08181E-06       4.89965E-06
       4.36516E-04       4.57088E-04       4.46802E-04       2.05720E-05       3.49399E-07       1.69842E-02       7.58857E-06       5.24905E-06
       4.57088E-04       4.78630E-04       4.67859E-04       2.15420E-05       3.74580E-07       1.73883E-02       8.13529E-06       5.62363E-06
       4.78630E-04       5.01187E-04       4.89909E-04       2.25570E-05       4.01788E-07       1.78121E-02       8.72631E-06       6.02542E-06
       5.01187E-04       5.24808E-04       5.12998E-04       2.36210E-05       4.31148E-07       1.82528E-02       9.36362E-06       6.45657E-06
       5.24808E-04       5.49541E-04       5.37175E-04       2.47330E-05       4.61705E-07       1.86676E-02       1.00277E-05       6.91827E-06
       5.49541E-04       5.75440E-04       5.62491E-04       2.58990E-05       4.94098E-07       1.90779E-02       1.07311E-05       7.41237E-06
       5.75440E-04       6.02560E-04       5.89000E-04       2.71200E-05       5.29046E-07       1.95076E-02       1.14900E-05       7.94141E-06
       6.02560E-04       6.30957E-04       6.16758E-04       2.83970E-05       5.66761E-07       1.99585E-02       1.23096E-05       8.50818E-06
       6.30957E-04       6.60693E-04       6.45825E-04       2.97360E-05       6.07493E-07       2.04295E-02       1.31939E-05       9.11567E-06
       6.60693E-04       6.91831E-04       6.76262E-04       3.11380E-05       6.51486E-07       2.09226E-02       1.41491E-05       9.76716E-06
       6.91831E-04       7.24436E-04       7.08133E-04       3.26050E-05       6.97732E-07       2.13995E-02       1.51537E-05       1.04649E-05
       7.24436E-04       7.58578E-04       7.41507E-04       3.41420E-05       7.46156E-07       2.18545E-02       1.62052E-05       1.12110E-05
       7.58578E-04       7.94328E-04       7.76453E-04       3.57500E-05       7.98344E-07       2.23313E-02       1.73392E-05       1.20094E-05
       7.94328E-04       8.31764E-04       8.13046E-04       3.74360E-05       8.54640E-07       2.28294E-02       1.85613E-05       1.28640E-05
       8.31764E-04       8.70964E-04       8.51364E-04       3.92000E-05       9.15383E-07       2.33516E-02       1.98807E-05       1.37794E-05
       8.70964E-04       9.12011E-04       8.91487E-04       4.10470E-05       9.80967E-07       2.38986E-02       2.13053E-05       1.47604E-05
       9.12011E-04       9.54993E-04       9.33502E-04       4.29820E-05       1.05181E-06       2.44709E-02       2.28436E-05       1.58122E-05
       9.54993E-04       1.00000E-03       9.77497E-04       4.50070E-05       1.12836E-06       2.50707E-02       2.45066E-05       1.69405E-05
       1.00000E-03       1.04713E-03       1.02356E-03       4.71300E-05       1.21102E-06       2.56954E-02       2.63009E-05       1.81516E-05
       1.04713E-03       1.09648E-03       1.07180E-03       4.93500E-05       1.29720E-06       2.62858E-02       2.81732E-05       1.94488E-05
       1.09648E-03       1.14815E-03       1.12231E-03       5.16700E-05       1.38842E-06       2.68709E-02       3.01576E-05       2.08372E-05
       1.14815E-03       1.20226E-03       1.17520E-03       5.41100E-05       1.48677E-06       2.74767E-02       3.22908E-05       2.23240E-05
       1.20226E-03       1.25892E-03       1.23059E-03       5.66600E-05       1.59298E-06       2.81147E-02       3.45977E-05       2.39169E-05
       1.25892E-03       1.31826E-03       1.28859E-03       5.93400E-05       1.70768E-06       2.87780E-02       3.70830E-05       2.56246E-05
       1.31826E-03       1.38038E-03       1.34932E-03       6.21200E-05       1.83156E-06       2.94842E-02       3.97836E-05       2.74562E-05
       1.38038E-03       1.44544E-03       1.41291E-03       6.50599E-05       1.96215E-06       3.01591E-02       4.26121E-05       2.94183E-05
       1.44544E-03       1.51356E-03       1.47950E-03       6.81201E-05       2.09850E-06       3.08059E-02       4.55773E-05       3.15168E-05
       1.51356E-03       1.58489E-03       1.54923E-03       7.13300E-05       2.24548E-06       3.14801E-02       4.87698E-05       3.37623E-05
       1.58489E-03       1.65959E-03       1.62224E-03       7.47000E-05       2.40401E-06       3.21822E-02       5.22073E-05       3.61663E-05
       1.65959E-03       1.73780E-03       1.69870E-03       7.82101E-05       2.57509E-06       3.29253E-02       5.59300E-05       3.87414E-05
       1.73780E-03       1.81970E-03       1.77875E-03       8.18999E-05       2.75980E-06       3.36973E-02       5.99390E-05       4.15012E-05
       1.81970E-03       1.90546E-03       1.86258E-03       8.57600E-05       2.95934E-06       3.45073E-02       6.42725E-05       4.44606E-05
       1.90546E-03       1.99526E-03       1.95036E-03       8.98001E-05       3.17496E-06       3.53559E-02       6.89566E-05       4.76355E-05
       1.99526E-03       2.08930E-03       2.04228E-03       9.40400E-05       3.40791E-06       3.62389E-02       7.40100E-05       5.10434E-05
       2.08930E-03       2.18776E-03       2.13853E-03       9.84600E-05       3.65038E-06       3.70748E-02       7.92855E-05       5.46938E-05
       2.18776E-03       2.29087E-03       2.23932E-03       1.03110E-04       3.90545E-06       3.78765E-02       8.48175E-05       5.85992E-05
       2.29087E-03       2.39883E-03       2.34485E-03       1.07960E-04       4.18055E-06       3.87232E-02       9.08000E-05       6.27798E-05
       2.39883E-03       2.51189E-03       2.45536E-03       1.13060E-04       4.47739E-06       3.96020E-02       9.72371E-05       6.72572E-05
       2.51189E-03       2.63027E-03       2.57108E-03       1.18380E-04       1.32374E-05       1.11821E-01       2.87500E-04       8.04946E-05
       2.63027E-03       2.75423E-03       2.69225E-03       1.23960E-04       1.93139E-05       1.55808E-01       4.19474E-04       9.98085E-05
       2.75423E-03       2.88403E-03       2.81913E-03       1.29800E-04       2.03398E-05       1.56701E-01       4.41760E-04       1.20148E-04
       2.88403E-03       3.01995E-03       2.95199E-03       1.35920E-04       2.14065E-05       1.57494E-01       4.64920E-04       1.41555E-04
       3.01995E-03       3.16228E-03       3.09112E-03       1.42330E-04       2.25439E-05       1.58392E-01       4.89607E-04       1.64099E-04
       3.16228E-03       3.31131E-03       3.23679E-03       1.49030E-04       2.37385E-05       1.59287E-01       5.15579E-04       1.87837E-04
       3.31131E-03       3.46737E-03       3.38934E-03       1.56060E-04       2.50047E-05       1.60225E-01       5.43057E-04       2.12842E-04
       3.46737E-03       3.63078E-03       3.54907E-03       1.63410E-04       2.63502E-05       1.61252E-01       5.72295E-04       2.39192E-04
       3.63078E-03       3.80189E-03       3.71633E-03       1.71110E-04       2.77671E-05       1.62277E-01       6.03074E-04       2.66959E-04
       3.80189E-03       3.98107E-03       3.89148E-03       1.79180E-04       2.92706E-05       1.63359E-01       6.35707E-04       2.96230E-04
       3.98107E-03       4.16869E-03       4.07488E-03       1.87620E-04       3.08640E-05       1.64503E-01       6.70328E-04       3.27094E-04
       4.16869E-03       4.36516E-03       4.26693E-03       1.96470E-04       3.25251E-05       1.65547E-01       7.06378E-04       3.59619E-04
       4.36516E-03       4.57088E-03       4.46802E-03       2.05720E-04       3.42773E-05       1.66621E-01       7.44468E-04       3.93896E-04
       4.57088E-03       4.78630E-03       4.67859E-03       2.15420E-04       3.61257E-05       1.67699E-01       7.84595E-04       4.30022E-04
       4.78630E-03       5.01187E-03       4.89909E-03       2.25570E-04       3.80904E-05       1.68863E-01       8.27273E-04       4.68112E-04
       5.01187E-03       5.24807E-03       5.12997E-03       2.36200E-04       4.01688E-05       1.70063E-01       8.72417E-04       5.08281E-04
       5.24807E-03       5.49541E-03       5.37174E-03       2.47340E-04       4.23806E-05       1.71345E-01       9.20423E-04       5.50662E-04
       5.49541E-03       5.75440E-03       5.62491E-03       2.58990E-04       4.46951E-05       1.72575E-01       9.70716E-04       5.95357E-04
       5.75440E-03       6.02560E-03       5.89000E-03       2.71200E-04       4.71065E-05       1.73696E-01       1.02307E-03       6.42463E-04
       6.02560E-03       6.30957E-03       6.16759E-03       2.83970E-04       4.96444E-05       1.74823E-01       1.07823E-03       6.92108E-04
       6.30957E-03       6.60693E-03       6.45825E-03       2.97360E-04       5.23431E-05       1.76026E-01       1.13682E-03       7.44451E-04
       6.60693E-03       6.91831E-03       6.76262E-03       3.11380E-04       5.52063E-05       1.77296E-01       1.19898E-03       7.99657E-04
       6.91831E-03       7.24436E-03       7.08133E-03       3.26050E-04       5.82377E-05       1.78616E-01       1.26484E-03       8.57895E-04
       7.24436E-03       7.58578E-03       7.41507E-03       3.41420E-04       6.14537E-05       1.79994E-01       1.33467E-03       9.19349E-04
       7.58578E-03       7.94328E-03       7.76453E-03       3.57500E-04       6.48753E-05       1.81469E-01       1.40902E-03       9.84224E-04
       7.94328E-03       8.31764E-03       8.13046E-03       3.74360E-04       6.85074E-05       1.82999E-01       1.48787E-03       1.05273E-03
       8.31764E-03       8.70964E-03       8.51364E-03       3.92000E-04       7.22980E-05       1.84434E-01       1.57020E-03       1.12503E-03
       8.70964E-03       9.12011E-03       8.91487E-03       4.10471E-04       7.62450E-05       1.85750E-01       1.65594E-03       1.20127E-03
       9.12011E-03       9.54993E-03       9.33502E-03       4.29819E-04       8.04326E-05       1.87131E-01       1.74687E-03       1.28171E-03
       9.54993E-03       1.00000E-02       9.77496E-03       4.50070E-04       8.48866E-05       1.88608E-01       1.84363E-03       1.36659E-03
       1.00000E-02       1.04713E-02       1.02357E-02       4.71300E-04       8.96116E-05       1.90137E-01       1.94618E-03       1.45621E-03
       1.04713E-02       1.09648E-02       1.07180E-02       4.93500E-04       9.46359E-05       1.91765E-01       2.05534E-03       1.55084E-03
       1.09648E-02       1.14815E-02       1.12232E-02       5.16700E-04       9.99260E-05       1.93393E-01       2.17047E-03       1.65077E-03
       1.14815E-02       1.20226E-02       1.17521E-02       5.41100E-04       1.05407E-04       1.94802E-01       2.28933E-03       1.75617E-03
       1.20226E-02       1.25892E-02       1.23059E-02       5.66601E-04       1.11224E-04       1.96301E-01       2.41566E-03       1.86740E-03
       1.25892E-02       1.31826E-02       1.28859E-02       5.93399E-04       1.17409E-04       1.97859E-01       2.54959E-03       1.98481E-03
       1.31826E-02       1.38038E-02       1.34932E-02       6.21200E-04       1.23976E-04       1.99575E-01       2.69291E-03       2.10878E-03
       1.38038E-02       1.44544E-02       1.41291E-02       6.50601E-04       1.30961E-04       2.01292E-01       2.84408E-03       2.23974E-03
       1.44544E-02       1.51356E-02       1.47950E-02       6.81199E-04       1.38395E-04       2.03164E-01       3.00581E-03       2.37814E-03
       1.51356E-02       1.58489E-02       1.54923E-02       7.13301E-04       1.46312E-04       2.05119E-01       3.17776E-03       2.52445E-03
       1.58489E-02       1.65959E-02       1.62224E-02       7.47000E-04       1.54744E-04       2.07154E-01       3.36053E-03       2.67920E-03
       1.65959E-02       1.73780E-02       1.69870E-02       7.82100E-04       1.63612E-04       2.09195E-01       3.55359E-03       2.84281E-03
       1.73780E-02       1.81970E-02       1.77875E-02       8.19000E-04       1.72913E-04       2.11127E-01       3.75542E-03       3.01572E-03
       1.81970E-02       1.90546E-02       1.86258E-02       8.57600E-04       1.82812E-04       2.13167E-01       3.97040E-03       3.19853E-03
       1.90546E-02       1.99526E-02       1.95036E-02       8.98000E-04       1.93720E-04       2.15724E-01       4.20739E-03       3.39225E-03
       1.99526E-02       2.08930E-02       2.04228E-02       9.40400E-04       2.30632E-04       2.45248E-01       5.00866E-03       3.62288E-03
       2.08930E-02       2.18776E-02       2.13853E-02       9.84600E-04       2.49934E-04       2.53844E-01       5.42853E-03       3.87282E-03
       2.18776E-02       2.29087E-02       2.23931E-02       1.03110E-03       2.64112E-04       2.56146E-01       5.73592E-03       4.13693E-03
       2.29087E-02       2.39883E-02       2.34485E-02       1.07960E-03       2.80138E-04       2.59483E-01       6.08448E-03       4.41707E-03
       2.39883E-02       2.51189E-02       2.45536E-02       1.13060E-03       3.07325E-04       2.71825E-01       6.67428E-03       4.72439E-03
       2.51189E-02       2.63027E-02       2.57108E-02       1.18380E-03       3.25108E-04       2.74631E-01       7.06098E-03       5.04950E-03
       2.63027E-02       2.75423E-02       2.69225E-02       1.23960E-03       3.43148E-04       2.76821E-01       7.45272E-03       5.39265E-03
       2.75423E-02       2.88403E-02       2.81913E-02       1.29800E-03       3.62351E-04       2.79161E-01       7.86992E-03       5.75500E-03
       2.88403E-02       3.01995E-02       2.95199E-02       1.35920E-03       3.82794E-04       2.81632E-01       8.31374E-03       6.13780E-03
       3.01995E-02       3.16228E-02       3.09112E-02       1.42330E-03       4.04593E-04       2.84264E-01       8.78693E-03       6.54239E-03
       3.16228E-02       3.31131E-02       3.23680E-02       1.49030E-03       4.27835E-04       2.87080E-01       9.29218E-03       6.97022E-03
       3.31131E-02       3.46737E-02       3.38934E-02       1.56060E-03       4.52274E-04       2.89808E-01       9.82258E-03       7.42250E-03
       3.46737E-02       3.63078E-02       3.54908E-02       1.63410E-03       4.77810E-04       2.92399E-01       1.03775E-02       7.90031E-03
       3.63078E-02       3.80189E-02       3.71633E-02       1.71110E-03       5.05037E-04       2.95154E-01       1.09689E-02       8.40534E-03
       3.80189E-02       3.98107E-02       3.89148E-02       1.79180E-03       5.34085E-04       2.98072E-01       1.15994E-02       8.93943E-03
       3.98107E-02       4.16869E-02       4.07488E-02       1.87620E-03       5.69271E-04       3.03417E-01       1.23639E-02       9.50870E-03
       4.16869E-02       4.36516E-02       4.26693E-02       1.96470E-03       6.33115E-04       3.22245E-01       1.37499E-02       1.01418E-02
       4.36516E-02       4.57088E-02       4.46802E-02       2.05720E-03       6.72739E-04       3.27017E-01       1.46112E-02       1.08146E-02
       4.57088E-02       4.78630E-02       4.67859E-02       2.15420E-03       7.12123E-04       3.30574E-01       1.54662E-02       1.15267E-02
       4.78630E-02       5.01187E-02       4.89908E-02       2.25570E-03       7.67620E-04       3.40302E-01       1.66717E-02       1.22943E-02
       5.01187E-02       5.24808E-02       5.12998E-02       2.36210E-03       8.34796E-04       3.53412E-01       1.81300E-02       1.31291E-02
       5.24808E-02       5.49541E-02       5.37174E-02       2.47330E-03       9.80545E-04       3.96452E-01       2.12964E-02       1.41096E-02
       5.49541E-02       5.75440E-02       5.62491E-02       2.58990E-03       1.04832E-03       4.04772E-01       2.27680E-02       1.51580E-02
       5.75440E-02       6.02560E-02       5.89000E-02       2.71200E-03       1.11096E-03       4.09645E-01       2.41281E-02       1.62689E-02
       6.02560E-02       6.30957E-02       6.16758E-02       2.83970E-03       1.18697E-03       4.17992E-01       2.57800E-02       1.74559E-02
       6.30957E-02       6.60693E-02       6.45825E-02       2.97360E-03       1.35257E-03       4.54859E-01       2.93760E-02       1.88085E-02
       6.60693E-02       6.91831E-02       6.76262E-02       3.11380E-03       1.45282E-03       4.66573E-01       3.15526E-02       2.02613E-02
       6.91831E-02       7.24436E-02       7.08134E-02       3.26050E-03       1.54263E-03       4.73127E-01       3.35037E-02       2.18039E-02
       7.24436E-02       7.58578E-02       7.41507E-02       3.41420E-03       1.68436E-03       4.93341E-01       3.65816E-02       2.34883E-02
       7.58578E-02       7.94328E-02       7.76453E-02       3.57500E-03       1.85221E-03       5.18101E-01       4.02281E-02       2.53405E-02
       7.94328E-02       8.31764E-02       8.13046E-02       3.74360E-03       1.98051E-03       5.29039E-01       4.30133E-02       2.73210E-02
       8.31764E-02       8.70964E-02       8.51364E-02       3.92000E-03       2.13272E-03       5.44060E-01       4.63193E-02       2.94537E-02
       8.70964E-02       9.12011E-02       8.91488E-02       4.10470E-03       2.37970E-03       5.79750E-01       5.16840E-02       3.18334E-02
       9.12011E-02       9.54993E-02       9.33502E-02       4.29820E-03       2.59023E-03       6.02632E-01       5.62558E-02       3.44236E-02
       9.54993E-02       1.00000E-01       9.77497E-02       4.50070E-03       2.75078E-03       6.11189E-01       5.97435E-02       3.71744E-02
       1.00000E-01       1.04713E-01       1.02357E-01       4.71300E-03       2.91948E-03       6.19454E-01       6.34051E-02       4.00939E-02
       1.04713E-01       1.09648E-01       1.07180E-01       4.93500E-03       3.09946E-03       6.28056E-01       6.73153E-02       4.31933E-02
       1.09648E-01       1.14815E-01       1.12231E-01       5.16700E-03       3.29168E-03       6.37058E-01       7.14979E-02       4.64850E-02
       1.14815E-01       1.20226E-01       1.17520E-01       5.41100E-03       3.49660E-03       6.46201E-01       7.59419E-02       4.99816E-02
       1.20226E-01       1.25892E-01       1.23059E-01       5.66600E-03       3.71533E-03       6.55723E-01       8.06927E-02       5.36969E-02
       1.25892E-01       1.31826E-01       1.28859E-01       5.93400E-03       3.94852E-03       6.65406E-01       8.57436E-02       5.76455E-02
       1.31826E-01       1.38038E-01       1.34932E-01       6.21200E-03       4.21325E-03       6.78243E-01       9.15167E-02       6.18587E-02
       1.38038E-01       1.44544E-01       1.41291E-01       6.50600E-03       4.52930E-03       6.96172E-01       9.83629E-02       6.63880E-02
       1.44544E-01       1.51356E-01       1.47950E-01       6.81200E-03       4.87105E-03       7.15069E-01       1.05794E-01       7.12591E-02
       1.51356E-01       1.58489E-01       1.54923E-01       7.13300E-03       5.23923E-03       7.34506E-01       1.13792E-01       7.64983E-02
       1.58489E-01       1.65959E-01       1.62224E-01       7.47000E-03       5.63561E-03       7.54432E-01       1.22387E-01       8.21339E-02
       1.65959E-01       1.73780E-01       1.69869E-01       7.82100E-03       6.06215E-03       7.75112E-01       1.31668E-01       8.81960E-02
       1.73780E-01       1.81970E-01       1.77875E-01       8.19000E-03       6.51690E-03       7.95714E-01       1.41538E-01       9.47129E-02
       1.81970E-01       1.90546E-01       1.86258E-01       8.57600E-03       6.98715E-03       8.14733E-01       1.51751E-01       1.01700E-01
       1.90546E-01       1.99526E-01       1.95036E-01       8.98000E-03       7.48839E-03       8.33896E-01       1.62640E-01       1.09188E-01
       1.99526E-01       2.08930E-01       2.04228E-01       9.40400E-03       8.02539E-03       8.53402E-01       1.74289E-01       1.17214E-01
       2.08930E-01       2.18776E-01       2.13853E-01       9.84600E-03       8.60049E-03       8.73501E-01       1.86801E-01       1.25814E-01
       2.18776E-01       2.29087E-01       2.23931E-01       1.03110E-02       9.21582E-03       8.93785E-01       2.00147E-01       1.35030E-01
       2.29087E-01       2.39883E-01       2.34485E-01       1.07960E-02       9.87414E-03       9.14611E-01       2.14463E-01       1.44904E-01
       2.39883E-01       2.51189E-01       2.45536E-01       1.13060E-02       1.05794E-02       9.35734E-01       2.29756E-01       1.55484E-01
       2.51189E-01       2.63027E-01       2.57108E-01       1.18380E-02       1.13336E-02       9.57393E-01       2.46153E-01       1.66817E-01
       2.63027E-01       2.75423E-01       2.69225E-01       1.23960E-02       1.21092E-02       9.76862E-01       2.62996E-01       1.78927E-01
       2.75423E-01       2.88403E-01       2.81913E-01       1.29800E-02       1.29240E-02       9.95685E-01       2.80697E-01       1.91851E-01
       2.88403E-01       3.01995E-01       2.95199E-01       1.35920E-02       1.37961E-02       1.01501E+00       2.99631E-01       2.05647E-01
       3.01995E-01       3.16228E-01       3.09112E-01       1.42330E-02       1.47309E-02       1.03498E+00       3.19924E-01       2.20377E-01
       3.16228E-01       3.31131E-01       3.23680E-01       1.49030E-02       1.57345E-02       1.05579E+00       3.41738E-01       2.36112E-01
       3.31131E-01       3.46737E-01       3.38934E-01       1.56060E-02       1.68141E-02       1.07742E+00       3.65173E-01       2.52926E-01
       3.46737E-01       3.63078E-01       3.54908E-01       1.63410E-02       1.79761E-02       1.10006E+00       3.90419E-01       2.70902E-01
       3.63078E-01       3.80189E-01       3.71633E-01       1.71110E-02       1.92305E-02       1.12387E+00       4.17666E-01       2.90133E-01
       3.80189E-01       3.98107E-01       3.89148E-01       1.79180E-02       2.08245E-02       1.16221E+00       4.52273E-01       3.10957E-01
       3.98107E-01       4.16869E-01       4.07488E-01       1.87620E-02       2.57294E-02       1.37136E+00       5.58812E-01       3.36686E-01
       4.16869E-01       4.36516E-01       4.26692E-01       1.96470E-02       2.24538E-02       1.14286E+00       4.87650E-01       3.59140E-01
       4.36516E-01       4.57088E-01       4.46802E-01       2.05720E-02       2.26106E-02       1.09909E+00       4.91077E-01       3.81751E-01
       4.57088E-01       4.78630E-01       4.67859E-01       2.15420E-02       2.28668E-02       1.06150E+00       4.96632E-01       4.04618E-01
       4.78630E-01       5.01187E-01       4.89909E-01       2.25570E-02       2.30761E-02       1.02301E+00       5.01182E-01       4.27694E-01
       5.01187E-01       5.24808E-01       5.12998E-01       2.36210E-02       2.32735E-02       9.85288E-01       5.05450E-01       4.50967E-01
       5.24808E-01       5.49541E-01       5.37174E-01       2.47330E-02       2.35364E-02       9.51618E-01       5.11185E-01       4.74504E-01
       5.49541E-01       5.75440E-01       5.62490E-01       2.58990E-02       2.37631E-02       9.17530E-01       5.16102E-01       4.98267E-01
       5.75440E-01       6.02560E-01       5.89000E-01       2.71200E-02       2.39358E-02       8.82589E-01       5.19845E-01       5.22203E-01
       6.02560E-01       6.30957E-01       6.16758E-01       2.83970E-02       2.40426E-02       8.46661E-01       5.22185E-01       5.46245E-01
       6.30957E-01       6.60693E-01       6.45825E-01       2.97360E-02       2.40689E-02       8.09419E-01       5.22743E-01       5.70314E-01
       6.60693E-01       6.91831E-01       6.76262E-01       3.11380E-02       2.40216E-02       7.71456E-01       5.21706E-01       5.94336E-01
       6.91831E-01       7.24436E-01       7.08133E-01       3.26050E-02       2.39688E-02       7.35125E-01       5.20567E-01       6.18304E-01
       7.24436E-01       7.58578E-01       7.41507E-01       3.41420E-02       2.38081E-02       6.97327E-01       5.17073E-01       6.42113E-01
       7.58578E-01       7.94328E-01       7.76453E-01       3.57500E-02       2.35026E-02       6.57415E-01       5.10452E-01       6.65615E-01
       7.94328E-01       8.31764E-01       8.13046E-01       3.74360E-02       2.30286E-02       6.15145E-01       5.00141E-01       6.88644E-01
       8.31764E-01       8.70964E-01       8.51364E-01       3.92000E-02       2.27775E-02       5.81060E-01       4.94693E-01       7.11421E-01
       8.70964E-01       9.12011E-01       8.91487E-01       4.10470E-02       2.32279E-02       5.65885E-01       5.04480E-01       7.34649E-01
       9.12011E-01       9.54993E-01       9.33502E-01       4.29820E-02       2.34792E-02       5.46256E-01       5.09931E-01       7.58128E-01
       9.54993E-01       1.00000E+00       9.77497E-01       4.50070E-02       2.20039E-02       4.88900E-01       4.77898E-01       7.80132E-01
       1.00000E+00       1.04713E+00       1.02357E+00       4.71300E-02       2.04201E-02       4.33272E-01       4.43482E-01       8.00552E-01
       1.04713E+00       1.09648E+00       1.07181E+00       4.93500E-02       1.87164E-02       3.79259E-01       4.06492E-01       8.19269E-01
       1.09648E+00       1.14815E+00       1.12231E+00       5.16700E-02       1.69601E-02       3.28239E-01       3.68387E-01       8.36229E-01
       1.14815E+00       1.20226E+00       1.17520E+00       5.41100E-02       1.67919E-02       3.10330E-01       3.64701E-01       8.53021E-01
       1.20226E+00       1.25892E+00       1.23059E+00       5.66600E-02       1.77343E-02       3.12996E-01       3.85169E-01       8.70755E-01
       1.25892E+00       1.31826E+00       1.28859E+00       5.93400E-02       1.72705E-02       2.91042E-01       3.75034E-01       8.88026E-01
       1.31826E+00       1.38038E+00       1.34932E+00       6.21200E-02       1.68453E-02       2.71174E-01       3.65900E-01       9.04871E-01
       1.38038E+00       1.44544E+00       1.41291E+00       6.50600E-02       1.57266E-02       2.41724E-01       3.41534E-01       9.20598E-01
       1.44544E+00       1.51356E+00       1.47950E+00       6.81200E-02       1.24098E-02       1.82176E-01       2.69530E-01       9.33007E-01
       1.51356E+00       1.58489E+00       1.54923E+00       7.13300E-02       8.68386E-03       1.21742E-01       1.88606E-01       9.41691E-01
       1.58489E+00       1.65959E+00       1.62224E+00       7.47000E-02       8.19630E-03       1.09723E-01       1.77997E-01       9.49888E-01
       1.65959E+00       1.73780E+00       1.69869E+00       7.82100E-02       7.59840E-03       9.71538E-02       1.65035E-01       9.57486E-01
       1.73780E+00       1.81970E+00       1.77875E+00       8.19000E-02       6.91853E-03       8.44753E-02       1.50260E-01       9.64405E-01
       1.81970E+00       1.90546E+00       1.86258E+00       8.57600E-02       6.16379E-03       7.18726E-02       1.33868E-01       9.70568E-01
       1.90546E+00       1.99526E+00       1.95036E+00       8.98000E-02       5.39727E-03       6.01032E-02       1.17223E-01       9.75966E-01
       1.99526E+00       2.08930E+00       2.04228E+00       9.40400E-02       4.61502E-03       4.90751E-02       1.00225E-01       9.80581E-01
       2.08930E+00       2.18776E+00       2.13853E+00       9.84600E-02       3.89997E-03       3.96097E-02       8.47066E-02       9.84481E-01
       2.18776E+00       2.29087E+00       2.23932E+00       1.03110E-01       3.25937E-03       3.16106E-02       7.07862E-02       9.87740E-01
       2.29087E+00       2.39883E+00       2.34485E+00       1.07960E-01       2.70257E-03       2.50331E-02       5.86989E-02       9.90443E-01
       2.39883E+00       2.51189E+00       2.45536E+00       1.13060E-01       2.24598E-03       1.98654E-02       4.87767E-02       9.92688E-01
       2.51189E+00       2.63027E+00       2.57108E+00       1.18380E-01       1.87715E-03       1.58570E-02       4.07696E-02       9.94566E-01
       2.63027E+00       2.75423E+00       2.69225E+00       1.23960E-01       1.57973E-03       1.27438E-02       3.43096E-02       9.96145E-01
       2.75423E+00       2.88403E+00       2.81913E+00       1.29800E-01       1.32200E-03       1.01849E-02       2.87126E-02       9.97467E-01
       2.88403E+00       3.01995E+00       2.95199E+00       1.35920E-01       1.07546E-03       7.91244E-03       2.33574E-02       9.98543E-01
       3.01995E+00       3.16228E+00       3.09111E+00       1.42330E-01       7.94312E-04       5.58078E-03       1.72508E-02       9.99337E-01
       3.16228E+00       3.31131E+00       3.23679E+00       1.49030E-01       4.83420E-04       3.24378E-03       1.04994E-02       9.99820E-01
       3.31131E+00       3.46737E+00       3.38934E+00       1.56060E-01       1.79723E-04       1.15162E-03       3.90325E-03       1.00000E+00

 Sum =                                                                         1.00000E+00
 Renormalization bin#   936 =                                                  7.37197E-01 barn        1.20000E+07        1.22000E+07        1.21000E+07
 Avg. Energy     bin#   936 =                                                  6.99160E-01 MeV         1.20000E+07        1.22000E+07
