"        MT=  4 recoil spectrum "
" Initial neutron energy corresponds to the group:"
   1.22000E+01    1.24000E+01       0.00000E+00           232           893           662



          Low               High              Mid              Energy           Number             dn/de            E*dn/de          Cumulative
         Energy            Energy            Energy             Width          Fraction                               Sum   
         [MeV]             [MeV]             [MeV]              [MeV]

       4.16869E-07       4.36516E-07       4.26693E-07       1.96470E-08       0.00000E+00       0.00000E+00       0.00000E+00       0.00000E+00
       4.36516E-07       4.57088E-07       4.46802E-07       2.05720E-08       1.44091E-12       7.00422E-05       3.12950E-11       1.44091E-12
       4.57088E-07       4.78630E-07       4.67859E-07       2.15420E-08       1.57992E-12       7.33411E-05       3.43133E-11       3.02082E-12
       4.78630E-07       5.01187E-07       4.89909E-07       2.25570E-08       1.73232E-12       7.67972E-05       3.76236E-11       4.75314E-12
       5.01187E-07       5.24807E-07       5.12997E-07       2.36200E-08       1.89948E-12       8.04184E-05       4.12544E-11       6.65262E-12
       5.24807E-07       5.50000E-07       5.37403E-07       2.51930E-08       2.12227E-12       8.42404E-05       4.52711E-11       8.77489E-12
       5.50000E-07       5.75000E-07       5.62500E-07       2.50000E-08       2.20442E-12       8.81768E-05       4.95995E-11       1.09793E-11
       5.75000E-07       6.00000E-07       5.87500E-07       2.50000E-08       2.30242E-12       9.20967E-05       5.41068E-11       1.32817E-11
       6.00000E-07       6.25000E-07       6.12500E-07       2.50000E-08       2.40042E-12       9.60170E-05       5.88104E-11       1.56822E-11
       6.25000E-07       6.50000E-07       6.37500E-07       2.50000E-08       2.49829E-12       9.99316E-05       6.37064E-11       1.81804E-11
       6.50000E-07       6.75000E-07       6.62500E-07       2.50000E-08       2.59629E-12       1.03851E-04       6.88015E-11       2.07767E-11
       6.75000E-07       7.00000E-07       6.87500E-07       2.50000E-08       2.69429E-12       1.07772E-04       7.40930E-11       2.34710E-11
       7.00000E-07       7.25000E-07       7.12500E-07       2.50000E-08       2.79229E-12       1.11691E-04       7.95802E-11       2.62633E-11
       7.25000E-07       7.50000E-07       7.37500E-07       2.50000E-08       2.89029E-12       1.15612E-04       8.52637E-11       2.91536E-11
       7.50000E-07       7.75000E-07       7.62500E-07       2.50000E-08       2.98829E-12       1.19532E-04       9.11431E-11       3.21419E-11
       7.75000E-07       8.00000E-07       7.87500E-07       2.50000E-08       3.08616E-12       1.23446E-04       9.72139E-11       3.52281E-11
       8.00000E-07       8.25000E-07       8.12500E-07       2.50000E-08       3.18416E-12       1.27367E-04       1.03485E-10       3.84122E-11
       8.25000E-07       8.50000E-07       8.37500E-07       2.50000E-08       3.28216E-12       1.31286E-04       1.09952E-10       4.16944E-11
       8.50000E-07       8.75000E-07       8.62500E-07       2.50000E-08       3.38016E-12       1.35207E-04       1.16616E-10       4.50745E-11
       8.75000E-07       9.00000E-07       8.87500E-07       2.50000E-08       3.47816E-12       1.39127E-04       1.23475E-10       4.85527E-11
       9.00000E-07       9.25000E-07       9.12500E-07       2.50000E-08       3.57603E-12       1.43041E-04       1.30525E-10       5.21287E-11
       9.25000E-07       9.50000E-07       9.37500E-07       2.50000E-08       3.67403E-12       1.46961E-04       1.37776E-10       5.58028E-11
       9.50000E-07       9.75000E-07       9.62500E-07       2.50000E-08       3.77203E-12       1.50881E-04       1.45223E-10       5.95748E-11
       9.75000E-07       1.00000E-06       9.87500E-07       2.50000E-08       3.87003E-12       1.54802E-04       1.52866E-10       6.34448E-11
       1.00000E-06       1.02500E-06       1.01250E-06       2.50000E-08       3.96804E-12       1.58722E-04       1.60706E-10       6.74129E-11
       1.02500E-06       1.05000E-06       1.03750E-06       2.50000E-08       4.06590E-12       1.62636E-04       1.68735E-10       7.14788E-11
       1.05000E-06       1.07500E-06       1.06250E-06       2.50001E-08       4.16390E-12       1.66555E-04       1.76965E-10       7.56427E-11
       1.07500E-06       1.10000E-06       1.08750E-06       2.50000E-08       4.26190E-12       1.70476E-04       1.85393E-10       7.99046E-11
       1.10000E-06       1.12500E-06       1.11250E-06       2.50000E-08       4.35990E-12       1.74396E-04       1.94016E-10       8.42645E-11
       1.12500E-06       1.15000E-06       1.13750E-06       2.50000E-08       4.45791E-12       1.78316E-04       2.02835E-10       8.87224E-11
       1.15000E-06       1.17500E-06       1.16250E-06       2.50000E-08       4.55577E-12       1.82231E-04       2.11844E-10       9.32782E-11
       1.17500E-06       1.20000E-06       1.18750E-06       2.50001E-08       4.65377E-12       1.86150E-04       2.21053E-10       9.79319E-11
       1.20000E-06       1.22500E-06       1.21250E-06       2.50000E-08       4.75177E-12       1.90071E-04       2.30461E-10       1.02684E-10
       1.22500E-06       1.25000E-06       1.23750E-06       2.50000E-08       4.84978E-12       1.93991E-04       2.40064E-10       1.07533E-10
       1.25000E-06       1.27500E-06       1.26250E-06       2.50000E-08       4.94778E-12       1.97911E-04       2.49863E-10       1.12481E-10
       1.27500E-06       1.30000E-06       1.28750E-06       2.50000E-08       5.04564E-12       2.01826E-04       2.59851E-10       1.17527E-10
       1.30000E-06       1.32500E-06       1.31250E-06       2.50001E-08       5.14364E-12       2.05745E-04       2.70040E-10       1.22671E-10
       1.32500E-06       1.35000E-06       1.33750E-06       2.50000E-08       5.24164E-12       2.09666E-04       2.80428E-10       1.27912E-10
       1.35000E-06       1.37500E-06       1.36250E-06       2.50000E-08       5.33965E-12       2.13586E-04       2.91011E-10       1.33252E-10
       1.37500E-06       1.40000E-06       1.38750E-06       2.50000E-08       5.43765E-12       2.17506E-04       3.01790E-10       1.38689E-10
       1.40000E-06       1.42500E-06       1.41250E-06       2.50000E-08       5.53551E-12       2.21421E-04       3.12757E-10       1.44225E-10
       1.42500E-06       1.45000E-06       1.43750E-06       2.50001E-08       5.63351E-12       2.25340E-04       3.23926E-10       1.49859E-10
       1.45000E-06       1.47500E-06       1.46250E-06       2.50000E-08       5.73152E-12       2.29261E-04       3.35294E-10       1.55590E-10
       1.47500E-06       1.50000E-06       1.48750E-06       2.50000E-08       5.82952E-12       2.33181E-04       3.46857E-10       1.61420E-10
       1.50000E-06       1.52500E-06       1.51250E-06       2.50000E-08       5.92752E-12       2.37101E-04       3.58615E-10       1.67347E-10
       1.52500E-06       1.55000E-06       1.53750E-06       2.50000E-08       6.02538E-12       2.41016E-04       3.70561E-10       1.73372E-10
       1.55000E-06       1.57500E-06       1.56250E-06       2.50001E-08       6.12339E-12       2.44934E-04       3.82710E-10       1.79496E-10
       1.57500E-06       1.60000E-06       1.58750E-06       2.50000E-08       6.22139E-12       2.48856E-04       3.95058E-10       1.85717E-10
       1.60000E-06       1.62500E-06       1.61250E-06       2.50000E-08       6.31939E-12       2.52776E-04       4.07601E-10       1.92037E-10
       1.62500E-06       1.65000E-06       1.63750E-06       2.50000E-08       6.41739E-12       2.56696E-04       4.20339E-10       1.98454E-10
       1.65000E-06       1.67500E-06       1.66250E-06       2.50000E-08       6.51525E-12       2.60610E-04       4.33265E-10       2.04969E-10
       1.67500E-06       1.70000E-06       1.68750E-06       2.50001E-08       6.61326E-12       2.64529E-04       4.46393E-10       2.11583E-10
       1.70000E-06       1.72500E-06       1.71250E-06       2.50000E-08       6.71126E-12       2.68451E-04       4.59722E-10       2.18294E-10
       1.72500E-06       1.75000E-06       1.73750E-06       2.50000E-08       6.80926E-12       2.72371E-04       4.73244E-10       2.25103E-10
       1.75000E-06       1.77500E-06       1.76250E-06       2.50000E-08       6.90726E-12       2.76291E-04       4.86962E-10       2.32010E-10
       1.77500E-06       1.80000E-06       1.78750E-06       2.50000E-08       7.00513E-12       2.80205E-04       5.00867E-10       2.39015E-10
       1.80000E-06       1.82500E-06       1.81250E-06       2.50001E-08       7.10313E-12       2.84124E-04       5.14975E-10       2.46119E-10
       1.82500E-06       1.85000E-06       1.83750E-06       2.50000E-08       7.20113E-12       2.88045E-04       5.29283E-10       2.53320E-10
       1.85000E-06       1.87500E-06       1.86250E-06       2.50000E-08       7.29913E-12       2.91965E-04       5.43786E-10       2.60619E-10
       1.87500E-06       1.90000E-06       1.88750E-06       2.50000E-08       7.39713E-12       2.95886E-04       5.58484E-10       2.68016E-10
       1.90000E-06       1.92500E-06       1.91250E-06       2.50000E-08       7.49500E-12       2.99800E-04       5.73368E-10       2.75511E-10
       1.92500E-06       1.95000E-06       1.93750E-06       2.50001E-08       7.59300E-12       3.03719E-04       5.88455E-10       2.83104E-10
       1.95000E-06       1.97500E-06       1.96250E-06       2.50000E-08       7.69100E-12       3.07640E-04       6.03744E-10       2.90795E-10
       1.97500E-06       2.00000E-06       1.98750E-06       2.50000E-08       7.78900E-12       3.11560E-04       6.19226E-10       2.98584E-10
       2.00000E-06       2.02500E-06       2.01250E-06       2.50001E-08       7.88700E-12       3.15479E-04       6.34901E-10       3.06471E-10
       2.02500E-06       2.05000E-06       2.03750E-06       2.49999E-08       7.98487E-12       3.19397E-04       6.50770E-10       3.14456E-10
       2.05000E-06       2.07500E-06       2.06250E-06       2.50001E-08       8.08287E-12       3.23313E-04       6.66834E-10       3.22539E-10
       2.07500E-06       2.10000E-06       2.08750E-06       2.49999E-08       8.18087E-12       3.27237E-04       6.83107E-10       3.30720E-10
       2.10000E-06       2.12500E-06       2.11250E-06       2.50001E-08       8.27887E-12       3.31154E-04       6.99562E-10       3.38998E-10
       2.12500E-06       2.15000E-06       2.13750E-06       2.50001E-08       8.37687E-12       3.35074E-04       7.16220E-10       3.47375E-10
       2.15000E-06       2.17500E-06       2.16250E-06       2.49999E-08       8.47474E-12       3.38991E-04       7.33069E-10       3.55850E-10
       2.17500E-06       2.20000E-06       2.18750E-06       2.50001E-08       8.57274E-12       3.42908E-04       7.50112E-10       3.64423E-10
       2.20000E-06       2.22500E-06       2.21250E-06       2.49999E-08       8.67074E-12       3.46832E-04       7.67365E-10       3.73094E-10
       2.22500E-06       2.25000E-06       2.23750E-06       2.50001E-08       8.76874E-12       3.50748E-04       7.84799E-10       3.81862E-10
       2.25000E-06       2.27500E-06       2.26250E-06       2.50001E-08       8.86674E-12       3.54668E-04       8.02437E-10       3.90729E-10
       2.27500E-06       2.30000E-06       2.28750E-06       2.49999E-08       8.96475E-12       3.58592E-04       8.20279E-10       3.99694E-10
       2.30000E-06       2.32500E-06       2.31250E-06       2.50001E-08       9.06261E-12       3.62503E-04       8.38288E-10       4.08756E-10
       2.32500E-06       2.35000E-06       2.33750E-06       2.49999E-08       9.16061E-12       3.66427E-04       8.56522E-10       4.17917E-10
       2.35000E-06       2.37500E-06       2.36250E-06       2.50001E-08       9.25861E-12       3.70343E-04       8.74936E-10       4.27176E-10
       2.37500E-06       2.40000E-06       2.38750E-06       2.50001E-08       9.35661E-12       3.74263E-04       8.93553E-10       4.36532E-10
       2.40000E-06       2.42500E-06       2.41250E-06       2.49999E-08       9.45462E-12       3.78187E-04       9.12376E-10       4.45987E-10
       2.42500E-06       2.45000E-06       2.43750E-06       2.50001E-08       9.55248E-12       3.82098E-04       9.31363E-10       4.55539E-10
       2.45000E-06       2.47500E-06       2.46250E-06       2.49999E-08       9.65048E-12       3.86022E-04       9.50578E-10       4.65190E-10
       2.47500E-06       2.50000E-06       2.48750E-06       2.50001E-08       9.74848E-12       3.89938E-04       9.69970E-10       4.74938E-10
       2.50000E-06       2.52500E-06       2.51250E-06       2.50001E-08       9.84649E-12       3.93858E-04       9.89568E-10       4.84785E-10
       2.52500E-06       2.55000E-06       2.53750E-06       2.49999E-08       9.94449E-12       3.97782E-04       1.00937E-09       4.94729E-10
       2.55000E-06       2.57500E-06       2.56250E-06       2.50001E-08       1.00424E-11       4.01693E-04       1.02934E-09       5.04772E-10
       2.57500E-06       2.60000E-06       2.58750E-06       2.49999E-08       1.01404E-11       4.05616E-04       1.04953E-09       5.14912E-10
       2.60000E-06       2.62500E-06       2.61250E-06       2.50001E-08       1.02384E-11       4.09533E-04       1.06990E-09       5.25150E-10
       2.62500E-06       2.65000E-06       2.63750E-06       2.50001E-08       1.03364E-11       4.13453E-04       1.09048E-09       5.35487E-10
       2.65000E-06       2.67500E-06       2.66250E-06       2.49999E-08       1.04344E-11       4.17377E-04       1.11127E-09       5.45921E-10
       2.67500E-06       2.70000E-06       2.68750E-06       2.50001E-08       1.05322E-11       4.21287E-04       1.13221E-09       5.56453E-10
       2.70000E-06       2.72500E-06       2.71250E-06       2.49999E-08       1.06302E-11       4.25211E-04       1.15339E-09       5.67083E-10
       2.72500E-06       2.75000E-06       2.73750E-06       2.50001E-08       1.07282E-11       4.29127E-04       1.17474E-09       5.77812E-10
       2.75000E-06       2.77500E-06       2.76250E-06       2.50001E-08       1.08262E-11       4.33047E-04       1.19629E-09       5.88638E-10
       2.77500E-06       2.80000E-06       2.78750E-06       2.49999E-08       1.09242E-11       4.36972E-04       1.21806E-09       5.99562E-10
       2.80000E-06       2.82500E-06       2.81250E-06       2.50001E-08       1.10221E-11       4.40882E-04       1.23998E-09       6.10584E-10
       2.82500E-06       2.85000E-06       2.83750E-06       2.49999E-08       1.11201E-11       4.44806E-04       1.26214E-09       6.21704E-10
       2.85000E-06       2.87500E-06       2.86250E-06       2.50001E-08       1.12181E-11       4.48722E-04       1.28447E-09       6.32922E-10
       2.87500E-06       2.90000E-06       2.88750E-06       2.50001E-08       1.13161E-11       4.52642E-04       1.30700E-09       6.44239E-10
       2.90000E-06       2.92500E-06       2.91250E-06       2.49999E-08       1.14141E-11       4.56567E-04       1.32975E-09       6.55653E-10
       2.92500E-06       2.95000E-06       2.93750E-06       2.50001E-08       1.15120E-11       4.60477E-04       1.35265E-09       6.67165E-10
       2.95000E-06       2.97500E-06       2.96250E-06       2.49999E-08       1.16100E-11       4.64401E-04       1.37579E-09       6.78775E-10
       2.97500E-06       3.00000E-06       2.98750E-06       2.50001E-08       1.17080E-11       4.68317E-04       1.39910E-09       6.90483E-10
       3.00000E-06       3.02500E-06       3.01250E-06       2.50001E-08       1.18060E-11       4.72237E-04       1.42261E-09       7.02289E-10
       3.02500E-06       3.05000E-06       3.03750E-06       2.49999E-08       1.19040E-11       4.76162E-04       1.44634E-09       7.14192E-10
       3.05000E-06       3.07500E-06       3.06250E-06       2.50001E-08       1.20018E-11       4.80072E-04       1.47022E-09       7.26194E-10
       3.07500E-06       3.10000E-06       3.08750E-06       2.49999E-08       1.20998E-11       4.83996E-04       1.49434E-09       7.38294E-10
       3.10000E-06       3.12500E-06       3.11250E-06       2.50001E-08       1.21978E-11       4.87912E-04       1.51863E-09       7.50492E-10
       3.12500E-06       3.15000E-06       3.13750E-06       2.50001E-08       1.22958E-11       4.91832E-04       1.54312E-09       7.62788E-10
       3.15000E-06       3.17500E-06       3.16250E-06       2.49999E-08       1.23938E-11       4.95757E-04       1.56783E-09       7.75182E-10
       3.17500E-06       3.20000E-06       3.18750E-06       2.50001E-08       1.24917E-11       4.99666E-04       1.59269E-09       7.87673E-10
       3.20000E-06       3.22500E-06       3.21250E-06       2.49999E-08       1.25897E-11       5.03591E-04       1.61779E-09       8.00263E-10
       3.22500E-06       3.25000E-06       3.23750E-06       2.50001E-08       1.26877E-11       5.07506E-04       1.64305E-09       8.12951E-10
       3.25000E-06       3.27500E-06       3.26250E-06       2.50001E-08       1.27857E-11       5.11426E-04       1.66853E-09       8.25737E-10
       3.27500E-06       3.30000E-06       3.28750E-06       2.49999E-08       1.28837E-11       5.15351E-04       1.69422E-09       8.38620E-10
       3.30000E-06       3.32500E-06       3.31250E-06       2.50001E-08       1.29816E-11       5.19261E-04       1.72005E-09       8.51602E-10
       3.32500E-06       3.35000E-06       3.33750E-06       2.49999E-08       1.30796E-11       5.23186E-04       1.74613E-09       8.64681E-10
       3.35000E-06       3.37500E-06       3.36250E-06       2.50001E-08       1.31776E-11       5.27101E-04       1.77238E-09       8.77859E-10
       3.37500E-06       3.40000E-06       3.38750E-06       2.50001E-08       1.32756E-11       5.31021E-04       1.79883E-09       8.91135E-10
       3.40000E-06       3.42500E-06       3.41250E-06       2.49999E-08       1.33736E-11       5.34946E-04       1.82550E-09       9.04508E-10
       3.42500E-06       3.45000E-06       3.43750E-06       2.50001E-08       1.34714E-11       5.38856E-04       1.85232E-09       9.17980E-10
       3.45000E-06       3.47500E-06       3.46250E-06       2.49999E-08       1.35694E-11       5.42781E-04       1.87938E-09       9.31549E-10
       3.47500E-06       3.50000E-06       3.48750E-06       2.50001E-08       1.36674E-11       5.46696E-04       1.90660E-09       9.45216E-10
       3.50000E-06       3.52500E-06       3.51250E-06       2.50001E-08       1.37653E-11       5.50610E-04       1.93402E-09       9.58982E-10
       3.52500E-06       3.55000E-06       3.53750E-06       2.49999E-08       1.38637E-11       5.54552E-04       1.96173E-09       9.72845E-10
       3.55000E-06       3.57500E-06       3.56250E-06       2.50001E-08       1.39608E-11       5.58429E-04       1.98940E-09       9.86806E-10
       3.57500E-06       3.60000E-06       3.58750E-06       2.49999E-08       1.40592E-11       5.62371E-04       2.01750E-09       1.00087E-09
       3.60000E-06       3.62500E-06       3.61250E-06       2.50001E-08       1.41576E-11       5.66302E-04       2.04576E-09       1.01502E-09
       3.62500E-06       3.65000E-06       3.63750E-06       2.50001E-08       1.42546E-11       5.70183E-04       2.07404E-09       1.02928E-09
       3.65000E-06       3.67500E-06       3.66250E-06       2.49999E-08       1.43530E-11       5.74125E-04       2.10273E-09       1.04363E-09
       3.67500E-06       3.70000E-06       3.68750E-06       2.50001E-08       1.44515E-11       5.78056E-04       2.13158E-09       1.05808E-09
       3.70000E-06       3.72500E-06       3.71250E-06       2.49999E-08       1.45499E-11       5.81998E-04       2.16067E-09       1.07263E-09
       3.72500E-06       3.75000E-06       3.73750E-06       2.50001E-08       1.46469E-11       5.85874E-04       2.18971E-09       1.08728E-09
       3.75000E-06       3.77500E-06       3.76250E-06       2.50001E-08       1.47453E-11       5.89811E-04       2.21916E-09       1.10202E-09
       3.77500E-06       3.80000E-06       3.78750E-06       2.49999E-08       1.48437E-11       5.93753E-04       2.24884E-09       1.11687E-09
       3.80000E-06       3.82500E-06       3.81250E-06       2.50001E-08       1.49408E-11       5.97629E-04       2.27846E-09       1.13181E-09
       3.82500E-06       3.85000E-06       3.83750E-06       2.49999E-08       1.50392E-11       6.01571E-04       2.30853E-09       1.14685E-09
       3.85000E-06       3.87500E-06       3.86250E-06       2.50001E-08       1.51376E-11       6.05502E-04       2.33875E-09       1.16199E-09
       3.87500E-06       3.90000E-06       3.88750E-06       2.50001E-08       1.52347E-11       6.09384E-04       2.36898E-09       1.17722E-09
       3.90000E-06       3.92500E-06       3.91250E-06       2.49999E-08       1.53331E-11       6.13326E-04       2.39964E-09       1.19255E-09
       3.92500E-06       3.95000E-06       3.93750E-06       2.50001E-08       1.54315E-11       6.17257E-04       2.43045E-09       1.20798E-09
       3.95000E-06       3.97500E-06       3.96250E-06       2.49999E-08       1.55285E-11       6.21144E-04       2.46129E-09       1.22351E-09
       3.97500E-06       4.00000E-06       3.98750E-06       2.50001E-08       1.56269E-11       6.25075E-04       2.49249E-09       1.23914E-09
       4.00000E-06       4.02500E-06       4.01250E-06       2.50001E-08       1.57253E-11       6.29011E-04       2.52391E-09       1.25487E-09
       4.02500E-06       4.05000E-06       4.03750E-06       2.50001E-08       1.58224E-11       6.32893E-04       2.55531E-09       1.27069E-09
       4.05000E-06       4.07500E-06       4.06250E-06       2.49996E-08       1.59208E-11       6.36842E-04       2.58717E-09       1.28661E-09
       4.07500E-06       4.10000E-06       4.08750E-06       2.50001E-08       1.60192E-11       6.40766E-04       2.61913E-09       1.30263E-09
       4.10000E-06       4.12500E-06       4.11250E-06       2.50001E-08       1.61163E-11       6.44648E-04       2.65111E-09       1.31874E-09
       4.12500E-06       4.15000E-06       4.13750E-06       2.50001E-08       1.62147E-11       6.48584E-04       2.68352E-09       1.33496E-09
       4.15000E-06       4.17500E-06       4.16250E-06       2.50001E-08       1.63131E-11       6.52521E-04       2.71612E-09       1.35127E-09
       4.17500E-06       4.20000E-06       4.18750E-06       2.49996E-08       1.64101E-11       6.56415E-04       2.74874E-09       1.36768E-09
       4.20000E-06       4.22500E-06       4.21250E-06       2.50001E-08       1.65085E-11       6.60339E-04       2.78168E-09       1.38419E-09
       4.22500E-06       4.25000E-06       4.23750E-06       2.50001E-08       1.66070E-11       6.64275E-04       2.81487E-09       1.40080E-09
       4.25000E-06       4.27500E-06       4.26250E-06       2.50001E-08       1.67054E-11       6.68212E-04       2.84825E-09       1.41750E-09
       4.27500E-06       4.30000E-06       4.28750E-06       2.50001E-08       1.68024E-11       6.72094E-04       2.88160E-09       1.43431E-09
       4.30000E-06       4.32500E-06       4.31250E-06       2.49996E-08       1.69008E-11       6.76043E-04       2.91544E-09       1.45121E-09
       4.32500E-06       4.35000E-06       4.33750E-06       2.50001E-08       1.69992E-11       6.79967E-04       2.94935E-09       1.46821E-09
       4.35000E-06       4.37500E-06       4.36250E-06       2.50001E-08       1.70963E-11       6.83848E-04       2.98329E-09       1.48530E-09
       4.37500E-06       4.40000E-06       4.38750E-06       2.50001E-08       1.71947E-11       6.87785E-04       3.01766E-09       1.50250E-09
       4.40000E-06       4.42500E-06       4.41250E-06       2.50001E-08       1.72931E-11       6.91721E-04       3.05222E-09       1.51979E-09
       4.42500E-06       4.45000E-06       4.43750E-06       2.49996E-08       1.73901E-11       6.95616E-04       3.08680E-09       1.53718E-09
       4.45000E-06       4.47500E-06       4.46250E-06       2.50001E-08       1.74886E-11       6.99539E-04       3.12169E-09       1.55467E-09
       4.47500E-06       4.50000E-06       4.48750E-06       2.50001E-08       1.75870E-11       7.03476E-04       3.15685E-09       1.57225E-09
       4.50000E-06       4.52500E-06       4.51250E-06       2.50001E-08       1.76840E-11       7.07358E-04       3.19195E-09       1.58994E-09
       4.52500E-06       4.55000E-06       4.53750E-06       2.50001E-08       1.77824E-11       7.11294E-04       3.22750E-09       1.60772E-09
       4.55000E-06       4.57500E-06       4.56250E-06       2.49996E-08       1.78808E-11       7.15244E-04       3.26330E-09       1.62560E-09
       4.57500E-06       4.60000E-06       4.58750E-06       2.50001E-08       1.79779E-11       7.19112E-04       3.29893E-09       1.64358E-09
       4.60000E-06       4.62500E-06       4.61250E-06       2.50001E-08       1.80763E-11       7.23049E-04       3.33506E-09       1.66166E-09
       4.62500E-06       4.65000E-06       4.63750E-06       2.50001E-08       1.81747E-11       7.26985E-04       3.37139E-09       1.67983E-09
       4.65000E-06       4.67500E-06       4.66250E-06       2.50001E-08       1.82717E-11       7.30867E-04       3.40767E-09       1.69810E-09
       4.67500E-06       4.70000E-06       4.68750E-06       2.49996E-08       1.83702E-11       7.34817E-04       3.44446E-09       1.71647E-09
       4.70000E-06       4.72500E-06       4.71250E-06       2.50001E-08       1.84686E-11       7.38740E-04       3.48131E-09       1.73494E-09
       4.72500E-06       4.75000E-06       4.73750E-06       2.50001E-08       1.85656E-11       7.42622E-04       3.51817E-09       1.75351E-09
       4.75000E-06       4.77500E-06       4.76250E-06       2.50001E-08       1.86640E-11       7.46558E-04       3.55548E-09       1.77217E-09
       4.77500E-06       4.80000E-06       4.78750E-06       2.50001E-08       1.87624E-11       7.50494E-04       3.59299E-09       1.79093E-09
       4.80000E-06       4.82500E-06       4.81250E-06       2.49996E-08       1.88595E-11       7.54391E-04       3.63051E-09       1.80979E-09
       4.82500E-06       4.85000E-06       4.83750E-06       2.50001E-08       1.89579E-11       7.58313E-04       3.66834E-09       1.82875E-09
       4.85000E-06       4.87500E-06       4.86250E-06       2.50001E-08       1.90563E-11       7.62249E-04       3.70644E-09       1.84781E-09
       4.87500E-06       4.90000E-06       4.88750E-06       2.50001E-08       1.91547E-11       7.66186E-04       3.74473E-09       1.86696E-09
       4.90000E-06       4.92500E-06       4.91250E-06       2.50001E-08       1.92518E-11       7.70067E-04       3.78296E-09       1.88621E-09
       4.92500E-06       4.95000E-06       4.93750E-06       2.49996E-08       1.93502E-11       7.74019E-04       3.82172E-09       1.90556E-09
       4.95000E-06       4.97500E-06       4.96250E-06       2.50001E-08       1.94486E-11       7.77940E-04       3.86053E-09       1.92501E-09
       4.97500E-06       5.00000E-06       4.98750E-06       2.50001E-08       1.95456E-11       7.81822E-04       3.89934E-09       1.94456E-09
       5.00000E-06       5.02500E-06       5.01250E-06       2.50001E-08       1.96440E-11       7.85758E-04       3.93861E-09       1.96420E-09
       5.02500E-06       5.05000E-06       5.03750E-06       2.50001E-08       1.97425E-11       7.89695E-04       3.97809E-09       1.98394E-09
       5.05000E-06       5.07500E-06       5.06250E-06       2.49996E-08       1.98395E-11       7.93592E-04       4.01756E-09       2.00378E-09
       5.07500E-06       5.10000E-06       5.08750E-06       2.50001E-08       1.99379E-11       7.97513E-04       4.05735E-09       2.02372E-09
       5.10000E-06       5.12500E-06       5.11250E-06       2.50001E-08       2.00363E-11       8.01450E-04       4.09741E-09       2.04376E-09
       5.12500E-06       5.15000E-06       5.13750E-06       2.50001E-08       2.01334E-11       8.05331E-04       4.13739E-09       2.06389E-09
       5.15000E-06       5.17500E-06       5.16250E-06       2.50001E-08       2.02318E-11       8.09268E-04       4.17785E-09       2.08412E-09
       5.17500E-06       5.20000E-06       5.18750E-06       2.49996E-08       2.03302E-11       8.13220E-04       4.21858E-09       2.10445E-09
       5.20000E-06       5.22500E-06       5.21250E-06       2.50001E-08       2.04272E-11       8.17086E-04       4.25906E-09       2.12488E-09
       5.22500E-06       5.25000E-06       5.23750E-06       2.50001E-08       2.05256E-11       8.21022E-04       4.30011E-09       2.14541E-09
       5.25000E-06       5.27500E-06       5.26250E-06       2.50001E-08       2.06241E-11       8.24959E-04       4.34135E-09       2.16603E-09
       5.27500E-06       5.30000E-06       5.28750E-06       2.50001E-08       2.07211E-11       8.28841E-04       4.38250E-09       2.18675E-09
       5.30000E-06       5.32500E-06       5.31250E-06       2.49996E-08       2.08195E-11       8.32793E-04       4.42421E-09       2.20757E-09
       5.32500E-06       5.35000E-06       5.33750E-06       2.50001E-08       2.09179E-11       8.36714E-04       4.46596E-09       2.22849E-09
       5.35000E-06       5.37500E-06       5.36250E-06       2.50001E-08       2.10150E-11       8.40595E-04       4.50769E-09       2.24950E-09
       5.37500E-06       5.40000E-06       5.38750E-06       2.50001E-08       2.11134E-11       8.44532E-04       4.54992E-09       2.27062E-09
       5.40000E-06       5.42500E-06       5.41250E-06       2.50001E-08       2.12118E-11       8.48468E-04       4.59234E-09       2.29183E-09
       5.42500E-06       5.45000E-06       5.43750E-06       2.49996E-08       2.13088E-11       8.52366E-04       4.63474E-09       2.31314E-09
       5.45000E-06       5.47500E-06       5.46250E-06       2.50001E-08       2.14072E-11       8.56287E-04       4.67747E-09       2.33455E-09
       5.47500E-06       5.50000E-06       5.48750E-06       2.50001E-08       2.15057E-11       8.60223E-04       4.72047E-09       2.35605E-09
       5.50000E-06       5.52500E-06       5.51250E-06       2.50001E-08       2.16041E-11       8.64159E-04       4.76368E-09       2.37765E-09
       5.52500E-06       5.55000E-06       5.53750E-06       2.50001E-08       2.17011E-11       8.68041E-04       4.80678E-09       2.39936E-09
       5.55000E-06       5.57500E-06       5.56250E-06       2.49996E-08       2.17995E-11       8.71994E-04       4.85047E-09       2.42116E-09
       5.57500E-06       5.60000E-06       5.58750E-06       2.50001E-08       2.18979E-11       8.75914E-04       4.89417E-09       2.44305E-09
       5.60000E-06       5.62500E-06       5.61250E-06       2.50001E-08       2.19950E-11       8.79796E-04       4.93785E-09       2.46505E-09
       5.62500E-06       5.65000E-06       5.63750E-06       2.50001E-08       2.20934E-11       8.83732E-04       4.98204E-09       2.48714E-09
       5.65000E-06       5.67500E-06       5.66250E-06       2.50001E-08       2.21918E-11       8.87669E-04       5.02643E-09       2.50933E-09
       5.67500E-06       5.70000E-06       5.68750E-06       2.49996E-08       2.22888E-11       8.91567E-04       5.07079E-09       2.53162E-09
       5.70000E-06       5.72500E-06       5.71250E-06       2.50001E-08       2.23873E-11       8.95487E-04       5.11547E-09       2.55401E-09
       5.72500E-06       5.75000E-06       5.73750E-06       2.50001E-08       2.24857E-11       8.99423E-04       5.16044E-09       2.57650E-09
       5.75000E-06       5.77500E-06       5.76250E-06       2.50001E-08       2.25827E-11       9.03305E-04       5.20530E-09       2.59908E-09
       5.77500E-06       5.80000E-06       5.78750E-06       2.50001E-08       2.26811E-11       9.07242E-04       5.25066E-09       2.62176E-09
       5.80000E-06       5.82500E-06       5.81250E-06       2.49996E-08       2.27795E-11       9.11196E-04       5.29632E-09       2.64454E-09
       5.82500E-06       5.85000E-06       5.83750E-06       2.50001E-08       2.28766E-11       9.15060E-04       5.34166E-09       2.66742E-09
       5.85000E-06       5.87500E-06       5.86250E-06       2.50001E-08       2.29750E-11       9.18996E-04       5.38762E-09       2.69039E-09
       5.87500E-06       5.90000E-06       5.88750E-06       2.50001E-08       2.30734E-11       9.22933E-04       5.43377E-09       2.71346E-09
       5.90000E-06       5.92500E-06       5.91250E-06       2.50001E-08       2.31705E-11       9.26815E-04       5.47979E-09       2.73663E-09
       5.92500E-06       5.95000E-06       5.93750E-06       2.49996E-08       2.32689E-11       9.30769E-04       5.52644E-09       2.75990E-09
       5.95000E-06       5.97500E-06       5.96250E-06       2.50001E-08       2.33673E-11       9.34687E-04       5.57307E-09       2.78327E-09
       5.97500E-06       6.00000E-06       5.98750E-06       2.50001E-08       2.34643E-11       9.38569E-04       5.61968E-09       2.80673E-09
       6.00000E-06       6.02500E-06       6.01250E-06       2.50001E-08       2.35627E-11       9.42506E-04       5.66682E-09       2.83030E-09
       6.02500E-06       6.05000E-06       6.03750E-06       2.50001E-08       2.36611E-11       9.46442E-04       5.71414E-09       2.85396E-09
       6.05000E-06       6.07500E-06       6.06250E-06       2.49996E-08       2.37582E-11       9.50342E-04       5.76145E-09       2.87772E-09
       6.07500E-06       6.10000E-06       6.08750E-06       2.50001E-08       2.38566E-11       9.54260E-04       5.80906E-09       2.90157E-09
       6.10000E-06       6.12500E-06       6.11250E-06       2.50001E-08       2.39550E-11       9.58197E-04       5.85698E-09       2.92553E-09
       6.12500E-06       6.15000E-06       6.13750E-06       2.50001E-08       2.40534E-11       9.62133E-04       5.90509E-09       2.94958E-09
       6.15000E-06       6.17500E-06       6.16250E-06       2.50001E-08       2.41505E-11       9.66015E-04       5.95307E-09       2.97373E-09
       6.17500E-06       6.20000E-06       6.18750E-06       2.49996E-08       2.42489E-11       9.69970E-04       6.00169E-09       2.99798E-09
       6.20000E-06       6.22500E-06       6.21250E-06       2.50001E-08       2.43473E-11       9.73888E-04       6.05028E-09       3.02233E-09
       6.22500E-06       6.25000E-06       6.23750E-06       2.50001E-08       2.44443E-11       9.77770E-04       6.09884E-09       3.04677E-09
       6.25000E-06       6.27500E-06       6.26250E-06       2.50001E-08       2.45427E-11       9.81706E-04       6.14794E-09       3.07132E-09
       6.27500E-06       6.30000E-06       6.28750E-06       2.50001E-08       2.46412E-11       9.85643E-04       6.19723E-09       3.09596E-09
       6.30000E-06       6.32500E-06       6.31250E-06       2.49996E-08       2.47382E-11       9.89543E-04       6.24649E-09       3.12069E-09
       6.32500E-06       6.35000E-06       6.33750E-06       2.50001E-08       2.48366E-11       9.93461E-04       6.29606E-09       3.14553E-09
       6.35000E-06       6.37500E-06       6.36250E-06       2.50001E-08       2.49350E-11       9.97397E-04       6.34594E-09       3.17047E-09
       6.37500E-06       6.40000E-06       6.38750E-06       2.50001E-08       2.50321E-11       1.00128E-03       6.39567E-09       3.19550E-09
       6.40000E-06       6.42500E-06       6.41250E-06       2.50001E-08       2.51305E-11       1.00522E-03       6.44594E-09       3.22063E-09
       6.42500E-06       6.45000E-06       6.43750E-06       2.49996E-08       2.52289E-11       1.00917E-03       6.49654E-09       3.24586E-09
       6.45000E-06       6.47500E-06       6.46250E-06       2.50001E-08       2.53259E-11       1.01303E-03       6.54673E-09       3.27118E-09
       6.47500E-06       6.50000E-06       6.48750E-06       2.50001E-08       2.54244E-11       1.01697E-03       6.59759E-09       3.29661E-09
       6.50000E-06       6.52500E-06       6.51250E-06       2.50001E-08       2.55228E-11       1.02091E-03       6.64865E-09       3.32213E-09
       6.52500E-06       6.55000E-06       6.53750E-06       2.50001E-08       2.56198E-11       1.02479E-03       6.69955E-09       3.34775E-09
       6.55000E-06       6.57500E-06       6.56250E-06       2.49996E-08       2.57182E-11       1.02874E-03       6.75114E-09       3.37347E-09
       6.57500E-06       6.60000E-06       6.58750E-06       2.50001E-08       2.58166E-11       1.03266E-03       6.80266E-09       3.39929E-09
       6.60000E-06       6.62500E-06       6.61250E-06       2.50001E-08       2.59137E-11       1.03654E-03       6.85414E-09       3.42520E-09
       6.62500E-06       6.65000E-06       6.63750E-06       2.50001E-08       2.60121E-11       1.04048E-03       6.90618E-09       3.45121E-09
       6.65000E-06       6.67500E-06       6.66250E-06       2.50001E-08       2.61105E-11       1.04442E-03       6.95842E-09       3.47732E-09
       6.67500E-06       6.70000E-06       6.68750E-06       2.49996E-08       2.62075E-11       1.04832E-03       7.01062E-09       3.50353E-09
       6.70000E-06       6.72500E-06       6.71250E-06       2.50001E-08       2.63060E-11       1.05223E-03       7.06312E-09       3.52984E-09
       6.72500E-06       6.75000E-06       6.73750E-06       2.50001E-08       2.64044E-11       1.05617E-03       7.11595E-09       3.55624E-09
       6.75000E-06       6.77500E-06       6.76250E-06       2.50001E-08       2.65028E-11       1.06011E-03       7.16897E-09       3.58274E-09
       6.77500E-06       6.80000E-06       6.78750E-06       2.50001E-08       2.65998E-11       1.06399E-03       7.22182E-09       3.60934E-09
       6.80000E-06       6.82500E-06       6.81250E-06       2.49996E-08       2.66982E-11       1.06795E-03       7.27538E-09       3.63604E-09
       6.82500E-06       6.85000E-06       6.83750E-06       2.50001E-08       2.67966E-11       1.07186E-03       7.32885E-09       3.66284E-09
       6.85000E-06       6.87500E-06       6.86250E-06       2.50001E-08       2.68937E-11       1.07574E-03       7.38229E-09       3.68973E-09
       6.87500E-06       6.90000E-06       6.88750E-06       2.50001E-08       2.69921E-11       1.07968E-03       7.43630E-09       3.71672E-09
       6.90000E-06       6.92500E-06       6.91250E-06       2.50001E-08       2.70905E-11       1.08362E-03       7.49050E-09       3.74381E-09
       6.92500E-06       6.95000E-06       6.93750E-06       2.49996E-08       2.71876E-11       1.08752E-03       7.54466E-09       3.77100E-09
       6.95000E-06       6.97500E-06       6.96250E-06       2.50001E-08       2.72860E-11       1.09143E-03       7.59911E-09       3.79829E-09
       6.97500E-06       7.00000E-06       6.98750E-06       2.50001E-08       2.73844E-11       1.09537E-03       7.65391E-09       3.82567E-09
       7.00000E-06       7.02500E-06       7.01250E-06       2.50001E-08       2.74814E-11       1.09925E-03       7.70851E-09       3.85315E-09
       7.02500E-06       7.05000E-06       7.03750E-06       2.50001E-08       2.75798E-11       1.10319E-03       7.76369E-09       3.88073E-09
       7.05000E-06       7.07500E-06       7.06250E-06       2.49996E-08       2.76783E-11       1.10715E-03       7.81923E-09       3.90841E-09
       7.07500E-06       7.10000E-06       7.08750E-06       2.50001E-08       2.77753E-11       1.11101E-03       7.87426E-09       3.93619E-09
       7.10000E-06       7.12500E-06       7.11250E-06       2.50001E-08       2.78737E-11       1.11494E-03       7.93004E-09       3.96406E-09
       7.12500E-06       7.15000E-06       7.13750E-06       2.50001E-08       2.79721E-11       1.11888E-03       7.98601E-09       3.99203E-09
       7.15000E-06       7.17500E-06       7.16250E-06       2.50001E-08       2.80692E-11       1.12276E-03       8.04178E-09       4.02010E-09
       7.17500E-06       7.20000E-06       7.18750E-06       2.49996E-08       2.81676E-11       1.12672E-03       8.09830E-09       4.04827E-09
       7.20000E-06       7.22500E-06       7.21250E-06       2.50001E-08       2.82660E-11       1.13064E-03       8.15471E-09       4.07653E-09
       7.22500E-06       7.25000E-06       7.23750E-06       2.50001E-08       2.83630E-11       1.13452E-03       8.21107E-09       4.10490E-09
       7.25000E-06       7.27500E-06       7.26250E-06       2.50001E-08       2.84614E-11       1.13845E-03       8.26802E-09       4.13336E-09
       7.27500E-06       7.30000E-06       7.28750E-06       2.50001E-08       2.85599E-11       1.14239E-03       8.32516E-09       4.16192E-09
       7.30000E-06       7.32500E-06       7.31250E-06       2.49996E-08       2.86583E-11       1.14635E-03       8.38267E-09       4.19058E-09
       7.32500E-06       7.35000E-06       7.33750E-06       2.50001E-08       2.87553E-11       1.15021E-03       8.43965E-09       4.21933E-09
       7.35000E-06       7.37500E-06       7.36250E-06       2.50001E-08       2.88537E-11       1.15414E-03       8.49739E-09       4.24819E-09
       7.37500E-06       7.40000E-06       7.38750E-06       2.50001E-08       2.89521E-11       1.15808E-03       8.55532E-09       4.27714E-09
       7.40000E-06       7.42500E-06       7.41250E-06       2.50001E-08       2.90492E-11       1.16196E-03       8.61305E-09       4.30619E-09
       7.42500E-06       7.45000E-06       7.43750E-06       2.49996E-08       2.91476E-11       1.16592E-03       8.67154E-09       4.33534E-09
       7.45000E-06       7.47500E-06       7.46250E-06       2.50001E-08       2.92460E-11       1.16984E-03       8.72990E-09       4.36458E-09
       7.47500E-06       7.50000E-06       7.48750E-06       2.50001E-08       2.93430E-11       1.17372E-03       8.78821E-09       4.39392E-09
       7.50000E-06       7.52500E-06       7.51250E-06       2.50001E-08       2.94415E-11       1.17765E-03       8.84712E-09       4.42337E-09
       7.52500E-06       7.55000E-06       7.53750E-06       2.50001E-08       2.95399E-11       1.18159E-03       8.90624E-09       4.45291E-09
       7.55000E-06       7.57500E-06       7.56250E-06       2.49996E-08       2.96369E-11       1.18549E-03       8.96530E-09       4.48254E-09
       7.57500E-06       7.60000E-06       7.58750E-06       2.50001E-08       2.97353E-11       1.18941E-03       9.02464E-09       4.51228E-09
       7.60000E-06       7.62500E-06       7.61250E-06       2.50001E-08       2.98337E-11       1.19334E-03       9.08434E-09       4.54211E-09
       7.62500E-06       7.65000E-06       7.63750E-06       2.50001E-08       2.99308E-11       1.19723E-03       9.14382E-09       4.57204E-09
       7.65000E-06       7.67500E-06       7.66250E-06       2.50001E-08       3.00292E-11       1.20116E-03       9.20391E-09       4.60207E-09
       7.67500E-06       7.70000E-06       7.68750E-06       2.49996E-08       3.01276E-11       1.20512E-03       9.26438E-09       4.63220E-09
       7.70000E-06       7.72500E-06       7.71250E-06       2.50001E-08       3.02246E-11       1.20898E-03       9.32427E-09       4.66242E-09
       7.72500E-06       7.75000E-06       7.73750E-06       2.50001E-08       3.03231E-11       1.21292E-03       9.38495E-09       4.69275E-09
       7.75000E-06       7.77500E-06       7.76250E-06       2.50001E-08       3.04215E-11       1.21685E-03       9.44583E-09       4.72317E-09
       7.77500E-06       7.80000E-06       7.78750E-06       2.50001E-08       3.05185E-11       1.22074E-03       9.50648E-09       4.75369E-09
       7.80000E-06       7.82500E-06       7.81250E-06       2.49996E-08       3.06169E-11       1.22470E-03       9.56793E-09       4.78430E-09
       7.82500E-06       7.85000E-06       7.83750E-06       2.50001E-08       3.07153E-11       1.22861E-03       9.62922E-09       4.81502E-09
       7.85000E-06       7.87500E-06       7.86250E-06       2.50001E-08       3.08124E-11       1.23249E-03       9.69046E-09       4.84583E-09
       7.87500E-06       7.90000E-06       7.88750E-06       2.50001E-08       3.09108E-11       1.23643E-03       9.75232E-09       4.87674E-09
       7.90000E-06       7.92500E-06       7.91250E-06       2.50001E-08       3.10092E-11       1.24036E-03       9.81438E-09       4.90775E-09
       7.92500E-06       7.95000E-06       7.93750E-06       2.49996E-08       3.11076E-11       1.24432E-03       9.87682E-09       4.93886E-09
       7.95000E-06       7.97500E-06       7.96250E-06       2.50001E-08       3.12047E-11       1.24818E-03       9.93865E-09       4.97006E-09
       7.97500E-06       8.00000E-06       7.98750E-06       2.50001E-08       3.13031E-11       1.25212E-03       1.00013E-08       5.00137E-09
       8.00000E-06       8.02500E-06       8.01250E-06       2.49996E-08       3.14015E-11       1.25608E-03       1.00643E-08       5.03277E-09
       8.02500E-06       8.05000E-06       8.03750E-06       2.50006E-08       3.14985E-11       1.25991E-03       1.01265E-08       5.06427E-09
       8.05000E-06       8.07500E-06       8.06250E-06       2.49996E-08       3.15969E-11       1.26390E-03       1.01902E-08       5.09586E-09
       8.07500E-06       8.10000E-06       8.08750E-06       2.50006E-08       3.16954E-11       1.26779E-03       1.02532E-08       5.12756E-09
       8.10000E-06       8.12500E-06       8.11250E-06       2.49996E-08       3.17924E-11       1.27172E-03       1.03168E-08       5.15935E-09
       8.12500E-06       8.15000E-06       8.13750E-06       2.49996E-08       3.18908E-11       1.27565E-03       1.03806E-08       5.19124E-09
       8.15000E-06       8.17500E-06       8.16250E-06       2.50006E-08       3.19892E-11       1.27954E-03       1.04442E-08       5.22323E-09
       8.17500E-06       8.20000E-06       8.18750E-06       2.49996E-08       3.20863E-11       1.28347E-03       1.05084E-08       5.25532E-09
       8.20000E-06       8.22500E-06       8.21250E-06       2.50006E-08       3.21847E-11       1.28736E-03       1.05724E-08       5.28750E-09
       8.22500E-06       8.25000E-06       8.23750E-06       2.49996E-08       3.22831E-11       1.29134E-03       1.06374E-08       5.31979E-09
       8.25000E-06       8.27500E-06       8.26250E-06       2.49996E-08       3.23801E-11       1.29523E-03       1.07018E-08       5.35217E-09
       8.27500E-06       8.30000E-06       8.28750E-06       2.50006E-08       3.24785E-11       1.29911E-03       1.07664E-08       5.38464E-09
       8.30000E-06       8.32500E-06       8.31250E-06       2.49996E-08       3.25770E-11       1.30310E-03       1.08320E-08       5.41722E-09
       8.32500E-06       8.35000E-06       8.33750E-06       2.50006E-08       3.26740E-11       1.30693E-03       1.08965E-08       5.44990E-09
       8.35000E-06       8.37500E-06       8.36250E-06       2.49996E-08       3.27724E-11       1.31092E-03       1.09625E-08       5.48267E-09
       8.37500E-06       8.40000E-06       8.38750E-06       2.49996E-08       3.28708E-11       1.31485E-03       1.10283E-08       5.51554E-09
       8.40000E-06       8.42500E-06       8.41250E-06       2.50006E-08       3.29679E-11       1.31868E-03       1.10934E-08       5.54851E-09
       8.42500E-06       8.45000E-06       8.43750E-06       2.49996E-08       3.30663E-11       1.32267E-03       1.11600E-08       5.58157E-09
       8.45000E-06       8.47500E-06       8.46250E-06       2.50006E-08       3.31647E-11       1.32656E-03       1.12260E-08       5.61474E-09
       8.47500E-06       8.50000E-06       8.48750E-06       2.49996E-08       3.32617E-11       1.33049E-03       1.12925E-08       5.64800E-09
       8.50000E-06       8.52500E-06       8.51250E-06       2.49996E-08       3.33601E-11       1.33443E-03       1.13593E-08       5.68136E-09
       8.52500E-06       8.55000E-06       8.53750E-06       2.50006E-08       3.34586E-11       1.33831E-03       1.14258E-08       5.71482E-09
       8.55000E-06       8.57500E-06       8.56250E-06       2.49996E-08       3.35570E-11       1.34230E-03       1.14934E-08       5.74838E-09
       8.57500E-06       8.60000E-06       8.58750E-06       2.50006E-08       3.36540E-11       1.34613E-03       1.15599E-08       5.78203E-09
       8.60000E-06       8.62500E-06       8.61250E-06       2.49996E-08       3.37524E-11       1.35012E-03       1.16279E-08       5.81578E-09
       8.62500E-06       8.65000E-06       8.63750E-06       2.49996E-08       3.38508E-11       1.35405E-03       1.16956E-08       5.84963E-09
       8.65000E-06       8.67500E-06       8.66250E-06       2.50006E-08       3.39479E-11       1.35788E-03       1.17627E-08       5.88358E-09
       8.67500E-06       8.70000E-06       8.68750E-06       2.49996E-08       3.40463E-11       1.36187E-03       1.18313E-08       5.91763E-09
       8.70000E-06       8.72500E-06       8.71250E-06       2.50006E-08       3.41447E-11       1.36576E-03       1.18992E-08       5.95177E-09
       8.72500E-06       8.75000E-06       8.73750E-06       2.49996E-08       3.42418E-11       1.36969E-03       1.19677E-08       5.98601E-09
       8.75000E-06       8.77500E-06       8.76250E-06       2.49996E-08       3.43402E-11       1.37363E-03       1.20364E-08       6.02035E-09
       8.77500E-06       8.80000E-06       8.78750E-06       2.50006E-08       3.44386E-11       1.37751E-03       1.21049E-08       6.05479E-09
       8.80000E-06       8.82500E-06       8.81250E-06       2.49996E-08       3.45356E-11       1.38145E-03       1.21740E-08       6.08933E-09
       8.82500E-06       8.85000E-06       8.83750E-06       2.50006E-08       3.46340E-11       1.38533E-03       1.22428E-08       6.12396E-09
       8.85000E-06       8.87500E-06       8.86250E-06       2.49996E-08       3.47324E-11       1.38932E-03       1.23128E-08       6.15869E-09
       8.87500E-06       8.90000E-06       8.88750E-06       2.49996E-08       3.48295E-11       1.39320E-03       1.23821E-08       6.19352E-09
       8.90000E-06       8.92500E-06       8.91250E-06       2.50006E-08       3.49279E-11       1.39708E-03       1.24515E-08       6.22845E-09
       8.92500E-06       8.95000E-06       8.93750E-06       2.49996E-08       3.50263E-11       1.40107E-03       1.25221E-08       6.26348E-09
       8.95000E-06       8.97500E-06       8.96250E-06       2.50006E-08       3.51234E-11       1.40490E-03       1.25914E-08       6.29860E-09
       8.97500E-06       9.00000E-06       8.98750E-06       2.49996E-08       3.52218E-11       1.40889E-03       1.26624E-08       6.33382E-09
       9.00000E-06       9.02500E-06       9.01250E-06       2.49996E-08       3.53202E-11       1.41283E-03       1.27331E-08       6.36914E-09
       9.02500E-06       9.05000E-06       9.03750E-06       2.50006E-08       3.54172E-11       1.41666E-03       1.28030E-08       6.40456E-09
       9.05000E-06       9.07500E-06       9.06250E-06       2.49996E-08       3.55156E-11       1.42065E-03       1.28746E-08       6.44008E-09
       9.07500E-06       9.10000E-06       9.08750E-06       2.50006E-08       3.56140E-11       1.42453E-03       1.29454E-08       6.47569E-09
       9.10000E-06       9.12500E-06       9.11250E-06       2.49996E-08       3.57111E-11       1.42847E-03       1.30169E-08       6.51140E-09
       9.12500E-06       9.15000E-06       9.13750E-06       2.49996E-08       3.58095E-11       1.43240E-03       1.30886E-08       6.54721E-09
       9.15000E-06       9.17500E-06       9.16250E-06       2.50006E-08       3.59079E-11       1.43628E-03       1.31599E-08       6.58312E-09
       9.17500E-06       9.20000E-06       9.18750E-06       2.49996E-08       3.60063E-11       1.44027E-03       1.32325E-08       6.61912E-09
       9.20000E-06       9.22500E-06       9.21250E-06       2.50006E-08       3.61034E-11       1.44410E-03       1.33038E-08       6.65523E-09
       9.22500E-06       9.25000E-06       9.23750E-06       2.49996E-08       3.62018E-11       1.44809E-03       1.33768E-08       6.69143E-09
       9.25000E-06       9.27500E-06       9.26250E-06       2.49996E-08       3.63002E-11       1.45203E-03       1.34494E-08       6.72773E-09
       9.27500E-06       9.30000E-06       9.28750E-06       2.50006E-08       3.63972E-11       1.45586E-03       1.35213E-08       6.76413E-09
       9.30000E-06       9.32500E-06       9.31250E-06       2.49996E-08       3.64956E-11       1.45985E-03       1.35948E-08       6.80062E-09
       9.32500E-06       9.35000E-06       9.33750E-06       2.50006E-08       3.65941E-11       1.46373E-03       1.36676E-08       6.83722E-09
       9.35000E-06       9.37500E-06       9.36250E-06       2.49996E-08       3.66911E-11       1.46767E-03       1.37410E-08       6.87391E-09
       9.37500E-06       9.40000E-06       9.38750E-06       2.49996E-08       3.67895E-11       1.47160E-03       1.38147E-08       6.91070E-09
       9.40000E-06       9.42500E-06       9.41250E-06       2.50006E-08       3.68879E-11       1.47548E-03       1.38880E-08       6.94759E-09
       9.42500E-06       9.45000E-06       9.43750E-06       2.49996E-08       3.69850E-11       1.47942E-03       1.39620E-08       6.98457E-09
       9.45000E-06       9.47500E-06       9.46250E-06       2.50006E-08       3.70834E-11       1.48330E-03       1.40357E-08       7.02165E-09
       9.47500E-06       9.50000E-06       9.48750E-06       2.49996E-08       3.71818E-11       1.48729E-03       1.41107E-08       7.05884E-09
       9.50000E-06       9.52500E-06       9.51250E-06       2.49996E-08       3.72788E-11       1.49118E-03       1.41848E-08       7.09611E-09
       9.52500E-06       9.55000E-06       9.53750E-06       2.50006E-08       3.73773E-11       1.49506E-03       1.42591E-08       7.13349E-09
       9.55000E-06       9.57500E-06       9.56250E-06       2.49996E-08       3.74757E-11       1.49905E-03       1.43347E-08       7.17097E-09
       9.57500E-06       9.60000E-06       9.58750E-06       2.50006E-08       3.75727E-11       1.50287E-03       1.44088E-08       7.20854E-09
       9.60000E-06       9.62500E-06       9.61250E-06       2.49996E-08       3.76711E-11       1.50687E-03       1.44848E-08       7.24621E-09
       9.62500E-06       9.65000E-06       9.63750E-06       2.49996E-08       3.77695E-11       1.51080E-03       1.45604E-08       7.28398E-09
       9.65000E-06       9.67500E-06       9.66250E-06       2.50006E-08       3.78666E-11       1.51463E-03       1.46351E-08       7.32185E-09
       9.67500E-06       9.70000E-06       9.68750E-06       2.49996E-08       3.79650E-11       1.51862E-03       1.47117E-08       7.35981E-09
       9.70000E-06       9.72500E-06       9.71250E-06       2.50006E-08       3.80634E-11       1.52250E-03       1.47873E-08       7.39788E-09
       9.72500E-06       9.75000E-06       9.73750E-06       2.49996E-08       3.81604E-11       1.52644E-03       1.48637E-08       7.43604E-09
       9.75000E-06       9.77500E-06       9.76250E-06       2.49996E-08       3.82589E-11       1.53038E-03       1.49403E-08       7.47429E-09
       9.77500E-06       9.80000E-06       9.78750E-06       2.50006E-08       3.83573E-11       1.53426E-03       1.50165E-08       7.51265E-09
       9.80000E-06       9.82500E-06       9.81250E-06       2.49996E-08       3.84557E-11       1.53825E-03       1.50941E-08       7.55111E-09
       9.82500E-06       9.85000E-06       9.83750E-06       2.50006E-08       3.85527E-11       1.54207E-03       1.51701E-08       7.58966E-09
       9.85000E-06       9.87500E-06       9.86250E-06       2.49996E-08       3.86511E-11       1.54607E-03       1.52481E-08       7.62831E-09
       9.87500E-06       9.90000E-06       9.88750E-06       2.49996E-08       3.87495E-11       1.55001E-03       1.53257E-08       7.66706E-09
       9.90000E-06       9.92500E-06       9.91250E-06       2.50006E-08       3.88466E-11       1.55383E-03       1.54023E-08       7.70591E-09
       9.92500E-06       9.95000E-06       9.93750E-06       2.49996E-08       3.89450E-11       1.55782E-03       1.54809E-08       7.74485E-09
       9.95000E-06       9.97500E-06       9.96250E-06       2.50006E-08       3.90434E-11       1.56170E-03       1.55584E-08       7.78390E-09
       9.97500E-06       1.00000E-05       9.98750E-06       2.49996E-08       3.91405E-11       1.56564E-03       1.56369E-08       7.82304E-09
       1.00000E-05       1.04713E-05       1.02356E-05       4.71300E-07       7.56197E-10       1.60449E-03       1.64230E-08       8.57923E-09
       1.04713E-05       1.09648E-05       1.07180E-05       4.93500E-07       8.29145E-10       1.68013E-03       1.80077E-08       9.40838E-09
       1.09648E-05       1.14815E-05       1.12232E-05       5.16700E-07       9.09159E-10       1.75955E-03       1.97477E-08       1.03175E-08
       1.14815E-05       1.20226E-05       1.17521E-05       5.41101E-07       9.96841E-10       1.84225E-03       2.16502E-08       1.13144E-08
       1.20226E-05       1.25892E-05       1.23059E-05       5.66600E-07       1.09304E-09       1.92912E-03       2.37395E-08       1.24074E-08
       1.25892E-05       1.31826E-05       1.28859E-05       5.93400E-07       1.19850E-09       2.01972E-03       2.60259E-08       1.36059E-08
       1.31826E-05       1.38038E-05       1.34932E-05       6.21200E-07       1.31411E-09       2.11544E-03       2.85440E-08       1.49200E-08
       1.38038E-05       1.44544E-05       1.41291E-05       6.50600E-07       1.44091E-09       2.21474E-03       3.12922E-08       1.63609E-08
       1.44544E-05       1.51356E-05       1.47950E-05       6.81200E-07       1.57990E-09       2.31929E-03       3.43139E-08       1.79408E-08
       1.51356E-05       1.58489E-05       1.54922E-05       7.13300E-07       1.73234E-09       2.42863E-03       3.76250E-08       1.96732E-08
       1.58489E-05       1.65959E-05       1.62224E-05       7.47000E-07       1.89948E-09       2.54281E-03       4.12505E-08       2.15727E-08
       1.65959E-05       1.73780E-05       1.69869E-05       7.82101E-07       2.08273E-09       2.66299E-03       4.52362E-08       2.36554E-08
       1.73780E-05       1.81970E-05       1.77875E-05       8.19000E-07       2.28367E-09       2.78836E-03       4.95979E-08       2.59391E-08
       1.81970E-05       1.90546E-05       1.86258E-05       8.57599E-07       2.50400E-09       2.91978E-03       5.43832E-08       2.84431E-08
       1.90546E-05       1.99526E-05       1.95036E-05       8.98001E-07       2.74556E-09       3.05741E-03       5.96306E-08       3.11886E-08
       1.99526E-05       2.08930E-05       2.04228E-05       9.40399E-07       3.01046E-09       3.20126E-03       6.53787E-08       3.41991E-08
       2.08930E-05       2.18776E-05       2.13853E-05       9.84600E-07       3.30089E-09       3.35252E-03       7.16946E-08       3.75000E-08
       2.18776E-05       2.29087E-05       2.23932E-05       1.03110E-06       3.58347E-09       3.47538E-03       7.78246E-08       4.10834E-08
       2.29087E-05       2.39883E-05       2.34485E-05       1.07960E-06       3.83429E-09       3.55159E-03       8.32794E-08       4.49177E-08
       2.39883E-05       2.51189E-05       2.45536E-05       1.13060E-06       4.10326E-09       3.62927E-03       8.91117E-08       4.90210E-08
       2.51189E-05       2.63027E-05       2.57108E-05       1.18380E-06       4.39345E-09       3.71131E-03       9.54207E-08       5.34144E-08
       2.63027E-05       2.75423E-05       2.69225E-05       1.23960E-06       4.70661E-09       3.79688E-03       1.02222E-07       5.81210E-08
       2.75423E-05       2.88403E-05       2.81913E-05       1.29800E-06       5.04478E-09       3.88658E-03       1.09568E-07       6.31658E-08
       2.88403E-05       3.01995E-05       2.95199E-05       1.35920E-06       5.41009E-09       3.98035E-03       1.17500E-07       6.85759E-08
       3.01995E-05       3.16228E-05       3.09111E-05       1.42330E-06       5.80497E-09       4.07852E-03       1.26072E-07       7.43809E-08
       3.16228E-05       3.31131E-05       3.23679E-05       1.49030E-06       6.23166E-09       4.18149E-03       1.35346E-07       8.06126E-08
       3.31131E-05       3.46737E-05       3.38934E-05       1.56060E-06       6.67855E-09       4.27947E-03       1.45046E-07       8.72911E-08
       3.46737E-05       3.63078E-05       3.54907E-05       1.63410E-06       7.14890E-09       4.37482E-03       1.55266E-07       9.44400E-08
       3.63078E-05       3.80189E-05       3.71634E-05       1.71110E-06       7.65642E-09       4.47456E-03       1.66289E-07       1.02096E-07
       3.80189E-05       3.98107E-05       3.89148E-05       1.79180E-06       8.20437E-09       4.57885E-03       1.78185E-07       1.10301E-07
       3.98107E-05       4.16869E-05       4.07488E-05       1.87620E-06       8.79615E-09       4.68827E-03       1.91042E-07       1.19097E-07
       4.16869E-05       4.36516E-05       4.26692E-05       1.96470E-06       9.43560E-09       4.80257E-03       2.04922E-07       1.28533E-07
       4.36516E-05       4.57088E-05       4.46802E-05       2.05720E-06       1.01128E-08       4.91582E-03       2.19640E-07       1.38645E-07
       4.57088E-05       4.78630E-05       4.67859E-05       2.15420E-06       1.08175E-08       5.02157E-03       2.34939E-07       1.49463E-07
       4.78630E-05       5.01187E-05       4.89908E-05       2.25570E-06       1.15762E-08       5.13199E-03       2.51420E-07       1.61039E-07
       5.01187E-05       5.24808E-05       5.12998E-05       2.36210E-06       1.23949E-08       5.24738E-03       2.69189E-07       1.73434E-07
       5.24808E-05       5.49541E-05       5.37174E-05       2.47330E-06       1.32783E-08       5.36866E-03       2.88390E-07       1.86712E-07
       5.49541E-05       5.75440E-05       5.62490E-05       2.58990E-06       1.42322E-08       5.49529E-03       3.09105E-07       2.00944E-07
       5.75440E-05       6.02560E-05       5.89000E-05       2.71200E-06       1.52629E-08       5.62793E-03       3.31485E-07       2.16207E-07
       6.02560E-05       6.30957E-05       6.16758E-05       2.83970E-06       1.63769E-08       5.76713E-03       3.55693E-07       2.32584E-07
       6.30957E-05       6.60693E-05       6.45825E-05       2.97360E-06       1.75810E-08       5.91235E-03       3.81834E-07       2.50165E-07
       6.60693E-05       6.91831E-05       6.76262E-05       3.11380E-06       1.88451E-08       6.05213E-03       4.09283E-07       2.69010E-07
       6.91831E-05       7.24436E-05       7.08134E-05       3.26051E-06       2.01725E-08       6.18691E-03       4.38116E-07       2.89183E-07
       7.24436E-05       7.58578E-05       7.41507E-05       3.41420E-06       2.16048E-08       6.32791E-03       4.69219E-07       3.10788E-07
       7.58578E-05       7.94328E-05       7.76453E-05       3.57500E-06       2.31508E-08       6.47575E-03       5.02811E-07       3.33938E-07
       7.94328E-05       8.31764E-05       8.13046E-05       3.74360E-06       2.48209E-08       6.63022E-03       5.39068E-07       3.58759E-07
       8.31764E-05       8.70964E-05       8.51364E-05       3.92000E-06       2.66254E-08       6.79219E-03       5.78263E-07       3.85385E-07
       8.70964E-05       9.12011E-05       8.91488E-05       4.10471E-06       2.85410E-08       6.95324E-03       6.19872E-07       4.13926E-07
       9.12011E-05       9.54993E-05       9.33502E-05       4.29820E-06       3.05312E-08       7.10327E-03       6.63091E-07       4.44457E-07
       9.54993E-05       1.00000E-04       9.77497E-05       4.50070E-06       3.26732E-08       7.25957E-03       7.09621E-07       4.77130E-07
       1.00000E-04       1.04713E-04       1.02356E-04       4.71300E-06       3.49842E-08       7.42292E-03       7.59784E-07       5.12114E-07
       1.04713E-04       1.09648E-04       1.07181E-04       4.93501E-06       3.74773E-08       7.59418E-03       8.13948E-07       5.49592E-07
       1.09648E-04       1.14815E-04       1.12232E-04       5.16700E-06       4.01712E-08       7.77457E-03       8.72551E-07       5.89763E-07
       1.14815E-04       1.20226E-04       1.17520E-04       5.41100E-06       4.30795E-08       7.96148E-03       9.35637E-07       6.32842E-07
       1.20226E-04       1.25892E-04       1.23059E-04       5.66600E-06       4.62247E-08       8.15826E-03       1.00395E-06       6.79067E-07
       1.25892E-04       1.31826E-04       1.28859E-04       5.93401E-06       4.96248E-08       8.36279E-03       1.07762E-06       7.28692E-07
       1.31826E-04       1.38038E-04       1.34932E-04       6.21199E-06       5.32021E-08       8.56442E-03       1.15561E-06       7.81894E-07
       1.38038E-04       1.44544E-04       1.41291E-04       6.50601E-06       5.69523E-08       8.75379E-03       1.23683E-06       8.38846E-07
       1.44544E-04       1.51356E-04       1.47950E-04       6.81200E-06       6.09959E-08       8.95419E-03       1.32477E-06       8.99842E-07
       1.51356E-04       1.58489E-04       1.54922E-04       7.13300E-06       6.53628E-08       9.16344E-03       1.41962E-06       9.65205E-07
       1.58489E-04       1.65959E-04       1.62224E-04       7.47000E-06       7.00791E-08       9.38141E-03       1.52189E-06       1.03528E-06
       1.65959E-04       1.73780E-04       1.69870E-04       7.82100E-06       7.51751E-08       9.61195E-03       1.63278E-06       1.11046E-06
       1.73780E-04       1.81970E-04       1.77875E-04       8.19000E-06       8.05911E-08       9.84018E-03       1.75032E-06       1.19105E-06
       1.81970E-04       1.90546E-04       1.86258E-04       8.57600E-06       8.61936E-08       1.00506E-02       1.87200E-06       1.27724E-06
       1.90546E-04       1.99526E-04       1.95036E-04       8.98000E-06       9.22152E-08       1.02690E-02       2.00282E-06       1.36946E-06
       1.99526E-04       2.08930E-04       2.04228E-04       9.40399E-06       9.87112E-08       1.04967E-02       2.14373E-06       1.46817E-06
       2.08930E-04       2.18776E-04       2.13853E-04       9.84601E-06       1.05720E-07       1.07374E-02       2.29622E-06       1.57389E-06
       2.18776E-04       2.29087E-04       2.23932E-04       1.03110E-05       1.13286E-07       1.09869E-02       2.46031E-06       1.68718E-06
       2.29087E-04       2.39883E-04       2.34485E-04       1.07960E-05       1.21458E-07       1.12503E-02       2.63802E-06       1.80863E-06
       2.39883E-04       2.51189E-04       2.45536E-04       1.13060E-05       1.30288E-07       1.15238E-02       2.82951E-06       1.93892E-06
       2.51189E-04       2.63027E-04       2.57108E-04       1.18380E-05       1.39835E-07       1.18123E-02       3.03705E-06       2.07876E-06
       2.63027E-04       2.75423E-04       2.69225E-04       1.23960E-05       1.49890E-07       1.20918E-02       3.25542E-06       2.22865E-06
       2.75423E-04       2.88403E-04       2.81913E-04       1.29800E-05       1.60381E-07       1.23560E-02       3.48331E-06       2.38903E-06
       2.88403E-04       3.01995E-04       2.95199E-04       1.35920E-05       1.71687E-07       1.26315E-02       3.72881E-06       2.56072E-06
       3.01995E-04       3.16228E-04       3.09111E-04       1.42330E-05       1.83889E-07       1.29199E-02       3.99369E-06       2.74460E-06
       3.16228E-04       3.31131E-04       3.23680E-04       1.49030E-05       1.97061E-07       1.32229E-02       4.27998E-06       2.94166E-06
       3.31131E-04       3.46737E-04       3.38934E-04       1.56060E-05       2.11291E-07       1.35391E-02       4.58886E-06       3.15296E-06
       3.46737E-04       3.63078E-04       3.54908E-04       1.63410E-05       2.26460E-07       1.38584E-02       4.91845E-06       3.37942E-06
       3.63078E-04       3.80189E-04       3.71634E-04       1.71110E-05       2.42188E-07       1.41539E-02       5.26008E-06       3.62160E-06
       3.80189E-04       3.98107E-04       3.89148E-04       1.79180E-05       2.59083E-07       1.44594E-02       5.62684E-06       3.88069E-06
       3.98107E-04       4.16869E-04       4.07488E-04       1.87620E-05       2.77303E-07       1.47801E-02       6.02269E-06       4.15799E-06
       4.16869E-04       4.36516E-04       4.26692E-04       1.96470E-05       2.96962E-07       1.51149E-02       6.44941E-06       4.45495E-06
       4.36516E-04       4.57088E-04       4.46802E-04       2.05720E-05       3.18184E-07       1.54668E-02       6.91060E-06       4.77314E-06
       4.57088E-04       4.78630E-04       4.67859E-04       2.15420E-05       3.41101E-07       1.58342E-02       7.40820E-06       5.11424E-06
       4.78630E-04       5.01187E-04       4.89909E-04       2.25570E-05       3.65864E-07       1.62195E-02       7.94609E-06       5.48010E-06
       5.01187E-04       5.24808E-04       5.12998E-04       2.36210E-05       3.92633E-07       1.66222E-02       8.52717E-06       5.87274E-06
       5.24808E-04       5.49541E-04       5.37175E-04       2.47330E-05       4.20951E-07       1.70198E-02       9.14260E-06       6.29369E-06
       5.49541E-04       5.75440E-04       5.62491E-04       2.58990E-05       4.50508E-07       1.73948E-02       9.78441E-06       6.74419E-06
       5.75440E-04       6.02560E-04       5.89000E-04       2.71200E-05       4.82367E-07       1.77864E-02       1.04762E-05       7.22656E-06
       6.02560E-04       6.30957E-04       6.16758E-04       2.83970E-05       5.16748E-07       1.81973E-02       1.12233E-05       7.74331E-06
       6.30957E-04       6.60693E-04       6.45825E-04       2.97360E-05       5.53877E-07       1.86265E-02       1.20294E-05       8.29719E-06
       6.60693E-04       6.91831E-04       6.76262E-04       3.11380E-05       5.93989E-07       1.90760E-02       1.29004E-05       8.89118E-06
       6.91831E-04       7.24436E-04       7.08133E-04       3.26050E-05       6.36840E-07       1.95320E-02       1.38313E-05       9.52802E-06
       7.24436E-04       7.58578E-04       7.41507E-04       3.41420E-05       6.81248E-07       1.99534E-02       1.47956E-05       1.02093E-05
       7.58578E-04       7.94328E-04       7.76453E-04       3.57500E-05       7.28912E-07       2.03892E-02       1.58312E-05       1.09382E-05
       7.94328E-04       8.31764E-04       8.13046E-04       3.74360E-05       7.80327E-07       2.08443E-02       1.69474E-05       1.17185E-05
       8.31764E-04       8.70964E-04       8.51364E-04       3.92000E-05       8.35807E-07       2.13216E-02       1.81524E-05       1.25543E-05
       8.70964E-04       9.12011E-04       8.91487E-04       4.10470E-05       8.95706E-07       2.18215E-02       1.94536E-05       1.34500E-05
       9.12011E-04       9.54993E-04       9.33502E-04       4.29820E-05       9.60411E-07       2.23445E-02       2.08586E-05       1.44104E-05
       9.54993E-04       1.00000E-03       9.77497E-04       4.50070E-05       1.03033E-06       2.28927E-02       2.23775E-05       1.54408E-05
       1.00000E-03       1.04713E-03       1.02356E-03       4.71300E-05       1.10594E-06       2.34657E-02       2.40186E-05       1.65467E-05
       1.04713E-03       1.09648E-03       1.07180E-03       4.93500E-05       1.18610E-06       2.40345E-02       2.57603E-05       1.77328E-05
       1.09648E-03       1.14815E-03       1.12231E-03       5.16700E-05       1.26970E-06       2.45733E-02       2.75790E-05       1.90025E-05
       1.14815E-03       1.20226E-03       1.17520E-03       5.41100E-05       1.35972E-06       2.51288E-02       2.95315E-05       2.03622E-05
       1.20226E-03       1.25892E-03       1.23059E-03       5.66600E-05       1.45694E-06       2.57137E-02       3.16431E-05       2.18192E-05
       1.25892E-03       1.31826E-03       1.28859E-03       5.93400E-05       1.56194E-06       2.63219E-02       3.39182E-05       2.33811E-05
       1.31826E-03       1.38038E-03       1.34932E-03       6.21200E-05       1.67535E-06       2.69695E-02       3.63905E-05       2.50564E-05
       1.38038E-03       1.44544E-03       1.41291E-03       6.50599E-05       1.79680E-06       2.76177E-02       3.90213E-05       2.68533E-05
       1.44544E-03       1.51356E-03       1.47950E-03       6.81201E-05       1.92254E-06       2.82228E-02       4.17556E-05       2.87758E-05
       1.51356E-03       1.58489E-03       1.54923E-03       7.13300E-05       2.05742E-06       2.88437E-02       4.46853E-05       3.08332E-05
       1.58489E-03       1.65959E-03       1.62224E-03       7.47000E-05       2.20290E-06       2.94900E-02       4.78399E-05       3.30361E-05
       1.65959E-03       1.73780E-03       1.69870E-03       7.82101E-05       2.35991E-06       3.01740E-02       5.12564E-05       3.53960E-05
       1.73780E-03       1.81970E-03       1.77875E-03       8.18999E-05       2.52945E-06       3.08847E-02       5.49361E-05       3.79255E-05
       1.81970E-03       1.90546E-03       1.86258E-03       8.57600E-05       2.71262E-06       3.16303E-02       5.89140E-05       4.06381E-05
       1.90546E-03       1.99526E-03       1.95036E-03       8.98001E-05       2.91056E-06       3.24116E-02       6.32143E-05       4.35486E-05
       1.99526E-03       2.08930E-03       2.04228E-03       9.40400E-05       3.12465E-06       3.32268E-02       6.78584E-05       4.66733E-05
       2.08930E-03       2.18776E-03       2.13853E-03       9.84600E-05       3.35186E-06       3.40428E-02       7.28016E-05       5.00252E-05
       2.18776E-03       2.29087E-03       2.23932E-03       1.03110E-04       3.58720E-06       3.47900E-02       7.79057E-05       5.36123E-05
       2.29087E-03       2.39883E-03       2.34485E-03       1.07960E-04       3.84052E-06       3.55736E-02       8.34148E-05       5.74529E-05
       2.39883E-03       2.51189E-03       2.45536E-03       1.13060E-04       4.92728E-06       4.35812E-02       1.07007E-04       6.23801E-05
       2.51189E-03       2.63027E-03       2.57108E-03       1.18380E-04       1.71951E-05       1.45253E-01       3.73457E-04       7.95752E-05
       2.63027E-03       2.75423E-03       2.69225E-03       1.23960E-04       1.89021E-05       1.52486E-01       4.10530E-04       9.84774E-05
       2.75423E-03       2.88403E-03       2.81913E-03       1.29800E-04       1.99042E-05       1.53345E-01       4.32300E-04       1.18382E-04
       2.88403E-03       3.01995E-03       2.95199E-03       1.35920E-04       2.09400E-05       1.54061E-01       4.54788E-04       1.39322E-04
       3.01995E-03       3.16228E-03       3.09112E-03       1.42330E-04       2.20413E-05       1.54861E-01       4.78692E-04       1.61363E-04
       3.16228E-03       3.31131E-03       3.23679E-03       1.49030E-04       2.32047E-05       1.55705E-01       5.03984E-04       1.84568E-04
       3.31131E-03       3.46737E-03       3.38934E-03       1.56060E-04       2.44247E-05       1.56509E-01       5.30461E-04       2.08992E-04
       3.46737E-03       3.63078E-03       3.54907E-03       1.63410E-04       2.57365E-05       1.57496E-01       5.58967E-04       2.34729E-04
       3.63078E-03       3.80189E-03       3.71633E-03       1.71110E-04       2.71058E-05       1.58412E-01       5.88710E-04       2.61835E-04
       3.80189E-03       3.98107E-03       3.89148E-03       1.79180E-04       2.85619E-05       1.59403E-01       6.20315E-04       2.90396E-04
       3.98107E-03       4.16869E-03       4.07488E-03       1.87620E-04       3.00986E-05       1.60423E-01       6.53706E-04       3.20495E-04
       4.16869E-03       4.36516E-03       4.26693E-03       1.96470E-04       3.17287E-05       1.61494E-01       6.89081E-04       3.52224E-04
       4.36516E-03       4.57088E-03       4.46802E-03       2.05720E-04       3.34201E-05       1.62454E-01       7.25849E-04       3.85644E-04
       4.57088E-03       4.78630E-03       4.67859E-03       2.15420E-04       3.52077E-05       1.63437E-01       7.64657E-04       4.20851E-04
       4.78630E-03       5.01187E-03       4.89909E-03       2.25570E-04       3.71121E-05       1.64526E-01       8.06026E-04       4.57964E-04
       5.01187E-03       5.24807E-03       5.12997E-03       2.36200E-04       3.91192E-05       1.65619E-01       8.49621E-04       4.97083E-04
       5.24807E-03       5.49541E-03       5.37174E-03       2.47340E-04       4.12503E-05       1.66775E-01       8.95874E-04       5.38333E-04
       5.49541E-03       5.75440E-03       5.62491E-03       2.58990E-04       4.35002E-05       1.67961E-01       9.44766E-04       5.81833E-04
       5.75440E-03       6.02560E-03       5.89000E-03       2.71200E-04       4.58424E-05       1.69035E-01       9.95618E-04       6.27676E-04
       6.02560E-03       6.30957E-03       6.16759E-03       2.83970E-04       4.82940E-05       1.70067E-01       1.04890E-03       6.75970E-04
       6.30957E-03       6.60693E-03       6.45825E-03       2.97360E-04       5.09031E-05       1.71183E-01       1.10554E-03       7.26873E-04
       6.60693E-03       6.91831E-03       6.76262E-03       3.11380E-04       5.36648E-05       1.72345E-01       1.16550E-03       7.80538E-04
       6.91831E-03       7.24436E-03       7.08133E-03       3.26050E-04       5.65935E-05       1.73573E-01       1.22913E-03       8.37131E-04
       7.24436E-03       7.58578E-03       7.41507E-03       3.41420E-04       5.96929E-05       1.74837E-01       1.29643E-03       8.96824E-04
       7.58578E-03       7.94328E-03       7.76453E-03       3.57500E-04       6.29961E-05       1.76213E-01       1.36821E-03       9.59820E-04
       7.94328E-03       8.31764E-03       8.13046E-03       3.74360E-04       6.64974E-05       1.77630E-01       1.44421E-03       1.02632E-03
       8.31764E-03       8.70964E-03       8.51364E-03       3.92000E-04       7.01814E-05       1.79034E-01       1.52423E-03       1.09650E-03
       8.70964E-03       9.12011E-03       8.91487E-03       4.10471E-04       7.39995E-05       1.80280E-01       1.60717E-03       1.17050E-03
       9.12011E-03       9.54993E-03       9.33502E-03       4.29819E-04       7.80480E-05       1.81583E-01       1.69508E-03       1.24855E-03
       9.54993E-03       1.00000E-02       9.77496E-03       4.50070E-04       8.23416E-05       1.82953E-01       1.78836E-03       1.33089E-03
       1.00000E-02       1.04713E-02       1.02357E-02       4.71300E-04       8.69041E-05       1.84392E-01       1.88738E-03       1.41779E-03
       1.04713E-02       1.09648E-02       1.07180E-02       4.93500E-04       9.17431E-05       1.85903E-01       1.99252E-03       1.50954E-03
       1.09648E-02       1.14815E-02       1.12232E-02       5.16700E-04       9.68804E-05       1.87498E-01       2.10432E-03       1.60642E-03
       1.14815E-02       1.20226E-02       1.17521E-02       5.41100E-04       1.02205E-04       1.88885E-01       2.21978E-03       1.70862E-03
       1.20226E-02       1.25892E-02       1.23059E-02       5.66601E-04       1.07825E-04       1.90301E-01       2.34182E-03       1.81645E-03
       1.25892E-02       1.31826E-02       1.28859E-02       5.93399E-04       1.13788E-04       1.91756E-01       2.47095E-03       1.93023E-03
       1.31826E-02       1.38038E-02       1.34932E-02       6.21200E-04       1.20134E-04       1.93391E-01       2.60946E-03       2.05037E-03
       1.38038E-02       1.44544E-02       1.41291E-02       6.50601E-04       1.26883E-04       1.95024E-01       2.75551E-03       2.17725E-03
       1.44544E-02       1.51356E-02       1.47950E-02       6.81199E-04       1.34047E-04       1.96780E-01       2.91137E-03       2.31130E-03
       1.51356E-02       1.58489E-02       1.54923E-02       7.13301E-04       1.41688E-04       1.98638E-01       3.07734E-03       2.45299E-03
       1.58489E-02       1.65959E-02       1.62224E-02       7.47000E-04       1.49830E-04       2.00576E-01       3.25383E-03       2.60282E-03
       1.65959E-02       1.73780E-02       1.69870E-02       7.82100E-04       1.58456E-04       2.02604E-01       3.44162E-03       2.76127E-03
       1.73780E-02       1.81970E-02       1.77875E-02       8.19000E-04       1.67460E-04       2.04469E-01       3.63700E-03       2.92873E-03
       1.81970E-02       1.90546E-02       1.86258E-02       8.57600E-04       1.77045E-04       2.06442E-01       3.84516E-03       3.10578E-03
       1.90546E-02       1.99526E-02       1.95036E-02       8.98000E-04       1.95437E-04       2.17636E-01       4.24469E-03       3.30121E-03
       1.99526E-02       2.08930E-02       2.04228E-02       9.40400E-04       2.28088E-04       2.42544E-01       4.95342E-03       3.52930E-03
       2.08930E-02       2.18776E-02       2.13853E-02       9.84600E-04       2.41093E-04       2.44864E-01       5.23649E-03       3.77040E-03
       2.18776E-02       2.29087E-02       2.23931E-02       1.03110E-03       2.54895E-04       2.47207E-01       5.53575E-03       4.02529E-03
       2.29087E-02       2.39883E-02       2.34485E-02       1.07960E-03       2.75335E-04       2.55034E-01       5.98016E-03       4.30063E-03
       2.39883E-02       2.51189E-02       2.45536E-02       1.13060E-03       2.96509E-04       2.62258E-01       6.43939E-03       4.59714E-03
       2.51189E-02       2.63027E-02       2.57108E-02       1.18380E-03       3.12911E-04       2.64328E-01       6.79608E-03       4.91005E-03
       2.63027E-02       2.75423E-02       2.69225E-02       1.23960E-03       3.30365E-04       2.66509E-01       7.17508E-03       5.24041E-03
       2.75423E-02       2.88403E-02       2.81913E-02       1.29800E-03       3.48937E-04       2.68827E-01       7.57858E-03       5.58935E-03
       2.88403E-02       3.01995E-02       2.95199E-02       1.35920E-03       3.68729E-04       2.71284E-01       8.00827E-03       5.95808E-03
       3.01995E-02       3.16228E-02       3.09112E-02       1.42330E-03       3.89843E-04       2.73901E-01       8.46658E-03       6.34792E-03
       3.16228E-02       3.31131E-02       3.23680E-02       1.49030E-03       4.12378E-04       2.76708E-01       8.95648E-03       6.76030E-03
       3.31131E-02       3.46737E-02       3.38934E-02       1.56060E-03       4.36308E-04       2.79578E-01       9.47584E-03       7.19661E-03
       3.46737E-02       3.63078E-02       3.54908E-02       1.63410E-03       4.61244E-04       2.82261E-01       1.00177E-02       7.65785E-03
       3.63078E-02       3.80189E-02       3.71633E-02       1.71110E-03       4.87769E-04       2.85062E-01       1.05939E-02       8.14562E-03
       3.80189E-02       3.98107E-02       3.89148E-02       1.79180E-03       5.16111E-04       2.88040E-01       1.12090E-02       8.66173E-03
       3.98107E-02       4.16869E-02       4.07488E-02       1.87620E-03       5.64633E-04       3.00945E-01       1.22632E-02       9.22636E-03
       4.16869E-02       4.36516E-02       4.26693E-02       1.96470E-03       6.12149E-04       3.11573E-01       1.32946E-02       9.83851E-03
       4.36516E-02       4.57088E-02       4.46802E-02       2.05720E-03       6.48446E-04       3.15208E-01       1.40836E-02       1.04870E-02
       4.57088E-02       4.78630E-02       4.67859E-02       2.15420E-03       6.90255E-04       3.20423E-01       1.49913E-02       1.11772E-02
       4.78630E-02       5.01187E-02       4.89908E-02       2.25570E-03       7.47688E-04       3.31466E-01       1.62388E-02       1.19249E-02
       5.01187E-02       5.24808E-02       5.12998E-02       2.36210E-03       8.54091E-04       3.61581E-01       1.85490E-02       1.27790E-02
       5.24808E-02       5.49541E-02       5.37174E-02       2.47330E-03       9.51178E-04       3.84578E-01       2.06586E-02       1.37302E-02
       5.49541E-02       5.75440E-02       5.62491E-02       2.58990E-03       1.00820E-03       3.89283E-01       2.18968E-02       1.47384E-02
       5.75440E-02       6.02560E-02       5.89000E-02       2.71200E-03       1.06926E-03       3.94272E-01       2.32226E-02       1.58076E-02
       6.02560E-02       6.30957E-02       6.16758E-02       2.83970E-03       1.18778E-03       4.18277E-01       2.57976E-02       1.69954E-02
       6.30957E-02       6.60693E-02       6.45825E-02       2.97360E-03       1.31277E-03       4.41477E-01       2.85117E-02       1.83082E-02
       6.60693E-02       6.91831E-02       6.76262E-02       3.11380E-03       1.39294E-03       4.47343E-01       3.02521E-02       1.97011E-02
       6.91831E-02       7.24436E-02       7.08134E-02       3.26050E-03       1.50166E-03       4.60560E-01       3.26138E-02       2.12028E-02
       7.24436E-02       7.58578E-02       7.41507E-02       3.41420E-03       1.64951E-03       4.83133E-01       3.58246E-02       2.28523E-02
       7.58578E-02       7.94328E-02       7.76453E-02       3.57500E-03       1.78601E-03       4.99582E-01       3.87902E-02       2.46383E-02
       7.94328E-02       8.31764E-02       8.13046E-02       3.74360E-03       1.90486E-03       5.08830E-01       4.13702E-02       2.65432E-02
       8.31764E-02       8.70964E-02       8.51364E-02       3.92000E-03       2.10641E-03       5.37349E-01       4.57480E-02       2.86496E-02
       8.70964E-02       9.12011E-02       8.91488E-02       4.10470E-03       2.32299E-03       5.65935E-01       5.04524E-02       3.09726E-02
       9.12011E-02       9.54993E-02       9.33502E-02       4.29820E-03       2.47721E-03       5.76337E-01       5.38011E-02       3.34498E-02
       9.54993E-02       1.00000E-01       9.77497E-02       4.50070E-03       2.63119E-03       5.84617E-01       5.71461E-02       3.60810E-02
       1.00000E-01       1.04713E-01       1.02357E-01       4.71300E-03       2.79586E-03       5.93223E-01       6.07203E-02       3.88768E-02
       1.04713E-01       1.09648E-01       1.07180E-01       4.93500E-03       2.97181E-03       6.02190E-01       6.45431E-02       4.18486E-02
       1.09648E-01       1.14815E-01       1.12231E-01       5.16700E-03       3.16003E-03       6.11580E-01       6.86385E-02       4.50087E-02
       1.14815E-01       1.20226E-01       1.17520E-01       5.41100E-03       3.36103E-03       6.21147E-01       7.29976E-02       4.83697E-02
       1.20226E-01       1.25892E-01       1.23059E-01       5.66600E-03       3.57592E-03       6.31119E-01       7.76649E-02       5.19456E-02
       1.25892E-01       1.31826E-01       1.28859E-01       5.93400E-03       3.80540E-03       6.41288E-01       8.26357E-02       5.57510E-02
       1.31826E-01       1.38038E-01       1.34932E-01       6.21200E-03       4.05518E-03       6.52798E-01       8.80833E-02       5.98062E-02
       1.38038E-01       1.44544E-01       1.41291E-01       6.50600E-03       4.35633E-03       6.69586E-01       9.46065E-02       6.41625E-02
       1.44544E-01       1.51356E-01       1.47950E-01       6.81200E-03       4.68814E-03       6.88217E-01       1.01822E-01       6.88507E-02
       1.51356E-01       1.58489E-01       1.54923E-01       7.13300E-03       5.04584E-03       7.07393E-01       1.09591E-01       7.38965E-02
       1.58489E-01       1.65959E-01       1.62224E-01       7.47000E-03       5.43115E-03       7.27061E-01       1.17947E-01       7.93276E-02
       1.65959E-01       1.73780E-01       1.69869E-01       7.82100E-03       5.84602E-03       7.47478E-01       1.26974E-01       8.51737E-02
       1.73780E-01       1.81970E-01       1.77875E-01       8.19000E-03       6.29200E-03       7.68255E-01       1.36653E-01       9.14657E-02
       1.81970E-01       1.90546E-01       1.86258E-01       8.57600E-03       6.75913E-03       7.88145E-01       1.46798E-01       9.82248E-02
       1.90546E-01       1.99526E-01       1.95036E-01       8.98000E-03       7.25415E-03       8.07812E-01       1.57552E-01       1.05479E-01
       1.99526E-01       2.08930E-01       2.04228E-01       9.40400E-03       7.78524E-03       8.27864E-01       1.69073E-01       1.13264E-01
       2.08930E-01       2.18776E-01       2.13853E-01       9.84600E-03       8.35473E-03       8.48540E-01       1.81463E-01       1.21619E-01
       2.18776E-01       2.29087E-01       2.23931E-01       1.03110E-02       8.96460E-03       8.69421E-01       1.94691E-01       1.30584E-01
       2.29087E-01       2.39883E-01       2.34485E-01       1.07960E-02       9.61573E-03       8.90675E-01       2.08850E-01       1.40199E-01
       2.39883E-01       2.51189E-01       2.45536E-01       1.13060E-02       1.03136E-02       9.12225E-01       2.23984E-01       1.50513E-01
       2.51189E-01       2.63027E-01       2.57108E-01       1.18380E-02       1.10625E-02       9.34488E-01       2.40264E-01       1.61575E-01
       2.63027E-01       2.75423E-01       2.69225E-01       1.23960E-02       1.18464E-02       9.55662E-01       2.57288E-01       1.73422E-01
       2.75423E-01       2.88403E-01       2.81913E-01       1.29800E-02       1.26568E-02       9.75103E-01       2.74894E-01       1.86079E-01
       2.88403E-01       3.01995E-01       2.95199E-01       1.35920E-02       1.35243E-02       9.95020E-01       2.93729E-01       1.99603E-01
       3.01995E-01       3.16228E-01       3.09112E-01       1.42330E-02       1.44550E-02       1.01559E+00       3.13932E-01       2.14058E-01
       3.16228E-01       3.31131E-01       3.23680E-01       1.49030E-02       1.54549E-02       1.03703E+00       3.35665E-01       2.29513E-01
       3.31131E-01       3.46737E-01       3.38934E-01       1.56060E-02       1.65315E-02       1.05931E+00       3.59035E-01       2.46044E-01
       3.46737E-01       3.63078E-01       3.54908E-01       1.63410E-02       1.76917E-02       1.08266E+00       3.84243E-01       2.63736E-01
       3.63078E-01       3.80189E-01       3.71633E-01       1.71110E-02       1.89444E-02       1.10715E+00       4.11454E-01       2.82680E-01
       3.80189E-01       3.98107E-01       3.89148E-01       1.79180E-02       2.03568E-02       1.13611E+00       4.42114E-01       3.03037E-01
       3.98107E-01       4.16869E-01       4.07488E-01       1.87620E-02       2.52515E-02       1.34588E+00       5.48431E-01       3.28289E-01
       4.16869E-01       4.36516E-01       4.26692E-01       1.96470E-02       2.33476E-02       1.18835E+00       5.07061E-01       3.51636E-01
       4.36516E-01       4.57088E-01       4.46802E-01       2.05720E-02       2.27387E-02       1.10532E+00       4.93861E-01       3.74375E-01
       4.57088E-01       4.78630E-01       4.67859E-01       2.15420E-02       2.29856E-02       1.06701E+00       4.99212E-01       3.97360E-01
       4.78630E-01       5.01187E-01       4.89909E-01       2.25570E-02       2.31834E-02       1.02777E+00       5.03513E-01       4.20544E-01
       5.01187E-01       5.24808E-01       5.12998E-01       2.36210E-02       2.33373E-02       9.87987E-01       5.06835E-01       4.43881E-01
       5.24808E-01       5.49541E-01       5.37174E-01       2.47330E-02       2.35563E-02       9.52423E-01       5.11617E-01       4.67437E-01
       5.49541E-01       5.75440E-01       5.62490E-01       2.58990E-02       2.37659E-02       9.17638E-01       5.16163E-01       4.91203E-01
       5.75440E-01       6.02560E-01       5.89000E-01       2.71200E-02       2.39197E-02       8.81995E-01       5.19495E-01       5.15123E-01
       6.02560E-01       6.30957E-01       6.16758E-01       2.83970E-02       2.40058E-02       8.45362E-01       5.21384E-01       5.39129E-01
       6.30957E-01       6.60693E-01       6.45825E-01       2.97360E-02       2.40098E-02       8.07431E-01       5.21459E-01       5.63139E-01
       6.60693E-01       6.91831E-01       6.76262E-01       3.11380E-02       2.39185E-02       7.68145E-01       5.19467E-01       5.87057E-01
       6.91831E-01       7.24436E-01       7.08133E-01       3.26050E-02       2.38093E-02       7.30235E-01       5.17104E-01       6.10866E-01
       7.24436E-01       7.58578E-01       7.41507E-01       3.41420E-02       2.36217E-02       6.91866E-01       5.13024E-01       6.34488E-01
       7.58578E-01       7.94328E-01       7.76453E-01       3.57500E-02       2.32861E-02       6.51358E-01       5.05749E-01       6.57774E-01
       7.94328E-01       8.31764E-01       8.13046E-01       3.74360E-02       2.27770E-02       6.08424E-01       4.94677E-01       6.80551E-01
       8.31764E-01       8.70964E-01       8.51364E-01       3.92000E-02       2.22095E-02       5.66568E-01       4.82356E-01       7.02761E-01
       8.70964E-01       9.12011E-01       8.91487E-01       4.10470E-02       2.24484E-02       5.46895E-01       4.87550E-01       7.25209E-01
       9.12011E-01       9.54993E-01       9.33502E-01       4.29820E-02       2.28553E-02       5.31740E-01       4.96381E-01       7.48064E-01
       9.54993E-01       1.00000E+00       9.77497E-01       4.50070E-02       2.26064E-02       5.02286E-01       4.90982E-01       7.70671E-01
       1.00000E+00       1.04713E+00       1.02357E+00       4.71300E-02       2.09172E-02       4.43820E-01       4.54278E-01       7.91588E-01
       1.04713E+00       1.09648E+00       1.07181E+00       4.93500E-02       1.93435E-02       3.91966E-01       4.20111E-01       8.10931E-01
       1.09648E+00       1.14815E+00       1.12231E+00       5.16700E-02       1.77189E-02       3.42925E-01       3.84870E-01       8.28650E-01
       1.14815E+00       1.20226E+00       1.17520E+00       5.41100E-02       1.66527E-02       3.07757E-01       3.61677E-01       8.45303E-01
       1.20226E+00       1.25892E+00       1.23059E+00       5.66600E-02       1.71731E-02       3.03090E-01       3.72980E-01       8.62476E-01
       1.25892E+00       1.31826E+00       1.28859E+00       5.93400E-02       1.76000E-02       2.96595E-01       3.82190E-01       8.80076E-01
       1.31826E+00       1.38038E+00       1.34932E+00       6.21200E-02       1.68761E-02       2.71669E-01       3.66569E-01       8.96952E-01
       1.38038E+00       1.44544E+00       1.41291E+00       6.50600E-02       1.62908E-02       2.50397E-01       3.53788E-01       9.13243E-01
       1.44544E+00       1.51356E+00       1.47950E+00       6.81200E-02       1.41582E-02       2.07842E-01       3.07503E-01       9.27401E-01
       1.51356E+00       1.58489E+00       1.54923E+00       7.13300E-02       9.60904E-03       1.34712E-01       2.08700E-01       9.37010E-01
       1.58489E+00       1.65959E+00       1.62224E+00       7.47000E-02       8.58931E-03       1.14984E-01       1.86532E-01       9.45600E-01
       1.65959E+00       1.73780E+00       1.69869E+00       7.82100E-02       8.02064E-03       1.02553E-01       1.74206E-01       9.53620E-01
       1.73780E+00       1.81970E+00       1.77875E+00       8.19000E-02       7.34831E-03       8.97229E-02       1.59595E-01       9.60969E-01
       1.81970E+00       1.90546E+00       1.86258E+00       8.57600E-02       6.61550E-03       7.71397E-02       1.43679E-01       9.67584E-01
       1.90546E+00       1.99526E+00       1.95036E+00       8.98000E-02       5.82404E-03       6.48556E-02       1.26492E-01       9.73408E-01
       1.99526E+00       2.08930E+00       2.04228E+00       9.40400E-02       5.03166E-03       5.35055E-02       1.09273E-01       9.78440E-01
       2.08930E+00       2.18776E+00       2.13853E+00       9.84600E-02       4.28495E-03       4.35197E-02       9.30682E-02       9.82725E-01
       2.18776E+00       2.29087E+00       2.23932E+00       1.03110E-01       3.58375E-03       3.47566E-02       7.78310E-02       9.86308E-01
       2.29087E+00       2.39883E+00       2.34485E+00       1.07960E-01       2.97722E-03       2.75771E-02       6.46641E-02       9.89286E-01
       2.39883E+00       2.51189E+00       2.45536E+00       1.13060E-01       2.47233E-03       2.18674E-02       5.36924E-02       9.91758E-01
       2.51189E+00       2.63027E+00       2.57108E+00       1.18380E-01       2.05777E-03       1.73828E-02       4.46925E-02       9.93816E-01
       2.63027E+00       2.75423E+00       2.69225E+00       1.23960E-01       1.72280E-03       1.38981E-02       3.74171E-02       9.95539E-01
       2.75423E+00       2.88403E+00       2.81913E+00       1.29800E-01       1.44167E-03       1.11069E-02       3.13118E-02       9.96980E-01
       2.88403E+00       3.01995E+00       2.95199E+00       1.35920E-01       1.18547E-03       8.72182E-03       2.57467E-02       9.98166E-01
       3.01995E+00       3.16228E+00       3.09111E+00       1.42330E-01       9.11976E-04       6.40747E-03       1.98062E-02       9.99078E-01
       3.16228E+00       3.31131E+00       3.23679E+00       1.49030E-01       6.02126E-04       4.04030E-03       1.30776E-02       9.99680E-01
       3.31131E+00       3.46737E+00       3.38934E+00       1.56060E-01       2.97532E-04       1.90652E-03       6.46186E-03       9.99977E-01
       3.46737E+00       3.63078E+00       3.54908E+00       1.63410E-01       2.26649E-05       1.38699E-04       4.92255E-04       1.00000E+00

 Sum =                                                                         1.00000E+00
 Renormalization bin#   937 =                                                  7.31621E-01 barn        1.22000E+07        1.24000E+07        1.23000E+07
 Avg. Energy     bin#   937 =                                                  7.12512E-01 MeV         1.22000E+07        1.24000E+07
