"        MT=  4 recoil spectrum "
" Initial neutron energy corresponds to the group:"
   2.88000E+01    2.90000E+01       0.00000E+00           615           917           303



          Low               High              Mid              Energy           Number             dn/de            E*dn/de          Cumulative
         Energy            Energy            Energy             Width          Fraction                               Sum   
         [MeV]             [MeV]             [MeV]              [MeV]

       9.97500E-06       1.00000E-05       9.98750E-06       2.49996E-08       0.00000E+00       0.00000E+00       0.00000E+00       0.00000E+00
       1.00000E-05       1.04713E-05       1.02356E-05       4.71300E-07       4.68400E-11       9.93847E-05       1.01727E-09       4.68400E-11
       1.04713E-05       1.09648E-05       1.07180E-05       4.93500E-07       5.13575E-11       1.04068E-04       1.11540E-09       9.81975E-11
       1.09648E-05       1.14815E-05       1.12232E-05       5.16700E-07       5.63144E-11       1.08989E-04       1.22320E-09       1.54512E-10
       1.14815E-05       1.20226E-05       1.17521E-05       5.41101E-07       6.17453E-11       1.14111E-04       1.34103E-09       2.16257E-10
       1.20226E-05       1.25892E-05       1.23059E-05       5.66600E-07       6.77034E-11       1.19491E-04       1.47044E-09       2.83961E-10
       1.25892E-05       1.31826E-05       1.28859E-05       5.93400E-07       7.42363E-11       1.25103E-04       1.61207E-09       3.58197E-10
       1.31826E-05       1.38038E-05       1.34932E-05       6.21200E-07       8.13933E-11       1.31026E-04       1.76796E-09       4.39590E-10
       1.38038E-05       1.44544E-05       1.41291E-05       6.50600E-07       8.92534E-11       1.37186E-04       1.93832E-09       5.28844E-10
       1.44544E-05       1.51356E-05       1.47950E-05       6.81200E-07       9.78643E-11       1.43665E-04       2.12552E-09       6.26708E-10
       1.51356E-05       1.58489E-05       1.54922E-05       7.13300E-07       1.07304E-10       1.50434E-04       2.33056E-09       7.34012E-10
       1.58489E-05       1.65959E-05       1.62224E-05       7.47000E-07       1.17659E-10       1.57509E-04       2.55518E-09       8.51672E-10
       1.65959E-05       1.73780E-05       1.69869E-05       7.82101E-07       1.29008E-10       1.64950E-04       2.80200E-09       9.80679E-10
       1.73780E-05       1.81970E-05       1.77875E-05       8.19000E-07       1.41451E-10       1.72712E-04       3.07211E-09       1.12213E-09
       1.81970E-05       1.90546E-05       1.86258E-05       8.57599E-07       1.55099E-10       1.80852E-04       3.36851E-09       1.27723E-09
       1.90546E-05       1.99526E-05       1.95036E-05       8.98001E-07       1.70060E-10       1.89376E-04       3.69352E-09       1.44729E-09
       1.99526E-05       2.08930E-05       2.04228E-05       9.40399E-07       1.86469E-10       1.98287E-04       4.04957E-09       1.63376E-09
       2.08930E-05       2.18776E-05       2.13853E-05       9.84600E-07       2.04465E-10       2.07663E-04       4.44093E-09       1.83822E-09
       2.18776E-05       2.29087E-05       2.23932E-05       1.03110E-06       2.24189E-10       2.17427E-04       4.86888E-09       2.06241E-09
       2.29087E-05       2.39883E-05       2.34485E-05       1.07960E-06       2.45814E-10       2.27690E-04       5.33900E-09       2.30823E-09
       2.39883E-05       2.51189E-05       2.45536E-05       1.13060E-06       2.69536E-10       2.38400E-04       5.85359E-09       2.57776E-09
       2.51189E-05       2.63027E-05       2.57108E-05       1.18380E-06       2.95540E-10       2.49654E-04       6.41881E-09       2.87330E-09
       2.63027E-05       2.75423E-05       2.69225E-05       1.23960E-06       3.24048E-10       2.61414E-04       7.03791E-09       3.19735E-09
       2.75423E-05       2.88403E-05       2.81913E-05       1.29800E-06       3.55316E-10       2.73741E-04       7.71712E-09       3.55267E-09
       2.88403E-05       3.01995E-05       2.95199E-05       1.35920E-06       3.89596E-10       2.86636E-04       8.46148E-09       3.94226E-09
       3.01995E-05       3.16228E-05       3.09111E-05       1.42330E-06       4.27184E-10       3.00136E-04       9.27754E-09       4.36945E-09
       3.16228E-05       3.31131E-05       3.23679E-05       1.49030E-06       4.68393E-10       3.14295E-04       1.01731E-08       4.83784E-09
       3.31131E-05       3.46737E-05       3.38934E-05       1.56060E-06       5.13590E-10       3.29098E-04       1.11542E-08       5.35143E-09
       3.46737E-05       3.63078E-05       3.54907E-05       1.63410E-06       5.63136E-10       3.44615E-04       1.22307E-08       5.91456E-09
       3.63078E-05       3.80189E-05       3.71634E-05       1.71110E-06       6.17461E-10       3.60856E-04       1.34106E-08       6.53203E-09
       3.80189E-05       3.98107E-05       3.89148E-05       1.79180E-06       6.77042E-10       3.77856E-04       1.47042E-08       7.20907E-09
       3.98107E-05       4.16869E-05       4.07488E-05       1.87620E-06       7.42355E-10       3.95669E-04       1.61230E-08       7.95142E-09
       4.16869E-05       4.36516E-05       4.26692E-05       1.96470E-06       8.14011E-10       4.14318E-04       1.76787E-08       8.76543E-09
       4.36516E-05       4.57088E-05       4.46802E-05       2.05720E-06       8.92534E-10       4.33858E-04       1.93849E-08       9.65797E-09
       4.57088E-05       4.78630E-05       4.67859E-05       2.15420E-06       9.78643E-10       4.54296E-04       2.12546E-08       1.06366E-08
       4.78630E-05       5.01187E-05       4.89908E-05       2.25570E-06       1.07304E-09       4.75703E-04       2.33051E-08       1.17097E-08
       5.01187E-05       5.24808E-05       5.12998E-05       2.36210E-06       1.17534E-09       4.97583E-04       2.55259E-08       1.28850E-08
       5.24808E-05       5.49541E-05       5.37174E-05       2.47330E-06       1.26521E-09       5.11545E-04       2.74789E-08       1.41502E-08
       5.49541E-05       5.75440E-05       5.62490E-05       2.58990E-06       1.35343E-09       5.22579E-04       2.93946E-08       1.55036E-08
       5.75440E-05       6.02560E-05       5.89000E-05       2.71200E-06       1.44861E-09       5.34147E-04       3.14613E-08       1.69522E-08
       6.02560E-05       6.30957E-05       6.16758E-05       2.83970E-06       1.55130E-09       5.46290E-04       3.36929E-08       1.85035E-08
       6.30957E-05       6.60693E-05       6.45825E-05       2.97360E-06       1.66212E-09       5.58960E-04       3.60990E-08       2.01657E-08
       6.60693E-05       6.91831E-05       6.76262E-05       3.11380E-06       1.78186E-09       5.72247E-04       3.86989E-08       2.19475E-08
       6.91831E-05       7.24436E-05       7.08134E-05       3.26051E-06       1.91114E-09       5.86149E-04       4.15072E-08       2.38587E-08
       7.24436E-05       7.58578E-05       7.41507E-05       3.41420E-06       2.05098E-09       6.00721E-04       4.45439E-08       2.59096E-08
       7.58578E-05       7.94328E-05       7.76453E-05       3.57500E-06       2.20115E-09       6.15706E-04       4.78067E-08       2.81108E-08
       7.94328E-05       8.31764E-05       8.13046E-05       3.74360E-06       2.35663E-09       6.29509E-04       5.11819E-08       3.04674E-08
       8.31764E-05       8.70964E-05       8.51364E-05       3.92000E-06       2.52298E-09       6.43618E-04       5.47953E-08       3.29904E-08
       8.70964E-05       9.12011E-05       8.91488E-05       4.10471E-06       2.70247E-09       6.58384E-04       5.86941E-08       3.56929E-08
       9.12011E-05       9.54993E-05       9.33502E-05       4.29820E-06       2.89636E-09       6.73854E-04       6.29044E-08       3.85892E-08
       9.54993E-05       1.00000E-04       9.77497E-05       4.50070E-06       3.10572E-09       6.90053E-04       6.74525E-08       4.16950E-08
       1.00000E-04       1.04713E-04       1.02356E-04       4.71300E-06       3.33167E-09       7.06912E-04       7.23570E-08       4.50266E-08
       1.04713E-04       1.09648E-04       1.07181E-04       4.93501E-06       3.56630E-09       7.22654E-04       7.74545E-08       4.85929E-08
       1.09648E-04       1.14815E-04       1.12232E-04       5.16700E-06       3.81509E-09       7.38357E-04       8.28669E-08       5.24080E-08
       1.14815E-04       1.20226E-04       1.17520E-04       5.41100E-06       4.08312E-09       7.54596E-04       8.86805E-08       5.64911E-08
       1.20226E-04       1.25892E-04       1.23059E-04       5.66600E-06       4.37249E-09       7.71707E-04       9.49655E-08       6.08636E-08
       1.25892E-04       1.31826E-04       1.28859E-04       5.93401E-06       4.68486E-09       7.89494E-04       1.01733E-07       6.55485E-08
       1.31826E-04       1.38038E-04       1.34932E-04       6.21199E-06       5.02203E-09       8.08441E-04       1.09085E-07       7.05705E-08
       1.38038E-04       1.44544E-04       1.41291E-04       6.50601E-06       5.38649E-09       8.27925E-04       1.16978E-07       7.59570E-08
       1.44544E-04       1.51356E-04       1.47950E-04       6.81200E-06       5.78028E-09       8.48544E-04       1.25542E-07       8.17373E-08
       1.51356E-04       1.58489E-04       1.54922E-04       7.13300E-06       6.20410E-09       8.69774E-04       1.34748E-07       8.79414E-08
       1.58489E-04       1.65959E-04       1.62224E-04       7.47000E-06       6.64293E-09       8.89282E-04       1.44263E-07       9.45843E-08
       1.65959E-04       1.73780E-04       1.69870E-04       7.82100E-06       7.11165E-09       9.09302E-04       1.54463E-07       1.01696E-07
       1.73780E-04       1.81970E-04       1.77875E-04       8.19000E-06       7.61743E-09       9.30089E-04       1.65440E-07       1.09313E-07
       1.81970E-04       1.90546E-04       1.86258E-04       8.57600E-06       8.16357E-09       9.51909E-04       1.77301E-07       1.17477E-07
       1.90546E-04       1.99526E-04       1.95036E-04       8.98000E-06       8.75343E-09       9.74770E-04       1.90115E-07       1.26230E-07
       1.99526E-04       2.08930E-04       2.04228E-04       9.40399E-06       9.39046E-09       9.98561E-04       2.03934E-07       1.35621E-07
       2.08930E-04       2.18776E-04       2.13853E-04       9.84601E-06       1.00535E-08       1.02108E-03       2.18360E-07       1.45674E-07
       2.18776E-04       2.29087E-04       2.23932E-04       1.03110E-05       1.07542E-08       1.04298E-03       2.33557E-07       1.56429E-07
       2.29087E-04       2.39883E-04       2.34485E-04       1.07960E-05       1.15099E-08       1.06612E-03       2.49990E-07       1.67938E-07
       2.39883E-04       2.51189E-04       2.45536E-04       1.13060E-05       1.23251E-08       1.09014E-03       2.67669E-07       1.80264E-07
       2.51189E-04       2.63027E-04       2.57108E-04       1.18380E-05       1.32052E-08       1.11549E-03       2.86802E-07       1.93469E-07
       2.63027E-04       2.75423E-04       2.69225E-04       1.23960E-05       1.41556E-08       1.14195E-03       3.07441E-07       2.07624E-07
       2.75423E-04       2.88403E-04       2.81913E-04       1.29800E-05       1.51824E-08       1.16967E-03       3.29746E-07       2.22807E-07
       2.88403E-04       3.01995E-04       2.95199E-04       1.35920E-05       1.62923E-08       1.19867E-03       3.53845E-07       2.39099E-07
       3.01995E-04       3.16228E-04       3.09111E-04       1.42330E-05       1.74877E-08       1.22867E-03       3.79797E-07       2.56587E-07
       3.16228E-04       3.31131E-04       3.23680E-04       1.49030E-05       1.87264E-08       1.25655E-03       4.06720E-07       2.75313E-07
       3.31131E-04       3.46737E-04       3.38934E-04       1.56060E-05       2.00475E-08       1.28460E-03       4.35396E-07       2.95361E-07
       3.46737E-04       3.63078E-04       3.54908E-04       1.63410E-05       2.14730E-08       1.31406E-03       4.66368E-07       3.16834E-07
       3.63078E-04       3.80189E-04       3.71634E-04       1.71110E-05       2.30120E-08       1.34487E-03       4.99797E-07       3.39846E-07
       3.80189E-04       3.98107E-04       3.89148E-04       1.79180E-05       2.46746E-08       1.37708E-03       5.35890E-07       3.64520E-07
       3.98107E-04       4.16869E-04       4.07488E-04       1.87620E-05       2.64714E-08       1.41091E-03       5.74927E-07       3.90992E-07
       4.16869E-04       4.36516E-04       4.26692E-04       1.96470E-05       2.84342E-08       1.44725E-03       6.17531E-07       4.19426E-07
       4.36516E-04       4.57088E-04       4.46802E-04       2.05720E-05       3.05727E-08       1.48613E-03       6.64007E-07       4.49999E-07
       4.57088E-04       4.78630E-04       4.67859E-04       2.15420E-05       3.28888E-08       1.52673E-03       7.14295E-07       4.82887E-07
       4.78630E-04       5.01187E-04       4.89909E-04       2.25570E-05       3.53986E-08       1.56930E-03       7.68811E-07       5.18286E-07
       5.01187E-04       5.24808E-04       5.12998E-04       2.36210E-05       3.81195E-08       1.61380E-03       8.27874E-07       5.56405E-07
       5.24808E-04       5.49541E-04       5.37175E-04       2.47330E-05       4.10698E-08       1.66052E-03       8.91991E-07       5.97475E-07
       5.49541E-04       5.75440E-04       5.62491E-04       2.58990E-05       4.42705E-08       1.70935E-03       9.61495E-07       6.41746E-07
       5.75440E-04       6.02560E-04       5.89000E-04       2.71200E-05       4.77445E-08       1.76049E-03       1.03693E-06       6.89490E-07
       6.02560E-04       6.30957E-04       6.16758E-04       2.83970E-05       5.15039E-08       1.81371E-03       1.11862E-06       7.40994E-07
       6.30957E-04       6.60693E-04       6.45825E-04       2.97360E-05       5.54148E-08       1.86356E-03       1.20353E-06       7.96409E-07
       6.60693E-04       6.91831E-04       6.76262E-04       3.11380E-05       5.95918E-08       1.91380E-03       1.29423E-06       8.56001E-07
       6.91831E-04       7.24436E-04       7.08133E-04       3.26050E-05       6.41165E-08       1.96646E-03       1.39252E-06       9.20117E-07
       7.24436E-04       7.58578E-04       7.41507E-04       3.41420E-05       6.90200E-08       2.02155E-03       1.49900E-06       9.89137E-07
       7.58578E-04       7.94328E-04       7.76453E-04       3.57500E-05       7.43361E-08       2.07933E-03       1.61450E-06       1.06347E-06
       7.94328E-04       8.31764E-04       8.13046E-04       3.74360E-05       8.01005E-08       2.13967E-03       1.73965E-06       1.14357E-06
       8.31764E-04       8.70964E-04       8.51364E-04       3.92000E-05       8.61289E-08       2.19717E-03       1.87059E-06       1.22970E-06
       8.70964E-04       9.12011E-04       8.91487E-04       4.10470E-05       9.24694E-08       2.25277E-03       2.00832E-06       1.32217E-06
       9.12011E-04       9.54993E-04       9.33502E-04       4.29820E-05       9.93300E-08       2.31097E-03       2.15729E-06       1.42150E-06
       9.54993E-04       1.00000E-03       9.77497E-04       4.50070E-05       1.06754E-07       2.37195E-03       2.31857E-06       1.52826E-06
       1.00000E-03       1.04713E-03       1.02356E-03       4.71300E-05       2.01053E-05       4.26592E-01       4.36645E-04       2.16336E-05
       1.04713E-03       1.09648E-03       1.07180E-03       4.93500E-05       3.63410E-05       7.36393E-01       7.89269E-04       5.79745E-05
       1.09648E-03       1.14815E-03       1.12231E-03       5.16700E-05       3.80394E-05       7.36199E-01       8.26247E-04       9.60140E-05
       1.14815E-03       1.20226E-03       1.17520E-03       5.41100E-05       3.98023E-05       7.35582E-01       8.64460E-04       1.35816E-04
       1.20226E-03       1.25892E-03       1.23059E-03       5.66600E-05       4.16618E-05       7.35294E-01       9.04845E-04       1.77478E-04
       1.25892E-03       1.31826E-03       1.28859E-03       5.93400E-05       4.36012E-05       7.34770E-01       9.46817E-04       2.21079E-04
       1.31826E-03       1.38038E-03       1.34932E-03       6.21200E-05       4.56211E-05       7.34403E-01       9.90944E-04       2.66700E-04
       1.38038E-03       1.44544E-03       1.41291E-03       6.50599E-05       4.77536E-05       7.33993E-01       1.03707E-03       3.14454E-04
       1.44544E-03       1.51356E-03       1.47950E-03       6.81201E-05       4.99826E-05       7.33742E-01       1.08557E-03       3.64437E-04
       1.51356E-03       1.58489E-03       1.54923E-03       7.13300E-05       5.22926E-05       7.33108E-01       1.13575E-03       4.16729E-04
       1.58489E-03       1.65959E-03       1.62224E-03       7.47000E-05       5.47313E-05       7.32682E-01       1.18859E-03       4.71460E-04
       1.65959E-03       1.73780E-03       1.69870E-03       7.82101E-05       5.72665E-05       7.32214E-01       1.24381E-03       5.28727E-04
       1.73780E-03       1.81970E-03       1.77875E-03       8.18999E-05       5.99140E-05       7.31551E-01       1.30125E-03       5.88641E-04
       1.81970E-03       1.90546E-03       1.86258E-03       8.57600E-05       6.27064E-05       7.31185E-01       1.36189E-03       6.51347E-04
       1.90546E-03       1.99526E-03       1.95036E-03       8.98001E-05       6.55961E-05       7.30468E-01       1.42468E-03       7.16943E-04
       1.99526E-03       2.08930E-03       2.04228E-03       9.40400E-05       6.86308E-05       7.29804E-01       1.49047E-03       7.85574E-04
       2.08930E-03       2.18776E-03       2.13853E-03       9.84600E-05       7.18110E-05       7.29342E-01       1.55972E-03       8.57385E-04
       2.18776E-03       2.29087E-03       2.23932E-03       1.03110E-04       7.51208E-05       7.28549E-01       1.63145E-03       9.32506E-04
       2.29087E-03       2.39883E-03       2.34485E-03       1.07960E-04       7.85921E-05       7.27974E-01       1.70699E-03       1.01110E-03
       2.39883E-03       2.51189E-03       2.45536E-03       1.13060E-04       8.22091E-05       7.27129E-01       1.78536E-03       1.09331E-03
       2.51189E-03       2.63027E-03       2.57108E-03       1.18380E-04       8.59871E-05       7.26365E-01       1.86754E-03       1.17929E-03
       2.63027E-03       2.75423E-03       2.69225E-03       1.23960E-04       8.99424E-05       7.25576E-01       1.95343E-03       1.26924E-03
       2.75423E-03       2.88403E-03       2.81913E-03       1.29800E-04       9.40749E-05       7.24768E-01       2.04321E-03       1.36331E-03
       2.88403E-03       3.01995E-03       2.95199E-03       1.35920E-04       9.83865E-05       7.23856E-01       2.13682E-03       1.46170E-03
       3.01995E-03       3.16228E-03       3.09112E-03       1.42330E-04       1.02877E-04       7.22803E-01       2.23427E-03       1.56457E-03
       3.16228E-03       3.31131E-03       3.23679E-03       1.49030E-04       1.07594E-04       7.21963E-01       2.33685E-03       1.67217E-03
       3.31131E-03       3.46737E-03       3.38934E-03       1.56060E-04       1.12505E-04       7.20909E-01       2.44340E-03       1.78467E-03
       3.46737E-03       3.63078E-03       3.54907E-03       1.63410E-04       1.17641E-04       7.19914E-01       2.55503E-03       1.90231E-03
       3.63078E-03       3.80189E-03       3.71633E-03       1.71110E-04       1.22988E-04       7.18766E-01       2.67118E-03       2.02530E-03
       3.80189E-03       3.98107E-03       3.89148E-03       1.79180E-04       1.28580E-04       7.17600E-01       2.79252E-03       2.15388E-03
       3.98107E-03       4.16869E-03       4.07488E-03       1.87620E-04       1.34399E-04       7.16337E-01       2.91899E-03       2.28828E-03
       4.16869E-03       4.36516E-03       4.26693E-03       1.96470E-04       1.40495E-04       7.15094E-01       3.05125E-03       2.42878E-03
       4.36516E-03       4.57088E-03       4.46802E-03       2.05720E-04       1.46835E-04       7.13761E-01       3.18910E-03       2.57561E-03
       4.57088E-03       4.78630E-03       4.67859E-03       2.15420E-04       1.53453E-04       7.12342E-01       3.33276E-03       2.72906E-03
       4.78630E-03       5.01187E-03       4.89909E-03       2.25570E-04       1.60365E-04       7.10929E-01       3.48290E-03       2.88943E-03
       5.01187E-03       5.24807E-03       5.12997E-03       2.36200E-04       1.67548E-04       7.09349E-01       3.63894E-03       3.05698E-03
       5.24807E-03       5.49541E-03       5.37174E-03       2.47340E-04       1.75053E-04       7.07743E-01       3.80181E-03       3.23203E-03
       5.49541E-03       5.75440E-03       5.62491E-03       2.58990E-04       1.82869E-04       7.06088E-01       3.97168E-03       3.41490E-03
       5.75440E-03       6.02560E-03       5.89000E-03       2.71200E-04       1.91028E-04       7.04379E-01       4.14879E-03       3.60593E-03
       6.02560E-03       6.30957E-03       6.16759E-03       2.83970E-04       1.99498E-04       7.02533E-01       4.33293E-03       3.80542E-03
       6.30957E-03       6.60693E-03       6.45825E-03       2.97360E-04       2.08344E-04       7.00645E-01       4.52494E-03       4.01377E-03
       6.60693E-03       6.91831E-03       6.76262E-03       3.11380E-04       2.17547E-04       6.98655E-01       4.72474E-03       4.23132E-03
       6.91831E-03       7.24436E-03       7.08133E-03       3.26050E-04       2.27203E-04       6.96834E-01       4.93452E-03       4.45852E-03
       7.24436E-03       7.58578E-03       7.41507E-03       3.41420E-04       2.47326E-04       7.24404E-01       5.37151E-03       4.70584E-03
       7.58578E-03       7.94328E-03       7.76453E-03       3.57500E-04       2.59021E-04       7.24536E-01       5.62568E-03       4.96487E-03
       7.94328E-03       8.31764E-03       8.13046E-03       3.74360E-04       2.70336E-04       7.22129E-01       5.87124E-03       5.23520E-03
       8.31764E-03       8.70964E-03       8.51364E-03       3.92000E-04       2.82123E-04       7.19701E-01       6.12727E-03       5.51732E-03
       8.70964E-03       9.12011E-03       8.91487E-03       4.10471E-04       2.94363E-04       7.17136E-01       6.39318E-03       5.81169E-03
       9.12011E-03       9.54993E-03       9.33502E-03       4.29819E-04       3.07092E-04       7.14467E-01       6.66956E-03       6.11878E-03
       9.54993E-03       1.00000E-02       9.77496E-03       4.50070E-04       3.20331E-04       7.11737E-01       6.95720E-03       6.43911E-03
       1.00000E-02       1.04713E-02       1.02357E-02       4.71300E-04       3.34091E-04       7.08871E-01       7.25575E-03       6.77320E-03
       1.04713E-02       1.09648E-02       1.07180E-02       4.93500E-04       3.48338E-04       7.05852E-01       7.56536E-03       7.12154E-03
       1.09648E-02       1.14815E-02       1.12232E-02       5.16700E-04       3.63166E-04       7.02857E-01       7.88827E-03       7.48471E-03
       1.14815E-02       1.20226E-02       1.17521E-02       5.41100E-04       3.78514E-04       6.99527E-01       8.22088E-03       7.86322E-03
       1.20226E-02       1.25892E-02       1.23059E-02       5.66601E-04       3.94477E-04       6.96218E-01       8.56758E-03       8.25770E-03
       1.25892E-02       1.31826E-02       1.28859E-02       5.93399E-04       4.11018E-04       6.92649E-01       8.92541E-03       8.66872E-03
       1.31826E-02       1.38038E-02       1.34932E-02       6.21200E-04       4.28161E-04       6.89249E-01       9.30017E-03       9.09688E-03
       1.38038E-02       1.44544E-02       1.41291E-02       6.50601E-04       4.45933E-04       6.85417E-01       9.68433E-03       9.54281E-03
       1.44544E-02       1.51356E-02       1.47950E-02       6.81199E-04       4.64334E-04       6.81643E-01       1.00849E-02       1.00071E-02
       1.51356E-02       1.58489E-02       1.54923E-02       7.13301E-04       4.83376E-04       6.77660E-01       1.04985E-02       1.04905E-02
       1.58489E-02       1.65959E-02       1.62224E-02       7.47000E-04       5.03108E-04       6.73505E-01       1.09259E-02       1.09936E-02
       1.65959E-02       1.73780E-02       1.69870E-02       7.82100E-04       5.47619E-04       7.00191E-01       1.18941E-02       1.15412E-02
       1.73780E-02       1.81970E-02       1.77875E-02       8.19000E-04       5.87754E-04       7.17648E-01       1.27652E-02       1.21290E-02
       1.81970E-02       1.90546E-02       1.86258E-02       8.57600E-04       6.11954E-04       7.13566E-01       1.32907E-02       1.27410E-02
       1.90546E-02       1.99526E-02       1.95036E-02       8.98000E-04       6.37537E-04       7.09952E-01       1.38466E-02       1.33785E-02
       1.99526E-02       2.08930E-02       2.04228E-02       9.40400E-04       6.65894E-04       7.08097E-01       1.44613E-02       1.40444E-02
       2.08930E-02       2.18776E-02       2.13853E-02       9.84600E-04       6.92865E-04       7.03702E-01       1.50489E-02       1.47373E-02
       2.18776E-02       2.29087E-02       2.23931E-02       1.03110E-03       7.20749E-04       6.99010E-01       1.56530E-02       1.54580E-02
       2.29087E-02       2.39883E-02       2.34485E-02       1.07960E-03       7.51027E-04       6.95652E-01       1.63120E-02       1.62090E-02
       2.39883E-02       2.51189E-02       2.45536E-02       1.13060E-03       7.81156E-04       6.90922E-01       1.69646E-02       1.69902E-02
       2.51189E-02       2.63027E-02       2.57108E-02       1.18380E-03       8.13676E-04       6.87343E-01       1.76721E-02       1.78039E-02
       2.63027E-02       2.75423E-02       2.69225E-02       1.23960E-03       8.45761E-04       6.82285E-01       1.83688E-02       1.86496E-02
       2.75423E-02       2.88403E-02       2.81913E-02       1.29800E-03       8.78751E-04       6.77004E-01       1.90856E-02       1.95284E-02
       2.88403E-02       3.01995E-02       2.95199E-02       1.35920E-03       9.12818E-04       6.71585E-01       1.98251E-02       2.04412E-02
       3.01995E-02       3.16228E-02       3.09112E-02       1.42330E-03       9.48003E-04       6.66059E-01       2.05887E-02       2.13892E-02
       3.16228E-02       3.31131E-02       3.23680E-02       1.49030E-03       9.84352E-04       6.60506E-01       2.13792E-02       2.23735E-02
       3.31131E-02       3.46737E-02       3.38934E-02       1.56060E-03       1.02188E-03       6.54799E-01       2.21934E-02       2.33954E-02
       3.46737E-02       3.63078E-02       3.54908E-02       1.63410E-03       1.06063E-03       6.49063E-01       2.30357E-02       2.44561E-02
       3.63078E-02       3.80189E-02       3.71633E-02       1.71110E-03       1.10065E-03       6.43239E-01       2.39049E-02       2.55567E-02
       3.80189E-02       3.98107E-02       3.89148E-02       1.79180E-03       1.14199E-03       6.37341E-01       2.48020E-02       2.66987E-02
       3.98107E-02       4.16869E-02       4.07488E-02       1.87620E-03       1.18464E-03       6.31404E-01       2.57289E-02       2.78833E-02
       4.16869E-02       4.36516E-02       4.26693E-02       1.96470E-03       1.22862E-03       6.25345E-01       2.66830E-02       2.91119E-02
       4.36516E-02       4.57088E-02       4.46802E-02       2.05720E-03       1.27408E-03       6.19327E-01       2.76717E-02       3.03860E-02
       4.57088E-02       4.78630E-02       4.67859E-02       2.15420E-03       1.32107E-03       6.13255E-01       2.86917E-02       3.17071E-02
       4.78630E-02       5.01187E-02       4.89908E-02       2.25570E-03       1.36968E-03       6.07210E-01       2.97477E-02       3.30768E-02
       5.01187E-02       5.24808E-02       5.12998E-02       2.36210E-03       1.42002E-03       6.01170E-01       3.08399E-02       3.44968E-02
       5.24808E-02       5.49541E-02       5.37174E-02       2.47330E-03       1.47208E-03       5.95189E-01       3.19720E-02       3.59689E-02
       5.49541E-02       5.75440E-02       5.62491E-02       2.58990E-03       1.52587E-03       5.89163E-01       3.31399E-02       3.74948E-02
       5.75440E-02       6.02560E-02       5.89000E-02       2.71200E-03       1.58168E-03       5.83215E-01       3.43514E-02       3.90764E-02
       6.02560E-02       6.30957E-02       6.16758E-02       2.83970E-03       1.63960E-03       5.77385E-01       3.56107E-02       4.07160E-02
       6.30957E-02       6.60693E-02       6.45825E-02       2.97360E-03       1.69984E-03       5.71643E-01       3.69181E-02       4.24159E-02
       6.60693E-02       6.91831E-02       6.76262E-02       3.11380E-03       1.76253E-03       5.66037E-01       3.82790E-02       4.41784E-02
       6.91831E-02       7.24436E-02       7.08134E-02       3.26050E-03       1.82782E-03       5.60596E-01       3.96977E-02       4.60062E-02
       7.24436E-02       7.58578E-02       7.41507E-02       3.41420E-03       1.89599E-03       5.55327E-01       4.11778E-02       4.79022E-02
       7.58578E-02       7.94328E-02       7.76453E-02       3.57500E-03       1.96721E-03       5.50268E-01       4.27257E-02       4.98694E-02
       7.94328E-02       8.31764E-02       8.13046E-02       3.74360E-03       2.04160E-03       5.45357E-01       4.43400E-02       5.19110E-02
       8.31764E-02       8.70964E-02       8.51364E-02       3.92000E-03       2.11931E-03       5.40639E-01       4.60281E-02       5.40303E-02
       8.70964E-02       9.12011E-02       8.91488E-02       4.10470E-03       2.20081E-03       5.36169E-01       4.77988E-02       5.62312E-02
       9.12011E-02       9.54993E-02       9.33502E-02       4.29820E-03       2.28641E-03       5.31947E-01       4.96574E-02       5.85176E-02
       9.54993E-02       1.00000E-01       9.77497E-02       4.50070E-03       2.37640E-03       5.28007E-01       5.16125E-02       6.08940E-02
       1.00000E-01       1.04713E-01       1.02357E-01       4.71300E-03       2.47112E-03       5.24320E-01       5.36676E-02       6.33651E-02
       1.04713E-01       1.09648E-01       1.07180E-01       4.93500E-03       2.57071E-03       5.20915E-01       5.58319E-02       6.59358E-02
       1.09648E-01       1.14815E-01       1.12231E-01       5.16700E-03       2.67553E-03       5.17811E-01       5.81147E-02       6.86113E-02
       1.14815E-01       1.20226E-01       1.17520E-01       5.41100E-03       2.78583E-03       5.14846E-01       6.05050E-02       7.13972E-02
       1.20226E-01       1.25892E-01       1.23059E-01       5.66600E-03       2.90226E-03       5.12224E-01       6.30338E-02       7.42994E-02
       1.25892E-01       1.31826E-01       1.28859E-01       5.93400E-03       3.02496E-03       5.09768E-01       6.56882E-02       7.73244E-02
       1.31826E-01       1.38038E-01       1.34932E-01       6.21200E-03       3.15453E-03       5.07812E-01       6.85201E-02       8.04789E-02
       1.38038E-01       1.44544E-01       1.41291E-01       6.50600E-03       3.29178E-03       5.05960E-01       7.14876E-02       8.37707E-02
       1.44544E-01       1.51356E-01       1.47950E-01       6.81200E-03       3.43677E-03       5.04517E-01       7.46433E-02       8.72075E-02
       1.51356E-01       1.58489E-01       1.54923E-01       7.13300E-03       3.59075E-03       5.03400E-01       7.79880E-02       9.07982E-02
       1.58489E-01       1.65959E-01       1.62224E-01       7.47000E-03       3.75203E-03       5.02279E-01       8.14817E-02       9.45503E-02
       1.65959E-01       1.73780E-01       1.69869E-01       7.82100E-03       3.92024E-03       5.01245E-01       8.51462E-02       9.84705E-02
       1.73780E-01       1.81970E-01       1.77875E-01       8.19000E-03       4.09578E-03       5.00095E-01       8.89543E-02       1.02566E-01
       1.81970E-01       1.90546E-01       1.86258E-01       8.57600E-03       4.27835E-03       4.98875E-01       9.29195E-02       1.06845E-01
       1.90546E-01       1.99526E-01       1.95036E-01       8.98000E-03       4.46745E-03       4.97489E-01       9.70282E-02       1.11312E-01
       1.99526E-01       2.08930E-01       2.04228E-01       9.40400E-03       4.66260E-03       4.95810E-01       1.01258E-01       1.15975E-01
       2.08930E-01       2.18776E-01       2.13853E-01       9.84600E-03       4.86239E-03       4.93844E-01       1.05610E-01       1.20837E-01
       2.18776E-01       2.29087E-01       2.23931E-01       1.03110E-02       5.06464E-03       4.91188E-01       1.09992E-01       1.25902E-01
       2.29087E-01       2.39883E-01       2.34485E-01       1.07960E-02       5.26939E-03       4.88087E-01       1.14449E-01       1.31171E-01
       2.39883E-01       2.51189E-01       2.45536E-01       1.13060E-02       5.47536E-03       4.84288E-01       1.18910E-01       1.36646E-01
       2.51189E-01       2.63027E-01       2.57108E-01       1.18380E-02       5.68100E-03       4.79895E-01       1.23385E-01       1.42327E-01
       2.63027E-01       2.75423E-01       2.69225E-01       1.23960E-02       5.88379E-03       4.74652E-01       1.27788E-01       1.48211E-01
       2.75423E-01       2.88403E-01       2.81913E-01       1.29800E-02       6.08106E-03       4.68495E-01       1.32075E-01       1.54292E-01
       2.88403E-01       3.01995E-01       2.95199E-01       1.35920E-02       6.27188E-03       4.61439E-01       1.36216E-01       1.60564E-01
       3.01995E-01       3.16228E-01       3.09112E-01       1.42330E-02       6.49465E-03       4.56309E-01       1.41050E-01       1.67059E-01
       3.16228E-01       3.31131E-01       3.23680E-01       1.49030E-02       6.81209E-03       4.57095E-01       1.47952E-01       1.73871E-01
       3.31131E-01       3.46737E-01       3.38934E-01       1.56060E-02       7.14906E-03       4.58097E-01       1.55265E-01       1.81020E-01
       3.46737E-01       3.63078E-01       3.54908E-01       1.63410E-02       7.49753E-03       4.58817E-01       1.62838E-01       1.88517E-01
       3.63078E-01       3.80189E-01       3.71633E-01       1.71110E-02       7.85714E-03       4.59187E-01       1.70649E-01       1.96375E-01
       3.80189E-01       3.98107E-01       3.89148E-01       1.79180E-02       8.21927E-03       4.58716E-01       1.78508E-01       2.04594E-01
       3.98107E-01       4.16869E-01       4.07488E-01       1.87620E-02       8.59653E-03       4.58189E-01       1.86706E-01       2.13190E-01
       4.16869E-01       4.36516E-01       4.26692E-01       1.96470E-02       8.99114E-03       4.57634E-01       1.95269E-01       2.22182E-01
       4.36516E-01       4.57088E-01       4.46802E-01       2.05720E-02       9.39321E-03       4.56602E-01       2.04011E-01       2.31575E-01
       4.57088E-01       4.78630E-01       4.67859E-01       2.15420E-02       9.82514E-03       4.56092E-01       2.13387E-01       2.41400E-01
       4.78630E-01       5.01187E-01       4.89909E-01       2.25570E-02       1.02980E-02       4.56531E-01       2.23658E-01       2.51698E-01
       5.01187E-01       5.24808E-01       5.12998E-01       2.36210E-02       1.08222E-02       4.58160E-01       2.35035E-01       2.62520E-01
       5.24808E-01       5.49541E-01       5.37174E-01       2.47330E-02       1.13885E-02       4.60458E-01       2.47346E-01       2.73909E-01
       5.49541E-01       5.75440E-01       5.62490E-01       2.58990E-02       1.20106E-02       4.63747E-01       2.60853E-01       2.85919E-01
       5.75440E-01       6.02560E-01       5.89000E-01       2.71200E-02       1.27192E-02       4.68996E-01       2.76238E-01       2.98638E-01
       6.02560E-01       6.30957E-01       6.16758E-01       2.83970E-02       1.35270E-02       4.76352E-01       2.93794E-01       3.12165E-01
       6.30957E-01       6.60693E-01       6.45825E-01       2.97360E-02       1.44094E-02       4.84577E-01       3.12952E-01       3.26575E-01
       6.60693E-01       6.91831E-01       6.76262E-01       3.11380E-02       1.54037E-02       4.94691E-01       3.34541E-01       3.41978E-01
       6.91831E-01       7.24436E-01       7.08133E-01       3.26050E-02       1.65389E-02       5.07251E-01       3.59202E-01       3.58517E-01
       7.24436E-01       7.58578E-01       7.41507E-01       3.41420E-02       1.78293E-02       5.22211E-01       3.87223E-01       3.76347E-01
       7.58578E-01       7.94328E-01       7.76453E-01       3.57500E-02       1.92874E-02       5.39508E-01       4.18902E-01       3.95634E-01
       7.94328E-01       8.31764E-01       8.13046E-01       3.74360E-02       2.09241E-02       5.58930E-01       4.54435E-01       4.16558E-01
       8.31764E-01       8.70964E-01       8.51364E-01       3.92000E-02       2.27563E-02       5.80517E-01       4.94232E-01       4.39314E-01
       8.70964E-01       9.12011E-01       8.91487E-01       4.10470E-02       2.47845E-02       6.03808E-01       5.38287E-01       4.64099E-01
       9.12011E-01       9.54993E-01       9.33502E-01       4.29820E-02       2.75720E-02       6.41478E-01       5.98821E-01       4.91671E-01
       9.54993E-01       1.00000E+00       9.77497E-01       4.50070E-02       3.64810E-02       8.10563E-01       7.92322E-01       5.28152E-01
       1.00000E+00       1.04713E+00       1.02357E+00       4.71300E-02       2.93297E-02       6.22315E-01       6.36980E-01       5.57482E-01
       1.04713E+00       1.09648E+00       1.07181E+00       4.93500E-02       2.91871E-02       5.91431E-01       6.33899E-01       5.86669E-01
       1.09648E+00       1.14815E+00       1.12231E+00       5.16700E-02       2.90014E-02       5.61281E-01       6.29934E-01       6.15670E-01
       1.14815E+00       1.20226E+00       1.17520E+00       5.41100E-02       2.87897E-02       5.32059E-01       6.25278E-01       6.44460E-01
       1.20226E+00       1.25892E+00       1.23059E+00       5.66600E-02       2.84045E-02       5.01315E-01       6.16913E-01       6.72864E-01
       1.25892E+00       1.31826E+00       1.28859E+00       5.93400E-02       2.78515E-02       4.69354E-01       6.04805E-01       7.00716E-01
       1.31826E+00       1.38038E+00       1.34932E+00       6.21200E-02       2.70383E-02       4.35260E-01       5.87304E-01       7.27754E-01
       1.38038E+00       1.44544E+00       1.41291E+00       6.50600E-02       2.59558E-02       3.98952E-01       5.63683E-01       7.53710E-01
       1.44544E+00       1.51356E+00       1.47950E+00       6.81200E-02       2.46329E-02       3.61611E-01       5.35003E-01       7.78343E-01
       1.51356E+00       1.58489E+00       1.54923E+00       7.13300E-02       2.30404E-02       3.23011E-01       5.00417E-01       8.01383E-01
       1.58489E+00       1.65959E+00       1.62224E+00       7.47000E-02       2.12102E-02       2.83939E-01       4.60617E-01       8.22594E-01
       1.65959E+00       1.73780E+00       1.69869E+00       7.82100E-02       1.92481E-02       2.46108E-01       4.18062E-01       8.41842E-01
       1.73780E+00       1.81970E+00       1.77875E+00       8.19000E-02       1.70507E-02       2.08189E-01       3.70317E-01       8.58892E-01
       1.81970E+00       1.90546E+00       1.86258E+00       8.57600E-02       1.46839E-02       1.71221E-01       3.18912E-01       8.73576E-01
       1.90546E+00       1.99526E+00       1.95036E+00       8.98000E-02       1.21059E-02       1.34810E-01       2.62928E-01       8.85682E-01
       1.99526E+00       2.08930E+00       2.04228E+00       9.40400E-02       1.02770E-02       1.09283E-01       2.23186E-01       8.95959E-01
       2.08930E+00       2.18776E+00       2.13853E+00       9.84600E-02       9.98142E-03       1.01375E-01       2.16794E-01       9.05941E-01
       2.18776E+00       2.29087E+00       2.23932E+00       1.03110E-01       9.69543E-03       9.40300E-02       2.10563E-01       9.15636E-01
       2.29087E+00       2.39883E+00       2.34485E+00       1.07960E-01       9.34232E-03       8.65351E-02       2.02912E-01       9.24978E-01
       2.39883E+00       2.51189E+00       2.45536E+00       1.13060E-01       8.87116E-03       7.84642E-02       1.92658E-01       9.33849E-01
       2.51189E+00       2.63027E+00       2.57108E+00       1.18380E-01       8.33354E-03       7.03965E-02       1.80995E-01       9.42183E-01
       2.63027E+00       2.75423E+00       2.69225E+00       1.23960E-01       7.89568E-03       6.36954E-02       1.71484E-01       9.50079E-01
       2.75423E+00       2.88403E+00       2.81913E+00       1.29800E-01       7.36426E-03       5.67354E-02       1.59945E-01       9.57443E-01
       2.88403E+00       3.01995E+00       2.95199E+00       1.35920E-01       6.79413E-03       4.99862E-02       1.47559E-01       9.64237E-01
       3.01995E+00       3.16228E+00       3.09111E+00       1.42330E-01       6.31930E-03       4.43989E-02       1.37242E-01       9.70556E-01
       3.16228E+00       3.31131E+00       3.23679E+00       1.49030E-01       6.09794E-03       4.09176E-02       1.32442E-01       9.76654E-01
       3.31131E+00       3.46737E+00       3.38934E+00       1.56060E-01       5.37429E-03       3.44373E-02       1.16720E-01       9.82029E-01
       3.46737E+00       3.63078E+00       3.54908E+00       1.63410E-01       4.39637E-03       2.69039E-02       9.54840E-02       9.86425E-01
       3.63078E+00       3.80189E+00       3.71633E+00       1.71110E-01       3.03261E-03       1.77232E-02       6.58653E-02       9.89458E-01
       3.80189E+00       3.98107E+00       3.89148E+00       1.79180E-01       1.65536E-03       9.23851E-03       3.59515E-02       9.91113E-01
       3.98107E+00       4.16869E+00       4.07488E+00       1.87620E-01       1.43135E-03       7.62901E-03       3.10873E-02       9.92544E-01
       4.16869E+00       4.36516E+00       4.26692E+00       1.96470E-01       1.23640E-03       6.29307E-03       2.68521E-02       9.93781E-01
       4.36516E+00       4.57088E+00       4.46802E+00       2.05720E-01       1.08168E-03       5.25801E-03       2.34929E-02       9.94862E-01
       4.57088E+00       4.78630E+00       4.67859E+00       2.15420E-01       9.53937E-04       4.42826E-03       2.07180E-02       9.95816E-01
       4.78630E+00       5.00000E+00       4.89315E+00       2.13700E-01       7.96578E-04       3.72755E-03       1.82395E-02       9.96613E-01
       5.00000E+00       5.20000E+00       5.10000E+00       2.00000E-01       6.34634E-04       3.17317E-03       1.61832E-02       9.97248E-01
       5.20000E+00       5.40000E+00       5.30000E+00       2.00000E-01       5.38707E-04       2.69354E-03       1.42757E-02       9.97786E-01
       5.40000E+00       5.60000E+00       5.50000E+00       2.00000E-01       4.52309E-04       2.26155E-03       1.24385E-02       9.98239E-01
       5.60000E+00       5.80000E+00       5.70000E+00       2.00000E-01       3.76471E-04       1.88235E-03       1.07294E-02       9.98615E-01
       5.80000E+00       6.00000E+00       5.90000E+00       2.00000E-01       3.08401E-04       1.54200E-03       9.09782E-03       9.98923E-01
       6.00000E+00       6.20000E+00       6.10000E+00       2.00000E-01       2.50571E-04       1.25286E-03       7.64242E-03       9.99174E-01
       6.20000E+00       6.40000E+00       6.30000E+00       2.00000E-01       2.02478E-04       1.01239E-03       6.37806E-03       9.99376E-01
       6.40000E+00       6.60000E+00       6.50000E+00       2.00000E-01       1.61264E-04       8.06319E-04       5.24107E-03       9.99538E-01
       6.60000E+00       6.80000E+00       6.70000E+00       2.00000E-01       1.27904E-04       6.39520E-04       4.28479E-03       9.99666E-01
       6.80000E+00       7.00000E+00       6.90000E+00       2.00000E-01       1.00338E-04       5.01691E-04       3.46166E-03       9.99766E-01
       7.00000E+00       7.20000E+00       7.10000E+00       2.00000E-01       7.68167E-05       3.84083E-04       2.72699E-03       9.99843E-01
       7.20000E+00       7.40000E+00       7.30000E+00       2.00000E-01       5.73071E-05       2.86535E-04       2.09171E-03       9.99900E-01
       7.40000E+00       7.60000E+00       7.50000E+00       2.00000E-01       4.15156E-05       2.07578E-04       1.55683E-03       9.99942E-01
       7.60000E+00       7.80000E+00       7.70000E+00       2.00000E-01       2.86239E-05       1.43119E-04       1.10202E-03       9.99970E-01
       7.80000E+00       8.00000E+00       7.90000E+00       2.00000E-01       1.87314E-05       9.36570E-05       7.39890E-04       9.99989E-01
       8.00000E+00       8.20000E+00       8.10000E+00       2.00000E-01       1.05656E-05       5.28278E-05       4.27905E-04       9.99999E-01
       8.20000E+00       8.40000E+00       8.30000E+00       2.00000E-01       7.25623E-07       3.62812E-06       3.01134E-05       1.00000E+00

 Sum =                                                                         1.00000E+00
 Renormalization bin#  1020 =                                                  1.27861E-01 barn        2.88000E+07        2.90000E+07        2.89000E+07
 Avg. Energy     bin#  1020 =                                                  1.09134E+00 MeV         2.88000E+07        2.90000E+07
