"        MT= 91 recoil spectrum "
" Initial neutron energy corresponds to the group:"
   2.92000E+01    2.94000E+01       0.00000E+00           615           917           303



          Low               High              Mid              Energy           Number             dn/de            E*dn/de          Cumulative
         Energy            Energy            Energy             Width          Fraction                               Sum   
         [MeV]             [MeV]             [MeV]              [MeV]

       9.97500E-06       1.00000E-05       9.98750E-06       2.49996E-08       0.00000E+00       0.00000E+00       0.00000E+00       0.00000E+00
       1.00000E-05       1.04713E-05       1.02356E-05       4.71300E-07       8.21443E-11       1.74293E-04       1.78400E-09       8.21443E-11
       1.04713E-05       1.09648E-05       1.07180E-05       4.93500E-07       9.00672E-11       1.82507E-04       1.95612E-09       1.72211E-10
       1.09648E-05       1.14815E-05       1.12232E-05       5.16700E-07       9.87591E-11       1.91134E-04       2.14513E-09       2.70971E-10
       1.14815E-05       1.20226E-05       1.17521E-05       5.41101E-07       1.08284E-10       2.00118E-04       2.35180E-09       3.79254E-10
       1.20226E-05       1.25892E-05       1.23059E-05       5.66600E-07       1.18733E-10       2.09553E-04       2.57874E-09       4.97987E-10
       1.25892E-05       1.31826E-05       1.28859E-05       5.93400E-07       1.30190E-10       2.19397E-04       2.82713E-09       6.28177E-10
       1.31826E-05       1.38038E-05       1.34932E-05       6.21200E-07       1.42747E-10       2.29793E-04       3.10064E-09       7.70925E-10
       1.38038E-05       1.44544E-05       1.41291E-05       6.50600E-07       1.56522E-10       2.40581E-04       3.39919E-09       9.27447E-10
       1.44544E-05       1.51356E-05       1.47950E-05       6.81200E-07       1.71617E-10       2.51933E-04       3.72735E-09       1.09906E-09
       1.51356E-05       1.58489E-05       1.54922E-05       7.13300E-07       1.88172E-10       2.63805E-04       4.08693E-09       1.28724E-09
       1.58489E-05       1.65959E-05       1.62224E-05       7.47000E-07       2.06337E-10       2.76221E-04       4.48096E-09       1.49357E-09
       1.65959E-05       1.73780E-05       1.69869E-05       7.82101E-07       2.26245E-10       2.89278E-04       4.91395E-09       1.71982E-09
       1.73780E-05       1.81970E-05       1.77875E-05       8.19000E-07       2.48075E-10       3.02900E-04       5.38783E-09       1.96789E-09
       1.81970E-05       1.90546E-05       1.86258E-05       8.57599E-07       2.72006E-10       3.17172E-04       5.90758E-09       2.23990E-09
       1.90546E-05       1.99526E-05       1.95036E-05       8.98001E-07       2.98247E-10       3.32124E-04       6.47760E-09       2.53815E-09
       1.99526E-05       2.08930E-05       2.04228E-05       9.40399E-07       3.27021E-10       3.47747E-04       7.10198E-09       2.86517E-09
       2.08930E-05       2.18776E-05       2.13853E-05       9.84600E-07       3.58567E-10       3.64175E-04       7.78800E-09       3.22373E-09
       2.18776E-05       2.29087E-05       2.23932E-05       1.03110E-06       3.93168E-10       3.81309E-04       8.53870E-09       3.61690E-09
       2.29087E-05       2.39883E-05       2.34485E-05       1.07960E-06       4.31091E-10       3.99307E-04       9.36314E-09       4.04799E-09
       2.39883E-05       2.51189E-05       2.45536E-05       1.13060E-06       4.72680E-10       4.18079E-04       1.02654E-08       4.52067E-09
       2.51189E-05       2.63027E-05       2.57108E-05       1.18380E-06       5.18293E-10       4.37821E-04       1.12567E-08       5.03897E-09
       2.63027E-05       2.75423E-05       2.69225E-05       1.23960E-06       5.68286E-10       4.58444E-04       1.23424E-08       5.60725E-09
       2.75423E-05       2.88403E-05       2.81913E-05       1.29800E-06       6.23123E-10       4.80064E-04       1.35336E-08       6.23038E-09
       2.88403E-05       3.01995E-05       2.95199E-05       1.35920E-06       6.83234E-10       5.02674E-04       1.48389E-08       6.91361E-09
       3.01995E-05       3.16228E-05       3.09111E-05       1.42330E-06       7.49157E-10       5.26352E-04       1.62701E-08       7.66277E-09
       3.16228E-05       3.31131E-05       3.23679E-05       1.49030E-06       8.21428E-10       5.51184E-04       1.78407E-08       8.48419E-09
       3.31131E-05       3.46737E-05       3.38934E-05       1.56060E-06       9.00687E-10       5.77142E-04       1.95613E-08       9.38488E-09
       3.46737E-05       3.63078E-05       3.54907E-05       1.63410E-06       9.87576E-10       6.04354E-04       2.14490E-08       1.03725E-08
       3.63078E-05       3.80189E-05       3.71634E-05       1.71110E-06       1.08285E-09       6.32840E-04       2.35185E-08       1.14553E-08
       3.80189E-05       3.98107E-05       3.89148E-05       1.79180E-06       1.18733E-09       6.62645E-04       2.57867E-08       1.26426E-08
       3.98107E-05       4.16869E-05       4.07488E-05       1.87620E-06       1.30189E-09       6.93895E-04       2.82754E-08       1.39445E-08
       4.16869E-05       4.36516E-05       4.26692E-05       1.96470E-06       1.42747E-09       7.26561E-04       3.10018E-08       1.53720E-08
       4.36516E-05       4.57088E-05       4.46802E-05       2.05720E-06       1.56522E-09       7.60849E-04       3.39949E-08       1.69372E-08
       4.57088E-05       4.78630E-05       4.67859E-05       2.15420E-06       1.71617E-09       7.96663E-04       3.72726E-08       1.86534E-08
       4.78630E-05       5.01187E-05       4.89908E-05       2.25570E-06       1.88172E-09       8.34208E-04       4.08685E-08       2.05351E-08
       5.01187E-05       5.24808E-05       5.12998E-05       2.36210E-06       2.06337E-09       8.73530E-04       4.48119E-08       2.25985E-08
       5.24808E-05       5.49541E-05       5.37174E-05       2.47330E-06       2.23533E-09       9.03783E-04       4.85489E-08       2.48338E-08
       5.49541E-05       5.75440E-05       5.62490E-05       2.58990E-06       2.39104E-09       9.23220E-04       5.19302E-08       2.72248E-08
       5.75440E-05       6.02560E-05       5.89000E-05       2.71200E-06       2.55883E-09       9.43521E-04       5.55734E-08       2.97837E-08
       6.02560E-05       6.30957E-05       6.16758E-05       2.83970E-06       2.73973E-09       9.64797E-04       5.95047E-08       3.25234E-08
       6.30957E-05       6.60693E-05       6.45825E-05       2.97360E-06       2.93494E-09       9.86999E-04       6.37428E-08       3.54583E-08
       6.60693E-05       6.91831E-05       6.76262E-05       3.11380E-06       3.14579E-09       1.01027E-03       6.83209E-08       3.86041E-08
       6.91831E-05       7.24436E-05       7.08134E-05       3.26051E-06       3.37363E-09       1.03469E-03       7.32702E-08       4.19778E-08
       7.24436E-05       7.58578E-05       7.41507E-05       3.41420E-06       3.61994E-09       1.06026E-03       7.86191E-08       4.55977E-08
       7.58578E-05       7.94328E-05       7.76453E-05       3.57500E-06       3.88578E-09       1.08693E-03       8.43952E-08       4.94835E-08
       7.94328E-05       8.31764E-05       8.13046E-05       3.74360E-06       4.16309E-09       1.11206E-03       9.04153E-08       5.36466E-08
       8.31764E-05       8.70964E-05       8.51364E-05       3.92000E-06       4.45620E-09       1.13679E-03       9.67819E-08       5.81028E-08
       8.70964E-05       9.12011E-05       8.91488E-05       4.10471E-06       4.77240E-09       1.16267E-03       1.03650E-07       6.28752E-08
       9.12011E-05       9.54993E-05       9.33502E-05       4.29820E-06       5.11394E-09       1.18979E-03       1.11067E-07       6.79891E-08
       9.54993E-05       1.00000E-04       9.77497E-05       4.50070E-06       5.48274E-09       1.21820E-03       1.19078E-07       7.34719E-08
       1.00000E-04       1.04713E-04       1.02356E-04       4.71300E-06       5.88135E-09       1.24790E-03       1.27731E-07       7.93532E-08
       1.04713E-04       1.09648E-04       1.07181E-04       4.93501E-06       6.30126E-09       1.27685E-03       1.36853E-07       8.56545E-08
       1.09648E-04       1.14815E-04       1.12232E-04       5.16700E-06       6.73980E-09       1.30439E-03       1.46394E-07       9.23943E-08
       1.14815E-04       1.20226E-04       1.17520E-04       5.41100E-06       7.21232E-09       1.33290E-03       1.56643E-07       9.96066E-08
       1.20226E-04       1.25892E-04       1.23059E-04       5.66600E-06       7.72224E-09       1.36291E-03       1.67718E-07       1.07329E-07
       1.25892E-04       1.31826E-04       1.28859E-04       5.93401E-06       8.27254E-09       1.39409E-03       1.79641E-07       1.15601E-07
       1.31826E-04       1.38038E-04       1.34932E-04       6.21199E-06       8.86650E-09       1.42732E-03       1.92591E-07       1.24468E-07
       1.38038E-04       1.44544E-04       1.41291E-04       6.50601E-06       9.50845E-09       1.46149E-03       2.06495E-07       1.33976E-07
       1.44544E-04       1.51356E-04       1.47950E-04       6.81200E-06       1.02021E-08       1.49767E-03       2.21580E-07       1.44178E-07
       1.51356E-04       1.58489E-04       1.54922E-04       7.13300E-06       1.09518E-08       1.53537E-03       2.37863E-07       1.55130E-07
       1.58489E-04       1.65959E-04       1.62224E-04       7.47000E-06       1.17348E-08       1.57093E-03       2.54842E-07       1.66865E-07
       1.65959E-04       1.73780E-04       1.69870E-04       7.82100E-06       1.25608E-08       1.60604E-03       2.72816E-07       1.79426E-07
       1.73780E-04       1.81970E-04       1.77875E-04       8.19000E-06       1.34520E-08       1.64250E-03       2.92159E-07       1.92878E-07
       1.81970E-04       1.90546E-04       1.86258E-04       8.57600E-06       1.44142E-08       1.68076E-03       3.13055E-07       2.07292E-07
       1.90546E-04       1.99526E-04       1.95036E-04       8.98000E-06       1.54533E-08       1.72086E-03       3.35629E-07       2.22745E-07
       1.99526E-04       2.08930E-04       2.04228E-04       9.40399E-06       1.65764E-08       1.76270E-03       3.59992E-07       2.39322E-07
       2.08930E-04       2.18776E-04       2.13853E-04       9.84601E-06       1.77631E-08       1.80409E-03       3.85810E-07       2.57085E-07
       2.18776E-04       2.29087E-04       2.23932E-04       1.03110E-05       1.89990E-08       1.84260E-03       4.12615E-07       2.76084E-07
       2.29087E-04       2.39883E-04       2.34485E-04       1.07960E-05       2.03307E-08       1.88317E-03       4.41576E-07       2.96415E-07
       2.39883E-04       2.51189E-04       2.45536E-04       1.13060E-05       2.17673E-08       1.92529E-03       4.72728E-07       3.18182E-07
       2.51189E-04       2.63027E-04       2.57108E-04       1.18380E-05       2.33181E-08       1.96977E-03       5.06443E-07       3.41500E-07
       2.63027E-04       2.75423E-04       2.69225E-04       1.23960E-05       2.49923E-08       2.01616E-03       5.42800E-07       3.66492E-07
       2.75423E-04       2.88403E-04       2.81913E-04       1.29800E-05       2.68008E-08       2.06478E-03       5.82087E-07       3.93293E-07
       2.88403E-04       3.01995E-04       2.95199E-04       1.35920E-05       2.87554E-08       2.11562E-03       6.24528E-07       4.22049E-07
       3.01995E-04       3.16228E-04       3.09111E-04       1.42330E-05       3.08685E-08       2.16880E-03       6.70401E-07       4.52917E-07
       3.16228E-04       3.31131E-04       3.23680E-04       1.49030E-05       3.30806E-08       2.21973E-03       7.18480E-07       4.85998E-07
       3.31131E-04       3.46737E-04       3.38934E-04       1.56060E-05       3.54089E-08       2.26893E-03       7.69018E-07       5.21407E-07
       3.46737E-04       3.63078E-04       3.54908E-04       1.63410E-05       3.79205E-08       2.32058E-03       8.23590E-07       5.59327E-07
       3.63078E-04       3.80189E-04       3.71634E-04       1.71110E-05       4.06319E-08       2.37461E-03       8.82485E-07       5.99959E-07
       3.80189E-04       3.98107E-04       3.89148E-04       1.79180E-05       4.35606E-08       2.43111E-03       9.46062E-07       6.43520E-07
       3.98107E-04       4.16869E-04       4.07488E-04       1.87620E-05       4.67249E-08       2.49040E-03       1.01481E-06       6.90245E-07
       4.16869E-04       4.36516E-04       4.26692E-04       1.96470E-05       5.01689E-08       2.55351E-03       1.08956E-06       7.40414E-07
       4.36516E-04       4.57088E-04       4.46802E-04       2.05720E-05       5.39433E-08       2.62217E-03       1.17159E-06       7.94357E-07
       4.57088E-04       4.78630E-04       4.67859E-04       2.15420E-05       5.80330E-08       2.69395E-03       1.26039E-06       8.52390E-07
       4.78630E-04       5.01187E-04       4.89909E-04       2.25570E-05       6.24646E-08       2.76919E-03       1.35665E-06       9.14854E-07
       5.01187E-04       5.24808E-04       5.12998E-04       2.36210E-05       6.72693E-08       2.84786E-03       1.46095E-06       9.82124E-07
       5.24808E-04       5.49541E-04       5.37175E-04       2.47330E-05       7.24792E-08       2.93046E-03       1.57417E-06       1.05460E-06
       5.49541E-04       5.75440E-04       5.62491E-04       2.58990E-05       7.81317E-08       3.01678E-03       1.69691E-06       1.13273E-06
       5.75440E-04       6.02560E-04       5.89000E-04       2.71200E-05       8.42669E-08       3.10719E-03       1.83013E-06       1.21700E-06
       6.02560E-04       6.30957E-04       6.16758E-04       2.83970E-05       9.09264E-08       3.20198E-03       1.97485E-06       1.30793E-06
       6.30957E-04       6.60693E-04       6.45825E-04       2.97360E-05       9.79371E-08       3.29355E-03       2.12706E-06       1.40586E-06
       6.60693E-04       6.91831E-04       6.76262E-04       3.11380E-05       1.05316E-07       3.38223E-03       2.28727E-06       1.51118E-06
       6.91831E-04       7.24436E-04       7.08133E-04       3.26050E-05       1.13308E-07       3.47517E-03       2.46089E-06       1.62449E-06
       7.24436E-04       7.58578E-04       7.41507E-04       3.41420E-05       1.21969E-07       3.57240E-03       2.64896E-06       1.74646E-06
       7.58578E-04       7.94328E-04       7.76453E-04       3.57500E-05       1.31359E-07       3.67436E-03       2.85297E-06       1.87782E-06
       7.94328E-04       8.31764E-04       8.13046E-04       3.74360E-05       1.41543E-07       3.78093E-03       3.07407E-06       2.01936E-06
       8.31764E-04       8.70964E-04       8.51364E-04       3.92000E-05       1.52377E-07       3.88716E-03       3.30938E-06       2.17174E-06
       8.70964E-04       9.12011E-04       8.91487E-04       4.10470E-05       1.63608E-07       3.98586E-03       3.55334E-06       2.33534E-06
       9.12011E-04       9.54993E-04       9.33502E-04       4.29820E-05       1.75736E-07       4.08859E-03       3.81670E-06       2.51108E-06
       9.54993E-04       1.00000E-03       9.77497E-04       4.50070E-05       1.88859E-07       4.19621E-03       4.10178E-06       2.69994E-06
       1.00000E-03       1.04713E-03       1.02356E-03       4.71300E-05       2.03070E-07       4.30873E-03       4.41026E-06       2.90301E-06
       1.04713E-03       1.09648E-03       1.07180E-03       4.93500E-05       2.18457E-07       4.42670E-03       4.74455E-06       3.12147E-06
       1.09648E-03       1.14815E-03       1.12231E-03       5.16700E-05       2.35141E-07       4.55081E-03       5.10744E-06       3.35661E-06
       1.14815E-03       1.20226E-03       1.17520E-03       5.41100E-05       2.53214E-07       4.67962E-03       5.49952E-06       3.60982E-06
       1.20226E-03       1.25892E-03       1.23059E-03       5.66600E-05       2.72826E-07       4.81514E-03       5.92546E-06       3.88265E-06
       1.25892E-03       1.31826E-03       1.28859E-03       5.93400E-05       2.93477E-07       4.94569E-03       6.37297E-06       4.17612E-06
       1.31826E-03       1.38038E-03       1.34932E-03       6.21200E-05       3.15087E-07       5.07223E-03       6.84406E-06       4.49121E-06
       1.38038E-03       1.44544E-03       1.41291E-03       6.50599E-05       3.38473E-07       5.20248E-03       7.35063E-06       4.82968E-06
       1.44544E-03       1.51356E-03       1.47950E-03       6.81201E-05       3.63772E-07       5.34016E-03       7.90076E-06       5.19346E-06
       1.51356E-03       1.58489E-03       1.54923E-03       7.13300E-05       3.91175E-07       5.48403E-03       8.49599E-06       5.58463E-06
       1.58489E-03       1.65959E-03       1.62224E-03       7.47000E-05       4.20857E-07       5.63397E-03       9.13965E-06       6.00549E-06
       1.65959E-03       1.73780E-03       1.69870E-03       7.82101E-05       4.52495E-07       5.78564E-03       9.82803E-06       6.45798E-06
       1.73780E-03       1.81970E-03       1.77875E-03       8.18999E-05       4.85257E-07       5.92500E-03       1.05391E-05       6.94324E-06
       1.81970E-03       1.90546E-03       1.86258E-03       8.57600E-05       5.20567E-07       6.07004E-03       1.13059E-05       7.46381E-06
       1.90546E-03       1.99526E-03       1.95036E-03       8.98001E-05       5.58735E-07       6.22199E-03       1.21351E-05       8.02254E-06
       1.99526E-03       2.08930E-03       2.04228E-03       9.40400E-05       6.00027E-07       6.38055E-03       1.30309E-05       8.62257E-06
       2.08930E-03       2.18776E-03       2.13853E-03       9.84600E-05       6.44706E-07       6.54790E-03       1.40029E-05       9.26728E-06
       2.18776E-03       2.29087E-03       2.23932E-03       1.03110E-04       6.93066E-07       6.72161E-03       1.50518E-05       9.96034E-06
       2.29087E-03       2.39883E-03       2.34485E-03       1.07960E-04       7.45442E-07       6.90480E-03       1.61907E-05       1.07058E-05
       2.39883E-03       2.51189E-03       2.45536E-03       1.13060E-04       8.02189E-07       7.09526E-03       1.74214E-05       1.15080E-05
       2.51189E-03       2.63027E-03       2.57108E-03       1.18380E-04       8.62129E-07       7.28272E-03       1.87244E-05       1.23701E-05
       2.63027E-03       2.75423E-03       2.69225E-03       1.23960E-04       9.24708E-07       7.45973E-03       2.00835E-05       1.32948E-05
       2.75423E-03       2.88403E-03       2.81913E-03       1.29800E-04       9.92325E-07       7.64503E-03       2.15523E-05       1.42871E-05
       2.88403E-03       3.01995E-03       2.95199E-03       1.35920E-04       1.06545E-06       7.83877E-03       2.31400E-05       1.53526E-05
       3.01995E-03       3.16228E-03       3.09112E-03       1.42330E-04       1.14456E-06       8.04159E-03       2.48575E-05       1.64971E-05
       3.16228E-03       3.31131E-03       3.23679E-03       1.49030E-04       1.23018E-06       8.25460E-03       2.67185E-05       1.77273E-05
       3.31131E-03       3.46737E-03       3.38934E-03       1.56060E-04       1.32164E-06       8.46879E-03       2.87036E-05       1.90490E-05
       3.46737E-03       3.63078E-03       3.54907E-03       1.63410E-04       1.41625E-06       8.66687E-03       3.07594E-05       2.04652E-05
       3.63078E-03       3.80189E-03       3.71633E-03       1.71110E-04       1.51806E-06       8.87183E-03       3.29707E-05       2.19833E-05
       3.80189E-03       3.98107E-03       3.89148E-03       1.79180E-04       1.62806E-06       9.08615E-03       3.53586E-05       2.36113E-05
       3.98107E-03       4.16869E-03       4.07488E-03       1.87620E-04       1.74696E-06       9.31114E-03       3.79418E-05       2.53583E-05
       4.16869E-03       4.36516E-03       4.26693E-03       1.96470E-04       1.87551E-06       9.54602E-03       4.07321E-05       2.72338E-05
       4.36516E-03       4.57088E-03       4.46802E-03       2.05720E-04       2.01460E-06       9.79291E-03       4.37549E-05       2.92484E-05
       4.57088E-03       4.78630E-03       4.67859E-03       2.15420E-04       2.16511E-06       1.00507E-02       4.70229E-05       3.14135E-05
       4.78630E-03       5.01187E-03       4.89909E-03       2.25570E-04       2.32809E-06       1.03209E-02       5.05629E-05       3.37416E-05
       5.01187E-03       5.24807E-03       5.12997E-03       2.36200E-04       2.49769E-06       1.05745E-02       5.42468E-05       3.62393E-05
       5.24807E-03       5.49541E-03       5.37174E-03       2.47340E-04       2.66883E-06       1.07901E-02       5.79617E-05       3.89081E-05
       5.49541E-03       5.75440E-03       5.62491E-03       2.58990E-04       2.85294E-06       1.10156E-02       6.19619E-05       4.17610E-05
       5.75440E-03       6.02560E-03       5.89000E-03       2.71200E-04       3.05134E-06       1.12513E-02       6.62699E-05       4.48124E-05
       6.02560E-03       6.30957E-03       6.16759E-03       2.83970E-04       3.26525E-06       1.14986E-02       7.09185E-05       4.80776E-05
       6.30957E-03       6.60693E-03       6.45825E-03       2.97360E-04       3.49603E-06       1.17569E-02       7.59288E-05       5.15737E-05
       6.60693E-03       6.91831E-03       6.76262E-03       3.11380E-04       3.74227E-06       1.20183E-02       8.12754E-05       5.53159E-05
       6.91831E-03       7.24436E-03       7.08133E-03       3.26050E-04       3.99638E-06       1.22570E-02       8.67956E-05       5.93123E-05
       7.24436E-03       7.58578E-03       7.41507E-03       3.41420E-04       4.26864E-06       1.25026E-02       9.27077E-05       6.35810E-05
       7.58578E-03       7.94328E-03       7.76453E-03       3.57500E-04       4.56183E-06       1.27604E-02       9.90783E-05       6.81428E-05
       7.94328E-03       8.31764E-03       8.13046E-03       3.74360E-04       4.87774E-06       1.30295E-02       1.05936E-04       7.30205E-05
       8.31764E-03       8.70964E-03       8.51364E-03       3.92000E-04       5.21823E-06       1.33118E-02       1.13332E-04       7.82388E-05
       8.70964E-03       9.12011E-03       8.91487E-03       4.10471E-04       5.58547E-06       1.36075E-02       1.21309E-04       8.38242E-05
       9.12011E-03       9.54993E-03       9.33502E-03       4.29819E-04       5.98172E-06       1.39168E-02       1.29914E-04       8.98060E-05
       9.54993E-03       1.00000E-02       9.77496E-03       4.50070E-04       6.40948E-06       1.42411E-02       1.39206E-04       9.62154E-05
       1.00000E-02       1.04713E-02       1.02357E-02       4.71300E-04       6.86317E-06       1.45622E-02       1.49054E-04       1.03079E-04
       1.04713E-02       1.09648E-02       1.07180E-02       4.93500E-04       7.33514E-06       1.48635E-02       1.59308E-04       1.10414E-04
       1.09648E-02       1.14815E-02       1.12232E-02       5.16700E-04       7.84343E-06       1.51798E-02       1.70366E-04       1.18257E-04
       1.14815E-02       1.20226E-02       1.17521E-02       5.41100E-04       8.39093E-06       1.55072E-02       1.82241E-04       1.26648E-04
       1.20226E-02       1.25892E-02       1.23059E-02       5.66601E-04       8.98176E-06       1.58520E-02       1.95073E-04       1.35630E-04
       1.25892E-02       1.31826E-02       1.28859E-02       5.93399E-04       9.61927E-06       1.62104E-02       2.08886E-04       1.45249E-04
       1.31826E-02       1.38038E-02       1.34932E-02       6.21200E-04       1.03054E-05       1.65895E-02       2.23846E-04       1.55555E-04
       1.38038E-02       1.44544E-02       1.41291E-02       6.50601E-04       1.10383E-05       1.69664E-02       2.39720E-04       1.66593E-04
       1.44544E-02       1.51356E-02       1.47950E-02       6.81199E-04       1.18281E-05       1.73637E-02       2.56896E-04       1.78421E-04
       1.51356E-02       1.58489E-02       1.54923E-02       7.13301E-04       1.26814E-05       1.77785E-02       2.75430E-04       1.91102E-04
       1.58489E-02       1.65959E-02       1.62224E-02       7.47000E-04       1.36034E-05       1.82108E-02       2.95422E-04       2.04706E-04
       1.65959E-02       1.73780E-02       1.69870E-02       7.82100E-04       1.46001E-05       1.86678E-02       3.17109E-04       2.19306E-04
       1.73780E-02       1.81970E-02       1.77875E-02       8.19000E-04       1.56780E-05       1.91428E-02       3.40503E-04       2.34984E-04
       1.81970E-02       1.90546E-02       1.86258E-02       8.57600E-04       1.68444E-05       1.96414E-02       3.65837E-04       2.51828E-04
       1.90546E-02       1.99526E-02       1.95036E-02       8.98000E-04       1.81069E-05       2.01636E-02       3.93262E-04       2.69935E-04
       1.99526E-02       2.08930E-02       2.04228E-02       9.40400E-04       1.94536E-05       2.06866E-02       4.22477E-04       2.89389E-04
       2.08930E-02       2.18776E-02       2.13853E-02       9.84600E-04       2.08593E-05       2.11855E-02       4.53059E-04       3.10248E-04
       2.18776E-02       2.29087E-02       2.23931E-02       1.03110E-03       2.23756E-05       2.17007E-02       4.85948E-04       3.32624E-04
       2.29087E-02       2.39883E-02       2.34485E-02       1.07960E-03       2.40147E-05       2.22441E-02       5.21590E-04       3.56639E-04
       2.39883E-02       2.51189E-02       2.45536E-02       1.13060E-03       2.57877E-05       2.28089E-02       5.60040E-04       3.82426E-04
       2.51189E-02       2.63027E-02       2.57108E-02       1.18380E-03       2.77062E-05       2.34045E-02       6.01748E-04       4.10132E-04
       2.63027E-02       2.75423E-02       2.69225E-02       1.23960E-03       2.97614E-05       2.40088E-02       6.46378E-04       4.39894E-04
       2.75423E-02       2.88403E-02       2.81913E-02       1.29800E-03       3.18581E-05       2.45440E-02       6.91928E-04       4.71752E-04
       2.88403E-02       3.01995E-02       2.95199E-02       1.35920E-03       3.40979E-05       2.50868E-02       7.40559E-04       5.05850E-04
       3.01995E-02       3.16228E-02       3.09112E-02       1.42330E-03       3.65148E-05       2.56550E-02       7.93025E-04       5.42365E-04
       3.16228E-02       3.31131E-02       3.23680E-02       1.49030E-03       3.91234E-05       2.62520E-02       8.49723E-04       5.81488E-04
       3.31131E-02       3.46737E-02       3.38934E-02       1.56060E-03       4.19412E-05       2.68751E-02       9.10887E-04       6.23429E-04
       3.46737E-02       3.63078E-02       3.54908E-02       1.63410E-03       4.49850E-05       2.75289E-02       9.77022E-04       6.68414E-04
       3.63078E-02       3.80189E-02       3.71633E-02       1.71110E-03       4.82755E-05       2.82132E-02       1.04850E-03       7.16690E-04
       3.80189E-02       3.98107E-02       3.89148E-02       1.79180E-03       5.18342E-05       2.89286E-02       1.12575E-03       7.68524E-04
       3.98107E-02       4.16869E-02       4.07488E-02       1.87620E-03       5.56261E-05       2.96483E-02       1.20813E-03       8.24150E-04
       4.16869E-02       4.36516E-02       4.26693E-02       1.96470E-03       5.95541E-05       3.03120E-02       1.29339E-03       8.83704E-04
       4.36516E-02       4.57088E-02       4.46802E-02       2.05720E-03       6.37812E-05       3.10039E-02       1.38526E-03       9.47485E-04
       4.57088E-02       4.78630E-02       4.67859E-02       2.15420E-03       6.83443E-05       3.17261E-02       1.48433E-03       1.01583E-03
       4.78630E-02       5.01187E-02       4.89908E-02       2.25570E-03       7.32725E-05       3.24833E-02       1.59138E-03       1.08910E-03
       5.01187E-02       5.24808E-02       5.12998E-02       2.36210E-03       7.85984E-05       3.32748E-02       1.70699E-03       1.16770E-03
       5.24808E-02       5.49541E-02       5.37174E-02       2.47330E-03       8.43118E-05       3.40888E-02       1.83116E-03       1.25201E-03
       5.49541E-02       5.75440E-02       5.62491E-02       2.58990E-03       9.01693E-05       3.48158E-02       1.95835E-03       1.34218E-03
       5.75440E-02       6.02560E-02       5.89000E-02       2.71200E-03       9.64168E-05       3.55519E-02       2.09401E-03       1.43860E-03
       6.02560E-02       6.30957E-02       6.16758E-02       2.83970E-03       1.03151E-04       3.63245E-02       2.24035E-03       1.54175E-03
       6.30957E-02       6.60693E-02       6.45825E-02       2.97360E-03       1.10414E-04       3.71314E-02       2.39804E-03       1.65216E-03
       6.60693E-02       6.91831E-02       6.76262E-02       3.11380E-03       1.18251E-04       3.79764E-02       2.56820E-03       1.77041E-03
       6.91831E-02       7.24436E-02       7.08134E-02       3.26050E-03       1.26711E-04       3.88625E-02       2.75199E-03       1.89713E-03
       7.24436E-02       7.58578E-02       7.41507E-02       3.41420E-03       1.35849E-04       3.97895E-02       2.95042E-03       2.03297E-03
       7.58578E-02       7.94328E-02       7.76453E-02       3.57500E-03       1.45723E-04       4.07616E-02       3.16494E-03       2.17870E-03
       7.94328E-02       8.31764E-02       8.13046E-02       3.74360E-03       1.56257E-04       4.17397E-02       3.39363E-03       2.33495E-03
       8.31764E-02       8.70964E-02       8.51364E-02       3.92000E-03       1.67139E-04       4.26375E-02       3.63001E-03       2.50209E-03
       8.70964E-02       9.12011E-02       8.91488E-02       4.10470E-03       1.78828E-04       4.35665E-02       3.88390E-03       2.68092E-03
       9.12011E-02       9.54993E-02       9.33502E-02       4.29820E-03       1.91434E-04       4.45382E-02       4.15765E-03       2.87235E-03
       9.54993E-02       1.00000E-01       9.77497E-02       4.50070E-03       2.05039E-04       4.55571E-02       4.45319E-03       3.07739E-03
       1.00000E-01       1.04713E-01       1.02357E-01       4.71300E-03       2.19728E-04       4.66218E-02       4.77204E-03       3.29712E-03
       1.04713E-01       1.09648E-01       1.07180E-01       4.93500E-03       2.35527E-04       4.77258E-02       5.11527E-03       3.53265E-03
       1.09648E-01       1.14815E-01       1.12231E-01       5.16700E-03       2.52039E-04       4.87785E-02       5.47449E-03       3.78469E-03
       1.14815E-01       1.20226E-01       1.17520E-01       5.41100E-03       2.69692E-04       4.98414E-02       5.85739E-03       4.05438E-03
       1.20226E-01       1.25892E-01       1.23059E-01       5.66600E-03       2.88745E-04       5.09609E-02       6.27120E-03       4.34312E-03
       1.25892E-01       1.31826E-01       1.28859E-01       5.93400E-03       3.09307E-04       5.21245E-02       6.71671E-03       4.65243E-03
       1.31826E-01       1.38038E-01       1.34932E-01       6.21200E-03       3.31815E-04       5.34152E-02       7.20742E-03       4.98425E-03
       1.38038E-01       1.44544E-01       1.41291E-01       6.50600E-03       3.57721E-04       5.49832E-02       7.76863E-03       5.34197E-03
       1.44544E-01       1.51356E-01       1.47950E-01       6.81200E-03       3.86540E-04       5.67439E-02       8.39526E-03       5.72851E-03
       1.51356E-01       1.58489E-01       1.54923E-01       7.13300E-03       4.21037E-04       5.90267E-02       9.14456E-03       6.14954E-03
       1.58489E-01       1.65959E-01       1.62224E-01       7.47000E-03       4.59004E-04       6.14463E-02       9.96807E-03       6.60855E-03
       1.65959E-01       1.73780E-01       1.69869E-01       7.82100E-03       4.99130E-04       6.38192E-02       1.08409E-02       7.10768E-03
       1.73780E-01       1.81970E-01       1.77875E-01       8.19000E-03       5.42768E-04       6.62721E-02       1.17881E-02       7.65045E-03
       1.81970E-01       1.90546E-01       1.86258E-01       8.57600E-03       5.90406E-04       6.88439E-02       1.28227E-02       8.24085E-03
       1.90546E-01       1.99526E-01       1.95036E-01       8.98000E-03       6.42409E-04       7.15378E-02       1.39524E-02       8.88326E-03
       1.99526E-01       2.08930E-01       2.04228E-01       9.40400E-03       6.99210E-04       7.43524E-02       1.51848E-02       9.58247E-03
       2.08930E-01       2.18776E-01       2.13853E-01       9.84600E-03       7.60993E-04       7.72896E-02       1.65286E-02       1.03435E-02
       2.18776E-01       2.29087E-01       2.23931E-01       1.03110E-02       8.25543E-04       8.00643E-02       1.79289E-02       1.11690E-02
       2.29087E-01       2.39883E-01       2.34485E-01       1.07960E-02       8.94999E-04       8.29010E-02       1.94390E-02       1.20640E-02
       2.39883E-01       2.51189E-01       2.45536E-01       1.13060E-02       9.70675E-04       8.58549E-02       2.10805E-02       1.30347E-02
       2.51189E-01       2.63027E-01       2.57108E-01       1.18380E-02       1.05316E-03       8.89644E-02       2.28735E-02       1.40878E-02
       2.63027E-01       2.75423E-01       2.69225E-01       1.23960E-02       1.14258E-03       9.21734E-02       2.48154E-02       1.52304E-02
       2.75423E-01       2.88403E-01       2.81913E-01       1.29800E-02       1.23715E-03       9.53119E-02       2.68697E-02       1.64676E-02
       2.88403E-01       3.01995E-01       2.95199E-01       1.35920E-02       1.33946E-03       9.85480E-02       2.90913E-02       1.78070E-02
       3.01995E-01       3.16228E-01       3.09112E-01       1.42330E-02       1.47843E-03       1.03873E-01       3.21084E-02       1.92855E-02
       3.16228E-01       3.31131E-01       3.23680E-01       1.49030E-02       1.83024E-03       1.22810E-01       3.97511E-02       2.11157E-02
       3.31131E-01       3.46737E-01       3.38934E-01       1.56060E-02       2.27844E-03       1.45997E-01       4.94835E-02       2.33941E-02
       3.46737E-01       3.63078E-01       3.54908E-01       1.63410E-02       2.78455E-03       1.70403E-01       6.04773E-02       2.61787E-02
       3.63078E-01       3.80189E-01       3.71633E-01       1.71110E-02       3.35229E-03       1.95914E-01       7.28083E-02       2.95310E-02
       3.80189E-01       3.98107E-01       3.89148E-01       1.79180E-02       3.96735E-03       2.21417E-01       8.61640E-02       3.34983E-02
       3.98107E-01       4.16869E-01       4.07488E-01       1.87620E-02       4.64424E-03       2.47534E-01       1.00867E-01       3.81426E-02
       4.16869E-01       4.36516E-01       4.26692E-01       1.96470E-02       5.39800E-03       2.74749E-01       1.17233E-01       4.35406E-02
       4.36516E-01       4.57088E-01       4.46802E-01       2.05720E-02       6.20323E-03       3.01537E-01       1.34728E-01       4.97438E-02
       4.57088E-01       4.78630E-01       4.67859E-01       2.15420E-02       7.08629E-03       3.28952E-01       1.53903E-01       5.68301E-02
       4.78630E-01       5.01187E-01       4.89909E-01       2.25570E-02       8.06796E-03       3.57670E-01       1.75226E-01       6.48980E-02
       5.01187E-01       5.24808E-01       5.12998E-01       2.36210E-02       9.15843E-03       3.87724E-01       1.98901E-01       7.40565E-02
       5.24808E-01       5.49541E-01       5.37174E-01       2.47330E-02       1.03479E-02       4.18384E-01       2.24745E-01       8.44044E-02
       5.49541E-01       5.75440E-01       5.62490E-01       2.58990E-02       1.16147E-02       4.48462E-01       2.52256E-01       9.60191E-02
       5.75440E-01       6.02560E-01       5.89000E-01       2.71200E-02       1.30139E-02       4.79862E-01       2.82639E-01       1.09033E-01
       6.02560E-01       6.30957E-01       6.16758E-01       2.83970E-02       1.45608E-02       5.12760E-01       3.16249E-01       1.23594E-01
       6.30957E-01       6.60693E-01       6.45825E-01       2.97360E-02       1.62144E-02       5.45279E-01       3.52155E-01       1.39808E-01
       6.60693E-01       6.91831E-01       6.76262E-01       3.11380E-02       1.79795E-02       5.77413E-01       3.90482E-01       1.57788E-01
       6.91831E-01       7.24436E-01       7.08133E-01       3.26050E-02       1.99239E-02       6.11070E-01       4.32719E-01       1.77712E-01
       7.24436E-01       7.58578E-01       7.41507E-01       3.41420E-02       2.20660E-02       6.46300E-01       4.79236E-01       1.99778E-01
       7.58578E-01       7.94328E-01       7.76453E-01       3.57500E-02       2.44250E-02       6.83216E-01       5.30485E-01       2.24203E-01
       7.94328E-01       8.31764E-01       8.13046E-01       3.74360E-02       2.70225E-02       7.21833E-01       5.86884E-01       2.51225E-01
       8.31764E-01       8.70964E-01       8.51364E-01       3.92000E-02       2.98948E-02       7.62621E-01       6.49268E-01       2.81120E-01
       8.70964E-01       9.12011E-01       8.91487E-01       4.10470E-02       3.30699E-02       8.05659E-01       7.18235E-01       3.14190E-01
       9.12011E-01       9.54993E-01       9.33502E-01       4.29820E-02       3.68891E-02       8.58245E-01       8.01173E-01       3.51079E-01
       9.54993E-01       1.00000E+00       9.77497E-01       4.50070E-02       5.43457E-02       1.20749E+00       1.18032E+00       4.05425E-01
       1.00000E+00       1.04713E+00       1.02357E+00       4.71300E-02       4.17564E-02       8.85983E-01       9.06862E-01       4.47181E-01
       1.04713E+00       1.09648E+00       1.07181E+00       4.93500E-02       4.03318E-02       8.17261E-01       8.75945E-01       4.87513E-01
       1.09648E+00       1.14815E+00       1.12231E+00       5.16700E-02       3.96194E-02       7.66778E-01       8.60566E-01       5.27132E-01
       1.14815E+00       1.20226E+00       1.17520E+00       5.41100E-02       3.89811E-02       7.20404E-01       8.46622E-01       5.66113E-01
       1.20226E+00       1.25892E+00       1.23059E+00       5.66600E-02       3.82275E-02       6.74682E-01       8.30257E-01       6.04341E-01
       1.25892E+00       1.31826E+00       1.28859E+00       5.93400E-02       3.73504E-02       6.29431E-01       8.11078E-01       6.41691E-01
       1.31826E+00       1.38038E+00       1.34932E+00       6.21200E-02       3.62062E-02       5.82842E-01       7.86440E-01       6.77897E-01
       1.38038E+00       1.44544E+00       1.41291E+00       6.50600E-02       3.47321E-02       5.33848E-01       7.54279E-01       7.12629E-01
       1.44544E+00       1.51356E+00       1.47950E+00       6.81200E-02       3.29815E-02       4.84168E-01       7.16327E-01       7.45611E-01
       1.51356E+00       1.58489E+00       1.54923E+00       7.13300E-02       3.08775E-02       4.32882E-01       6.70632E-01       7.76488E-01
       1.58489E+00       1.65959E+00       1.62224E+00       7.47000E-02       2.83401E-02       3.79386E-01       6.15455E-01       8.04828E-01
       1.65959E+00       1.73780E+00       1.69869E+00       7.82100E-02       2.55250E-02       3.26365E-01       5.54394E-01       8.30353E-01
       1.73780E+00       1.81970E+00       1.77875E+00       8.19000E-02       2.22488E-02       2.71658E-01       4.83212E-01       8.52602E-01
       1.81970E+00       1.90546E+00       1.86258E+00       8.57600E-02       1.84791E-02       2.15475E-01       4.01339E-01       8.71081E-01
       1.90546E+00       1.99526E+00       1.95036E+00       8.98000E-02       1.42457E-02       1.58638E-01       3.09401E-01       8.85327E-01
       1.99526E+00       2.08930E+00       2.04228E+00       9.40400E-02       1.01725E-02       1.08172E-01       2.20917E-01       8.95500E-01
       2.08930E+00       2.18776E+00       2.13853E+00       9.84600E-02       9.38821E-03       9.53505E-02       2.03910E-01       9.04888E-01
       2.18776E+00       2.29087E+00       2.23932E+00       1.03110E-01       8.97051E-03       8.69994E-02       1.94819E-01       9.13858E-01
       2.29087E+00       2.39883E+00       2.34485E+00       1.07960E-01       8.45018E-03       7.82714E-02       1.83535E-01       9.22308E-01
       2.39883E+00       2.51189E+00       2.45536E+00       1.13060E-01       7.81436E-03       6.91169E-02       1.69707E-01       9.30123E-01
       2.51189E+00       2.63027E+00       2.57108E+00       1.18380E-01       7.10819E-03       6.00455E-02       1.54382E-01       9.37231E-01
       2.63027E+00       2.75423E+00       2.69225E+00       1.23960E-01       6.77995E-03       5.46947E-02       1.47252E-01       9.44011E-01
       2.75423E+00       2.88403E+00       2.81913E+00       1.29800E-01       6.49924E-03       5.00712E-02       1.41157E-01       9.50510E-01
       2.88403E+00       3.01995E+00       2.95199E+00       1.35920E-01       6.14738E-03       4.52279E-02       1.33512E-01       9.56658E-01
       3.01995E+00       3.16228E+00       3.09111E+00       1.42330E-01       5.73284E-03       4.02785E-02       1.24506E-01       9.62390E-01
       3.16228E+00       3.31131E+00       3.23679E+00       1.49030E-01       5.26344E-03       3.53180E-02       1.14317E-01       9.67654E-01
       3.31131E+00       3.46737E+00       3.38934E+00       1.56060E-01       4.70214E-03       3.01304E-02       1.02122E-01       9.72356E-01
       3.46737E+00       3.63078E+00       3.54908E+00       1.63410E-01       4.16044E-03       2.54601E-02       9.03599E-02       9.76516E-01
       3.63078E+00       3.80189E+00       3.71633E+00       1.71110E-01       3.63645E-03       2.12521E-02       7.89801E-02       9.80153E-01
       3.80189E+00       3.98107E+00       3.89148E+00       1.79180E-01       3.09739E-03       1.72865E-02       6.72700E-02       9.83250E-01
       3.98107E+00       4.16869E+00       4.07488E+00       1.87620E-01       2.69877E-03       1.43842E-02       5.86140E-02       9.85949E-01
       4.16869E+00       4.36516E+00       4.26692E+00       1.96470E-01       2.30608E-03       1.17376E-02       5.00833E-02       9.88255E-01
       4.36516E+00       4.57088E+00       4.46802E+00       2.05720E-01       2.02696E-03       9.85302E-03       4.40235E-02       9.90282E-01
       4.57088E+00       4.78630E+00       4.67859E+00       2.15420E-01       1.77291E-03       8.23003E-03       3.85049E-02       9.92055E-01
       4.78630E+00       5.00000E+00       4.89315E+00       2.13700E-01       1.48553E-03       6.95149E-03       3.40147E-02       9.93541E-01
       5.00000E+00       5.20000E+00       5.10000E+00       2.00000E-01       1.18524E-03       5.92619E-03       3.02235E-02       9.94726E-01
       5.20000E+00       5.40000E+00       5.30000E+00       2.00000E-01       1.00724E-03       5.03618E-03       2.66918E-02       9.95733E-01
       5.40000E+00       5.60000E+00       5.50000E+00       2.00000E-01       8.51239E-04       4.25619E-03       2.34091E-02       9.96584E-01
       5.60000E+00       5.80000E+00       5.70000E+00       2.00000E-01       7.10553E-04       3.55276E-03       2.02507E-02       9.97295E-01
       5.80000E+00       6.00000E+00       5.90000E+00       2.00000E-01       5.84888E-04       2.92444E-03       1.72542E-02       9.97880E-01
       6.00000E+00       6.20000E+00       6.10000E+00       2.00000E-01       4.79349E-04       2.39674E-03       1.46201E-02       9.98359E-01
       6.20000E+00       6.40000E+00       6.30000E+00       2.00000E-01       3.87350E-04       1.93675E-03       1.22015E-02       9.98747E-01
       6.40000E+00       6.60000E+00       6.50000E+00       2.00000E-01       3.11617E-04       1.55808E-03       1.01275E-02       9.99058E-01
       6.60000E+00       6.80000E+00       6.70000E+00       2.00000E-01       2.49687E-04       1.24844E-03       8.36452E-03       9.99308E-01
       6.80000E+00       7.00000E+00       6.90000E+00       2.00000E-01       1.96876E-04       9.84380E-04       6.79222E-03       9.99505E-01
       7.00000E+00       7.20000E+00       7.10000E+00       2.00000E-01       1.53706E-04       7.68528E-04       5.45655E-03       9.99658E-01
       7.20000E+00       7.40000E+00       7.30000E+00       2.00000E-01       1.17320E-04       5.86598E-04       4.28217E-03       9.99776E-01
       7.40000E+00       7.60000E+00       7.50000E+00       2.00000E-01       8.61509E-05       4.30754E-04       3.23066E-03       9.99862E-01
       7.60000E+00       7.80000E+00       7.70000E+00       2.00000E-01       6.10069E-05       3.05035E-04       2.34877E-03       9.99923E-01
       7.80000E+00       8.00000E+00       7.90000E+00       2.00000E-01       4.15291E-05       2.07646E-04       1.64040E-03       9.99964E-01
       8.00000E+00       8.20000E+00       8.10000E+00       2.00000E-01       2.58205E-05       1.29102E-04       1.04573E-03       9.99990E-01
       8.20000E+00       8.40000E+00       8.30000E+00       2.00000E-01       9.77500E-06       4.88750E-05       4.05662E-04       1.00000E+00

 Sum =                                                                         1.00000E+00
 Renormalization bin#  1022 =                                                  6.71088E-02 barn        2.92000E+07        2.94000E+07        2.93000E+07
 Avg. Energy     bin#  1022 =                                                  1.29732E+00 MeV         2.92000E+07        2.94000E+07
