"        MT=  4 recoil spectrum "
" Initial neutron energy corresponds to the group:"
   1.14000E+01    1.16000E+01       0.00000E+00           231           891           661



          Low               High              Mid              Energy           Number             dn/de            E*dn/de          Cumulative
         Energy            Energy            Energy             Width          Fraction                               Sum   
         [MeV]             [MeV]             [MeV]              [MeV]

       3.98107E-07       4.16869E-07       4.07488E-07       1.87620E-08       0.00000E+00       0.00000E+00       0.00000E+00       0.00000E+00
       4.16869E-07       4.36516E-07       4.26693E-07       1.96470E-08       1.42251E-12       7.24037E-05       3.08941E-11       1.42251E-12
       4.36516E-07       4.57088E-07       4.46802E-07       2.05720E-08       1.55979E-12       7.58211E-05       3.38770E-11       2.98231E-12
       4.57088E-07       4.78630E-07       4.67859E-07       2.15420E-08       1.71027E-12       7.93922E-05       3.71444E-11       4.69257E-12
       4.78630E-07       5.01187E-07       4.89909E-07       2.25570E-08       1.87527E-12       8.31347E-05       4.07284E-11       6.56784E-12
       5.01187E-07       5.24807E-07       5.12997E-07       2.36200E-08       2.05613E-12       8.70507E-05       4.46567E-11       8.62398E-12
       5.24807E-07       5.50000E-07       5.37403E-07       2.51930E-08       2.29737E-12       9.11908E-05       4.90063E-11       1.09214E-11
       5.50000E-07       5.75000E-07       5.62500E-07       2.50000E-08       2.38627E-12       9.54510E-05       5.36912E-11       1.33076E-11
       5.75000E-07       6.00000E-07       5.87500E-07       2.50000E-08       2.49236E-12       9.96944E-05       5.85705E-11       1.58000E-11
       6.00000E-07       6.25000E-07       6.12500E-07       2.50000E-08       2.59846E-12       1.03938E-04       6.36622E-11       1.83984E-11
       6.25000E-07       6.50000E-07       6.37500E-07       2.50000E-08       2.70441E-12       1.08177E-04       6.89626E-11       2.11029E-11
       6.50000E-07       6.75000E-07       6.62500E-07       2.50000E-08       2.81051E-12       1.12420E-04       7.44783E-11       2.39134E-11
       6.75000E-07       7.00000E-07       6.87500E-07       2.50000E-08       2.91660E-12       1.16664E-04       8.02065E-11       2.68300E-11
       7.00000E-07       7.25000E-07       7.12500E-07       2.50000E-08       3.02269E-12       1.20907E-04       8.61466E-11       2.98527E-11
       7.25000E-07       7.50000E-07       7.37500E-07       2.50000E-08       3.12865E-12       1.25146E-04       9.22952E-11       3.29813E-11
       7.50000E-07       7.75000E-07       7.62500E-07       2.50000E-08       3.23474E-12       1.29390E-04       9.86597E-11       3.62160E-11
       7.75000E-07       8.00000E-07       7.87500E-07       2.50000E-08       3.34083E-12       1.33633E-04       1.05236E-10       3.95569E-11
       8.00000E-07       8.25000E-07       8.12500E-07       2.50000E-08       3.44693E-12       1.37877E-04       1.12025E-10       4.30038E-11
       8.25000E-07       8.50000E-07       8.37500E-07       2.50000E-08       3.55288E-12       1.42115E-04       1.19021E-10       4.65567E-11
       8.50000E-07       8.75000E-07       8.62500E-07       2.50000E-08       3.65898E-12       1.46359E-04       1.26235E-10       5.02157E-11
       8.75000E-07       9.00000E-07       8.87500E-07       2.50000E-08       3.76507E-12       1.50603E-04       1.33660E-10       5.39807E-11
       9.00000E-07       9.25000E-07       9.12500E-07       2.50000E-08       3.87116E-12       1.54846E-04       1.41297E-10       5.78519E-11
       9.25000E-07       9.50000E-07       9.37500E-07       2.50000E-08       3.97712E-12       1.59085E-04       1.49142E-10       6.18290E-11
       9.50000E-07       9.75000E-07       9.62500E-07       2.50000E-08       4.08321E-12       1.63328E-04       1.57203E-10       6.59122E-11
       9.75000E-07       1.00000E-06       9.87500E-07       2.50000E-08       4.18930E-12       1.67572E-04       1.65478E-10       7.01015E-11
       1.00000E-06       1.02500E-06       1.01250E-06       2.50000E-08       4.29526E-12       1.71811E-04       1.73958E-10       7.43968E-11
       1.02500E-06       1.05000E-06       1.03750E-06       2.50000E-08       4.40135E-12       1.76054E-04       1.82656E-10       7.87981E-11
       1.05000E-06       1.07500E-06       1.06250E-06       2.50001E-08       4.50745E-12       1.80297E-04       1.91566E-10       8.33056E-11
       1.07500E-06       1.10000E-06       1.08750E-06       2.50000E-08       4.61354E-12       1.84542E-04       2.00689E-10       8.79191E-11
       1.10000E-06       1.12500E-06       1.11250E-06       2.50000E-08       4.71950E-12       1.88780E-04       2.10018E-10       9.26386E-11
       1.12500E-06       1.15000E-06       1.13750E-06       2.50000E-08       4.82559E-12       1.93024E-04       2.19565E-10       9.74642E-11
       1.15000E-06       1.17500E-06       1.16250E-06       2.50000E-08       4.93168E-12       1.97267E-04       2.29323E-10       1.02396E-10
       1.17500E-06       1.20000E-06       1.18750E-06       2.50001E-08       5.03777E-12       2.01510E-04       2.39293E-10       1.07434E-10
       1.20000E-06       1.22500E-06       1.21250E-06       2.50000E-08       5.14373E-12       2.05749E-04       2.49471E-10       1.12577E-10
       1.22500E-06       1.25000E-06       1.23750E-06       2.50000E-08       5.24982E-12       2.09993E-04       2.59867E-10       1.17827E-10
       1.25000E-06       1.27500E-06       1.26250E-06       2.50000E-08       5.35592E-12       2.14237E-04       2.70474E-10       1.23183E-10
       1.27500E-06       1.30000E-06       1.28750E-06       2.50000E-08       5.46201E-12       2.18481E-04       2.81294E-10       1.28645E-10
       1.30000E-06       1.32500E-06       1.31250E-06       2.50001E-08       5.56797E-12       2.22718E-04       2.92317E-10       1.34213E-10
       1.32500E-06       1.35000E-06       1.33750E-06       2.50000E-08       5.67406E-12       2.26963E-04       3.03562E-10       1.39887E-10
       1.35000E-06       1.37500E-06       1.36250E-06       2.50000E-08       5.78015E-12       2.31206E-04       3.15019E-10       1.45667E-10
       1.37500E-06       1.40000E-06       1.38750E-06       2.50000E-08       5.88624E-12       2.35450E-04       3.26687E-10       1.51554E-10
       1.40000E-06       1.42500E-06       1.41250E-06       2.50000E-08       5.99220E-12       2.39688E-04       3.38560E-10       1.57546E-10
       1.42500E-06       1.45000E-06       1.43750E-06       2.50001E-08       6.09829E-12       2.43931E-04       3.50651E-10       1.63644E-10
       1.45000E-06       1.47500E-06       1.46250E-06       2.50000E-08       6.20439E-12       2.48176E-04       3.62957E-10       1.69848E-10
       1.47500E-06       1.50000E-06       1.48750E-06       2.50000E-08       6.31048E-12       2.52419E-04       3.75474E-10       1.76159E-10
       1.50000E-06       1.52500E-06       1.51250E-06       2.50000E-08       6.41644E-12       2.56658E-04       3.88195E-10       1.82575E-10
       1.52500E-06       1.55000E-06       1.53750E-06       2.50000E-08       6.52253E-12       2.60901E-04       4.01136E-10       1.89098E-10
       1.55000E-06       1.57500E-06       1.56250E-06       2.50001E-08       6.62862E-12       2.65144E-04       4.14287E-10       1.95727E-10
       1.57500E-06       1.60000E-06       1.58750E-06       2.50000E-08       6.73458E-12       2.69383E-04       4.27646E-10       2.02461E-10
       1.60000E-06       1.62500E-06       1.61250E-06       2.50000E-08       6.84067E-12       2.73627E-04       4.41224E-10       2.09302E-10
       1.62500E-06       1.65000E-06       1.63750E-06       2.50000E-08       6.94676E-12       2.77871E-04       4.55013E-10       2.16249E-10
       1.65000E-06       1.67500E-06       1.66250E-06       2.50000E-08       7.05286E-12       2.82115E-04       4.69015E-10       2.23301E-10
       1.67500E-06       1.70000E-06       1.68750E-06       2.50001E-08       7.15881E-12       2.86351E-04       4.83218E-10       2.30460E-10
       1.70000E-06       1.72500E-06       1.71250E-06       2.50000E-08       7.26491E-12       2.90597E-04       4.97647E-10       2.37725E-10
       1.72500E-06       1.75000E-06       1.73750E-06       2.50000E-08       7.37100E-12       2.94840E-04       5.12285E-10       2.45096E-10
       1.75000E-06       1.77500E-06       1.76250E-06       2.50000E-08       7.47709E-12       2.99084E-04       5.27135E-10       2.52573E-10
       1.77500E-06       1.80000E-06       1.78750E-06       2.50000E-08       7.58305E-12       3.03322E-04       5.42189E-10       2.60156E-10
       1.80000E-06       1.82500E-06       1.81250E-06       2.50001E-08       7.68914E-12       3.07564E-04       5.57461E-10       2.67845E-10
       1.82500E-06       1.85000E-06       1.83750E-06       2.50000E-08       7.79523E-12       3.11810E-04       5.72950E-10       2.75641E-10
       1.85000E-06       1.87500E-06       1.86250E-06       2.50000E-08       7.90133E-12       3.16053E-04       5.88649E-10       2.83542E-10
       1.87500E-06       1.90000E-06       1.88750E-06       2.50000E-08       8.00728E-12       3.20292E-04       6.04551E-10       2.91549E-10
       1.90000E-06       1.92500E-06       1.91250E-06       2.50000E-08       8.11338E-12       3.24535E-04       6.20674E-10       2.99663E-10
       1.92500E-06       1.95000E-06       1.93750E-06       2.50001E-08       8.21947E-12       3.28777E-04       6.37006E-10       3.07882E-10
       1.95000E-06       1.97500E-06       1.96250E-06       2.50000E-08       8.32556E-12       3.33023E-04       6.53557E-10       3.16208E-10
       1.97500E-06       2.00000E-06       1.98750E-06       2.50000E-08       8.43152E-12       3.37261E-04       6.70306E-10       3.24639E-10
       2.00000E-06       2.02500E-06       2.01250E-06       2.50001E-08       8.53761E-12       3.41503E-04       6.87275E-10       3.33177E-10
       2.02500E-06       2.05000E-06       2.03750E-06       2.49999E-08       8.64370E-12       3.45750E-04       7.04466E-10       3.41821E-10
       2.05000E-06       2.07500E-06       2.06250E-06       2.50001E-08       8.74980E-12       3.49990E-04       7.21855E-10       3.50570E-10
       2.07500E-06       2.10000E-06       2.08750E-06       2.49999E-08       8.85575E-12       3.54232E-04       7.39460E-10       3.59426E-10
       2.10000E-06       2.12500E-06       2.11250E-06       2.50001E-08       8.96185E-12       3.58472E-04       7.57273E-10       3.68388E-10
       2.12500E-06       2.15000E-06       2.13750E-06       2.50001E-08       9.06794E-12       3.62716E-04       7.75306E-10       3.77456E-10
       2.15000E-06       2.17500E-06       2.16250E-06       2.49999E-08       9.17390E-12       3.66958E-04       7.93547E-10       3.86630E-10
       2.17500E-06       2.20000E-06       2.18750E-06       2.50001E-08       9.27999E-12       3.71198E-04       8.11996E-10       3.95910E-10
       2.20000E-06       2.22500E-06       2.21250E-06       2.49999E-08       9.38608E-12       3.75445E-04       8.30673E-10       4.05296E-10
       2.22500E-06       2.25000E-06       2.23750E-06       2.50001E-08       9.49217E-12       3.79685E-04       8.49546E-10       4.14788E-10
       2.25000E-06       2.27500E-06       2.26250E-06       2.50001E-08       9.59813E-12       3.83924E-04       8.68628E-10       4.24386E-10
       2.27500E-06       2.30000E-06       2.28750E-06       2.49999E-08       9.70422E-12       3.88171E-04       8.87942E-10       4.34090E-10
       2.30000E-06       2.32500E-06       2.31250E-06       2.50001E-08       9.81032E-12       3.92411E-04       9.07451E-10       4.43901E-10
       2.32500E-06       2.35000E-06       2.33750E-06       2.49999E-08       9.91641E-12       3.96659E-04       9.27189E-10       4.53817E-10
       2.35000E-06       2.37500E-06       2.36250E-06       2.50001E-08       1.00224E-11       4.00893E-04       9.47110E-10       4.63839E-10
       2.37500E-06       2.40000E-06       2.38750E-06       2.50001E-08       1.01285E-11       4.05137E-04       9.67264E-10       4.73968E-10
       2.40000E-06       2.42500E-06       2.41250E-06       2.49999E-08       1.02346E-11       4.09384E-04       9.87640E-10       4.84202E-10
       2.42500E-06       2.45000E-06       2.43750E-06       2.50001E-08       1.03406E-11       4.13624E-04       1.00821E-09       4.94543E-10
       2.45000E-06       2.47500E-06       2.46250E-06       2.49999E-08       1.04466E-11       4.17866E-04       1.02900E-09       5.04990E-10
       2.47500E-06       2.50000E-06       2.48750E-06       2.50001E-08       1.05527E-11       4.22106E-04       1.04999E-09       5.15542E-10
       2.50000E-06       2.52500E-06       2.51250E-06       2.50001E-08       1.06588E-11       4.26350E-04       1.07120E-09       5.26201E-10
       2.52500E-06       2.55000E-06       2.53750E-06       2.49999E-08       1.07649E-11       4.30598E-04       1.09264E-09       5.36966E-10
       2.55000E-06       2.57500E-06       2.56250E-06       2.50001E-08       1.08708E-11       4.34832E-04       1.11426E-09       5.47837E-10
       2.57500E-06       2.60000E-06       2.58750E-06       2.49999E-08       1.09769E-11       4.39080E-04       1.13612E-09       5.58814E-10
       2.60000E-06       2.62500E-06       2.61250E-06       2.50001E-08       1.10830E-11       4.43319E-04       1.15817E-09       5.69897E-10
       2.62500E-06       2.65000E-06       2.63750E-06       2.50001E-08       1.11891E-11       4.47563E-04       1.18045E-09       5.81086E-10
       2.65000E-06       2.67500E-06       2.66250E-06       2.49999E-08       1.12951E-11       4.51805E-04       1.20293E-09       5.92381E-10
       2.67500E-06       2.70000E-06       2.68750E-06       2.50001E-08       1.14012E-11       4.56045E-04       1.22562E-09       6.03782E-10
       2.70000E-06       2.72500E-06       2.71250E-06       2.49999E-08       1.15073E-11       4.60293E-04       1.24854E-09       6.15289E-10
       2.72500E-06       2.75000E-06       2.73750E-06       2.50001E-08       1.16133E-11       4.64532E-04       1.27166E-09       6.26903E-10
       2.75000E-06       2.77500E-06       2.76250E-06       2.50001E-08       1.17193E-11       4.68770E-04       1.29498E-09       6.38622E-10
       2.77500E-06       2.80000E-06       2.78750E-06       2.49999E-08       1.18254E-11       4.73019E-04       1.31854E-09       6.50447E-10
       2.80000E-06       2.82500E-06       2.81250E-06       2.50001E-08       1.19315E-11       4.77258E-04       1.34229E-09       6.62379E-10
       2.82500E-06       2.85000E-06       2.83750E-06       2.49999E-08       1.20375E-11       4.81501E-04       1.36626E-09       6.74416E-10
       2.85000E-06       2.87500E-06       2.86250E-06       2.50001E-08       1.21435E-11       4.85740E-04       1.39043E-09       6.86560E-10
       2.87500E-06       2.90000E-06       2.88750E-06       2.50001E-08       1.22496E-11       4.89983E-04       1.41483E-09       6.98810E-10
       2.90000E-06       2.92500E-06       2.91250E-06       2.49999E-08       1.23557E-11       4.94232E-04       1.43945E-09       7.11165E-10
       2.92500E-06       2.95000E-06       2.93750E-06       2.50001E-08       1.24617E-11       4.98465E-04       1.46424E-09       7.23627E-10
       2.95000E-06       2.97500E-06       2.96250E-06       2.49999E-08       1.25678E-11       5.02714E-04       1.48929E-09       7.36195E-10
       2.97500E-06       3.00000E-06       2.98750E-06       2.50001E-08       1.26739E-11       5.06953E-04       1.51452E-09       7.48869E-10
       3.00000E-06       3.02500E-06       3.01250E-06       2.50001E-08       1.27800E-11       5.11197E-04       1.53998E-09       7.61649E-10
       3.02500E-06       3.05000E-06       3.03750E-06       2.49999E-08       1.28859E-11       5.15440E-04       1.56565E-09       7.74534E-10
       3.05000E-06       3.07500E-06       3.06250E-06       2.50001E-08       1.29920E-11       5.19678E-04       1.59152E-09       7.87526E-10
       3.07500E-06       3.10000E-06       3.08750E-06       2.49999E-08       1.30981E-11       5.23927E-04       1.61763E-09       8.00625E-10
       3.10000E-06       3.12500E-06       3.11250E-06       2.50001E-08       1.32042E-11       5.28166E-04       1.64392E-09       8.13829E-10
       3.12500E-06       3.15000E-06       3.13750E-06       2.50001E-08       1.33102E-11       5.32404E-04       1.67042E-09       8.27139E-10
       3.15000E-06       3.17500E-06       3.16250E-06       2.49999E-08       1.34161E-11       5.36648E-04       1.69715E-09       8.40555E-10
       3.17500E-06       3.20000E-06       3.18750E-06       2.50001E-08       1.35227E-11       5.40907E-04       1.72414E-09       8.54078E-10
       3.20000E-06       3.22500E-06       3.21250E-06       2.49999E-08       1.36280E-11       5.45124E-04       1.75121E-09       8.67706E-10
       3.22500E-06       3.25000E-06       3.23750E-06       2.50001E-08       1.37347E-11       5.49384E-04       1.77863E-09       8.81440E-10
       3.25000E-06       3.27500E-06       3.26250E-06       2.50001E-08       1.38399E-11       5.53596E-04       1.80611E-09       8.95280E-10
       3.27500E-06       3.30000E-06       3.28750E-06       2.49999E-08       1.39466E-11       5.57866E-04       1.83398E-09       9.09227E-10
       3.30000E-06       3.32500E-06       3.31250E-06       2.50001E-08       1.40532E-11       5.62126E-04       1.86204E-09       9.23280E-10
       3.32500E-06       3.35000E-06       3.33750E-06       2.49999E-08       1.41585E-11       5.66343E-04       1.89017E-09       9.37439E-10
       3.35000E-06       3.37500E-06       3.36250E-06       2.50001E-08       1.42651E-11       5.70602E-04       1.91865E-09       9.51704E-10
       3.37500E-06       3.40000E-06       3.38750E-06       2.50001E-08       1.43704E-11       5.74814E-04       1.94718E-09       9.66074E-10
       3.40000E-06       3.42500E-06       3.41250E-06       2.49999E-08       1.44770E-11       5.79085E-04       1.97613E-09       9.80551E-10
       3.42500E-06       3.45000E-06       3.43750E-06       2.50001E-08       1.45823E-11       5.83291E-04       2.00506E-09       9.95134E-10
       3.45000E-06       3.47500E-06       3.46250E-06       2.49999E-08       1.46890E-11       5.87561E-04       2.03443E-09       1.00982E-09
       3.47500E-06       3.50000E-06       3.48750E-06       2.50001E-08       1.47956E-11       5.91821E-04       2.06397E-09       1.02462E-09
       3.50000E-06       3.52500E-06       3.51250E-06       2.50001E-08       1.49009E-11       5.96032E-04       2.09356E-09       1.03952E-09
       3.52500E-06       3.55000E-06       3.53750E-06       2.49999E-08       1.50075E-11       6.00303E-04       2.12357E-09       1.05453E-09
       3.55000E-06       3.57500E-06       3.56250E-06       2.50001E-08       1.51128E-11       6.04509E-04       2.15356E-09       1.06964E-09
       3.57500E-06       3.60000E-06       3.58750E-06       2.49999E-08       1.52194E-11       6.08780E-04       2.18400E-09       1.08486E-09
       3.60000E-06       3.62500E-06       3.61250E-06       2.50001E-08       1.53247E-11       6.12986E-04       2.21441E-09       1.10018E-09
       3.62500E-06       3.65000E-06       3.63750E-06       2.50001E-08       1.54313E-11       6.17251E-04       2.24525E-09       1.11561E-09
       3.65000E-06       3.67500E-06       3.66250E-06       2.49999E-08       1.55380E-11       6.21522E-04       2.27632E-09       1.13115E-09
       3.67500E-06       3.70000E-06       3.68750E-06       2.50001E-08       1.56432E-11       6.25727E-04       2.30737E-09       1.14680E-09
       3.70000E-06       3.72500E-06       3.71250E-06       2.49999E-08       1.57499E-11       6.29999E-04       2.33887E-09       1.16255E-09
       3.72500E-06       3.75000E-06       3.73750E-06       2.50001E-08       1.58552E-11       6.34204E-04       2.37034E-09       1.17840E-09
       3.75000E-06       3.77500E-06       3.76250E-06       2.50001E-08       1.59618E-11       6.38469E-04       2.40224E-09       1.19436E-09
       3.77500E-06       3.80000E-06       3.78750E-06       2.49999E-08       1.60671E-11       6.42687E-04       2.43418E-09       1.21043E-09
       3.80000E-06       3.82500E-06       3.81250E-06       2.50001E-08       1.61737E-11       6.46946E-04       2.46648E-09       1.22660E-09
       3.82500E-06       3.85000E-06       3.83750E-06       2.49999E-08       1.62803E-11       6.51217E-04       2.49905E-09       1.24288E-09
       3.85000E-06       3.87500E-06       3.86250E-06       2.50001E-08       1.63856E-11       6.55422E-04       2.53157E-09       1.25927E-09
       3.87500E-06       3.90000E-06       3.88750E-06       2.50001E-08       1.64923E-11       6.59687E-04       2.56454E-09       1.27576E-09
       3.90000E-06       3.92500E-06       3.91250E-06       2.49999E-08       1.65975E-11       6.63906E-04       2.59753E-09       1.29236E-09
       3.92500E-06       3.95000E-06       3.93750E-06       2.50001E-08       1.67042E-11       6.68164E-04       2.63090E-09       1.30906E-09
       3.95000E-06       3.97500E-06       3.96250E-06       2.49999E-08       1.68095E-11       6.72382E-04       2.66431E-09       1.32587E-09
       3.97500E-06       4.00000E-06       3.98750E-06       2.50001E-08       1.69161E-11       6.76641E-04       2.69810E-09       1.34279E-09
       4.00000E-06       4.02500E-06       4.01250E-06       2.50001E-08       1.70227E-11       6.80906E-04       2.73213E-09       1.35981E-09
       4.02500E-06       4.05000E-06       4.03750E-06       2.50001E-08       1.71280E-11       6.85117E-04       2.76616E-09       1.37694E-09
       4.05000E-06       4.07500E-06       4.06250E-06       2.49996E-08       1.72346E-11       6.89396E-04       2.80067E-09       1.39417E-09
       4.07500E-06       4.10000E-06       4.08750E-06       2.50001E-08       1.73399E-11       6.93594E-04       2.83507E-09       1.41151E-09
       4.10000E-06       4.12500E-06       4.11250E-06       2.50001E-08       1.74465E-11       6.97859E-04       2.86995E-09       1.42896E-09
       4.12500E-06       4.15000E-06       4.13750E-06       2.50001E-08       1.75518E-11       7.02071E-04       2.90482E-09       1.44651E-09
       4.15000E-06       4.17500E-06       4.16250E-06       2.50001E-08       1.76585E-11       7.06336E-04       2.94012E-09       1.46417E-09
       4.17500E-06       4.20000E-06       4.18750E-06       2.49996E-08       1.77651E-11       7.10614E-04       2.97570E-09       1.48194E-09
       4.20000E-06       4.22500E-06       4.21250E-06       2.50001E-08       1.78704E-11       7.14812E-04       3.01115E-09       1.49981E-09
       4.22500E-06       4.25000E-06       4.23750E-06       2.50001E-08       1.79770E-11       7.19077E-04       3.04709E-09       1.51778E-09
       4.25000E-06       4.27500E-06       4.26250E-06       2.50001E-08       1.80823E-11       7.23289E-04       3.08302E-09       1.53587E-09
       4.27500E-06       4.30000E-06       4.28750E-06       2.50001E-08       1.81889E-11       7.27554E-04       3.11939E-09       1.55405E-09
       4.30000E-06       4.32500E-06       4.31250E-06       2.49996E-08       1.82955E-11       7.31833E-04       3.15603E-09       1.57235E-09
       4.32500E-06       4.35000E-06       4.33750E-06       2.50001E-08       1.84008E-11       7.36031E-04       3.19253E-09       1.59075E-09
       4.35000E-06       4.37500E-06       4.36250E-06       2.50001E-08       1.85075E-11       7.40296E-04       3.22954E-09       1.60926E-09
       4.37500E-06       4.40000E-06       4.38750E-06       2.50001E-08       1.86128E-11       7.44507E-04       3.26653E-09       1.62787E-09
       4.40000E-06       4.42500E-06       4.41250E-06       2.50001E-08       1.87194E-11       7.48772E-04       3.30396E-09       1.64659E-09
       4.42500E-06       4.45000E-06       4.43750E-06       2.49996E-08       1.88247E-11       7.52998E-04       3.34143E-09       1.66542E-09
       4.45000E-06       4.47500E-06       4.46250E-06       2.50001E-08       1.89313E-11       7.57249E-04       3.37922E-09       1.68435E-09
       4.47500E-06       4.50000E-06       4.48750E-06       2.50001E-08       1.90379E-11       7.61514E-04       3.41729E-09       1.70338E-09
       4.50000E-06       4.52500E-06       4.51250E-06       2.50001E-08       1.91432E-11       7.65726E-04       3.45534E-09       1.72253E-09
       4.52500E-06       4.55000E-06       4.53750E-06       2.50001E-08       1.92498E-11       7.69991E-04       3.49383E-09       1.74178E-09
       4.55000E-06       4.57500E-06       4.56250E-06       2.49996E-08       1.93551E-11       7.74217E-04       3.53237E-09       1.76113E-09
       4.57500E-06       4.60000E-06       4.58750E-06       2.50001E-08       1.94618E-11       7.78467E-04       3.57122E-09       1.78059E-09
       4.60000E-06       4.62500E-06       4.61250E-06       2.50001E-08       1.95671E-11       7.82679E-04       3.61011E-09       1.80016E-09
       4.62500E-06       4.65000E-06       4.63750E-06       2.50001E-08       1.96737E-11       7.86944E-04       3.64945E-09       1.81984E-09
       4.65000E-06       4.67500E-06       4.66250E-06       2.50001E-08       1.97803E-11       7.91209E-04       3.68901E-09       1.83962E-09
       4.67500E-06       4.70000E-06       4.68750E-06       2.49996E-08       1.98856E-11       7.95436E-04       3.72861E-09       1.85950E-09
       4.70000E-06       4.72500E-06       4.71250E-06       2.50001E-08       1.99922E-11       7.99686E-04       3.76852E-09       1.87949E-09
       4.72500E-06       4.75000E-06       4.73750E-06       2.50001E-08       2.00975E-11       8.03897E-04       3.80846E-09       1.89959E-09
       4.75000E-06       4.77500E-06       4.76250E-06       2.50001E-08       2.02041E-11       8.08162E-04       3.84887E-09       1.91979E-09
       4.77500E-06       4.80000E-06       4.78750E-06       2.50001E-08       2.03094E-11       8.12374E-04       3.88924E-09       1.94010E-09
       4.80000E-06       4.82500E-06       4.81250E-06       2.49996E-08       2.04161E-11       8.16655E-04       3.93015E-09       1.96052E-09
       4.82500E-06       4.85000E-06       4.83750E-06       2.50001E-08       2.05227E-11       8.20904E-04       3.97112E-09       1.98104E-09
       4.85000E-06       4.87500E-06       4.86250E-06       2.50001E-08       2.06280E-11       8.25116E-04       4.01213E-09       2.00167E-09
       4.87500E-06       4.90000E-06       4.88750E-06       2.50001E-08       2.07346E-11       8.29381E-04       4.05360E-09       2.02241E-09
       4.90000E-06       4.92500E-06       4.91250E-06       2.50001E-08       2.08399E-11       8.33592E-04       4.09502E-09       2.04325E-09
       4.92500E-06       4.95000E-06       4.93750E-06       2.49996E-08       2.09465E-11       8.37873E-04       4.13700E-09       2.06419E-09
       4.95000E-06       4.97500E-06       4.96250E-06       2.50001E-08       2.10518E-11       8.42069E-04       4.17877E-09       2.08524E-09
       4.97500E-06       5.00000E-06       4.98750E-06       2.50001E-08       2.11584E-11       8.46334E-04       4.22109E-09       2.10640E-09
       5.00000E-06       5.02500E-06       5.01250E-06       2.50001E-08       2.12651E-11       8.50599E-04       4.26363E-09       2.12767E-09
       5.02500E-06       5.05000E-06       5.03750E-06       2.50001E-08       2.13704E-11       8.54811E-04       4.30611E-09       2.14904E-09
       5.05000E-06       5.07500E-06       5.06250E-06       2.49996E-08       2.14770E-11       8.59092E-04       4.34915E-09       2.17052E-09
       5.07500E-06       5.10000E-06       5.08750E-06       2.50001E-08       2.15823E-11       8.63287E-04       4.39197E-09       2.19210E-09
       5.10000E-06       5.12500E-06       5.11250E-06       2.50001E-08       2.16889E-11       8.67552E-04       4.43536E-09       2.21379E-09
       5.12500E-06       5.15000E-06       5.13750E-06       2.50001E-08       2.17942E-11       8.71764E-04       4.47869E-09       2.23558E-09
       5.15000E-06       5.17500E-06       5.16250E-06       2.50001E-08       2.19008E-11       8.76029E-04       4.52250E-09       2.25748E-09
       5.17500E-06       5.20000E-06       5.18750E-06       2.49996E-08       2.20074E-11       8.80311E-04       4.56661E-09       2.27949E-09
       5.20000E-06       5.22500E-06       5.21250E-06       2.50001E-08       2.21127E-11       8.84506E-04       4.61049E-09       2.30160E-09
       5.22500E-06       5.25000E-06       5.23750E-06       2.50001E-08       2.22194E-11       8.88771E-04       4.65494E-09       2.32382E-09
       5.25000E-06       5.27500E-06       5.26250E-06       2.50001E-08       2.23246E-11       8.92982E-04       4.69932E-09       2.34615E-09
       5.27500E-06       5.30000E-06       5.28750E-06       2.50001E-08       2.24313E-11       8.97247E-04       4.74420E-09       2.36858E-09
       5.30000E-06       5.32500E-06       5.31250E-06       2.49996E-08       2.25366E-11       9.01476E-04       4.78909E-09       2.39111E-09
       5.32500E-06       5.35000E-06       5.33750E-06       2.50001E-08       2.26432E-11       9.05724E-04       4.83430E-09       2.41376E-09
       5.35000E-06       5.37500E-06       5.36250E-06       2.50001E-08       2.27498E-11       9.09989E-04       4.87982E-09       2.43651E-09
       5.37500E-06       5.40000E-06       5.38750E-06       2.50001E-08       2.28551E-11       9.14201E-04       4.92526E-09       2.45936E-09
       5.40000E-06       5.42500E-06       5.41250E-06       2.50001E-08       2.29617E-11       9.18466E-04       4.97120E-09       2.48232E-09
       5.42500E-06       5.45000E-06       5.43750E-06       2.49996E-08       2.30670E-11       9.22695E-04       5.01715E-09       2.50539E-09
       5.45000E-06       5.47500E-06       5.46250E-06       2.50001E-08       2.31736E-11       9.26942E-04       5.06342E-09       2.52856E-09
       5.47500E-06       5.50000E-06       5.48750E-06       2.50001E-08       2.32789E-11       9.31154E-04       5.10971E-09       2.55184E-09
       5.50000E-06       5.52500E-06       5.51250E-06       2.50001E-08       2.33856E-11       9.35419E-04       5.15650E-09       2.57523E-09
       5.52500E-06       5.55000E-06       5.53750E-06       2.50001E-08       2.34922E-11       9.39684E-04       5.20350E-09       2.59872E-09
       5.55000E-06       5.57500E-06       5.56250E-06       2.49996E-08       2.35975E-11       9.43914E-04       5.25052E-09       2.62232E-09
       5.57500E-06       5.60000E-06       5.58750E-06       2.50001E-08       2.37041E-11       9.48161E-04       5.29785E-09       2.64602E-09
       5.60000E-06       5.62500E-06       5.61250E-06       2.50001E-08       2.38094E-11       9.52372E-04       5.34519E-09       2.66983E-09
       5.62500E-06       5.65000E-06       5.63750E-06       2.50001E-08       2.39160E-11       9.56637E-04       5.39304E-09       2.69375E-09
       5.65000E-06       5.67500E-06       5.66250E-06       2.50001E-08       2.40227E-11       9.60902E-04       5.44111E-09       2.71777E-09
       5.67500E-06       5.70000E-06       5.68750E-06       2.49996E-08       2.41279E-11       9.65132E-04       5.48919E-09       2.74190E-09
       5.70000E-06       5.72500E-06       5.71250E-06       2.50001E-08       2.42346E-11       9.69379E-04       5.53758E-09       2.76613E-09
       5.72500E-06       5.75000E-06       5.73750E-06       2.50001E-08       2.43399E-11       9.73591E-04       5.58598E-09       2.79047E-09
       5.75000E-06       5.77500E-06       5.76250E-06       2.50001E-08       2.44465E-11       9.77856E-04       5.63489E-09       2.81492E-09
       5.77500E-06       5.80000E-06       5.78750E-06       2.50001E-08       2.45518E-11       9.82067E-04       5.68372E-09       2.83947E-09
       5.80000E-06       5.82500E-06       5.81250E-06       2.49996E-08       2.46584E-11       9.86351E-04       5.73317E-09       2.86413E-09
       5.82500E-06       5.85000E-06       5.83750E-06       2.50001E-08       2.47650E-11       9.90597E-04       5.78261E-09       2.88889E-09
       5.85000E-06       5.87500E-06       5.86250E-06       2.50001E-08       2.48703E-11       9.94809E-04       5.83207E-09       2.91376E-09
       5.87500E-06       5.90000E-06       5.88750E-06       2.50001E-08       2.49769E-11       9.99074E-04       5.88205E-09       2.93874E-09
       5.90000E-06       5.92500E-06       5.91250E-06       2.50001E-08       2.50822E-11       1.00329E-03       5.93193E-09       2.96382E-09
       5.92500E-06       5.95000E-06       5.93750E-06       2.49996E-08       2.51889E-11       1.00757E-03       5.98245E-09       2.98901E-09
       5.95000E-06       5.97500E-06       5.96250E-06       2.50001E-08       2.52942E-11       1.01176E-03       6.03263E-09       3.01431E-09
       5.97500E-06       6.00000E-06       5.98750E-06       2.50001E-08       2.54008E-11       1.01603E-03       6.08346E-09       3.03971E-09
       6.00000E-06       6.02500E-06       6.01250E-06       2.50001E-08       2.55074E-11       1.02029E-03       6.13451E-09       3.06521E-09
       6.02500E-06       6.05000E-06       6.03750E-06       2.50001E-08       2.56127E-11       1.02450E-03       6.18544E-09       3.09083E-09
       6.05000E-06       6.07500E-06       6.06250E-06       2.49996E-08       2.57193E-11       1.02879E-03       6.23703E-09       3.11655E-09
       6.07500E-06       6.10000E-06       6.08750E-06       2.50001E-08       2.58246E-11       1.03298E-03       6.28827E-09       3.14237E-09
       6.10000E-06       6.12500E-06       6.11250E-06       2.50001E-08       2.59312E-11       1.03725E-03       6.34017E-09       3.16830E-09
       6.12500E-06       6.15000E-06       6.13750E-06       2.50001E-08       2.60365E-11       1.04146E-03       6.39194E-09       3.19434E-09
       6.15000E-06       6.17500E-06       6.16250E-06       2.50001E-08       2.61432E-11       1.04572E-03       6.44427E-09       3.22048E-09
       6.17500E-06       6.20000E-06       6.18750E-06       2.49996E-08       2.62498E-11       1.05001E-03       6.49692E-09       3.24673E-09
       6.20000E-06       6.22500E-06       6.21250E-06       2.50001E-08       2.63551E-11       1.05420E-03       6.54921E-09       3.27309E-09
       6.22500E-06       6.25000E-06       6.23750E-06       2.50001E-08       2.64617E-11       1.05846E-03       6.60217E-09       3.29955E-09
       6.25000E-06       6.27500E-06       6.26250E-06       2.50001E-08       2.65670E-11       1.06268E-03       6.65501E-09       3.32612E-09
       6.27500E-06       6.30000E-06       6.28750E-06       2.50001E-08       2.66736E-11       1.06694E-03       6.70839E-09       3.35279E-09
       6.30000E-06       6.32500E-06       6.31250E-06       2.49996E-08       2.67789E-11       1.07117E-03       6.76178E-09       3.37957E-09
       6.32500E-06       6.35000E-06       6.33750E-06       2.50001E-08       2.68855E-11       1.07542E-03       6.81546E-09       3.40645E-09
       6.35000E-06       6.37500E-06       6.36250E-06       2.50001E-08       2.69922E-11       1.07968E-03       6.86948E-09       3.43345E-09
       6.37500E-06       6.40000E-06       6.38750E-06       2.50001E-08       2.70975E-11       1.08389E-03       6.92337E-09       3.46054E-09
       6.40000E-06       6.42500E-06       6.41250E-06       2.50001E-08       2.72041E-11       1.08816E-03       6.97782E-09       3.48775E-09
       6.42500E-06       6.45000E-06       6.43750E-06       2.49996E-08       2.73094E-11       1.09239E-03       7.03227E-09       3.51506E-09
       6.45000E-06       6.47500E-06       6.46250E-06       2.50001E-08       2.74160E-11       1.09664E-03       7.08701E-09       3.54247E-09
       6.47500E-06       6.50000E-06       6.48750E-06       2.50001E-08       2.75213E-11       1.10085E-03       7.14175E-09       3.56999E-09
       6.50000E-06       6.52500E-06       6.51250E-06       2.50001E-08       2.76279E-11       1.10511E-03       7.19705E-09       3.59762E-09
       6.52500E-06       6.55000E-06       6.53750E-06       2.50001E-08       2.77345E-11       1.10938E-03       7.25255E-09       3.62536E-09
       6.55000E-06       6.57500E-06       6.56250E-06       2.49996E-08       2.78398E-11       1.11361E-03       7.30807E-09       3.65320E-09
       6.57500E-06       6.60000E-06       6.58750E-06       2.50001E-08       2.79465E-11       1.11785E-03       7.36386E-09       3.68114E-09
       6.60000E-06       6.62500E-06       6.61250E-06       2.50001E-08       2.80518E-11       1.12207E-03       7.41966E-09       3.70919E-09
       6.62500E-06       6.65000E-06       6.63750E-06       2.50001E-08       2.81584E-11       1.12633E-03       7.47602E-09       3.73735E-09
       6.65000E-06       6.67500E-06       6.66250E-06       2.50001E-08       2.82637E-11       1.13054E-03       7.53224E-09       3.76562E-09
       6.67500E-06       6.70000E-06       6.68750E-06       2.49996E-08       2.83703E-11       1.13483E-03       7.58917E-09       3.79399E-09
       6.70000E-06       6.72500E-06       6.71250E-06       2.50001E-08       2.84769E-11       1.13907E-03       7.64602E-09       3.82246E-09
       6.72500E-06       6.75000E-06       6.73750E-06       2.50001E-08       2.85822E-11       1.14328E-03       7.70288E-09       3.85105E-09
       6.75000E-06       6.77500E-06       6.76250E-06       2.50001E-08       2.86888E-11       1.14755E-03       7.76030E-09       3.87974E-09
       6.77500E-06       6.80000E-06       6.78750E-06       2.50001E-08       2.87941E-11       1.15176E-03       7.81758E-09       3.90853E-09
       6.80000E-06       6.82500E-06       6.81250E-06       2.49996E-08       2.89008E-11       1.15605E-03       7.87558E-09       3.93743E-09
       6.82500E-06       6.85000E-06       6.83750E-06       2.50001E-08       2.90060E-11       1.16024E-03       7.93312E-09       3.96644E-09
       6.85000E-06       6.87500E-06       6.86250E-06       2.50001E-08       2.91127E-11       1.16450E-03       7.99140E-09       3.99555E-09
       6.87500E-06       6.90000E-06       6.88750E-06       2.50001E-08       2.92193E-11       1.16877E-03       8.04989E-09       4.02477E-09
       6.90000E-06       6.92500E-06       6.91250E-06       2.50001E-08       2.93246E-11       1.17298E-03       8.10822E-09       4.05409E-09
       6.92500E-06       6.95000E-06       6.93750E-06       2.49996E-08       2.94312E-11       1.17727E-03       8.16729E-09       4.08352E-09
       6.95000E-06       6.97500E-06       6.96250E-06       2.50001E-08       2.95365E-11       1.18146E-03       8.22589E-09       4.11306E-09
       6.97500E-06       7.00000E-06       6.98750E-06       2.50001E-08       2.96431E-11       1.18572E-03       8.28522E-09       4.14270E-09
       7.00000E-06       7.02500E-06       7.01250E-06       2.50001E-08       2.97498E-11       1.18999E-03       8.34478E-09       4.17245E-09
       7.02500E-06       7.05000E-06       7.03750E-06       2.50001E-08       2.98550E-11       1.19420E-03       8.40416E-09       4.20231E-09
       7.05000E-06       7.07500E-06       7.06250E-06       2.49996E-08       2.99617E-11       1.19849E-03       8.46430E-09       4.23227E-09
       7.07500E-06       7.10000E-06       7.08750E-06       2.50001E-08       3.00670E-11       1.20267E-03       8.52395E-09       4.26234E-09
       7.10000E-06       7.12500E-06       7.11250E-06       2.50001E-08       3.01736E-11       1.20694E-03       8.58435E-09       4.29251E-09
       7.12500E-06       7.15000E-06       7.13750E-06       2.50001E-08       3.02789E-11       1.21115E-03       8.64459E-09       4.32279E-09
       7.15000E-06       7.17500E-06       7.16250E-06       2.50001E-08       3.03855E-11       1.21542E-03       8.70542E-09       4.35318E-09
       7.17500E-06       7.20000E-06       7.18750E-06       2.49996E-08       3.04921E-11       1.21970E-03       8.76662E-09       4.38367E-09
       7.20000E-06       7.22500E-06       7.21250E-06       2.50001E-08       3.05974E-11       1.22389E-03       8.82732E-09       4.41426E-09
       7.22500E-06       7.25000E-06       7.23750E-06       2.50001E-08       3.07041E-11       1.22816E-03       8.88879E-09       4.44497E-09
       7.25000E-06       7.27500E-06       7.26250E-06       2.50001E-08       3.08093E-11       1.23237E-03       8.95008E-09       4.47578E-09
       7.27500E-06       7.30000E-06       7.28750E-06       2.50001E-08       3.09160E-11       1.23663E-03       9.01197E-09       4.50669E-09
       7.30000E-06       7.32500E-06       7.31250E-06       2.49996E-08       3.10213E-11       1.24087E-03       9.07386E-09       4.53772E-09
       7.32500E-06       7.35000E-06       7.33750E-06       2.50001E-08       3.11279E-11       1.24511E-03       9.13600E-09       4.56884E-09
       7.35000E-06       7.37500E-06       7.36250E-06       2.50001E-08       3.12345E-11       1.24938E-03       9.19853E-09       4.60008E-09
       7.37500E-06       7.40000E-06       7.38750E-06       2.50001E-08       3.13398E-11       1.25359E-03       9.26088E-09       4.63142E-09
       7.40000E-06       7.42500E-06       7.41250E-06       2.50001E-08       3.14464E-11       1.25785E-03       9.32383E-09       4.66286E-09
       7.42500E-06       7.45000E-06       7.43750E-06       2.49996E-08       3.15517E-11       1.26209E-03       9.38678E-09       4.69442E-09
       7.45000E-06       7.47500E-06       7.46250E-06       2.50001E-08       3.16583E-11       1.26633E-03       9.44998E-09       4.72607E-09
       7.47500E-06       7.50000E-06       7.48750E-06       2.50001E-08       3.17636E-11       1.27054E-03       9.51317E-09       4.75784E-09
       7.50000E-06       7.52500E-06       7.51250E-06       2.50001E-08       3.18703E-11       1.27481E-03       9.57698E-09       4.78971E-09
       7.52500E-06       7.55000E-06       7.53750E-06       2.50001E-08       3.19769E-11       1.27907E-03       9.64099E-09       4.82168E-09
       7.55000E-06       7.57500E-06       7.56250E-06       2.49996E-08       3.20822E-11       1.28331E-03       9.70501E-09       4.85377E-09
       7.57500E-06       7.60000E-06       7.58750E-06       2.50001E-08       3.21888E-11       1.28755E-03       9.76927E-09       4.88596E-09
       7.60000E-06       7.62500E-06       7.61250E-06       2.50001E-08       3.22941E-11       1.29176E-03       9.83352E-09       4.91825E-09
       7.62500E-06       7.65000E-06       7.63750E-06       2.50001E-08       3.24007E-11       1.29602E-03       9.89838E-09       4.95065E-09
       7.65000E-06       7.67500E-06       7.66250E-06       2.50001E-08       3.25060E-11       1.30024E-03       9.96306E-09       4.98316E-09
       7.67500E-06       7.70000E-06       7.68750E-06       2.49996E-08       3.26126E-11       1.30453E-03       1.00285E-08       5.01577E-09
       7.70000E-06       7.72500E-06       7.71250E-06       2.50001E-08       3.27193E-11       1.30877E-03       1.00939E-08       5.04849E-09
       7.72500E-06       7.75000E-06       7.73750E-06       2.50001E-08       3.28246E-11       1.31298E-03       1.01592E-08       5.08131E-09
       7.75000E-06       7.77500E-06       7.76250E-06       2.50001E-08       3.29312E-11       1.31724E-03       1.02251E-08       5.11424E-09
       7.77500E-06       7.80000E-06       7.78750E-06       2.50001E-08       3.30365E-11       1.32145E-03       1.02908E-08       5.14728E-09
       7.80000E-06       7.82500E-06       7.81250E-06       2.49996E-08       3.31431E-11       1.32574E-03       1.03574E-08       5.18042E-09
       7.82500E-06       7.85000E-06       7.83750E-06       2.50001E-08       3.32484E-11       1.32993E-03       1.04233E-08       5.21367E-09
       7.85000E-06       7.87500E-06       7.86250E-06       2.50001E-08       3.33550E-11       1.33420E-03       1.04901E-08       5.24703E-09
       7.87500E-06       7.90000E-06       7.88750E-06       2.50001E-08       3.34616E-11       1.33846E-03       1.05571E-08       5.28049E-09
       7.90000E-06       7.92500E-06       7.91250E-06       2.50001E-08       3.35669E-11       1.34267E-03       1.06239E-08       5.31406E-09
       7.92500E-06       7.95000E-06       7.93750E-06       2.49996E-08       3.36736E-11       1.34696E-03       1.06915E-08       5.34773E-09
       7.95000E-06       7.97500E-06       7.96250E-06       2.50001E-08       3.37789E-11       1.35115E-03       1.07585E-08       5.38151E-09
       7.97500E-06       8.00000E-06       7.98750E-06       2.50001E-08       3.38855E-11       1.35541E-03       1.08264E-08       5.41539E-09
       8.00000E-06       8.02500E-06       8.01250E-06       2.49996E-08       3.39908E-11       1.35965E-03       1.08942E-08       5.44938E-09
       8.02500E-06       8.05000E-06       8.03750E-06       2.50006E-08       3.40974E-11       1.36386E-03       1.09621E-08       5.48348E-09
       8.05000E-06       8.07500E-06       8.06250E-06       2.49996E-08       3.42040E-11       1.36818E-03       1.10310E-08       5.51769E-09
       8.07500E-06       8.10000E-06       8.08750E-06       2.50006E-08       3.43093E-11       1.37234E-03       1.10988E-08       5.55200E-09
       8.10000E-06       8.12500E-06       8.11250E-06       2.49996E-08       3.44159E-11       1.37666E-03       1.11681E-08       5.58641E-09
       8.12500E-06       8.15000E-06       8.13750E-06       2.49996E-08       3.45212E-11       1.38087E-03       1.12368E-08       5.62093E-09
       8.15000E-06       8.17500E-06       8.16250E-06       2.50006E-08       3.46279E-11       1.38508E-03       1.13057E-08       5.65556E-09
       8.17500E-06       8.20000E-06       8.18750E-06       2.49996E-08       3.47332E-11       1.38935E-03       1.13753E-08       5.69029E-09
       8.20000E-06       8.22500E-06       8.21250E-06       2.50006E-08       3.48398E-11       1.39356E-03       1.14446E-08       5.72513E-09
       8.22500E-06       8.25000E-06       8.23750E-06       2.49996E-08       3.49464E-11       1.39788E-03       1.15150E-08       5.76008E-09
       8.25000E-06       8.27500E-06       8.26250E-06       2.49996E-08       3.50517E-11       1.40209E-03       1.15848E-08       5.79513E-09
       8.27500E-06       8.30000E-06       8.28750E-06       2.50006E-08       3.51583E-11       1.40630E-03       1.16547E-08       5.83029E-09
       8.30000E-06       8.32500E-06       8.31250E-06       2.49996E-08       3.52636E-11       1.41057E-03       1.17253E-08       5.86555E-09
       8.32500E-06       8.35000E-06       8.33750E-06       2.50006E-08       3.53702E-11       1.41478E-03       1.17957E-08       5.90092E-09
       8.35000E-06       8.37500E-06       8.36250E-06       2.49996E-08       3.54755E-11       1.41904E-03       1.18667E-08       5.93640E-09
       8.37500E-06       8.40000E-06       8.38750E-06       2.49996E-08       3.55822E-11       1.42331E-03       1.19380E-08       5.97198E-09
       8.40000E-06       8.42500E-06       8.41250E-06       2.50006E-08       3.56888E-11       1.42752E-03       1.20090E-08       6.00767E-09
       8.42500E-06       8.45000E-06       8.43750E-06       2.49996E-08       3.57941E-11       1.43178E-03       1.20807E-08       6.04346E-09
       8.45000E-06       8.47500E-06       8.46250E-06       2.50006E-08       3.59007E-11       1.43599E-03       1.21521E-08       6.07937E-09
       8.47500E-06       8.50000E-06       8.48750E-06       2.49996E-08       3.60060E-11       1.44026E-03       1.22242E-08       6.11537E-09
       8.50000E-06       8.52500E-06       8.51250E-06       2.49996E-08       3.61126E-11       1.44453E-03       1.22965E-08       6.15148E-09
       8.52500E-06       8.55000E-06       8.53750E-06       2.50006E-08       3.62192E-11       1.44874E-03       1.23686E-08       6.18770E-09
       8.55000E-06       8.57500E-06       8.56250E-06       2.49996E-08       3.63245E-11       1.45300E-03       1.24413E-08       6.22403E-09
       8.57500E-06       8.60000E-06       8.58750E-06       2.50006E-08       3.64312E-11       1.45721E-03       1.25138E-08       6.26046E-09
       8.60000E-06       8.62500E-06       8.61250E-06       2.49996E-08       3.65365E-11       1.46148E-03       1.25870E-08       6.29700E-09
       8.62500E-06       8.65000E-06       8.63750E-06       2.49996E-08       3.66431E-11       1.46575E-03       1.26604E-08       6.33364E-09
       8.65000E-06       8.67500E-06       8.66250E-06       2.50006E-08       3.67484E-11       1.46990E-03       1.27330E-08       6.37039E-09
       8.67500E-06       8.70000E-06       8.68750E-06       2.49996E-08       3.68550E-11       1.47422E-03       1.28073E-08       6.40724E-09
       8.70000E-06       8.72500E-06       8.71250E-06       2.50006E-08       3.69616E-11       1.47843E-03       1.28808E-08       6.44420E-09
       8.72500E-06       8.75000E-06       8.73750E-06       2.49996E-08       3.70669E-11       1.48270E-03       1.29551E-08       6.48127E-09
       8.75000E-06       8.77500E-06       8.76250E-06       2.49996E-08       3.71735E-11       1.48696E-03       1.30295E-08       6.51844E-09
       8.77500E-06       8.80000E-06       8.78750E-06       2.50006E-08       3.72788E-11       1.49112E-03       1.31032E-08       6.55572E-09
       8.80000E-06       8.82500E-06       8.81250E-06       2.49996E-08       3.73855E-11       1.49544E-03       1.31786E-08       6.59311E-09
       8.82500E-06       8.85000E-06       8.83750E-06       2.50006E-08       3.74907E-11       1.49960E-03       1.32527E-08       6.63060E-09
       8.85000E-06       8.87500E-06       8.86250E-06       2.49996E-08       3.75974E-11       1.50392E-03       1.33285E-08       6.66820E-09
       8.87500E-06       8.90000E-06       8.88750E-06       2.49996E-08       3.77040E-11       1.50818E-03       1.34040E-08       6.70590E-09
       8.90000E-06       8.92500E-06       8.91250E-06       2.50006E-08       3.78093E-11       1.51234E-03       1.34787E-08       6.74371E-09
       8.92500E-06       8.95000E-06       8.93750E-06       2.49996E-08       3.79159E-11       1.51666E-03       1.35551E-08       6.78163E-09
       8.95000E-06       8.97500E-06       8.96250E-06       2.50006E-08       3.80212E-11       1.52081E-03       1.36303E-08       6.81965E-09
       8.97500E-06       9.00000E-06       8.98750E-06       2.49996E-08       3.81278E-11       1.52514E-03       1.37072E-08       6.85777E-09
       9.00000E-06       9.02500E-06       9.01250E-06       2.49996E-08       3.82331E-11       1.52935E-03       1.37833E-08       6.89601E-09
       9.02500E-06       9.05000E-06       9.03750E-06       2.50006E-08       3.83397E-11       1.53355E-03       1.38595E-08       6.93435E-09
       9.05000E-06       9.07500E-06       9.06250E-06       2.49996E-08       3.84464E-11       1.53788E-03       1.39370E-08       6.97279E-09
       9.07500E-06       9.10000E-06       9.08750E-06       2.50006E-08       3.85517E-11       1.54203E-03       1.40132E-08       7.01135E-09
       9.10000E-06       9.12500E-06       9.11250E-06       2.49996E-08       3.86583E-11       1.54636E-03       1.40912E-08       7.05000E-09
       9.12500E-06       9.15000E-06       9.13750E-06       2.49996E-08       3.87636E-11       1.55057E-03       1.41683E-08       7.08877E-09
       9.15000E-06       9.17500E-06       9.16250E-06       2.50006E-08       3.88702E-11       1.55477E-03       1.42456E-08       7.12764E-09
       9.17500E-06       9.20000E-06       9.18750E-06       2.49996E-08       3.89755E-11       1.55904E-03       1.43237E-08       7.16661E-09
       9.20000E-06       9.22500E-06       9.21250E-06       2.50006E-08       3.90821E-11       1.56325E-03       1.44014E-08       7.20570E-09
       9.22500E-06       9.25000E-06       9.23750E-06       2.49996E-08       3.91888E-11       1.56757E-03       1.44805E-08       7.24488E-09
       9.25000E-06       9.27500E-06       9.26250E-06       2.49996E-08       3.92940E-11       1.57179E-03       1.45587E-08       7.28418E-09
       9.27500E-06       9.30000E-06       9.28750E-06       2.50006E-08       3.94007E-11       1.57599E-03       1.46370E-08       7.32358E-09
       9.30000E-06       9.32500E-06       9.31250E-06       2.49996E-08       3.95060E-11       1.58026E-03       1.47162E-08       7.36308E-09
       9.32500E-06       9.35000E-06       9.33750E-06       2.50006E-08       3.96126E-11       1.58447E-03       1.47950E-08       7.40270E-09
       9.35000E-06       9.37500E-06       9.36250E-06       2.49996E-08       3.97179E-11       1.58874E-03       1.48746E-08       7.44242E-09
       9.37500E-06       9.40000E-06       9.38750E-06       2.49996E-08       3.98245E-11       1.59300E-03       1.49543E-08       7.48224E-09
       9.40000E-06       9.42500E-06       9.41250E-06       2.50006E-08       3.99311E-11       1.59721E-03       1.50337E-08       7.52217E-09
       9.42500E-06       9.45000E-06       9.43750E-06       2.49996E-08       4.00364E-11       1.60148E-03       1.51140E-08       7.56221E-09
       9.45000E-06       9.47500E-06       9.46250E-06       2.50006E-08       4.01430E-11       1.60569E-03       1.51938E-08       7.60235E-09
       9.47500E-06       9.50000E-06       9.48750E-06       2.49996E-08       4.02483E-11       1.60996E-03       1.52745E-08       7.64260E-09
       9.50000E-06       9.52500E-06       9.51250E-06       2.49996E-08       4.03550E-11       1.61422E-03       1.53553E-08       7.68295E-09
       9.52500E-06       9.55000E-06       9.53750E-06       2.50006E-08       4.04603E-11       1.61837E-03       1.54352E-08       7.72341E-09
       9.55000E-06       9.57500E-06       9.56250E-06       2.49996E-08       4.05669E-11       1.62270E-03       1.55171E-08       7.76398E-09
       9.57500E-06       9.60000E-06       9.58750E-06       2.50006E-08       4.06735E-11       1.62690E-03       1.55979E-08       7.80465E-09
       9.60000E-06       9.62500E-06       9.61250E-06       2.49996E-08       4.07788E-11       1.63118E-03       1.56797E-08       7.84543E-09
       9.62500E-06       9.65000E-06       9.63750E-06       2.49996E-08       4.08854E-11       1.63544E-03       1.57616E-08       7.88632E-09
       9.65000E-06       9.67500E-06       9.66250E-06       2.50006E-08       4.09907E-11       1.63959E-03       1.58426E-08       7.92731E-09
       9.67500E-06       9.70000E-06       9.68750E-06       2.49996E-08       4.10973E-11       1.64392E-03       1.59255E-08       7.96841E-09
       9.70000E-06       9.72500E-06       9.71250E-06       2.50006E-08       4.12026E-11       1.64807E-03       1.60069E-08       8.00961E-09
       9.72500E-06       9.75000E-06       9.73750E-06       2.49996E-08       4.13093E-11       1.65240E-03       1.60902E-08       8.05092E-09
       9.75000E-06       9.77500E-06       9.76250E-06       2.49996E-08       4.14159E-11       1.65666E-03       1.61731E-08       8.09233E-09
       9.77500E-06       9.80000E-06       9.78750E-06       2.50006E-08       4.15212E-11       1.66081E-03       1.62552E-08       8.13385E-09
       9.80000E-06       9.82500E-06       9.81250E-06       2.49996E-08       4.16278E-11       1.66514E-03       1.63392E-08       8.17548E-09
       9.82500E-06       9.85000E-06       9.83750E-06       2.50006E-08       4.17331E-11       1.66929E-03       1.64216E-08       8.21722E-09
       9.85000E-06       9.87500E-06       9.86250E-06       2.49996E-08       4.18397E-11       1.67361E-03       1.65060E-08       8.25905E-09
       9.87500E-06       9.90000E-06       9.88750E-06       2.49996E-08       4.19463E-11       1.67788E-03       1.65900E-08       8.30100E-09
       9.90000E-06       9.92500E-06       9.91250E-06       2.50006E-08       4.20516E-11       1.68203E-03       1.66731E-08       8.34305E-09
       9.92500E-06       9.95000E-06       9.93750E-06       2.49996E-08       4.21583E-11       1.68636E-03       1.67582E-08       8.38521E-09
       9.95000E-06       9.97500E-06       9.96250E-06       2.50006E-08       4.22636E-11       1.69050E-03       1.68416E-08       8.42747E-09
       9.97500E-06       1.00000E-05       9.98750E-06       2.49996E-08       4.23702E-11       1.69483E-03       1.69271E-08       8.46985E-09
       1.00000E-05       1.04713E-05       1.02356E-05       4.71300E-07       8.18588E-10       1.73687E-03       1.77780E-08       9.28843E-09
       1.04713E-05       1.09648E-05       1.07180E-05       4.93500E-07       8.97544E-10       1.81873E-03       1.94933E-08       1.01860E-08
       1.09648E-05       1.14815E-05       1.12232E-05       5.16700E-07       9.84164E-10       1.90471E-03       2.13769E-08       1.11701E-08
       1.14815E-05       1.20226E-05       1.17521E-05       5.41101E-07       1.07907E-09       1.99422E-03       2.34362E-08       1.22492E-08
       1.20226E-05       1.25892E-05       1.23059E-05       5.66600E-07       1.18321E-09       2.08826E-03       2.56979E-08       1.34324E-08
       1.25892E-05       1.31826E-05       1.28859E-05       5.93400E-07       1.29738E-09       2.18634E-03       2.81730E-08       1.47298E-08
       1.31826E-05       1.38038E-05       1.34932E-05       6.21200E-07       1.42251E-09       2.28995E-03       3.08987E-08       1.61523E-08
       1.38038E-05       1.44544E-05       1.41291E-05       6.50600E-07       1.55978E-09       2.39745E-03       3.38738E-08       1.77121E-08
       1.44544E-05       1.51356E-05       1.47950E-05       6.81200E-07       1.71024E-09       2.51063E-03       3.71448E-08       1.94223E-08
       1.51356E-05       1.58489E-05       1.54922E-05       7.13300E-07       1.87526E-09       2.62899E-03       4.07289E-08       2.12976E-08
       1.58489E-05       1.65959E-05       1.62224E-05       7.47000E-07       2.05619E-09       2.75259E-03       4.46537E-08       2.33538E-08
       1.65959E-05       1.73780E-05       1.69869E-05       7.82101E-07       2.25455E-09       2.88268E-03       4.89680E-08       2.56083E-08
       1.73780E-05       1.81970E-05       1.77875E-05       8.19000E-07       2.47206E-09       3.01839E-03       5.36897E-08       2.80804E-08
       1.81970E-05       1.90546E-05       1.86258E-05       8.57599E-07       2.71057E-09       3.16065E-03       5.88696E-08       3.07910E-08
       1.90546E-05       1.99526E-05       1.95036E-05       8.98001E-07       2.97206E-09       3.30964E-03       6.45498E-08       3.37630E-08
       1.99526E-05       2.08930E-05       2.04228E-05       9.40399E-07       3.25343E-09       3.45962E-03       7.06552E-08       3.70164E-08
       2.08930E-05       2.18776E-05       2.13853E-05       9.84600E-07       3.49897E-09       3.55370E-03       7.59969E-08       4.05154E-08
       2.18776E-05       2.29087E-05       2.23932E-05       1.03110E-06       3.74312E-09       3.63021E-03       8.12919E-08       4.42585E-08
       2.29087E-05       2.39883E-05       2.34485E-05       1.07960E-06       4.00644E-09       3.71104E-03       8.70184E-08       4.82650E-08
       2.39883E-05       2.51189E-05       2.45536E-05       1.13060E-06       4.29056E-09       3.79494E-03       9.31794E-08       5.25555E-08
       2.51189E-05       2.63027E-05       2.57108E-05       1.18380E-06       4.59730E-09       3.88352E-03       9.98483E-08       5.71528E-08
       2.63027E-05       2.75423E-05       2.69225E-05       1.23960E-06       4.92855E-09       3.97592E-03       1.07042E-07       6.20814E-08
       2.75423E-05       2.88403E-05       2.81913E-05       1.29800E-06       5.28646E-09       4.07277E-03       1.14817E-07       6.73678E-08
       2.88403E-05       3.01995E-05       2.95199E-05       1.35920E-06       5.67335E-09       4.17404E-03       1.23217E-07       7.30412E-08
       3.01995E-05       3.16228E-05       3.09111E-05       1.42330E-06       6.08815E-09       4.27748E-03       1.32222E-07       7.91294E-08
       3.16228E-05       3.31131E-05       3.23679E-05       1.49030E-06       6.51770E-09       4.37343E-03       1.41559E-07       8.56471E-08
       3.31131E-05       3.46737E-05       3.38934E-05       1.56060E-06       6.97804E-09       4.47138E-03       1.51550E-07       9.26251E-08
       3.46737E-05       3.63078E-05       3.54907E-05       1.63410E-06       7.47476E-09       4.57423E-03       1.62343E-07       1.00100E-07
       3.63078E-05       3.80189E-05       3.71634E-05       1.71110E-06       8.01110E-09       4.68184E-03       1.73993E-07       1.08111E-07
       3.80189E-05       3.98107E-05       3.89148E-05       1.79180E-06       8.59051E-09       4.79435E-03       1.86571E-07       1.16701E-07
       3.98107E-05       4.16869E-05       4.07488E-05       1.87620E-06       9.21487E-09       4.91145E-03       2.00136E-07       1.25916E-07
       4.16869E-05       4.36516E-05       4.26692E-05       1.96470E-06       9.86287E-09       5.02004E-03       2.14201E-07       1.35779E-07
       4.36516E-05       4.57088E-05       4.46802E-05       2.05720E-06       1.05509E-08       5.12878E-03       2.29155E-07       1.46330E-07
       4.57088E-05       4.78630E-05       4.67859E-05       2.15420E-06       1.12929E-08       5.24228E-03       2.45265E-07       1.57623E-07
       4.78630E-05       5.01187E-05       4.89908E-05       2.25570E-06       1.20934E-08       5.36128E-03       2.62654E-07       1.69716E-07
       5.01187E-05       5.24808E-05       5.12998E-05       2.36210E-06       1.29577E-08       5.48566E-03       2.81413E-07       1.82674E-07
       5.24808E-05       5.49541E-05       5.37174E-05       2.47330E-06       1.38910E-08       5.61638E-03       3.01698E-07       1.96565E-07
       5.49541E-05       5.75440E-05       5.62490E-05       2.58990E-06       1.48993E-08       5.75284E-03       3.23592E-07       2.11464E-07
       5.75440E-05       6.02560E-05       5.89000E-05       2.71200E-06       1.59895E-08       5.89583E-03       3.47265E-07       2.27454E-07
       6.02560E-05       6.30957E-05       6.16758E-05       2.83970E-06       1.71597E-08       6.04280E-03       3.72695E-07       2.44614E-07
       6.30957E-05       6.60693E-05       6.45825E-05       2.97360E-06       1.83721E-08       6.17839E-03       3.99016E-07       2.62986E-07
       6.60693E-05       6.91831E-05       6.76262E-05       3.11380E-06       1.96691E-08       6.31677E-03       4.27179E-07       2.82655E-07
       6.91831E-05       7.24436E-05       7.08134E-05       3.26051E-06       2.10687E-08       6.46180E-03       4.57582E-07       3.03724E-07
       7.24436E-05       7.58578E-05       7.41507E-05       3.41420E-06       2.25800E-08       6.61356E-03       4.90400E-07       3.26304E-07
       7.58578E-05       7.94328E-05       7.76453E-05       3.57500E-06       2.42124E-08       6.77272E-03       5.25870E-07       3.50516E-07
       7.94328E-05       8.31764E-05       8.13046E-05       3.74360E-06       2.59732E-08       6.93804E-03       5.64094E-07       3.76489E-07
       8.31764E-05       8.70964E-05       8.51364E-05       3.92000E-06       2.78032E-08       7.09265E-03       6.03843E-07       4.04293E-07
       8.70964E-05       9.12011E-05       8.91488E-05       4.10471E-06       2.97422E-08       7.24587E-03       6.45960E-07       4.34035E-07
       9.12011E-05       9.54993E-05       9.33502E-05       4.29820E-06       3.18331E-08       7.40615E-03       6.91366E-07       4.65868E-07
       9.54993E-05       1.00000E-04       9.77497E-05       4.50070E-06       3.40890E-08       7.57415E-03       7.40371E-07       4.99957E-07
       1.00000E-04       1.04713E-04       1.02356E-04       4.71300E-06       3.65246E-08       7.74976E-03       7.93238E-07       5.36481E-07
       1.04713E-04       1.09648E-04       1.07181E-04       4.93501E-06       3.91536E-08       7.93384E-03       8.50353E-07       5.75635E-07
       1.09648E-04       1.14815E-04       1.12232E-04       5.16700E-06       4.19961E-08       8.12774E-03       9.12189E-07       6.17631E-07
       1.14815E-04       1.20226E-04       1.17520E-04       5.41100E-06       4.50665E-08       8.32868E-03       9.78791E-07       6.62697E-07
       1.20226E-04       1.25892E-04       1.23059E-04       5.66600E-06       4.83694E-08       8.53679E-03       1.05053E-06       7.11067E-07
       1.25892E-04       1.31826E-04       1.28859E-04       5.93401E-06       5.17918E-08       8.72797E-03       1.12468E-06       7.62859E-07
       1.31826E-04       1.38038E-04       1.34932E-04       6.21199E-06       5.54459E-08       8.92562E-03       1.20435E-06       8.18305E-07
       1.38038E-04       1.44544E-04       1.41291E-04       6.50601E-06       5.93914E-08       9.12870E-03       1.28980E-06       8.77696E-07
       1.44544E-04       1.51356E-04       1.47950E-04       6.81200E-06       6.36495E-08       9.34374E-03       1.38241E-06       9.41345E-07
       1.51356E-04       1.58489E-04       1.54922E-04       7.13300E-06       6.82506E-08       9.56830E-03       1.48234E-06       1.00960E-06
       1.58489E-04       1.65959E-04       1.62224E-04       7.47000E-06       7.32148E-08       9.80118E-03       1.58999E-06       1.08281E-06
       1.65959E-04       1.73780E-04       1.69870E-04       7.82100E-06       7.83696E-08       1.00204E-02       1.70216E-06       1.16118E-06
       1.73780E-04       1.81970E-04       1.77875E-04       8.19000E-06       8.38086E-08       1.02330E-02       1.82020E-06       1.24499E-06
       1.81970E-04       1.90546E-04       1.86258E-04       8.57600E-06       8.96727E-08       1.04562E-02       1.94756E-06       1.33466E-06
       1.90546E-04       1.99526E-04       1.95036E-04       8.98000E-06       9.59968E-08       1.06901E-02       2.08495E-06       1.43066E-06
       1.99526E-04       2.08930E-04       2.04228E-04       9.40399E-06       1.02823E-07       1.09340E-02       2.23302E-06       1.53348E-06
       2.08930E-04       2.18776E-04       2.13853E-04       9.84601E-06       1.10193E-07       1.11916E-02       2.39336E-06       1.64367E-06
       2.18776E-04       2.29087E-04       2.23932E-04       1.03110E-05       1.18152E-07       1.14588E-02       2.56599E-06       1.76183E-06
       2.29087E-04       2.39883E-04       2.34485E-04       1.07960E-05       1.26754E-07       1.17408E-02       2.75304E-06       1.88858E-06
       2.39883E-04       2.51189E-04       2.45536E-04       1.13060E-05       1.36007E-07       1.20296E-02       2.95371E-06       2.02459E-06
       2.51189E-04       2.63027E-04       2.57108E-04       1.18380E-05       1.45575E-07       1.22973E-02       3.16173E-06       2.17016E-06
       2.63027E-04       2.75423E-04       2.69225E-04       1.23960E-05       1.55763E-07       1.25656E-02       3.38298E-06       2.32593E-06
       2.75423E-04       2.88403E-04       2.81913E-04       1.29800E-05       1.66754E-07       1.28470E-02       3.62173E-06       2.49268E-06
       2.88403E-04       3.01995E-04       2.95199E-04       1.35920E-05       1.78613E-07       1.31411E-02       3.87923E-06       2.67129E-06
       3.01995E-04       3.16228E-04       3.09111E-04       1.42330E-05       1.91418E-07       1.34489E-02       4.15719E-06       2.86271E-06
       3.16228E-04       3.31131E-04       3.23680E-04       1.49030E-05       2.05235E-07       1.37714E-02       4.45751E-06       3.06794E-06
       3.31131E-04       3.46737E-04       3.38934E-04       1.56060E-05       2.19659E-07       1.40753E-02       4.77059E-06       3.28760E-06
       3.46737E-04       3.63078E-04       3.54908E-04       1.63410E-05       2.34862E-07       1.43726E-02       5.10093E-06       3.52247E-06
       3.63078E-04       3.80189E-04       3.71634E-04       1.71110E-05       2.51249E-07       1.46835E-02       5.45687E-06       3.77371E-06
       3.80189E-04       3.98107E-04       3.89148E-04       1.79180E-05       2.68925E-07       1.50086E-02       5.84058E-06       4.04264E-06
       3.98107E-04       4.16869E-04       4.07488E-04       1.87620E-05       2.87995E-07       1.53499E-02       6.25490E-06       4.33063E-06
       4.16869E-04       4.36516E-04       4.26692E-04       1.96470E-05       3.08579E-07       1.57061E-02       6.70169E-06       4.63921E-06
       4.36516E-04       4.57088E-04       4.46802E-04       2.05720E-05       3.30813E-07       1.60807E-02       7.18489E-06       4.97003E-06
       4.57088E-04       4.78630E-04       4.67859E-04       2.15420E-05       3.54835E-07       1.64718E-02       7.70648E-06       5.32486E-06
       4.78630E-04       5.01187E-04       4.89909E-04       2.25570E-05       3.80711E-07       1.68777E-02       8.26853E-06       5.70557E-06
       5.01187E-04       5.24808E-04       5.12998E-04       2.36210E-05       4.07571E-07       1.72546E-02       8.85157E-06       6.11314E-06
       5.24808E-04       5.49541E-04       5.37175E-04       2.47330E-05       4.36152E-07       1.76344E-02       9.47274E-06       6.54929E-06
       5.49541E-04       5.75440E-04       5.62491E-04       2.58990E-05       4.66984E-07       1.80310E-02       1.01422E-05       7.01628E-06
       5.75440E-04       6.02560E-04       5.89000E-04       2.71200E-05       5.00263E-07       1.84463E-02       1.08649E-05       7.51654E-06
       6.02560E-04       6.30957E-04       6.16758E-04       2.83970E-05       5.36193E-07       1.88820E-02       1.16457E-05       8.05273E-06
       6.30957E-04       6.60693E-04       6.45825E-04       2.97360E-05       5.74990E-07       1.93365E-02       1.24880E-05       8.62772E-06
       6.60693E-04       6.91831E-04       6.76262E-04       3.11380E-05       6.15570E-07       1.97691E-02       1.33691E-05       9.24329E-06
       6.91831E-04       7.24436E-04       7.08133E-04       3.26050E-05       6.58252E-07       2.01887E-02       1.42963E-05       9.90154E-06
       7.24436E-04       7.58578E-04       7.41507E-04       3.41420E-05       7.04262E-07       2.06274E-02       1.52954E-05       1.06058E-05
       7.58578E-04       7.94328E-04       7.76453E-04       3.57500E-05       7.53885E-07       2.10877E-02       1.63736E-05       1.13597E-05
       7.94328E-04       8.31764E-04       8.13046E-04       3.74360E-05       8.07436E-07       2.15685E-02       1.75362E-05       1.21671E-05
       8.31764E-04       8.70964E-04       8.51364E-04       3.92000E-05       8.65245E-07       2.20726E-02       1.87918E-05       1.30324E-05
       8.70964E-04       9.12011E-04       8.91487E-04       4.10470E-05       9.27686E-07       2.26006E-02       2.01481E-05       1.39601E-05
       9.12011E-04       9.54993E-04       9.33502E-04       4.29820E-05       9.95161E-07       2.31530E-02       2.16133E-05       1.49552E-05
       9.54993E-04       1.00000E-03       9.77497E-04       4.50070E-05       1.06791E-06       2.37277E-02       2.31937E-05       1.60231E-05
       1.00000E-03       1.04713E-03       1.02356E-03       4.71300E-05       1.14354E-06       2.42635E-02       2.48352E-05       1.71667E-05
       1.04713E-03       1.09648E-03       1.07180E-03       4.93500E-05       1.22382E-06       2.47988E-02       2.65794E-05       1.83905E-05
       1.09648E-03       1.14815E-03       1.12231E-03       5.16700E-05       1.31049E-06       2.53627E-02       2.84649E-05       1.97010E-05
       1.14815E-03       1.20226E-03       1.17520E-03       5.41100E-05       1.40397E-06       2.59467E-02       3.04927E-05       2.11050E-05
       1.20226E-03       1.25892E-03       1.23059E-03       5.66600E-05       1.50499E-06       2.65617E-02       3.26866E-05       2.26099E-05
       1.25892E-03       1.31826E-03       1.28859E-03       5.93400E-05       1.61408E-06       2.72005E-02       3.50503E-05       2.42240E-05
       1.31826E-03       1.38038E-03       1.34932E-03       6.21200E-05       1.72838E-06       2.78233E-02       3.75425E-05       2.59524E-05
       1.38038E-03       1.44544E-03       1.41291E-03       6.50599E-05       1.84837E-06       2.84103E-02       4.01412E-05       2.78008E-05
       1.44544E-03       1.51356E-03       1.47950E-03       6.81201E-05       1.97764E-06       2.90317E-02       4.29524E-05       2.97784E-05
       1.51356E-03       1.58489E-03       1.54923E-03       7.13300E-05       2.11714E-06       2.96809E-02       4.59824E-05       3.18955E-05
       1.58489E-03       1.65959E-03       1.62224E-03       7.47000E-05       2.26765E-06       3.03568E-02       4.92460E-05       3.41632E-05
       1.65959E-03       1.73780E-03       1.69870E-03       7.82101E-05       2.43013E-06       3.10719E-02       5.27816E-05       3.65933E-05
       1.73780E-03       1.81970E-03       1.77875E-03       8.18999E-05       2.60565E-06       3.18151E-02       5.65911E-05       3.91990E-05
       1.81970E-03       1.90546E-03       1.86258E-03       8.57600E-05       2.79533E-06       3.25947E-02       6.07103E-05       4.19943E-05
       1.90546E-03       1.99526E-03       1.95036E-03       8.98001E-05       2.99994E-06       3.34069E-02       6.51554E-05       4.49942E-05
       1.99526E-03       2.08930E-03       2.04228E-03       9.40400E-05       3.21224E-06       3.41583E-02       6.97607E-05       4.82065E-05
       2.08930E-03       2.18776E-03       2.13853E-03       9.84600E-05       3.43678E-06       3.49054E-02       7.46462E-05       5.16433E-05
       2.18776E-03       2.29087E-03       2.23932E-03       1.03110E-04       3.67893E-06       3.56796E-02       7.98979E-05       5.53222E-05
       2.29087E-03       2.39883E-03       2.34485E-03       1.07960E-04       3.94023E-06       3.64971E-02       8.55803E-05       5.92624E-05
       2.39883E-03       2.51189E-03       2.45536E-03       1.13060E-04       4.22233E-06       3.73460E-02       9.16978E-05       6.34848E-05
       2.51189E-03       2.63027E-03       2.57108E-03       1.18380E-04       4.52703E-06       3.82414E-02       9.83218E-05       6.80118E-05
       2.63027E-03       2.75423E-03       2.69225E-03       1.23960E-04       1.13139E-05       9.12707E-02       2.45724E-04       7.93257E-05
       2.75423E-03       2.88403E-03       2.81913E-03       1.29800E-04       2.13136E-05       1.64203E-01       4.62911E-04       1.00639E-04
       2.88403E-03       3.01995E-03       2.95199E-03       1.35920E-04       2.24339E-05       1.65052E-01       4.87232E-04       1.23073E-04
       3.01995E-03       3.16228E-03       3.09112E-03       1.42330E-04       2.36099E-05       1.65882E-01       5.12759E-04       1.46683E-04
       3.16228E-03       3.31131E-03       3.23679E-03       1.49030E-04       2.48541E-05       1.66773E-01       5.39809E-04       1.71537E-04
       3.31131E-03       3.46737E-03       3.38934E-03       1.56060E-04       2.61685E-05       1.67682E-01       5.68331E-04       1.97706E-04
       3.46737E-03       3.63078E-03       3.54907E-03       1.63410E-04       2.75564E-05       1.68634E-01       5.98494E-04       2.25262E-04
       3.63078E-03       3.80189E-03       3.71633E-03       1.71110E-04       2.90298E-05       1.69656E-01       6.30498E-04       2.54292E-04
       3.80189E-03       3.98107E-03       3.89148E-03       1.79180E-04       3.05914E-05       1.70730E-01       6.64391E-04       2.84883E-04
       3.98107E-03       4.16869E-03       4.07488E-03       1.87620E-04       3.22150E-05       1.71704E-01       6.99672E-04       3.17098E-04
       4.16869E-03       4.36516E-03       4.26693E-03       1.96470E-04       3.39337E-05       1.72717E-01       7.36969E-04       3.51032E-04
       4.36516E-03       4.57088E-03       4.46802E-03       2.05720E-04       3.57466E-05       1.73764E-01       7.76380E-04       3.86779E-04
       4.57088E-03       4.78630E-03       4.67859E-03       2.15420E-04       3.76614E-05       1.74828E-01       8.17947E-04       4.24440E-04
       4.78630E-03       5.01187E-03       4.89909E-03       2.25570E-04       3.96884E-05       1.75947E-01       8.61978E-04       4.64128E-04
       5.01187E-03       5.24807E-03       5.12997E-03       2.36200E-04       4.18308E-05       1.77099E-01       9.08514E-04       5.05959E-04
       5.24807E-03       5.49541E-03       5.37174E-03       2.47340E-04       4.40931E-05       1.78269E-01       9.57615E-04       5.50052E-04
       5.49541E-03       5.75440E-03       5.62491E-03       2.58990E-04       4.64318E-05       1.79280E-01       1.00844E-03       5.96484E-04
       5.75440E-03       6.02560E-03       5.89000E-03       2.71200E-04       4.89114E-05       1.80352E-01       1.06227E-03       6.45395E-04
       6.02560E-03       6.30957E-03       6.16759E-03       2.83970E-04       5.15425E-05       1.81507E-01       1.11946E-03       6.96938E-04
       6.30957E-03       6.60693E-03       6.45825E-03       2.97360E-04       5.43221E-05       1.82681E-01       1.17980E-03       7.51260E-04
       6.60693E-03       6.91831E-03       6.76262E-03       3.11380E-04       5.72674E-05       1.83915E-01       1.24375E-03       8.08527E-04
       6.91831E-03       7.24436E-03       7.08133E-03       3.26050E-04       6.03946E-05       1.85231E-01       1.31168E-03       8.68922E-04
       7.24436E-03       7.58578E-03       7.41507E-03       3.41420E-04       6.37165E-05       1.86622E-01       1.38382E-03       9.32639E-04
       7.58578E-03       7.94328E-03       7.76453E-03       3.57500E-04       6.72332E-05       1.88065E-01       1.46023E-03       9.99872E-04
       7.94328E-03       8.31764E-03       8.13046E-03       3.74360E-04       7.08975E-05       1.89383E-01       1.53977E-03       1.07077E-03
       8.31764E-03       8.70964E-03       8.51364E-03       3.92000E-04       7.47301E-05       1.90638E-01       1.62302E-03       1.14550E-03
       8.70964E-03       9.12011E-03       8.91487E-03       4.10471E-04       7.87901E-05       1.91951E-01       1.71122E-03       1.22429E-03
       9.12011E-03       9.54993E-03       9.33502E-03       4.29819E-04       8.30995E-05       1.93336E-01       1.80480E-03       1.30739E-03
       9.54993E-03       1.00000E-02       9.77496E-03       4.50070E-04       8.76739E-05       1.94800E-01       1.90417E-03       1.39506E-03
       1.00000E-02       1.04713E-02       1.02357E-02       4.71300E-04       9.25400E-05       1.96351E-01       2.00978E-03       1.48760E-03
       1.04713E-02       1.09648E-02       1.07180E-02       4.93500E-04       9.76243E-05       1.97820E-01       2.12025E-03       1.58523E-03
       1.09648E-02       1.14815E-02       1.12232E-02       5.16700E-04       1.02932E-04       1.99211E-01       2.23578E-03       1.68816E-03
       1.14815E-02       1.20226E-02       1.17521E-02       5.41100E-04       1.08560E-04       2.00628E-01       2.35779E-03       1.79672E-03
       1.20226E-02       1.25892E-02       1.23059E-02       5.66601E-04       1.14526E-04       2.02129E-01       2.48738E-03       1.91125E-03
       1.25892E-02       1.31826E-02       1.28859E-02       5.93399E-04       1.20871E-04       2.03693E-01       2.62477E-03       2.03212E-03
       1.31826E-02       1.38038E-02       1.34932E-02       6.21200E-04       1.27603E-04       2.05413E-01       2.77168E-03       2.15972E-03
       1.38038E-02       1.44544E-02       1.41291E-02       6.50601E-04       1.34767E-04       2.07143E-01       2.92674E-03       2.29449E-03
       1.44544E-02       1.51356E-02       1.47950E-02       6.81199E-04       1.42385E-04       2.09021E-01       3.09247E-03       2.43687E-03
       1.51356E-02       1.58489E-02       1.54923E-02       7.13301E-04       1.50502E-04       2.10994E-01       3.26878E-03       2.58737E-03
       1.58489E-02       1.65959E-02       1.62224E-02       7.47000E-04       1.59002E-04       2.12854E-01       3.45301E-03       2.74638E-03
       1.65959E-02       1.73780E-02       1.69870E-02       7.82100E-04       1.67936E-04       2.14725E-01       3.64752E-03       2.91431E-03
       1.73780E-02       1.81970E-02       1.77875E-02       8.19000E-04       1.77446E-04       2.16662E-01       3.85388E-03       3.09176E-03
       1.81970E-02       1.90546E-02       1.86258E-02       8.57600E-04       1.87576E-04       2.18723E-01       4.07388E-03       3.27934E-03
       1.90546E-02       1.99526E-02       1.95036E-02       8.98000E-04       1.98369E-04       2.20901E-01       4.30836E-03       3.47770E-03
       1.99526E-02       2.08930E-02       2.04228E-02       9.40400E-04       2.09888E-04       2.23190E-01       4.55816E-03       3.68759E-03
       2.08930E-02       2.18776E-02       2.13853E-02       9.84600E-04       2.38404E-04       2.42133E-01       5.17809E-03       3.92600E-03
       2.18776E-02       2.29087E-02       2.23931E-02       1.03110E-03       2.77795E-04       2.69416E-01       6.03307E-03       4.20379E-03
       2.29087E-02       2.39883E-02       2.34485E-02       1.07960E-03       2.93050E-04       2.71443E-01       6.36493E-03       4.49684E-03
       2.39883E-02       2.51189E-02       2.45536E-02       1.13060E-03       3.09283E-04       2.73556E-01       6.71679E-03       4.80612E-03
       2.51189E-02       2.63027E-02       2.57108E-02       1.18380E-03       3.38672E-04       2.86089E-01       7.35557E-03       5.14480E-03
       2.63027E-02       2.75423E-02       2.69225E-02       1.23960E-03       3.66655E-04       2.95785E-01       7.96326E-03       5.51145E-03
       2.75423E-02       2.88403E-02       2.81913E-02       1.29800E-03       3.87008E-04       2.98157E-01       8.40543E-03       5.89846E-03
       2.88403E-02       3.01995E-02       2.95199E-02       1.35920E-03       4.08667E-04       3.00667E-01       8.87567E-03       6.30712E-03
       3.01995E-02       3.16228E-02       3.09112E-02       1.42330E-03       4.31728E-04       3.03329E-01       9.37624E-03       6.73885E-03
       3.16228E-02       3.31131E-02       3.23680E-02       1.49030E-03       4.55901E-04       3.05912E-01       9.90174E-03       7.19475E-03
       3.31131E-02       3.46737E-02       3.38934E-02       1.56060E-03       4.81240E-04       3.08369E-01       1.04517E-02       7.67599E-03
       3.46737E-02       3.63078E-02       3.54908E-02       1.63410E-03       5.08210E-04       3.11003E-01       1.10377E-02       8.18420E-03
       3.63078E-02       3.80189E-02       3.71633E-02       1.71110E-03       5.36948E-04       3.13803E-01       1.16620E-02       8.72115E-03
       3.80189E-02       3.98107E-02       3.89148E-02       1.79180E-03       5.67595E-04       3.16773E-01       1.23272E-02       9.28875E-03
       3.98107E-02       4.16869E-02       4.07488E-02       1.87620E-03       6.00291E-04       3.19951E-01       1.30376E-02       9.88904E-03
       4.16869E-02       4.36516E-02       4.26693E-02       1.96470E-03       6.35084E-04       3.23247E-01       1.37927E-02       1.05241E-02
       4.36516E-02       4.57088E-02       4.46802E-02       2.05720E-03       6.94188E-04       3.37443E-01       1.50770E-02       1.12183E-02
       4.57088E-02       4.78630E-02       4.67859E-02       2.15420E-03       7.69124E-04       3.57035E-01       1.67042E-02       1.19874E-02
       4.78630E-02       5.01187E-02       4.89908E-02       2.25570E-03       8.14119E-04       3.60916E-01       1.76816E-02       1.28016E-02
       5.01187E-02       5.24808E-02       5.12998E-02       2.36210E-03       8.63724E-04       3.65659E-01       1.87582E-02       1.36653E-02
       5.24808E-02       5.49541E-02       5.37174E-02       2.47330E-03       9.42125E-04       3.80918E-01       2.04619E-02       1.46074E-02
       5.49541E-02       5.75440E-02       5.62491E-02       2.58990E-03       1.04945E-03       4.05207E-01       2.27925E-02       1.56568E-02
       5.75440E-02       6.02560E-02       5.89000E-02       2.71200E-03       1.23501E-03       4.55387E-01       2.68223E-02       1.68919E-02
       6.02560E-02       6.30957E-02       6.16758E-02       2.83970E-03       1.30950E-03       4.61142E-01       2.84413E-02       1.82014E-02
       6.30957E-02       6.60693E-02       6.45825E-02       2.97360E-03       1.38774E-03       4.66689E-01       3.01399E-02       1.95891E-02
       6.60693E-02       6.91831E-02       6.76262E-02       3.11380E-03       1.49797E-03       4.81073E-01       3.25331E-02       2.10871E-02
       6.91831E-02       7.24436E-02       7.08134E-02       3.26050E-03       1.72934E-03       5.30392E-01       3.75588E-02       2.28164E-02
       7.24436E-02       7.58578E-02       7.41507E-02       3.41420E-03       1.84977E-03       5.41787E-01       4.01739E-02       2.46662E-02
       7.58578E-02       7.94328E-02       7.76453E-02       3.57500E-03       1.96644E-03       5.50053E-01       4.27090E-02       2.66326E-02
       7.94328E-02       8.31764E-02       8.13046E-02       3.74360E-03       2.15673E-03       5.76111E-01       4.68404E-02       2.87893E-02
       8.31764E-02       8.70964E-02       8.51364E-02       3.92000E-03       2.38078E-03       6.07341E-01       5.17068E-02       3.11701E-02
       8.70964E-02       9.12011E-02       8.91488E-02       4.10470E-03       2.54910E-03       6.21020E-01       5.53631E-02       3.37192E-02
       9.12011E-02       9.54993E-02       9.33502E-02       4.29820E-03       2.73748E-03       6.36890E-01       5.94538E-02       3.64567E-02
       9.54993E-02       1.00000E-01       9.77497E-02       4.50070E-03       3.06224E-03       6.80391E-01       6.65080E-02       3.95189E-02
       1.00000E-01       1.04713E-01       1.02357E-01       4.71300E-03       3.37375E-03       7.15838E-01       7.32707E-02       4.28927E-02
       1.04713E-01       1.09648E-01       1.07180E-01       4.93500E-03       3.58344E-03       7.26128E-01       7.78268E-02       4.64761E-02
       1.09648E-01       1.14815E-01       1.12231E-01       5.16700E-03       3.79751E-03       7.34954E-01       8.24850E-02       5.02736E-02
       1.14815E-01       1.20226E-01       1.17520E-01       5.41100E-03       4.02504E-03       7.43862E-01       8.74190E-02       5.42987E-02
       1.20226E-01       1.25892E-01       1.23059E-01       5.66600E-03       4.26723E-03       7.53129E-01       9.26793E-02       5.85659E-02
       1.25892E-01       1.31826E-01       1.28859E-01       5.93400E-03       4.54244E-03       7.65493E-01       9.86407E-02       6.31083E-02
       1.31826E-01       1.38038E-01       1.34932E-01       6.21200E-03       4.86150E-03       7.82598E-01       1.05597E-01       6.79698E-02
       1.38038E-01       1.44544E-01       1.41291E-01       6.50600E-03       5.20476E-03       7.99994E-01       1.13032E-01       7.31746E-02
       1.44544E-01       1.51356E-01       1.47950E-01       6.81200E-03       5.57298E-03       8.18113E-01       1.21040E-01       7.87476E-02
       1.51356E-01       1.58489E-01       1.54923E-01       7.13300E-03       5.96816E-03       8.36697E-01       1.29623E-01       8.47157E-02
       1.58489E-01       1.65959E-01       1.62224E-01       7.47000E-03       6.39194E-03       8.55682E-01       1.38812E-01       9.11077E-02
       1.65959E-01       1.73780E-01       1.69869E-01       7.82100E-03       6.84093E-03       8.74688E-01       1.48583E-01       9.79486E-02
       1.73780E-01       1.81970E-01       1.77875E-01       8.19000E-03       7.30448E-03       8.91878E-01       1.58643E-01       1.05253E-01
       1.81970E-01       1.90546E-01       1.86258E-01       8.57600E-03       7.79782E-03       9.09261E-01       1.69357E-01       1.13051E-01
       1.90546E-01       1.99526E-01       1.95036E-01       8.98000E-03       8.32433E-03       9.26985E-01       1.80796E-01       1.21375E-01
       1.99526E-01       2.08930E-01       2.04228E-01       9.40400E-03       8.88634E-03       9.44953E-01       1.92986E-01       1.30262E-01
       2.08930E-01       2.18776E-01       2.13853E-01       9.84600E-03       9.48604E-03       9.63441E-01       2.06035E-01       1.39748E-01
       2.18776E-01       2.29087E-01       2.23931E-01       1.03110E-02       1.01260E-02       9.82055E-01       2.19913E-01       1.49874E-01
       2.29087E-01       2.39883E-01       2.34485E-01       1.07960E-02       1.08091E-02       1.00121E+00       2.34769E-01       1.60683E-01
       2.39883E-01       2.51189E-01       2.45536E-01       1.13060E-02       1.15357E-02       1.02031E+00       2.50523E-01       1.72218E-01
       2.51189E-01       2.63027E-01       2.57108E-01       1.18380E-02       1.22812E-02       1.03744E+00       2.66735E-01       1.84500E-01
       2.63027E-01       2.75423E-01       2.69225E-01       1.23960E-02       1.30659E-02       1.05404E+00       2.83773E-01       1.97565E-01
       2.75423E-01       2.88403E-01       2.81913E-01       1.29800E-02       1.39024E-02       1.07107E+00       3.01947E-01       2.11468E-01
       2.88403E-01       3.01995E-01       2.95199E-01       1.35920E-02       1.47956E-02       1.08855E+00       3.21339E-01       2.26263E-01
       3.01995E-01       3.16228E-01       3.09112E-01       1.42330E-02       1.57507E-02       1.10663E+00       3.42073E-01       2.42014E-01
       3.16228E-01       3.31131E-01       3.23680E-01       1.49030E-02       1.67736E-02       1.12552E+00       3.64308E-01       2.58788E-01
       3.31131E-01       3.46737E-01       3.38934E-01       1.56060E-02       1.78700E-02       1.14507E+00       3.88103E-01       2.76658E-01
       3.46737E-01       3.63078E-01       3.54908E-01       1.63410E-02       1.90487E-02       1.16570E+00       4.13715E-01       2.95706E-01
       3.63078E-01       3.80189E-01       3.71633E-01       1.71110E-02       2.06376E-02       1.20610E+00       4.48228E-01       3.16344E-01
       3.80189E-01       3.98107E-01       3.89148E-01       1.79180E-02       2.46822E-02       1.37751E+00       5.36054E-01       3.41026E-01
       3.98107E-01       4.16869E-01       4.07488E-01       1.87620E-02       2.19858E-02       1.17183E+00       4.77506E-01       3.63012E-01
       4.16869E-01       4.36516E-01       4.26692E-01       1.96470E-02       2.22780E-02       1.13391E+00       4.83832E-01       3.85290E-01
       4.36516E-01       4.57088E-01       4.46802E-01       2.05720E-02       2.26140E-02       1.09926E+00       4.91151E-01       4.07904E-01
       4.57088E-01       4.78630E-01       4.67859E-01       2.15420E-02       2.29142E-02       1.06370E+00       4.97661E-01       4.30818E-01
       4.78630E-01       5.01187E-01       4.89909E-01       2.25570E-02       2.32202E-02       1.02940E+00       5.04313E-01       4.54038E-01
       5.01187E-01       5.24808E-01       5.12998E-01       2.36210E-02       2.35819E-02       9.98346E-01       5.12149E-01       4.77620E-01
       5.24808E-01       5.49541E-01       5.37174E-01       2.47330E-02       2.39154E-02       9.66943E-01       5.19417E-01       5.01536E-01
       5.49541E-01       5.75440E-01       5.62490E-01       2.58990E-02       2.42099E-02       9.34782E-01       5.25806E-01       5.25746E-01
       5.75440E-01       6.02560E-01       5.89000E-01       2.71200E-02       2.44564E-02       9.01783E-01       5.31150E-01       5.50202E-01
       6.02560E-01       6.30957E-01       6.16758E-01       2.83970E-02       2.46427E-02       8.67793E-01       5.35218E-01       5.74845E-01
       6.30957E-01       6.60693E-01       6.45825E-01       2.97360E-02       2.47845E-02       8.33485E-01       5.38286E-01       5.99629E-01
       6.60693E-01       6.91831E-01       6.76262E-01       3.11380E-02       2.49302E-02       8.00637E-01       5.41440E-01       6.24559E-01
       6.91831E-01       7.24436E-01       7.08133E-01       3.26050E-02       2.49918E-02       7.66502E-01       5.42786E-01       6.49551E-01
       7.24436E-01       7.58578E-01       7.41507E-01       3.41420E-02       2.49440E-02       7.30596E-01       5.41742E-01       6.74495E-01
       7.58578E-01       7.94328E-01       7.76453E-01       3.57500E-02       2.47699E-02       6.92864E-01       5.37976E-01       6.99265E-01
       7.94328E-01       8.31764E-01       8.13046E-01       3.74360E-02       2.48878E-02       6.64809E-01       5.40520E-01       7.24153E-01
       8.31764E-01       8.70964E-01       8.51364E-01       3.92000E-02       2.50309E-02       6.38544E-01       5.43634E-01       7.49184E-01
       8.70964E-01       9.12011E-01       8.91487E-01       4.10470E-02       2.32491E-02       5.66403E-01       5.04941E-01       7.72433E-01
       9.12011E-01       9.54993E-01       9.33502E-01       4.29820E-02       2.16884E-02       5.04594E-01       4.71039E-01       7.94122E-01
       9.54993E-01       1.00000E+00       9.77497E-01       4.50070E-02       1.96614E-02       4.36852E-01       4.27022E-01       8.13783E-01
       1.00000E+00       1.04713E+00       1.02357E+00       4.71300E-02       1.73992E-02       3.69175E-01       3.77875E-01       8.31182E-01
       1.04713E+00       1.09648E+00       1.07181E+00       4.93500E-02       1.64555E-02       3.33446E-01       3.57389E-01       8.47638E-01
       1.09648E+00       1.14815E+00       1.12231E+00       5.16700E-02       1.71235E-02       3.31401E-01       3.71936E-01       8.64761E-01
       1.14815E+00       1.20226E+00       1.17520E+00       5.41100E-02       1.76510E-02       3.26206E-01       3.83359E-01       8.82412E-01
       1.20226E+00       1.25892E+00       1.23059E+00       5.66600E-02       1.66212E-02       2.93350E-01       3.60993E-01       8.99033E-01
       1.25892E+00       1.31826E+00       1.28859E+00       5.93400E-02       1.64076E-02       2.76501E-01       3.56296E-01       9.15441E-01
       1.31826E+00       1.38038E+00       1.34932E+00       6.21200E-02       1.49970E-02       2.41421E-01       3.25754E-01       9.30438E-01
       1.38038E+00       1.44544E+00       1.41291E+00       6.50600E-02       1.06941E-02       1.64372E-01       2.32243E-01       9.41132E-01
       1.44544E+00       1.51356E+00       1.47950E+00       6.81200E-02       7.50539E-03       1.10179E-01       1.63010E-01       9.48637E-01
       1.51356E+00       1.58489E+00       1.54923E+00       7.13300E-02       7.09789E-03       9.95078E-02       1.54160E-01       9.55735E-01
       1.58489E+00       1.65959E+00       1.62224E+00       7.47000E-02       6.59685E-03       8.83112E-02       1.43262E-01       9.62332E-01
       1.65959E+00       1.73780E+00       1.69869E+00       7.82100E-02       6.02700E-03       7.70618E-02       1.30904E-01       9.68359E-01
       1.73780E+00       1.81970E+00       1.77875E+00       8.19000E-02       5.38468E-03       6.57470E-02       1.16947E-01       9.73744E-01
       1.81970E+00       1.90546E+00       1.86258E+00       8.57600E-02       4.73253E-03       5.51834E-02       1.02784E-01       9.78476E-01
       1.90546E+00       1.99526E+00       1.95036E+00       8.98000E-02       4.06294E-03       4.52443E-02       8.82427E-02       9.82539E-01
       1.99526E+00       2.08930E+00       2.04228E+00       9.40400E-02       3.44385E-03       3.66211E-02       7.47905E-02       9.85983E-01
       2.08930E+00       2.18776E+00       2.13853E+00       9.84600E-02       2.89149E-03       2.93671E-02       6.28025E-02       9.88875E-01
       2.18776E+00       2.29087E+00       2.23932E+00       1.03110E-01       2.41243E-03       2.33967E-02       5.23926E-02       9.91287E-01
       2.29087E+00       2.39883E+00       2.34485E+00       1.07960E-01       2.01857E-03       1.86974E-02       4.38427E-02       9.93306E-01
       2.39883E+00       2.51189E+00       2.45536E+00       1.13060E-01       1.70175E-03       1.50518E-02       3.69575E-02       9.95008E-01
       2.51189E+00       2.63027E+00       2.57108E+00       1.18380E-01       1.44957E-03       1.22451E-02       3.14830E-02       9.96457E-01
       2.63027E+00       2.75423E+00       2.69225E+00       1.23960E-01       1.22650E-03       9.89430E-03       2.66379E-02       9.97684E-01
       2.75423E+00       2.88403E+00       2.81913E+00       1.29800E-01       9.98499E-04       7.69260E-03       2.16864E-02       9.98682E-01
       2.88403E+00       3.01995E+00       2.95199E+00       1.35920E-01       7.31474E-04       5.38165E-03       1.58866E-02       9.99414E-01
       3.01995E+00       3.16228E+00       3.09111E+00       1.42330E-01       4.39882E-04       3.09058E-03       9.55334E-03       9.99853E-01
       3.16228E+00       3.31131E+00       3.23679E+00       1.49030E-01       1.46692E-04       9.84314E-04       3.18602E-03       1.00000E+00

 Sum =                                                                         1.00000E+00
 Renormalization bin#   933 =                                                  7.50292E-01 barn        1.14000E+07        1.16000E+07        1.15000E+07
 Avg. Energy     bin#   933 =                                                  6.53664E-01 MeV         1.14000E+07        1.16000E+07
