"        MT=  4 recoil spectrum "
" Initial neutron energy corresponds to the group:"
   1.94000E+01    1.96000E+01       0.00000E+00           363           903           541



          Low               High              Mid              Energy           Number             dn/de            E*dn/de          Cumulative
         Energy            Energy            Energy             Width          Fraction                               Sum   
         [MeV]             [MeV]             [MeV]              [MeV]

       3.67500E-06       3.70000E-06       3.68750E-06       2.50001E-08       0.00000E+00       0.00000E+00       0.00000E+00       0.00000E+00
       3.70000E-06       3.72500E-06       3.71250E-06       2.49999E-08       4.68007E-12       1.87204E-04       6.94994E-10       4.68007E-12
       3.72500E-06       3.75000E-06       3.73750E-06       2.50001E-08       4.71172E-12       1.88468E-04       7.04400E-10       9.39179E-12
       3.75000E-06       3.77500E-06       3.76250E-06       2.50001E-08       4.74291E-12       1.89716E-04       7.13806E-10       1.41347E-11
       3.77500E-06       3.80000E-06       3.78750E-06       2.49999E-08       4.77457E-12       1.90984E-04       7.23351E-10       1.89093E-11
       3.80000E-06       3.82500E-06       3.81250E-06       2.50001E-08       4.80623E-12       1.92248E-04       7.32947E-10       2.37155E-11
       3.82500E-06       3.85000E-06       3.83750E-06       2.49999E-08       4.83742E-12       1.93498E-04       7.42548E-10       2.85529E-11
       3.85000E-06       3.87500E-06       3.86250E-06       2.50001E-08       4.86907E-12       1.94762E-04       7.52269E-10       3.34220E-11
       3.87500E-06       3.90000E-06       3.88750E-06       2.50001E-08       4.90073E-12       1.96028E-04       7.62061E-10       3.83227E-11
       3.90000E-06       3.92500E-06       3.91250E-06       2.49999E-08       4.93192E-12       1.97278E-04       7.71850E-10       4.32546E-11
       3.92500E-06       3.95000E-06       3.93750E-06       2.50001E-08       4.96358E-12       1.98542E-04       7.81761E-10       4.82182E-11
       3.95000E-06       3.97500E-06       3.96250E-06       2.49999E-08       4.99524E-12       1.99811E-04       7.91749E-10       5.32135E-11
       3.97500E-06       4.00000E-06       3.98750E-06       2.50001E-08       5.02689E-12       2.01075E-04       8.01786E-10       5.82403E-11
       4.00000E-06       4.02500E-06       4.01250E-06       2.50001E-08       5.05808E-12       2.02323E-04       8.11819E-10       6.32984E-11
       4.02500E-06       4.05000E-06       4.03750E-06       2.50001E-08       5.08974E-12       2.03589E-04       8.21990E-10       6.83882E-11
       4.05000E-06       4.07500E-06       4.06250E-06       2.49996E-08       5.12140E-12       2.04859E-04       8.32240E-10       7.35096E-11
       4.07500E-06       4.10000E-06       4.08750E-06       2.50001E-08       5.15259E-12       2.06103E-04       8.42445E-10       7.86622E-11
       4.10000E-06       4.12500E-06       4.11250E-06       2.50001E-08       5.18424E-12       2.07369E-04       8.52805E-10       8.38464E-11
       4.12500E-06       4.15000E-06       4.13750E-06       2.50001E-08       5.21590E-12       2.08635E-04       8.63228E-10       8.90623E-11
       4.15000E-06       4.17500E-06       4.16250E-06       2.50001E-08       5.24709E-12       2.09883E-04       8.73637E-10       9.43094E-11
       4.17500E-06       4.20000E-06       4.18750E-06       2.49996E-08       5.27875E-12       2.11153E-04       8.84204E-10       9.95881E-11
       4.20000E-06       4.22500E-06       4.21250E-06       2.50001E-08       5.31041E-12       2.12415E-04       8.94800E-10       1.04899E-10
       4.22500E-06       4.25000E-06       4.23750E-06       2.50001E-08       5.34206E-12       2.13682E-04       9.05476E-10       1.10241E-10
       4.25000E-06       4.27500E-06       4.26250E-06       2.50001E-08       5.37325E-12       2.14929E-04       9.16136E-10       1.15614E-10
       4.27500E-06       4.30000E-06       4.28750E-06       2.50001E-08       5.40491E-12       2.16196E-04       9.26938E-10       1.21019E-10
       4.30000E-06       4.32500E-06       4.31250E-06       2.49996E-08       5.43657E-12       2.17466E-04       9.37822E-10       1.26455E-10
       4.32500E-06       4.35000E-06       4.33750E-06       2.50001E-08       5.46776E-12       2.18709E-04       9.48652E-10       1.31923E-10
       4.35000E-06       4.37500E-06       4.36250E-06       2.50001E-08       5.49941E-12       2.19976E-04       9.59644E-10       1.37423E-10
       4.37500E-06       4.40000E-06       4.38750E-06       2.50001E-08       5.53107E-12       2.21242E-04       9.70699E-10       1.42954E-10
       4.40000E-06       4.42500E-06       4.41250E-06       2.50001E-08       5.56226E-12       2.22490E-04       9.81735E-10       1.48516E-10
       4.42500E-06       4.45000E-06       4.43750E-06       2.49996E-08       5.59392E-12       2.23760E-04       9.92936E-10       1.54110E-10
       4.45000E-06       4.47500E-06       4.46250E-06       2.50001E-08       5.62558E-12       2.25022E-04       1.00416E-09       1.59735E-10
       4.47500E-06       4.50000E-06       4.48750E-06       2.50001E-08       5.65677E-12       2.26270E-04       1.01539E-09       1.65392E-10
       4.50000E-06       4.52500E-06       4.51250E-06       2.50001E-08       5.68842E-12       2.27536E-04       1.02676E-09       1.71081E-10
       4.52500E-06       4.55000E-06       4.53750E-06       2.50001E-08       5.72008E-12       2.28802E-04       1.03819E-09       1.76801E-10
       4.55000E-06       4.57500E-06       4.56250E-06       2.49996E-08       5.75174E-12       2.30073E-04       1.04971E-09       1.82552E-10
       4.57500E-06       4.60000E-06       4.58750E-06       2.50001E-08       5.78293E-12       2.31316E-04       1.06116E-09       1.88335E-10
       4.60000E-06       4.62500E-06       4.61250E-06       2.50001E-08       5.81458E-12       2.32582E-04       1.07279E-09       1.94150E-10
       4.62500E-06       4.65000E-06       4.63750E-06       2.50001E-08       5.84624E-12       2.33849E-04       1.08447E-09       1.99996E-10
       4.65000E-06       4.67500E-06       4.66250E-06       2.50001E-08       5.87743E-12       2.35096E-04       1.09614E-09       2.05874E-10
       4.67500E-06       4.70000E-06       4.68750E-06       2.49996E-08       5.90909E-12       2.36367E-04       1.10797E-09       2.11783E-10
       4.70000E-06       4.72500E-06       4.71250E-06       2.50001E-08       5.94075E-12       2.37629E-04       1.11983E-09       2.17723E-10
       4.72500E-06       4.75000E-06       4.73750E-06       2.50001E-08       5.97194E-12       2.38877E-04       1.13168E-09       2.23695E-10
       4.75000E-06       4.77500E-06       4.76250E-06       2.50001E-08       6.00359E-12       2.40143E-04       1.14368E-09       2.29699E-10
       4.77500E-06       4.80000E-06       4.78750E-06       2.50001E-08       6.03525E-12       2.41409E-04       1.15575E-09       2.35734E-10
       4.80000E-06       4.82500E-06       4.81250E-06       2.49996E-08       6.06691E-12       2.42680E-04       1.16790E-09       2.41801E-10
       4.82500E-06       4.85000E-06       4.83750E-06       2.50001E-08       6.09810E-12       2.43923E-04       1.17998E-09       2.47899E-10
       4.85000E-06       4.87500E-06       4.86250E-06       2.50001E-08       6.12975E-12       2.45189E-04       1.19223E-09       2.54029E-10
       4.87500E-06       4.90000E-06       4.88750E-06       2.50001E-08       6.16141E-12       2.46456E-04       1.20455E-09       2.60190E-10
       4.90000E-06       4.92500E-06       4.91250E-06       2.50001E-08       6.19260E-12       2.47703E-04       1.21684E-09       2.66383E-10
       4.92500E-06       4.95000E-06       4.93750E-06       2.49996E-08       6.22426E-12       2.48974E-04       1.22931E-09       2.72607E-10
       4.95000E-06       4.97500E-06       4.96250E-06       2.50001E-08       6.25592E-12       2.50236E-04       1.24179E-09       2.78863E-10
       4.97500E-06       5.00000E-06       4.98750E-06       2.50001E-08       6.28711E-12       2.51483E-04       1.25427E-09       2.85150E-10
       5.00000E-06       5.02500E-06       5.01250E-06       2.50001E-08       6.31876E-12       2.52750E-04       1.26691E-09       2.91469E-10
       5.02500E-06       5.05000E-06       5.03750E-06       2.50001E-08       6.35042E-12       2.54016E-04       1.27960E-09       2.97819E-10
       5.05000E-06       5.07500E-06       5.06250E-06       2.49996E-08       6.38208E-12       2.55287E-04       1.29239E-09       3.04201E-10
       5.07500E-06       5.10000E-06       5.08750E-06       2.50001E-08       6.41327E-12       2.56530E-04       1.30509E-09       3.10615E-10
       5.10000E-06       5.12500E-06       5.11250E-06       2.50001E-08       6.44492E-12       2.57796E-04       1.31798E-09       3.17060E-10
       5.12500E-06       5.15000E-06       5.13750E-06       2.50001E-08       6.47658E-12       2.59062E-04       1.33093E-09       3.23536E-10
       5.15000E-06       5.17500E-06       5.16250E-06       2.50001E-08       6.50777E-12       2.60310E-04       1.34385E-09       3.30044E-10
       5.17500E-06       5.20000E-06       5.18750E-06       2.49996E-08       6.53943E-12       2.61581E-04       1.35695E-09       3.36583E-10
       5.20000E-06       5.22500E-06       5.21250E-06       2.50001E-08       6.57109E-12       2.62842E-04       1.37007E-09       3.43154E-10
       5.22500E-06       5.25000E-06       5.23750E-06       2.50001E-08       6.60228E-12       2.64090E-04       1.38317E-09       3.49757E-10
       5.25000E-06       5.27500E-06       5.26250E-06       2.50001E-08       6.63393E-12       2.65356E-04       1.39644E-09       3.56391E-10
       5.27500E-06       5.30000E-06       5.28750E-06       2.50001E-08       6.66559E-12       2.66623E-04       1.40977E-09       3.63056E-10
       5.30000E-06       5.32500E-06       5.31250E-06       2.49996E-08       6.69678E-12       2.67875E-04       1.42309E-09       3.69753E-10
       5.32500E-06       5.35000E-06       5.33750E-06       2.50001E-08       6.72844E-12       2.69136E-04       1.43652E-09       3.76482E-10
       5.35000E-06       5.37500E-06       5.36250E-06       2.50001E-08       6.76009E-12       2.70403E-04       1.45003E-09       3.83242E-10
       5.37500E-06       5.40000E-06       5.38750E-06       2.50001E-08       6.79175E-12       2.71669E-04       1.46362E-09       3.90033E-10
       5.40000E-06       5.42500E-06       5.41250E-06       2.50001E-08       6.82294E-12       2.72917E-04       1.47716E-09       3.96856E-10
       5.42500E-06       5.45000E-06       5.43750E-06       2.49996E-08       6.85460E-12       2.74188E-04       1.49090E-09       4.03711E-10
       5.45000E-06       5.47500E-06       5.46250E-06       2.50001E-08       6.88626E-12       2.75449E-04       1.50464E-09       4.10597E-10
       5.47500E-06       5.50000E-06       5.48750E-06       2.50001E-08       6.91745E-12       2.76697E-04       1.51837E-09       4.17515E-10
       5.50000E-06       5.52500E-06       5.51250E-06       2.50001E-08       6.94910E-12       2.77963E-04       1.53227E-09       4.24464E-10
       5.52500E-06       5.55000E-06       5.53750E-06       2.50001E-08       6.98076E-12       2.79229E-04       1.54623E-09       4.31444E-10
       5.55000E-06       5.57500E-06       5.56250E-06       2.49996E-08       7.01195E-12       2.80482E-04       1.56018E-09       4.38456E-10
       5.57500E-06       5.60000E-06       5.58750E-06       2.50001E-08       7.04361E-12       2.81743E-04       1.57424E-09       4.45500E-10
       5.60000E-06       5.62500E-06       5.61250E-06       2.50001E-08       7.07526E-12       2.83009E-04       1.58839E-09       4.52575E-10
       5.62500E-06       5.65000E-06       5.63750E-06       2.50001E-08       7.10692E-12       2.84276E-04       1.60260E-09       4.59682E-10
       5.65000E-06       5.67500E-06       5.66250E-06       2.50001E-08       7.13811E-12       2.85523E-04       1.61678E-09       4.66820E-10
       5.67500E-06       5.70000E-06       5.68750E-06       2.49996E-08       7.16977E-12       2.86795E-04       1.63115E-09       4.73990E-10
       5.70000E-06       5.72500E-06       5.71250E-06       2.50001E-08       7.20143E-12       2.88056E-04       1.64552E-09       4.81191E-10
       5.72500E-06       5.75000E-06       5.73750E-06       2.50001E-08       7.23262E-12       2.89304E-04       1.65988E-09       4.88424E-10
       5.75000E-06       5.77500E-06       5.76250E-06       2.50001E-08       7.26427E-12       2.90570E-04       1.67441E-09       4.95688E-10
       5.77500E-06       5.80000E-06       5.78750E-06       2.50001E-08       7.29593E-12       2.91836E-04       1.68900E-09       5.02984E-10
       5.80000E-06       5.82500E-06       5.81250E-06       2.49996E-08       7.32712E-12       2.93089E-04       1.70358E-09       5.10311E-10
       5.82500E-06       5.85000E-06       5.83750E-06       2.50001E-08       7.35878E-12       2.94350E-04       1.71827E-09       5.17670E-10
       5.85000E-06       5.87500E-06       5.86250E-06       2.50001E-08       7.39043E-12       2.95616E-04       1.73305E-09       5.25061E-10
       5.87500E-06       5.90000E-06       5.88750E-06       2.50001E-08       7.42163E-12       2.96864E-04       1.74779E-09       5.32482E-10
       5.90000E-06       5.92500E-06       5.91250E-06       2.50001E-08       7.45328E-12       2.98130E-04       1.76269E-09       5.39936E-10
       5.92500E-06       5.95000E-06       5.93750E-06       2.49996E-08       7.48494E-12       2.99402E-04       1.77770E-09       5.47420E-10
       5.95000E-06       5.97500E-06       5.96250E-06       2.50001E-08       7.51659E-12       3.00663E-04       1.79270E-09       5.54937E-10
       5.97500E-06       6.00000E-06       5.98750E-06       2.50001E-08       7.54779E-12       3.01910E-04       1.80769E-09       5.62485E-10
       6.00000E-06       6.02500E-06       6.01250E-06       2.50001E-08       7.57944E-12       3.03177E-04       1.82285E-09       5.70064E-10
       6.02500E-06       6.05000E-06       6.03750E-06       2.50001E-08       7.61110E-12       3.04443E-04       1.83807E-09       5.77675E-10
       6.05000E-06       6.07500E-06       6.06250E-06       2.49996E-08       7.64229E-12       3.05696E-04       1.85328E-09       5.85318E-10
       6.07500E-06       6.10000E-06       6.08750E-06       2.50001E-08       7.67395E-12       3.06957E-04       1.86860E-09       5.92992E-10
       6.10000E-06       6.12500E-06       6.11250E-06       2.50001E-08       7.70560E-12       3.08223E-04       1.88401E-09       6.00697E-10
       6.12500E-06       6.15000E-06       6.13750E-06       2.50001E-08       7.73680E-12       3.09471E-04       1.89938E-09       6.08434E-10
       6.15000E-06       6.17500E-06       6.16250E-06       2.50001E-08       7.76845E-12       3.10737E-04       1.91492E-09       6.16203E-10
       6.17500E-06       6.20000E-06       6.18750E-06       2.49996E-08       7.80011E-12       3.12009E-04       1.93056E-09       6.24003E-10
       6.20000E-06       6.22500E-06       6.21250E-06       2.50001E-08       7.83176E-12       3.13269E-04       1.94619E-09       6.31834E-10
       6.22500E-06       6.25000E-06       6.23750E-06       2.50001E-08       7.86296E-12       3.14517E-04       1.96180E-09       6.39697E-10
       6.25000E-06       6.27500E-06       6.26250E-06       2.50001E-08       7.89461E-12       3.15783E-04       1.97759E-09       6.47592E-10
       6.27500E-06       6.30000E-06       6.28750E-06       2.50001E-08       7.92627E-12       3.17050E-04       1.99345E-09       6.55518E-10
       6.30000E-06       6.32500E-06       6.31250E-06       2.49996E-08       7.95746E-12       3.18303E-04       2.00929E-09       6.63476E-10
       6.32500E-06       6.35000E-06       6.33750E-06       2.50001E-08       7.98912E-12       3.19563E-04       2.02523E-09       6.71465E-10
       6.35000E-06       6.37500E-06       6.36250E-06       2.50001E-08       8.02078E-12       3.20830E-04       2.04128E-09       6.79486E-10
       6.37500E-06       6.40000E-06       6.38750E-06       2.50001E-08       8.05197E-12       3.22077E-04       2.05727E-09       6.87538E-10
       6.40000E-06       6.42500E-06       6.41250E-06       2.50001E-08       8.08362E-12       3.23344E-04       2.07344E-09       6.95621E-10
       6.42500E-06       6.45000E-06       6.43750E-06       2.49996E-08       8.11528E-12       3.24616E-04       2.08972E-09       7.03736E-10
       6.45000E-06       6.47500E-06       6.46250E-06       2.50001E-08       8.14694E-12       3.25876E-04       2.10597E-09       7.11883E-10
       6.47500E-06       6.50000E-06       6.48750E-06       2.50001E-08       8.17813E-12       3.27124E-04       2.12222E-09       7.20062E-10
       6.50000E-06       6.52500E-06       6.51250E-06       2.50001E-08       8.20978E-12       3.28390E-04       2.13864E-09       7.28271E-10
       6.52500E-06       6.55000E-06       6.53750E-06       2.50001E-08       8.24144E-12       3.29656E-04       2.15513E-09       7.36513E-10
       6.55000E-06       6.57500E-06       6.56250E-06       2.49996E-08       8.27263E-12       3.30910E-04       2.17160E-09       7.44785E-10
       6.57500E-06       6.60000E-06       6.58750E-06       2.50001E-08       8.30429E-12       3.32170E-04       2.18817E-09       7.53090E-10
       6.60000E-06       6.62500E-06       6.61250E-06       2.50001E-08       8.33594E-12       3.33436E-04       2.20485E-09       7.61426E-10
       6.62500E-06       6.65000E-06       6.63750E-06       2.50001E-08       8.36714E-12       3.34684E-04       2.22147E-09       7.69793E-10
       6.65000E-06       6.67500E-06       6.66250E-06       2.50001E-08       8.39879E-12       3.35950E-04       2.23827E-09       7.78192E-10
       6.67500E-06       6.70000E-06       6.68750E-06       2.49996E-08       8.43045E-12       3.37223E-04       2.25518E-09       7.86622E-10
       6.70000E-06       6.72500E-06       6.71250E-06       2.50001E-08       8.46164E-12       3.38464E-04       2.27194E-09       7.95084E-10
       6.72500E-06       6.75000E-06       6.73750E-06       2.50001E-08       8.49330E-12       3.39731E-04       2.28893E-09       8.03577E-10
       6.75000E-06       6.77500E-06       6.76250E-06       2.50001E-08       8.52495E-12       3.40997E-04       2.30599E-09       8.12102E-10
       6.77500E-06       6.80000E-06       6.78750E-06       2.50001E-08       8.55661E-12       3.42263E-04       2.32311E-09       8.20658E-10
       6.80000E-06       6.82500E-06       6.81250E-06       2.49996E-08       8.58780E-12       3.43517E-04       2.34021E-09       8.29246E-10
       6.82500E-06       6.85000E-06       6.83750E-06       2.50001E-08       8.61946E-12       3.44777E-04       2.35741E-09       8.37866E-10
       6.85000E-06       6.87500E-06       6.86250E-06       2.50001E-08       8.65111E-12       3.46043E-04       2.37472E-09       8.46517E-10
       6.87500E-06       6.90000E-06       6.88750E-06       2.50001E-08       8.68230E-12       3.47291E-04       2.39197E-09       8.55199E-10
       6.90000E-06       6.92500E-06       6.91250E-06       2.50001E-08       8.71396E-12       3.48557E-04       2.40940E-09       8.63913E-10
       6.92500E-06       6.95000E-06       6.93750E-06       2.49996E-08       8.74562E-12       3.49830E-04       2.42695E-09       8.72659E-10
       6.95000E-06       6.97500E-06       6.96250E-06       2.50001E-08       8.77681E-12       3.51071E-04       2.44433E-09       8.81436E-10
       6.97500E-06       7.00000E-06       6.98750E-06       2.50001E-08       8.80847E-12       3.52337E-04       2.46196E-09       8.90244E-10
       7.00000E-06       7.02500E-06       7.01250E-06       2.50001E-08       8.84012E-12       3.53604E-04       2.47965E-09       8.99084E-10
       7.02500E-06       7.05000E-06       7.03750E-06       2.50001E-08       8.87178E-12       3.54870E-04       2.49740E-09       9.07956E-10
       7.05000E-06       7.07500E-06       7.06250E-06       2.49996E-08       8.90297E-12       3.56124E-04       2.51513E-09       9.16859E-10
       7.07500E-06       7.10000E-06       7.08750E-06       2.50001E-08       8.93463E-12       3.57384E-04       2.53296E-09       9.25794E-10
       7.10000E-06       7.12500E-06       7.11250E-06       2.50001E-08       8.96628E-12       3.58650E-04       2.55090E-09       9.34760E-10
       7.12500E-06       7.15000E-06       7.13750E-06       2.50001E-08       8.99748E-12       3.59898E-04       2.56877E-09       9.43757E-10
       7.15000E-06       7.17500E-06       7.16250E-06       2.50001E-08       9.02913E-12       3.61164E-04       2.58684E-09       9.52786E-10
       7.17500E-06       7.20000E-06       7.18750E-06       2.49996E-08       9.06079E-12       3.62437E-04       2.60502E-09       9.61847E-10
       7.20000E-06       7.22500E-06       7.21250E-06       2.50001E-08       9.09198E-12       3.63678E-04       2.62303E-09       9.70939E-10
       7.22500E-06       7.25000E-06       7.23750E-06       2.50001E-08       9.12364E-12       3.64944E-04       2.64128E-09       9.80063E-10
       7.25000E-06       7.27500E-06       7.26250E-06       2.50001E-08       9.15529E-12       3.66210E-04       2.65960E-09       9.89218E-10
       7.27500E-06       7.30000E-06       7.28750E-06       2.50001E-08       9.18648E-12       3.67458E-04       2.67785E-09       9.98404E-10
       7.30000E-06       7.32500E-06       7.31250E-06       2.49996E-08       9.21814E-12       3.68731E-04       2.69635E-09       1.00762E-09
       7.32500E-06       7.35000E-06       7.33750E-06       2.50001E-08       9.24980E-12       3.69991E-04       2.71481E-09       1.01687E-09
       7.35000E-06       7.37500E-06       7.36250E-06       2.50001E-08       9.28145E-12       3.71257E-04       2.73338E-09       1.02615E-09
       7.37500E-06       7.40000E-06       7.38750E-06       2.50001E-08       9.31265E-12       3.72504E-04       2.75188E-09       1.03547E-09
       7.40000E-06       7.42500E-06       7.41250E-06       2.50001E-08       9.34430E-12       3.73771E-04       2.77058E-09       1.04481E-09
       7.42500E-06       7.45000E-06       7.43750E-06       2.49996E-08       9.37596E-12       3.75044E-04       2.78939E-09       1.05419E-09
       7.45000E-06       7.47500E-06       7.46250E-06       2.50001E-08       9.40715E-12       3.76285E-04       2.80802E-09       1.06359E-09
       7.47500E-06       7.50000E-06       7.48750E-06       2.50001E-08       9.43881E-12       3.77551E-04       2.82691E-09       1.07303E-09
       7.50000E-06       7.52500E-06       7.51250E-06       2.50001E-08       9.47046E-12       3.78817E-04       2.84586E-09       1.08250E-09
       7.52500E-06       7.55000E-06       7.53750E-06       2.50001E-08       9.50165E-12       3.80065E-04       2.86474E-09       1.09200E-09
       7.55000E-06       7.57500E-06       7.56250E-06       2.49996E-08       9.53331E-12       3.81338E-04       2.88387E-09       1.10154E-09
       7.57500E-06       7.60000E-06       7.58750E-06       2.50001E-08       9.56497E-12       3.82597E-04       2.90296E-09       1.11110E-09
       7.60000E-06       7.62500E-06       7.61250E-06       2.50001E-08       9.59662E-12       3.83863E-04       2.92216E-09       1.12070E-09
       7.62500E-06       7.65000E-06       7.63750E-06       2.50001E-08       9.62782E-12       3.85111E-04       2.94129E-09       1.13033E-09
       7.65000E-06       7.67500E-06       7.66250E-06       2.50001E-08       9.65947E-12       3.86377E-04       2.96062E-09       1.13999E-09
       7.67500E-06       7.70000E-06       7.68750E-06       2.49996E-08       9.69113E-12       3.87651E-04       2.98007E-09       1.14968E-09
       7.70000E-06       7.72500E-06       7.71250E-06       2.50001E-08       9.72232E-12       3.88891E-04       2.99932E-09       1.15940E-09
       7.72500E-06       7.75000E-06       7.73750E-06       2.50001E-08       9.75398E-12       3.90158E-04       3.01884E-09       1.16915E-09
       7.75000E-06       7.77500E-06       7.76250E-06       2.50001E-08       9.78563E-12       3.91424E-04       3.03843E-09       1.17894E-09
       7.77500E-06       7.80000E-06       7.78750E-06       2.50001E-08       9.81682E-12       3.92671E-04       3.05793E-09       1.18876E-09
       7.80000E-06       7.82500E-06       7.81250E-06       2.49996E-08       9.84848E-12       3.93945E-04       3.07770E-09       1.19861E-09
       7.82500E-06       7.85000E-06       7.83750E-06       2.50001E-08       9.88014E-12       3.95204E-04       3.09741E-09       1.20849E-09
       7.85000E-06       7.87500E-06       7.86250E-06       2.50001E-08       9.91133E-12       3.96452E-04       3.11710E-09       1.21840E-09
       7.87500E-06       7.90000E-06       7.88750E-06       2.50001E-08       9.94298E-12       3.97718E-04       3.13700E-09       1.22834E-09
       7.90000E-06       7.92500E-06       7.91250E-06       2.50001E-08       9.97464E-12       3.98984E-04       3.15696E-09       1.23831E-09
       7.92500E-06       7.95000E-06       7.93750E-06       2.49996E-08       1.00063E-11       4.00258E-04       3.17705E-09       1.24832E-09
       7.95000E-06       7.97500E-06       7.96250E-06       2.50001E-08       1.00375E-11       4.01498E-04       3.19693E-09       1.25836E-09
       7.97500E-06       8.00000E-06       7.98750E-06       2.50001E-08       1.00691E-11       4.02764E-04       3.21708E-09       1.26843E-09
       8.00000E-06       8.02500E-06       8.01250E-06       2.49996E-08       1.01008E-11       4.04038E-04       3.23736E-09       1.27853E-09
       8.02500E-06       8.05000E-06       8.03750E-06       2.50006E-08       1.01320E-11       4.05270E-04       3.25736E-09       1.28866E-09
       8.05000E-06       8.07500E-06       8.06250E-06       2.49996E-08       1.01637E-11       4.06552E-04       3.27783E-09       1.29882E-09
       8.07500E-06       8.10000E-06       8.08750E-06       2.50006E-08       1.01953E-11       4.07803E-04       3.29811E-09       1.30902E-09
       8.10000E-06       8.12500E-06       8.11250E-06       2.49996E-08       1.02265E-11       4.09066E-04       3.31855E-09       1.31925E-09
       8.12500E-06       8.15000E-06       8.13750E-06       2.49996E-08       1.02582E-11       4.10332E-04       3.33908E-09       1.32950E-09
       8.15000E-06       8.17500E-06       8.16250E-06       2.50006E-08       1.02898E-11       4.11583E-04       3.35955E-09       1.33979E-09
       8.17500E-06       8.20000E-06       8.18750E-06       2.49996E-08       1.03215E-11       4.12865E-04       3.38033E-09       1.35012E-09
       8.20000E-06       8.22500E-06       8.21250E-06       2.50006E-08       1.03527E-11       4.14097E-04       3.40077E-09       1.36047E-09
       8.22500E-06       8.25000E-06       8.23750E-06       2.49996E-08       1.03843E-11       4.15379E-04       3.42168E-09       1.37085E-09
       8.25000E-06       8.27500E-06       8.26250E-06       2.49996E-08       1.04160E-11       4.16645E-04       3.44253E-09       1.38127E-09
       8.27500E-06       8.30000E-06       8.28750E-06       2.50006E-08       1.04472E-11       4.17877E-04       3.46316E-09       1.39172E-09
       8.30000E-06       8.32500E-06       8.31250E-06       2.49996E-08       1.04788E-11       4.19159E-04       3.48426E-09       1.40219E-09
       8.32500E-06       8.35000E-06       8.33750E-06       2.50006E-08       1.05105E-11       4.20409E-04       3.50516E-09       1.41270E-09
       8.35000E-06       8.37500E-06       8.36250E-06       2.49996E-08       1.05417E-11       4.21673E-04       3.52624E-09       1.42325E-09
       8.37500E-06       8.40000E-06       8.38750E-06       2.49996E-08       1.05733E-11       4.22939E-04       3.54740E-09       1.43382E-09
       8.40000E-06       8.42500E-06       8.41250E-06       2.50006E-08       1.06050E-11       4.24190E-04       3.56850E-09       1.44442E-09
       8.42500E-06       8.45000E-06       8.43750E-06       2.49996E-08       1.06366E-11       4.25472E-04       3.58992E-09       1.45506E-09
       8.45000E-06       8.47500E-06       8.46250E-06       2.50006E-08       1.06678E-11       4.26703E-04       3.61098E-09       1.46573E-09
       8.47500E-06       8.50000E-06       8.48750E-06       2.49996E-08       1.06995E-11       4.27986E-04       3.63253E-09       1.47643E-09
       8.50000E-06       8.52500E-06       8.51250E-06       2.49996E-08       1.07311E-11       4.29252E-04       3.65401E-09       1.48716E-09
       8.52500E-06       8.55000E-06       8.53750E-06       2.50006E-08       1.07623E-11       4.30484E-04       3.67525E-09       1.49792E-09
       8.55000E-06       8.57500E-06       8.56250E-06       2.49996E-08       1.07940E-11       4.31766E-04       3.69700E-09       1.50872E-09
       8.57500E-06       8.60000E-06       8.58750E-06       2.50006E-08       1.08256E-11       4.33016E-04       3.71853E-09       1.51954E-09
       8.60000E-06       8.62500E-06       8.61250E-06       2.49996E-08       1.08568E-11       4.34280E-04       3.74024E-09       1.53040E-09
       8.62500E-06       8.65000E-06       8.63750E-06       2.49996E-08       1.08885E-11       4.35547E-04       3.76203E-09       1.54129E-09
       8.65000E-06       8.67500E-06       8.66250E-06       2.50006E-08       1.09202E-11       4.36796E-04       3.78375E-09       1.55221E-09
       8.67500E-06       8.70000E-06       8.68750E-06       2.49996E-08       1.09513E-11       4.38060E-04       3.80565E-09       1.56316E-09
       8.70000E-06       8.72500E-06       8.71250E-06       2.50006E-08       1.09830E-11       4.39310E-04       3.82749E-09       1.57414E-09
       8.72500E-06       8.75000E-06       8.73750E-06       2.49996E-08       1.10147E-11       4.40593E-04       3.84968E-09       1.58516E-09
       8.75000E-06       8.77500E-06       8.76250E-06       2.49996E-08       1.10463E-11       4.41859E-04       3.87179E-09       1.59620E-09
       8.77500E-06       8.80000E-06       8.78750E-06       2.50006E-08       1.10775E-11       4.43090E-04       3.89365E-09       1.60728E-09
       8.80000E-06       8.82500E-06       8.81250E-06       2.49996E-08       1.11092E-11       4.44373E-04       3.91604E-09       1.61839E-09
       8.82500E-06       8.85000E-06       8.83750E-06       2.50006E-08       1.11408E-11       4.45623E-04       3.93819E-09       1.62953E-09
       8.85000E-06       8.87500E-06       8.86250E-06       2.49996E-08       1.11720E-11       4.46887E-04       3.96054E-09       1.64070E-09
       8.87500E-06       8.90000E-06       8.88750E-06       2.49996E-08       1.12037E-11       4.48153E-04       3.98296E-09       1.65191E-09
       8.90000E-06       8.92500E-06       8.91250E-06       2.50006E-08       1.12353E-11       4.49403E-04       4.00530E-09       1.66314E-09
       8.92500E-06       8.95000E-06       8.93750E-06       2.49996E-08       1.12665E-11       4.50667E-04       4.02784E-09       1.67441E-09
       8.95000E-06       8.97500E-06       8.96250E-06       2.50006E-08       1.12982E-11       4.51916E-04       4.05030E-09       1.68571E-09
       8.97500E-06       9.00000E-06       8.98750E-06       2.49996E-08       1.13298E-11       4.53200E-04       4.07314E-09       1.69704E-09
       9.00000E-06       9.02500E-06       9.01250E-06       2.49996E-08       1.13615E-11       4.54466E-04       4.09588E-09       1.70840E-09
       9.02500E-06       9.05000E-06       9.03750E-06       2.50006E-08       1.13927E-11       4.55697E-04       4.11836E-09       1.71979E-09
       9.05000E-06       9.07500E-06       9.06250E-06       2.49996E-08       1.14243E-11       4.56980E-04       4.14138E-09       1.73121E-09
       9.07500E-06       9.10000E-06       9.08750E-06       2.50006E-08       1.14560E-11       4.58229E-04       4.16416E-09       1.74267E-09
       9.10000E-06       9.12500E-06       9.11250E-06       2.49996E-08       1.14872E-11       4.59494E-04       4.18714E-09       1.75416E-09
       9.12500E-06       9.15000E-06       9.13750E-06       2.49996E-08       1.15188E-11       4.60760E-04       4.21020E-09       1.76568E-09
       9.15000E-06       9.17500E-06       9.16250E-06       2.50006E-08       1.15505E-11       4.62009E-04       4.23316E-09       1.77723E-09
       9.17500E-06       9.20000E-06       9.18750E-06       2.49996E-08       1.15817E-11       4.63274E-04       4.25633E-09       1.78881E-09
       9.20000E-06       9.22500E-06       9.21250E-06       2.50006E-08       1.16133E-11       4.64523E-04       4.27942E-09       1.80042E-09
       9.22500E-06       9.25000E-06       9.23750E-06       2.49996E-08       1.16450E-11       4.65807E-04       4.30289E-09       1.81207E-09
       9.25000E-06       9.27500E-06       9.26250E-06       2.49996E-08       1.16762E-11       4.67055E-04       4.32609E-09       1.82374E-09
       9.27500E-06       9.30000E-06       9.28750E-06       2.50006E-08       1.17078E-11       4.68303E-04       4.34936E-09       1.83545E-09
       9.30000E-06       9.32500E-06       9.31250E-06       2.49996E-08       1.17395E-11       4.69587E-04       4.37303E-09       1.84719E-09
       9.32500E-06       9.35000E-06       9.33750E-06       2.50006E-08       1.17712E-11       4.70836E-04       4.39643E-09       1.85896E-09
       9.35000E-06       9.37500E-06       9.36250E-06       2.49996E-08       1.18023E-11       4.72101E-04       4.42005E-09       1.87076E-09
       9.37500E-06       9.40000E-06       9.38750E-06       2.49996E-08       1.18340E-11       4.73367E-04       4.44374E-09       1.88260E-09
       9.40000E-06       9.42500E-06       9.41250E-06       2.50006E-08       1.18657E-11       4.74616E-04       4.46732E-09       1.89446E-09
       9.42500E-06       9.45000E-06       9.43750E-06       2.49996E-08       1.18969E-11       4.75881E-04       4.49113E-09       1.90636E-09
       9.45000E-06       9.47500E-06       9.46250E-06       2.50006E-08       1.19285E-11       4.77129E-04       4.51484E-09       1.91829E-09
       9.47500E-06       9.50000E-06       9.48750E-06       2.49996E-08       1.19602E-11       4.78414E-04       4.53895E-09       1.93025E-09
       9.50000E-06       9.52500E-06       9.51250E-06       2.49996E-08       1.19914E-11       4.79662E-04       4.56278E-09       1.94224E-09
       9.52500E-06       9.55000E-06       9.53750E-06       2.50006E-08       1.20230E-11       4.80910E-04       4.58668E-09       1.95426E-09
       9.55000E-06       9.57500E-06       9.56250E-06       2.49996E-08       1.20547E-11       4.82194E-04       4.61098E-09       1.96632E-09
       9.57500E-06       9.60000E-06       9.58750E-06       2.50006E-08       1.20863E-11       4.83442E-04       4.63500E-09       1.97840E-09
       9.60000E-06       9.62500E-06       9.61250E-06       2.49996E-08       1.21175E-11       4.84708E-04       4.65926E-09       1.99052E-09
       9.62500E-06       9.65000E-06       9.63750E-06       2.49996E-08       1.21492E-11       4.85974E-04       4.68358E-09       2.00267E-09
       9.65000E-06       9.67500E-06       9.66250E-06       2.50006E-08       1.21808E-11       4.87222E-04       4.70778E-09       2.01485E-09
       9.67500E-06       9.70000E-06       9.68750E-06       2.49996E-08       1.22120E-11       4.88488E-04       4.73223E-09       2.02706E-09
       9.70000E-06       9.72500E-06       9.71250E-06       2.50006E-08       1.22437E-11       4.89736E-04       4.75656E-09       2.03931E-09
       9.72500E-06       9.75000E-06       9.73750E-06       2.49996E-08       1.22753E-11       4.91021E-04       4.78132E-09       2.05158E-09
       9.75000E-06       9.77500E-06       9.76250E-06       2.49996E-08       1.23065E-11       4.92269E-04       4.80577E-09       2.06389E-09
       9.77500E-06       9.80000E-06       9.78750E-06       2.50006E-08       1.23382E-11       4.93516E-04       4.83029E-09       2.07623E-09
       9.80000E-06       9.82500E-06       9.81250E-06       2.49996E-08       1.23698E-11       4.94801E-04       4.85524E-09       2.08860E-09
       9.82500E-06       9.85000E-06       9.83750E-06       2.50006E-08       1.24015E-11       4.96049E-04       4.87988E-09       2.10100E-09
       9.85000E-06       9.87500E-06       9.86250E-06       2.49996E-08       1.24327E-11       4.97315E-04       4.90477E-09       2.11343E-09
       9.87500E-06       9.90000E-06       9.88750E-06       2.49996E-08       1.24643E-11       4.98581E-04       4.92972E-09       2.12590E-09
       9.90000E-06       9.92500E-06       9.91250E-06       2.50006E-08       1.24960E-11       4.99829E-04       4.95455E-09       2.13839E-09
       9.92500E-06       9.95000E-06       9.93750E-06       2.49996E-08       1.25272E-11       5.01095E-04       4.97963E-09       2.15092E-09
       9.95000E-06       9.97500E-06       9.96250E-06       2.50006E-08       1.25588E-11       5.02342E-04       5.00459E-09       2.16348E-09
       9.97500E-06       1.00000E-05       9.98750E-06       2.49996E-08       1.25905E-11       5.03628E-04       5.02998E-09       2.17607E-09
       1.00000E-05       1.04713E-05       1.02356E-05       4.71300E-07       2.43244E-10       5.16113E-04       5.28275E-09       2.41931E-09
       1.04713E-05       1.09648E-05       1.07180E-05       4.93500E-07       2.66707E-10       5.40441E-04       5.79247E-09       2.68602E-09
       1.09648E-05       1.14815E-05       1.12232E-05       5.16700E-07       2.92447E-10       5.65990E-04       6.35219E-09       2.97847E-09
       1.14815E-05       1.20226E-05       1.17521E-05       5.41101E-07       3.20654E-10       5.92596E-04       6.96422E-09       3.29912E-09
       1.20226E-05       1.25892E-05       1.23059E-05       5.66600E-07       3.51594E-10       6.20533E-04       7.63622E-09       3.65071E-09
       1.25892E-05       1.31826E-05       1.28859E-05       5.93400E-07       3.85518E-10       6.49676E-04       8.37166E-09       4.03623E-09
       1.31826E-05       1.38038E-05       1.34932E-05       6.21200E-07       4.22705E-10       6.80466E-04       9.18166E-09       4.45894E-09
       1.38038E-05       1.44544E-05       1.41291E-05       6.50600E-07       4.63495E-10       7.12412E-04       1.00657E-08       4.92243E-09
       1.44544E-05       1.51356E-05       1.47950E-05       6.81200E-07       5.08183E-10       7.46011E-04       1.10372E-08       5.43062E-09
       1.51356E-05       1.58489E-05       1.54922E-05       7.13300E-07       5.57250E-10       7.81229E-04       1.21030E-08       5.98787E-09
       1.58489E-05       1.65959E-05       1.62224E-05       7.47000E-07       6.11020E-10       8.17966E-04       1.32694E-08       6.59889E-09
       1.65959E-05       1.73780E-05       1.69869E-05       7.82101E-07       6.69957E-10       8.56613E-04       1.45512E-08       7.26884E-09
       1.73780E-05       1.81970E-05       1.77875E-05       8.19000E-07       7.34574E-10       8.96916E-04       1.59539E-08       8.00342E-09
       1.81970E-05       1.90546E-05       1.86258E-05       8.57599E-07       8.05476E-10       9.39222E-04       1.74938E-08       8.80889E-09
       1.90546E-05       1.99526E-05       1.95036E-05       8.98001E-07       8.83174E-10       9.83490E-04       1.91816E-08       9.69207E-09
       1.99526E-05       2.08930E-05       2.04228E-05       9.40399E-07       9.68368E-10       1.02974E-03       2.10302E-08       1.06604E-08
       2.08930E-05       2.18776E-05       2.13853E-05       9.84600E-07       1.06180E-09       1.07841E-03       2.30621E-08       1.17222E-08
       2.18776E-05       2.29087E-05       2.23932E-05       1.03110E-06       1.16422E-09       1.12910E-03       2.52842E-08       1.28865E-08
       2.29087E-05       2.39883E-05       2.34485E-05       1.07960E-06       1.27656E-09       1.18243E-03       2.77263E-08       1.41630E-08
       2.39883E-05       2.51189E-05       2.45536E-05       1.13060E-06       1.39969E-09       1.23801E-03       3.03975E-08       1.55627E-08
       2.51189E-05       2.63027E-05       2.57108E-05       1.18380E-06       1.53474E-09       1.29645E-03       3.33329E-08       1.70974E-08
       2.63027E-05       2.75423E-05       2.69225E-05       1.23960E-06       1.68283E-09       1.35756E-03       3.65489E-08       1.87803E-08
       2.75423E-05       2.88403E-05       2.81913E-05       1.29800E-06       1.84521E-09       1.42158E-03       4.00762E-08       2.06255E-08
       2.88403E-05       3.01995E-05       2.95199E-05       1.35920E-06       2.02319E-09       1.48851E-03       4.39408E-08       2.26487E-08
       3.01995E-05       3.16228E-05       3.09111E-05       1.42330E-06       2.21839E-09       1.55862E-03       4.81788E-08       2.48671E-08
       3.16228E-05       3.31131E-05       3.23679E-05       1.49030E-06       2.43244E-09       1.63219E-03       5.28305E-08       2.72995E-08
       3.31131E-05       3.46737E-05       3.38934E-05       1.56060E-06       2.66712E-09       1.70904E-03       5.79250E-08       2.99666E-08
       3.46737E-05       3.63078E-05       3.54907E-05       1.63410E-06       2.89780E-09       1.77333E-03       6.29367E-08       3.28644E-08
       3.63078E-05       3.80189E-05       3.71634E-05       1.71110E-06       3.10040E-09       1.81193E-03       6.73374E-08       3.59648E-08
       3.80189E-05       3.98107E-05       3.89148E-05       1.79180E-06       3.31767E-09       1.85158E-03       7.20540E-08       3.92825E-08
       3.98107E-05       4.16869E-05       4.07488E-05       1.87620E-06       3.55202E-09       1.89320E-03       7.71455E-08       4.28345E-08
       4.16869E-05       4.36516E-05       4.26692E-05       1.96470E-06       3.80494E-09       1.93666E-03       8.26356E-08       4.66394E-08
       4.36516E-05       4.57088E-05       4.46802E-05       2.05720E-06       4.07808E-09       1.98234E-03       8.85714E-08       5.07175E-08
       4.57088E-05       4.78630E-05       4.67859E-05       2.15420E-06       4.37309E-09       2.03003E-03       9.49768E-08       5.50906E-08
       4.78630E-05       5.01187E-05       4.89908E-05       2.25570E-06       4.69189E-09       2.08002E-03       1.01902E-07       5.97825E-08
       5.01187E-05       5.24808E-05       5.12998E-05       2.36210E-06       5.03662E-09       2.13226E-03       1.09385E-07       6.48191E-08
       5.24808E-05       5.49541E-05       5.37174E-05       2.47330E-06       5.39793E-09       2.18248E-03       1.17237E-07       7.02170E-08
       5.49541E-05       5.75440E-05       5.62490E-05       2.58990E-06       5.77762E-09       2.23083E-03       1.25482E-07       7.59947E-08
       5.75440E-05       6.02560E-05       5.89000E-05       2.71200E-06       6.18734E-09       2.28147E-03       1.34378E-07       8.21820E-08
       6.02560E-05       6.30957E-05       6.16758E-05       2.83970E-06       6.62960E-09       2.33462E-03       1.43989E-07       8.88116E-08
       6.30957E-05       6.60693E-05       6.45825E-05       2.97360E-06       7.10725E-09       2.39012E-03       1.54360E-07       9.59189E-08
       6.60693E-05       6.91831E-05       6.76262E-05       3.11380E-06       7.62334E-09       2.44824E-03       1.65565E-07       1.03542E-07
       6.91831E-05       7.24436E-05       7.08134E-05       3.26051E-06       8.17077E-09       2.50598E-03       1.77457E-07       1.11713E-07
       7.24436E-05       7.58578E-05       7.41507E-05       3.41420E-06       8.73938E-09       2.55972E-03       1.89805E-07       1.20452E-07
       7.58578E-05       7.94328E-05       7.76453E-05       3.57500E-06       9.35152E-09       2.61581E-03       2.03105E-07       1.29804E-07
       7.94328E-05       8.31764E-05       8.13046E-05       3.74360E-06       1.00119E-08       2.67441E-03       2.17442E-07       1.39816E-07
       8.31764E-05       8.70964E-05       8.51364E-05       3.92000E-06       1.07245E-08       2.73585E-03       2.32921E-07       1.50540E-07
       8.70964E-05       9.12011E-05       8.91488E-05       4.10471E-06       1.14940E-08       2.80021E-03       2.49635E-07       1.62034E-07
       9.12011E-05       9.54993E-05       9.33502E-05       4.29820E-06       1.23252E-08       2.86754E-03       2.67685E-07       1.74360E-07
       9.54993E-05       1.00000E-04       9.77497E-05       4.50070E-06       1.32235E-08       2.93811E-03       2.87199E-07       1.87583E-07
       1.00000E-04       1.04713E-04       1.02356E-04       4.71300E-06       1.41949E-08       3.01187E-03       3.08285E-07       2.01778E-07
       1.04713E-04       1.09648E-04       1.07181E-04       4.93501E-06       1.52154E-08       3.08317E-03       3.30455E-07       2.16994E-07
       1.09648E-04       1.14815E-04       1.12232E-04       5.16700E-06       1.62859E-08       3.15191E-03       3.53743E-07       2.33279E-07
       1.14815E-04       1.20226E-04       1.17520E-04       5.41100E-06       1.74399E-08       3.22305E-03       3.78774E-07       2.50719E-07
       1.20226E-04       1.25892E-04       1.23059E-04       5.66600E-06       1.86863E-08       3.29797E-03       4.05845E-07       2.69406E-07
       1.25892E-04       1.31826E-04       1.28859E-04       5.93401E-06       2.00323E-08       3.37585E-03       4.35009E-07       2.89438E-07
       1.31826E-04       1.38038E-04       1.34932E-04       6.21199E-06       2.14860E-08       3.45880E-03       4.66703E-07       3.10924E-07
       1.38038E-04       1.44544E-04       1.41291E-04       6.50601E-06       2.30326E-08       3.54020E-03       5.00198E-07       3.33957E-07
       1.44544E-04       1.51356E-04       1.47950E-04       6.81200E-06       2.46356E-08       3.61651E-03       5.35062E-07       3.58592E-07
       1.51356E-04       1.58489E-04       1.54922E-04       7.13300E-06       2.63610E-08       3.69564E-03       5.72537E-07       3.84953E-07
       1.58489E-04       1.65959E-04       1.62224E-04       7.47000E-06       2.82219E-08       3.77803E-03       6.12887E-07       4.13175E-07
       1.65959E-04       1.73780E-04       1.69870E-04       7.82100E-06       3.02300E-08       3.86524E-03       6.56586E-07       4.43405E-07
       1.73780E-04       1.81970E-04       1.77875E-04       8.19000E-06       3.23983E-08       3.95583E-03       7.03643E-07       4.75803E-07
       1.81970E-04       1.90546E-04       1.86258E-04       8.57600E-06       3.47406E-08       4.05091E-03       7.54514E-07       5.10544E-07
       1.90546E-04       1.99526E-04       1.95036E-04       8.98000E-06       3.72715E-08       4.15051E-03       8.09498E-07       5.47815E-07
       1.99526E-04       2.08930E-04       2.04228E-04       9.40399E-06       4.00086E-08       4.25443E-03       8.68874E-07       5.87824E-07
       2.08930E-04       2.18776E-04       2.13853E-04       9.84601E-06       4.28934E-08       4.35642E-03       9.31634E-07       6.30717E-07
       2.18776E-04       2.29087E-04       2.23932E-04       1.03110E-05       4.59094E-08       4.45246E-03       9.97047E-07       6.76627E-07
       2.29087E-04       2.39883E-04       2.34485E-04       1.07960E-05       4.91628E-08       4.55380E-03       1.06780E-06       7.25790E-07
       2.39883E-04       2.51189E-04       2.45536E-04       1.13060E-05       5.26744E-08       4.65897E-03       1.14395E-06       7.78464E-07
       2.51189E-04       2.63027E-04       2.57108E-04       1.18380E-05       5.64676E-08       4.77002E-03       1.22641E-06       8.34932E-07
       2.63027E-04       2.75423E-04       2.69225E-04       1.23960E-05       6.05652E-08       4.88587E-03       1.31540E-06       8.95497E-07
       2.75423E-04       2.88403E-04       2.81913E-04       1.29800E-05       6.49464E-08       5.00357E-03       1.41057E-06       9.60443E-07
       2.88403E-04       3.01995E-04       2.95199E-04       1.35920E-05       6.95320E-08       5.11566E-03       1.51014E-06       1.02998E-06
       3.01995E-04       3.16228E-04       3.09111E-04       1.42330E-05       7.44695E-08       5.23217E-03       1.61732E-06       1.10444E-06
       3.16228E-04       3.31131E-04       3.23680E-04       1.49030E-05       7.97990E-08       5.35455E-03       1.73316E-06       1.18424E-06
       3.31131E-04       3.46737E-04       3.38934E-04       1.56060E-05       8.55568E-08       5.48231E-03       1.85814E-06       1.26980E-06
       3.46737E-04       3.63078E-04       3.54908E-04       1.63410E-05       9.17773E-08       5.61638E-03       1.99330E-06       1.36158E-06
       3.63078E-04       3.80189E-04       3.71634E-04       1.71110E-05       9.85025E-08       5.75668E-03       2.13937E-06       1.46008E-06
       3.80189E-04       3.98107E-04       3.89148E-04       1.79180E-05       1.05777E-07       5.90337E-03       2.29728E-06       1.56586E-06
       3.98107E-04       4.16869E-04       4.07488E-04       1.87620E-05       1.13647E-07       6.05730E-03       2.46828E-06       1.67950E-06
       4.16869E-04       4.36516E-04       4.26692E-04       1.96470E-05       1.21985E-07       6.20882E-03       2.64926E-06       1.80149E-06
       4.36516E-04       4.57088E-04       4.46802E-04       2.05720E-05       1.30714E-07       6.35397E-03       2.83897E-06       1.93220E-06
       4.57088E-04       4.78630E-04       4.67859E-04       2.15420E-05       1.40137E-07       6.50528E-03       3.04355E-06       2.07234E-06
       4.78630E-04       5.01187E-04       4.89909E-04       2.25570E-05       1.50317E-07       6.66389E-03       3.26470E-06       2.22266E-06
       5.01187E-04       5.24808E-04       5.12998E-04       2.36210E-05       1.61324E-07       6.82970E-03       3.50362E-06       2.38398E-06
       5.24808E-04       5.49541E-04       5.37175E-04       2.47330E-05       1.73227E-07       7.00388E-03       3.76230E-06       2.55721E-06
       5.49541E-04       5.75440E-04       5.62491E-04       2.58990E-05       1.85944E-07       7.17960E-03       4.03845E-06       2.74315E-06
       5.75440E-04       6.02560E-04       5.89000E-04       2.71200E-05       1.99101E-07       7.34148E-03       4.32413E-06       2.94225E-06
       6.02560E-04       6.30957E-04       6.16758E-04       2.83970E-05       2.13239E-07       7.50923E-03       4.63138E-06       3.15549E-06
       6.30957E-04       6.60693E-04       6.45825E-04       2.97360E-05       2.28504E-07       7.68441E-03       4.96279E-06       3.38400E-06
       6.60693E-04       6.91831E-04       6.76262E-04       3.11380E-05       2.44991E-07       7.86792E-03       5.32078E-06       3.62899E-06
       6.91831E-04       7.24436E-04       7.08133E-04       3.26050E-05       2.62807E-07       8.06032E-03       5.70778E-06       3.89179E-06
       7.24436E-04       7.58578E-04       7.41507E-04       3.41420E-05       2.82066E-07       8.26156E-03       6.12601E-06       4.17386E-06
       7.58578E-04       7.94328E-04       7.76453E-04       3.57500E-05       3.02897E-07       8.47264E-03       6.57861E-06       4.47676E-06
       7.94328E-04       8.31764E-04       8.13046E-04       3.74360E-05       3.25438E-07       8.69319E-03       7.06796E-06       4.80220E-06
       8.31764E-04       8.70964E-04       8.51364E-04       3.92000E-05       3.49328E-07       8.91142E-03       7.58686E-06       5.15152E-06
       8.70964E-04       9.12011E-04       8.91487E-04       4.10470E-05       3.74196E-07       9.11627E-03       8.12704E-06       5.52572E-06
       9.12011E-04       9.54993E-04       9.33502E-04       4.29820E-05       4.01020E-07       9.32994E-03       8.70952E-06       5.92674E-06
       9.54993E-04       1.00000E-03       9.77497E-04       4.50070E-05       4.29992E-07       9.55390E-03       9.33890E-06       6.35673E-06
       1.00000E-03       1.04713E-03       1.02356E-03       4.71300E-05       4.61308E-07       9.78800E-03       1.00187E-05       6.81804E-06
       1.04713E-03       1.09648E-03       1.07180E-03       4.93500E-05       4.95152E-07       1.00335E-02       1.07539E-05       7.31319E-06
       1.09648E-03       1.14815E-03       1.12231E-03       5.16700E-05       5.31394E-07       1.02844E-02       1.15423E-05       7.84459E-06
       1.14815E-03       1.20226E-03       1.17520E-03       5.41100E-05       5.68842E-07       1.05127E-02       1.23546E-05       8.41343E-06
       1.20226E-03       1.25892E-03       1.23059E-03       5.66600E-05       6.09056E-07       1.07493E-02       1.32280E-05       9.02248E-06
       1.25892E-03       1.31826E-03       1.28859E-03       5.93400E-05       6.52458E-07       1.09953E-02       1.41684E-05       9.67494E-06
       1.31826E-03       1.38038E-03       1.34932E-03       6.21200E-05       6.99300E-07       1.12573E-02       1.51896E-05       1.03742E-05
       1.38038E-03       1.44544E-03       1.41291E-03       6.50599E-05       7.49932E-07       1.15268E-02       1.62863E-05       1.11242E-05
       1.44544E-03       1.51356E-03       1.47950E-03       6.81201E-05       8.04629E-07       1.18119E-02       1.74757E-05       1.19288E-05
       1.51356E-03       1.58489E-03       1.54923E-03       7.13300E-05       2.11310E-05       2.96244E-01       4.58948E-04       3.30598E-05
       1.58489E-03       1.65959E-03       1.62224E-03       7.47000E-05       3.21548E-05       4.30452E-01       6.98297E-04       6.52146E-05
       1.65959E-03       1.73780E-03       1.69870E-03       7.82101E-05       3.36630E-05       4.30418E-01       7.31149E-04       9.88776E-05
       1.73780E-03       1.81970E-03       1.77875E-03       8.18999E-05       3.52475E-05       4.30373E-01       7.65526E-04       1.34125E-04
       1.81970E-03       1.90546E-03       1.86258E-03       8.57600E-05       3.68866E-05       4.30114E-01       8.01122E-04       1.71012E-04
       1.90546E-03       1.99526E-03       1.95036E-03       8.98001E-05       3.86297E-05       4.30175E-01       8.38996E-04       2.09641E-04
       1.99526E-03       2.08930E-03       2.04228E-03       9.40400E-05       4.04408E-05       4.30039E-01       8.78259E-04       2.50082E-04
       2.08930E-03       2.18776E-03       2.13853E-03       9.84600E-05       4.23327E-05       4.29948E-01       9.19457E-04       2.92415E-04
       2.18776E-03       2.29087E-03       2.23932E-03       1.03110E-04       4.43172E-05       4.29805E-01       9.62468E-04       3.36732E-04
       2.29087E-03       2.39883E-03       2.34485E-03       1.07960E-04       4.63848E-05       4.29648E-01       1.00746E-03       3.83117E-04
       2.39883E-03       2.51189E-03       2.45536E-03       1.13060E-04       4.85584E-05       4.29493E-01       1.05456E-03       4.31675E-04
       2.51189E-03       2.63027E-03       2.57108E-03       1.18380E-04       5.08140E-05       4.29245E-01       1.10362E-03       4.82489E-04
       2.63027E-03       2.75423E-03       2.69225E-03       1.23960E-04       5.31963E-05       4.29141E-01       1.15536E-03       5.35686E-04
       2.75423E-03       2.88403E-03       2.81913E-03       1.29800E-04       5.56810E-05       4.28975E-01       1.20934E-03       5.91367E-04
       2.88403E-03       3.01995E-03       2.95199E-03       1.35920E-04       5.82754E-05       4.28748E-01       1.26566E-03       6.49642E-04
       3.01995E-03       3.16228E-03       3.09112E-03       1.42330E-04       6.09987E-05       4.28572E-01       1.32477E-03       7.10641E-04
       3.16228E-03       3.31131E-03       3.23679E-03       1.49030E-04       6.38275E-05       4.28286E-01       1.38627E-03       7.74468E-04
       3.31131E-03       3.46737E-03       3.38934E-03       1.56060E-04       6.68072E-05       4.28086E-01       1.45093E-03       8.41275E-04
       3.46737E-03       3.63078E-03       3.54907E-03       1.63410E-04       6.98930E-05       4.27716E-01       1.51799E-03       9.11168E-04
       3.63078E-03       3.80189E-03       3.71633E-03       1.71110E-04       7.31153E-05       4.27300E-01       1.58799E-03       9.84284E-04
       3.80189E-03       3.98107E-03       3.89148E-03       1.79180E-04       7.65011E-05       4.26951E-01       1.66147E-03       1.06078E-03
       3.98107E-03       4.16869E-03       4.07488E-03       1.87620E-04       8.00263E-05       4.26534E-01       1.73808E-03       1.14081E-03
       4.16869E-03       4.36516E-03       4.26693E-03       1.96470E-04       8.37179E-05       4.26110E-01       1.81818E-03       1.22453E-03
       4.36516E-03       4.57088E-03       4.46802E-03       2.05720E-04       8.75747E-05       4.25699E-01       1.90203E-03       1.31210E-03
       4.57088E-03       4.78630E-03       4.67859E-03       2.15420E-04       9.15949E-05       4.25192E-01       1.98930E-03       1.40370E-03
       4.78630E-03       5.01187E-03       4.89909E-03       2.25570E-04       9.57753E-05       4.24592E-01       2.08011E-03       1.49947E-03
       5.01187E-03       5.24807E-03       5.12997E-03       2.36200E-04       1.00170E-04       4.24089E-01       2.17556E-03       1.59964E-03
       5.24807E-03       5.49541E-03       5.37174E-03       2.47340E-04       1.04743E-04       4.23476E-01       2.27481E-03       1.70439E-03
       5.49541E-03       5.75440E-03       5.62491E-03       2.58990E-04       1.09521E-04       4.22878E-01       2.37865E-03       1.81391E-03
       5.75440E-03       6.02560E-03       5.89000E-03       2.71200E-04       1.14514E-04       4.22248E-01       2.48704E-03       1.92842E-03
       6.02560E-03       6.30957E-03       6.16759E-03       2.83970E-04       1.19723E-04       4.21603E-01       2.60027E-03       2.04814E-03
       6.30957E-03       6.60693E-03       6.45825E-03       2.97360E-04       1.25157E-04       4.20894E-01       2.71824E-03       2.17330E-03
       6.60693E-03       6.91831E-03       6.76262E-03       3.11380E-04       1.30844E-04       4.20207E-01       2.84170E-03       2.30414E-03
       6.91831E-03       7.24436E-03       7.08133E-03       3.26050E-04       1.36740E-04       4.19385E-01       2.96980E-03       2.44088E-03
       7.24436E-03       7.58578E-03       7.41507E-03       3.41420E-04       1.42890E-04       4.18518E-01       3.10334E-03       2.58378E-03
       7.58578E-03       7.94328E-03       7.76453E-03       3.57500E-04       1.49312E-04       4.17655E-01       3.24290E-03       2.73309E-03
       7.94328E-03       8.31764E-03       8.13046E-03       3.74360E-04       1.56009E-04       4.16735E-01       3.38825E-03       2.88910E-03
       8.31764E-03       8.70964E-03       8.51364E-03       3.92000E-04       1.62991E-04       4.15794E-01       3.53992E-03       3.05209E-03
       8.70964E-03       9.12011E-03       8.91487E-03       4.10471E-04       1.70270E-04       4.14817E-01       3.69804E-03       3.22236E-03
       9.12011E-03       9.54993E-03       9.33502E-03       4.29819E-04       1.77820E-04       4.13708E-01       3.86197E-03       3.40018E-03
       9.54993E-03       1.00000E-02       9.77496E-03       4.50070E-04       1.85670E-04       4.12536E-01       4.03252E-03       3.58585E-03
       1.00000E-02       1.04713E-02       1.02357E-02       4.71300E-04       1.93854E-04       4.11318E-01       4.21011E-03       3.77970E-03
       1.04713E-02       1.09648E-02       1.07180E-02       4.93500E-04       2.02371E-04       4.10073E-01       4.39518E-03       3.98207E-03
       1.09648E-02       1.14815E-02       1.12232E-02       5.16700E-04       2.17484E-04       4.20909E-01       4.72392E-03       4.19956E-03
       1.14815E-02       1.20226E-02       1.17521E-02       5.41100E-04       2.38171E-04       4.40162E-01       5.17280E-03       4.43773E-03
       1.20226E-02       1.25892E-02       1.23059E-02       5.66601E-04       2.48595E-04       4.38748E-01       5.39919E-03       4.68632E-03
       1.25892E-02       1.31826E-02       1.28859E-02       5.93399E-04       2.59458E-04       4.37240E-01       5.63423E-03       4.94578E-03
       1.31826E-02       1.38038E-02       1.34932E-02       6.21200E-04       2.70964E-04       4.36194E-01       5.88566E-03       5.21674E-03
       1.38038E-02       1.44544E-02       1.41291E-02       6.50601E-04       2.82699E-04       4.34521E-01       6.13939E-03       5.49944E-03
       1.44544E-02       1.51356E-02       1.47950E-02       6.81199E-04       2.94833E-04       4.32815E-01       6.40349E-03       5.79428E-03
       1.51356E-02       1.58489E-02       1.54923E-02       7.13301E-04       3.07455E-04       4.31032E-01       6.67765E-03       6.10173E-03
       1.58489E-02       1.65959E-02       1.62224E-02       7.47000E-04       3.20572E-04       4.29146E-01       6.96179E-03       6.42230E-03
       1.65959E-02       1.73780E-02       1.69870E-02       7.82100E-04       3.34209E-04       4.27323E-01       7.25891E-03       6.75651E-03
       1.73780E-02       1.81970E-02       1.77875E-02       8.19000E-04       3.48379E-04       4.25371E-01       7.56629E-03       7.10489E-03
       1.81970E-02       1.90546E-02       1.86258E-02       8.57600E-04       3.62978E-04       4.23249E-01       7.88335E-03       7.46787E-03
       1.90546E-02       1.99526E-02       1.95036E-02       8.98000E-04       3.78103E-04       4.21051E-01       8.21200E-03       7.84597E-03
       1.99526E-02       2.08930E-02       2.04228E-02       9.40400E-04       3.93825E-04       4.18784E-01       8.55274E-03       8.23980E-03
       2.08930E-02       2.18776E-02       2.13853E-02       9.84600E-04       4.10128E-04       4.16543E-01       8.90789E-03       8.64992E-03
       2.18776E-02       2.29087E-02       2.23931E-02       1.03110E-03       4.27604E-04       4.14707E-01       9.28659E-03       9.07753E-03
       2.29087E-02       2.39883E-02       2.34485E-02       1.07960E-03       4.45339E-04       4.12503E-01       9.67258E-03       9.52287E-03
       2.39883E-02       2.51189E-02       2.45536E-02       1.13060E-03       4.63626E-04       4.10071E-01       1.00687E-02       9.98649E-03
       2.51189E-02       2.63027E-02       2.57108E-02       1.18380E-03       4.82959E-04       4.07973E-01       1.04893E-02       1.04695E-02
       2.63027E-02       2.75423E-02       2.69225E-02       1.23960E-03       5.22709E-04       4.21675E-01       1.13525E-02       1.09922E-02
       2.75423E-02       2.88403E-02       2.81913E-02       1.29800E-03       5.82780E-04       4.48983E-01       1.26574E-02       1.15749E-02
       2.88403E-02       3.01995E-02       2.95199E-02       1.35920E-03       6.07016E-04       4.46598E-01       1.31835E-02       1.21820E-02
       3.01995E-02       3.16228E-02       3.09112E-02       1.42330E-03       6.32236E-04       4.44204E-01       1.37308E-02       1.28142E-02
       3.16228E-02       3.31131E-02       3.23680E-02       1.49030E-03       6.61555E-04       4.43907E-01       1.43684E-02       1.34757E-02
       3.31131E-02       3.46737E-02       3.38934E-02       1.56060E-03       6.90059E-04       4.42176E-01       1.49868E-02       1.41658E-02
       3.46737E-02       3.63078E-02       3.54908E-02       1.63410E-03       7.18790E-04       4.39869E-01       1.56113E-02       1.48846E-02
       3.63078E-02       3.80189E-02       3.71633E-02       1.71110E-03       7.49715E-04       4.38149E-01       1.62831E-02       1.56343E-02
       3.80189E-02       3.98107E-02       3.89148E-02       1.79180E-03       7.81933E-04       4.36395E-01       1.69822E-02       1.64162E-02
       3.98107E-02       4.16869E-02       4.07488E-02       1.87620E-03       8.14361E-04       4.34048E-01       1.76869E-02       1.72306E-02
       4.16869E-02       4.36516E-02       4.26693E-02       1.96470E-03       8.50787E-04       4.33036E-01       1.84773E-02       1.80814E-02
       4.36516E-02       4.57088E-02       4.46802E-02       2.05720E-03       8.86613E-04       4.30980E-01       1.92563E-02       1.89680E-02
       4.57088E-02       4.78630E-02       4.67859E-02       2.15420E-03       9.22940E-04       4.28438E-01       2.00448E-02       1.98909E-02
       4.78630E-02       5.01187E-02       4.89908E-02       2.25570E-03       9.60904E-04       4.25989E-01       2.08696E-02       2.08518E-02
       5.01187E-02       5.24808E-02       5.12998E-02       2.36210E-03       1.00060E-03       4.23608E-01       2.17310E-02       2.18525E-02
       5.24808E-02       5.49541E-02       5.37174E-02       2.47330E-03       1.04208E-03       4.21331E-01       2.26328E-02       2.28945E-02
       5.49541E-02       5.75440E-02       5.62491E-02       2.58990E-03       1.08510E-03       4.18974E-01       2.35669E-02       2.39796E-02
       5.75440E-02       6.02560E-02       5.89000E-02       2.71200E-03       1.13011E-03       4.16708E-01       2.45441E-02       2.51097E-02
       6.02560E-02       6.30957E-02       6.16758E-02       2.83970E-03       1.17734E-03       4.14601E-01       2.55709E-02       2.62871E-02
       6.30957E-02       6.60693E-02       6.45825E-02       2.97360E-03       1.22696E-03       4.12616E-01       2.66478E-02       2.75140E-02
       6.60693E-02       6.91831E-02       6.76262E-02       3.11380E-03       1.27915E-03       4.10798E-01       2.77807E-02       2.87932E-02
       6.91831E-02       7.24436E-02       7.08134E-02       3.26050E-03       1.33409E-03       4.09166E-01       2.89744E-02       3.01273E-02
       7.24436E-02       7.58578E-02       7.41507E-02       3.41420E-03       1.39159E-03       4.07590E-01       3.02231E-02       3.15189E-02
       7.58578E-02       7.94328E-02       7.76453E-02       3.57500E-03       1.45211E-03       4.06183E-01       3.15382E-02       3.29710E-02
       7.94328E-02       8.31764E-02       8.13046E-02       3.74360E-03       1.51603E-03       4.04966E-01       3.29256E-02       3.44870E-02
       8.31764E-02       8.70964E-02       8.51364E-02       3.92000E-03       1.58360E-03       4.03979E-01       3.43934E-02       3.60706E-02
       8.70964E-02       9.12011E-02       8.91488E-02       4.10470E-03       1.65528E-03       4.03265E-01       3.59506E-02       3.77259E-02
       9.12011E-02       9.54993E-02       9.33502E-02       4.29820E-03       1.73241E-03       4.03055E-01       3.76253E-02       3.94583E-02
       9.54993E-02       1.00000E-01       9.77497E-02       4.50070E-03       1.81483E-03       4.03233E-01       3.94159E-02       4.12731E-02
       1.00000E-01       1.04713E-01       1.02357E-01       4.71300E-03       1.90538E-03       4.04281E-01       4.13808E-02       4.31785E-02
       1.04713E-01       1.09648E-01       1.07180E-01       4.93500E-03       2.00259E-03       4.05793E-01       4.34931E-02       4.51811E-02
       1.09648E-01       1.14815E-01       1.12231E-01       5.16700E-03       2.10541E-03       4.07473E-01       4.57313E-02       4.72865E-02
       1.14815E-01       1.20226E-01       1.17520E-01       5.41100E-03       2.21473E-03       4.09302E-01       4.81014E-02       4.95012E-02
       1.20226E-01       1.25892E-01       1.23059E-01       5.66600E-03       2.33141E-03       4.11473E-01       5.06355E-02       5.18326E-02
       1.25892E-01       1.31826E-01       1.28859E-01       5.93400E-03       2.45576E-03       4.13845E-01       5.33277E-02       5.42884E-02
       1.31826E-01       1.38038E-01       1.34932E-01       6.21200E-03       2.58818E-03       4.16641E-01       5.62182E-02       5.68766E-02
       1.38038E-01       1.44544E-01       1.41291E-01       6.50600E-03       2.72917E-03       4.19485E-01       5.92695E-02       5.96058E-02
       1.44544E-01       1.51356E-01       1.47950E-01       6.81200E-03       2.87713E-03       4.22363E-01       6.24885E-02       6.24829E-02
       1.51356E-01       1.58489E-01       1.54923E-01       7.13300E-03       3.03335E-03       4.25256E-01       6.58818E-02       6.55162E-02
       1.58489E-01       1.65959E-01       1.62224E-01       7.47000E-03       3.19884E-03       4.28224E-01       6.94683E-02       6.87151E-02
       1.65959E-01       1.73780E-01       1.69869E-01       7.82100E-03       3.37384E-03       4.31382E-01       7.32786E-02       7.20889E-02
       1.73780E-01       1.81970E-01       1.77875E-01       8.19000E-03       3.55843E-03       4.34485E-01       7.72841E-02       7.56474E-02
       1.81970E-01       1.90546E-01       1.86258E-01       8.57600E-03       3.75091E-03       4.37373E-01       8.14642E-02       7.93983E-02
       1.90546E-01       1.99526E-01       1.95036E-01       8.98000E-03       3.95241E-03       4.40135E-01       8.58421E-02       8.33507E-02
       1.99526E-01       2.08930E-01       2.04228E-01       9.40400E-03       4.16969E-03       4.43395E-01       9.05537E-02       8.75204E-02
       2.08930E-01       2.18776E-01       2.13853E-01       9.84600E-03       4.48193E-03       4.55203E-01       9.73465E-02       9.20023E-02
       2.18776E-01       2.29087E-01       2.23931E-01       1.03110E-02       4.85673E-03       4.71024E-01       1.05477E-01       9.68590E-02
       2.29087E-01       2.39883E-01       2.34485E-01       1.07960E-02       5.26434E-03       4.87619E-01       1.14339E-01       1.02123E-01
       2.39883E-01       2.51189E-01       2.45536E-01       1.13060E-02       5.70381E-03       5.04494E-01       1.23872E-01       1.07827E-01
       2.51189E-01       2.63027E-01       2.57108E-01       1.18380E-02       6.16772E-03       5.21010E-01       1.33956E-01       1.13995E-01
       2.63027E-01       2.75423E-01       2.69225E-01       1.23960E-02       6.65893E-03       5.37184E-01       1.44623E-01       1.20654E-01
       2.75423E-01       2.88403E-01       2.81913E-01       1.29800E-02       7.18664E-03       5.53671E-01       1.56087E-01       1.27840E-01
       2.88403E-01       3.01995E-01       2.95199E-01       1.35920E-02       7.73703E-03       5.69234E-01       1.68037E-01       1.35577E-01
       3.01995E-01       3.16228E-01       3.09112E-01       1.42330E-02       8.31855E-03       5.84455E-01       1.80662E-01       1.43896E-01
       3.16228E-01       3.31131E-01       3.23680E-01       1.49030E-02       8.94344E-03       6.00110E-01       1.94243E-01       1.52839E-01
       3.31131E-01       3.46737E-01       3.38934E-01       1.56060E-02       9.61619E-03       6.16185E-01       2.08846E-01       1.62456E-01
       3.46737E-01       3.63078E-01       3.54908E-01       1.63410E-02       1.03342E-02       6.32410E-01       2.24447E-01       1.72790E-01
       3.63078E-01       3.80189E-01       3.71633E-01       1.71110E-02       1.10807E-02       6.47577E-01       2.40661E-01       1.83871E-01
       3.80189E-01       3.98107E-01       3.89148E-01       1.79180E-02       1.18848E-02       6.63286E-01       2.58117E-01       1.95755E-01
       3.98107E-01       4.16869E-01       4.07488E-01       1.87620E-02       1.27566E-02       6.79916E-01       2.77058E-01       2.08512E-01
       4.16869E-01       4.36516E-01       4.26692E-01       1.96470E-02       1.36830E-02       6.96440E-01       2.97166E-01       2.22195E-01
       4.36516E-01       4.57088E-01       4.46802E-01       2.05720E-02       1.46552E-02       7.12387E-01       3.18296E-01       2.36850E-01
       4.57088E-01       4.78630E-01       4.67859E-01       2.15420E-02       1.57158E-02       7.29544E-01       3.41324E-01       2.52566E-01
       4.78630E-01       5.01187E-01       4.89909E-01       2.25570E-02       1.68776E-02       7.48219E-01       3.66559E-01       2.69444E-01
       5.01187E-01       5.24808E-01       5.12998E-01       2.36210E-02       1.81537E-02       7.68542E-01       3.94260E-01       2.87597E-01
       5.24808E-01       5.49541E-01       5.37174E-01       2.47330E-02       1.95584E-02       7.90782E-01       4.24788E-01       3.07156E-01
       5.49541E-01       5.75440E-01       5.62490E-01       2.58990E-02       2.11103E-02       8.15102E-01       4.58487E-01       3.28266E-01
       5.75440E-01       6.02560E-01       5.89000E-01       2.71200E-02       2.28286E-02       8.41764E-01       4.95799E-01       3.51095E-01
       6.02560E-01       6.30957E-01       6.16758E-01       2.83970E-02       2.48117E-02       8.73745E-01       5.38890E-01       3.75906E-01
       6.30957E-01       6.60693E-01       6.45825E-01       2.97360E-02       3.28145E-02       1.10353E+00       7.12686E-01       4.08721E-01
       6.60693E-01       6.91831E-01       6.76262E-01       3.11380E-02       2.87805E-02       9.24290E-01       6.25062E-01       4.37501E-01
       6.91831E-01       7.24436E-01       7.08133E-01       3.26050E-02       2.75546E-02       8.45102E-01       5.98445E-01       4.65056E-01
       7.24436E-01       7.58578E-01       7.41507E-01       3.41420E-02       2.74200E-02       8.03117E-01       5.95517E-01       4.92476E-01
       7.58578E-01       7.94328E-01       7.76453E-01       3.57500E-02       2.73262E-02       7.64369E-01       5.93497E-01       5.19802E-01
       7.94328E-01       8.31764E-01       8.13046E-01       3.74360E-02       2.72115E-02       7.26881E-01       5.90988E-01       5.47014E-01
       8.31764E-01       8.70964E-01       8.51364E-01       3.92000E-02       2.70597E-02       6.90299E-01       5.87696E-01       5.74073E-01
       8.70964E-01       9.12011E-01       8.91487E-01       4.10470E-02       2.67942E-02       6.52769E-01       5.81935E-01       6.00868E-01
       9.12011E-01       9.54993E-01       9.33502E-01       4.29820E-02       2.63589E-02       6.13255E-01       5.72475E-01       6.27227E-01
       9.54993E-01       1.00000E+00       9.77497E-01       4.50070E-02       2.57264E-02       5.71608E-01       5.58745E-01       6.52953E-01
       1.00000E+00       1.04713E+00       1.02357E+00       4.71300E-02       2.48684E-02       5.27655E-01       5.40090E-01       6.77821E-01
       1.04713E+00       1.09648E+00       1.07181E+00       4.93500E-02       2.37601E-02       4.81461E-01       5.16033E-01       7.01582E-01
       1.09648E+00       1.14815E+00       1.12231E+00       5.16700E-02       2.25092E-02       4.35634E-01       4.88919E-01       7.24091E-01
       1.14815E+00       1.20226E+00       1.17520E+00       5.41100E-02       2.10372E-02       3.88785E-01       4.56902E-01       7.45128E-01
       1.20226E+00       1.25892E+00       1.23059E+00       5.66600E-02       1.92892E-02       3.40437E-01       4.18938E-01       7.64417E-01
       1.25892E+00       1.31826E+00       1.28859E+00       5.93400E-02       1.73085E-02       2.91684E-01       3.75861E-01       7.81726E-01
       1.31826E+00       1.38038E+00       1.34932E+00       6.21200E-02       1.52158E-02       2.44942E-01       3.30506E-01       7.96941E-01
       1.38038E+00       1.44544E+00       1.41291E+00       6.50600E-02       1.46622E-02       2.25365E-01       3.18420E-01       8.11604E-01
       1.44544E+00       1.51356E+00       1.47950E+00       6.81200E-02       1.44323E-02       2.11865E-01       3.13455E-01       8.26036E-01
       1.51356E+00       1.58489E+00       1.54923E+00       7.13300E-02       1.41268E-02       1.98048E-01       3.06821E-01       8.40163E-01
       1.58489E+00       1.65959E+00       1.62224E+00       7.47000E-02       1.37334E-02       1.83848E-01       2.98245E-01       8.53896E-01
       1.65959E+00       1.73780E+00       1.69869E+00       7.82100E-02       1.32702E-02       1.69674E-01       2.88224E-01       8.67166E-01
       1.73780E+00       1.81970E+00       1.77875E+00       8.19000E-02       1.31344E-02       1.60372E-01       2.85261E-01       8.80301E-01
       1.81970E+00       1.90546E+00       1.86258E+00       8.57600E-02       1.32192E-02       1.54142E-01       2.87101E-01       8.93520E-01
       1.90546E+00       1.99526E+00       1.95036E+00       8.98000E-02       1.35665E-02       1.51075E-01       2.94650E-01       9.07086E-01
       1.99526E+00       2.08930E+00       2.04228E+00       9.40400E-02       1.42283E-02       1.51301E-01       3.08998E-01       9.21315E-01
       2.08930E+00       2.18776E+00       2.13853E+00       9.84600E-02       1.26125E-02       1.28097E-01       2.73940E-01       9.33927E-01
       2.18776E+00       2.29087E+00       2.23932E+00       1.03110E-01       1.18603E-02       1.15026E-01       2.57580E-01       9.45787E-01
       2.29087E+00       2.39883E+00       2.34485E+00       1.07960E-01       1.08589E-02       1.00583E-01       2.35852E-01       9.56646E-01
       2.39883E+00       2.51189E+00       2.45536E+00       1.13060E-01       7.81195E-03       6.90956E-02       1.69655E-01       9.64458E-01
       2.51189E+00       2.63027E+00       2.57108E+00       1.18380E-01       4.92592E-03       4.16111E-02       1.06985E-01       9.69384E-01
       2.63027E+00       2.75423E+00       2.69225E+00       1.23960E-01       4.46188E-03       3.59945E-02       9.69061E-02       9.73846E-01
       2.75423E+00       2.88403E+00       2.81913E+00       1.29800E-01       3.95612E-03       3.04786E-02       8.59231E-02       9.77802E-01
       2.88403E+00       3.01995E+00       2.95199E+00       1.35920E-01       3.52189E-03       2.59115E-02       7.64905E-02       9.81324E-01
       3.01995E+00       3.16228E+00       3.09111E+00       1.42330E-01       3.09960E-03       2.17776E-02       6.73170E-02       9.84424E-01
       3.16228E+00       3.31131E+00       3.23679E+00       1.49030E-01       2.75181E-03       1.84648E-02       5.97667E-02       9.87176E-01
       3.31131E+00       3.46737E+00       3.38934E+00       1.56060E-01       2.45408E-03       1.57252E-02       5.32982E-02       9.89630E-01
       3.46737E+00       3.63078E+00       3.54908E+00       1.63410E-01       2.18305E-03       1.33593E-02       4.74133E-02       9.91813E-01
       3.63078E+00       3.80189E+00       3.71633E+00       1.71110E-01       1.93256E-03       1.12942E-02       4.19731E-02       9.93745E-01
       3.80189E+00       3.98107E+00       3.89148E+00       1.79180E-01       1.67543E-03       9.35054E-03       3.63874E-02       9.95421E-01
       3.98107E+00       4.16869E+00       4.07488E+00       1.87620E-01       1.39780E-03       7.45017E-03       3.03585E-02       9.96818E-01
       4.16869E+00       4.36516E+00       4.26692E+00       1.96470E-01       1.10044E-03       5.60107E-03       2.38993E-02       9.97919E-01
       4.36516E+00       4.57088E+00       4.46802E+00       2.05720E-01       8.04568E-04       3.91099E-03       1.74744E-02       9.98723E-01
       4.57088E+00       4.78630E+00       4.67859E+00       2.15420E-01       5.49792E-04       2.55219E-03       1.19406E-02       9.99273E-01
       4.78630E+00       5.00000E+00       4.89315E+00       2.13700E-01       3.47823E-04       1.62762E-03       7.96420E-03       9.99621E-01
       5.00000E+00       5.20000E+00       5.10000E+00       2.00000E-01       2.06487E-04       1.03244E-03       5.26542E-03       9.99828E-01
       5.20000E+00       5.40000E+00       5.30000E+00       2.00000E-01       1.25555E-04       6.27777E-04       3.32722E-03       9.99953E-01
       5.40000E+00       5.60000E+00       5.50000E+00       2.00000E-01       4.68798E-05       2.34399E-04       1.28919E-03       1.00000E+00

 Sum =                                                                         1.00000E+00
 Renormalization bin#   973 =                                                  2.14805E-01 barn        1.94000E+07        1.96000E+07        1.95000E+07
 Avg. Energy     bin#   973 =                                                  9.49578E-01 MeV         1.94000E+07        1.96000E+07
