"        MT=  4 recoil spectrum "
" Initial neutron energy corresponds to the group:"
   1.56000E+01    1.58000E+01       0.00000E+00           266           898           633



          Low               High              Mid              Energy           Number             dn/de            E*dn/de          Cumulative
         Energy            Energy            Energy             Width          Fraction                               Sum   
         [MeV]             [MeV]             [MeV]              [MeV]

       1.25000E-06       1.27500E-06       1.26250E-06       2.50000E-08       0.00000E+00       0.00000E+00       0.00000E+00       0.00000E+00
       1.27500E-06       1.30000E-06       1.28750E-06       2.50000E-08       2.64257E-12       1.05703E-04       1.36093E-10       2.64257E-12
       1.30000E-06       1.32500E-06       1.31250E-06       2.50001E-08       2.69396E-12       1.07758E-04       1.41432E-10       5.33653E-12
       1.32500E-06       1.35000E-06       1.33750E-06       2.50000E-08       2.74535E-12       1.09814E-04       1.46876E-10       8.08188E-12
       1.35000E-06       1.37500E-06       1.36250E-06       2.50000E-08       2.79647E-12       1.11859E-04       1.52408E-10       1.08784E-11
       1.37500E-06       1.40000E-06       1.38750E-06       2.50000E-08       2.84786E-12       1.13915E-04       1.58057E-10       1.37262E-11
       1.40000E-06       1.42500E-06       1.41250E-06       2.50000E-08       2.89925E-12       1.15970E-04       1.63808E-10       1.66255E-11
       1.42500E-06       1.45000E-06       1.43750E-06       2.50001E-08       2.95038E-12       1.18015E-04       1.69646E-10       1.95758E-11
       1.45000E-06       1.47500E-06       1.46250E-06       2.50000E-08       3.00177E-12       1.20071E-04       1.75603E-10       2.25776E-11
       1.47500E-06       1.50000E-06       1.48750E-06       2.50000E-08       3.05315E-12       1.22126E-04       1.81663E-10       2.56308E-11
       1.50000E-06       1.52500E-06       1.51250E-06       2.50000E-08       3.10454E-12       1.24182E-04       1.87825E-10       2.87353E-11
       1.52500E-06       1.55000E-06       1.53750E-06       2.50000E-08       3.15567E-12       1.26227E-04       1.94074E-10       3.18910E-11
       1.55000E-06       1.57500E-06       1.56250E-06       2.50001E-08       3.20706E-12       1.28282E-04       2.00440E-10       3.50980E-11
       1.57500E-06       1.60000E-06       1.58750E-06       2.50000E-08       3.25845E-12       1.30338E-04       2.06912E-10       3.83565E-11
       1.60000E-06       1.62500E-06       1.61250E-06       2.50000E-08       3.30957E-12       1.32383E-04       2.13468E-10       4.16660E-11
       1.62500E-06       1.65000E-06       1.63750E-06       2.50000E-08       3.36096E-12       1.34439E-04       2.20143E-10       4.50270E-11
       1.65000E-06       1.67500E-06       1.66250E-06       2.50000E-08       3.41235E-12       1.36494E-04       2.26921E-10       4.84394E-11
       1.67500E-06       1.70000E-06       1.68750E-06       2.50001E-08       3.46374E-12       1.38549E-04       2.33801E-10       5.19031E-11
       1.70000E-06       1.72500E-06       1.71250E-06       2.50000E-08       3.51486E-12       1.40595E-04       2.40768E-10       5.54180E-11
       1.72500E-06       1.75000E-06       1.73750E-06       2.50000E-08       3.56625E-12       1.42650E-04       2.47855E-10       5.89842E-11
       1.75000E-06       1.77500E-06       1.76250E-06       2.50000E-08       3.61764E-12       1.44706E-04       2.55044E-10       6.26018E-11
       1.77500E-06       1.80000E-06       1.78750E-06       2.50000E-08       3.66877E-12       1.46751E-04       2.62317E-10       6.62706E-11
       1.80000E-06       1.82500E-06       1.81250E-06       2.50001E-08       3.72016E-12       1.48806E-04       2.69710E-10       6.99908E-11
       1.82500E-06       1.85000E-06       1.83750E-06       2.50000E-08       3.77154E-12       1.50862E-04       2.77209E-10       7.37623E-11
       1.85000E-06       1.87500E-06       1.86250E-06       2.50000E-08       3.82293E-12       1.52917E-04       2.84809E-10       7.75852E-11
       1.87500E-06       1.90000E-06       1.88750E-06       2.50000E-08       3.87406E-12       1.54962E-04       2.92492E-10       8.14593E-11
       1.90000E-06       1.92500E-06       1.91250E-06       2.50000E-08       3.92545E-12       1.57018E-04       3.00297E-10       8.53848E-11
       1.92500E-06       1.95000E-06       1.93750E-06       2.50001E-08       3.97683E-12       1.59073E-04       3.08204E-10       8.93616E-11
       1.95000E-06       1.97500E-06       1.96250E-06       2.50000E-08       4.02796E-12       1.61119E-04       3.16195E-10       9.33895E-11
       1.97500E-06       2.00000E-06       1.98750E-06       2.50000E-08       4.07935E-12       1.63174E-04       3.24309E-10       9.74689E-11
       2.00000E-06       2.02500E-06       2.01250E-06       2.50001E-08       4.13074E-12       1.65229E-04       3.32523E-10       1.01600E-10
       2.02500E-06       2.05000E-06       2.03750E-06       2.49999E-08       4.18213E-12       1.67286E-04       3.40845E-10       1.05782E-10
       2.05000E-06       2.07500E-06       2.06250E-06       2.50001E-08       4.23325E-12       1.69329E-04       3.49242E-10       1.10015E-10
       2.07500E-06       2.10000E-06       2.08750E-06       2.49999E-08       4.28464E-12       1.71387E-04       3.57770E-10       1.14300E-10
       2.10000E-06       2.12500E-06       2.11250E-06       2.50001E-08       4.33603E-12       1.73441E-04       3.66393E-10       1.18636E-10
       2.12500E-06       2.15000E-06       2.13750E-06       2.50001E-08       4.38716E-12       1.75486E-04       3.75100E-10       1.23023E-10
       2.15000E-06       2.17500E-06       2.16250E-06       2.49999E-08       4.43854E-12       1.77543E-04       3.83936E-10       1.27461E-10
       2.17500E-06       2.20000E-06       2.18750E-06       2.50001E-08       4.48993E-12       1.79597E-04       3.92868E-10       1.31951E-10
       2.20000E-06       2.22500E-06       2.21250E-06       2.49999E-08       4.54132E-12       1.81654E-04       4.01909E-10       1.36493E-10
       2.22500E-06       2.25000E-06       2.23750E-06       2.50001E-08       4.59245E-12       1.83697E-04       4.11022E-10       1.41085E-10
       2.25000E-06       2.27500E-06       2.26250E-06       2.50001E-08       4.64384E-12       1.85753E-04       4.20265E-10       1.45729E-10
       2.27500E-06       2.30000E-06       2.28750E-06       2.49999E-08       4.69522E-12       1.87810E-04       4.29615E-10       1.50424E-10
       2.30000E-06       2.32500E-06       2.31250E-06       2.50001E-08       4.74635E-12       1.89853E-04       4.39036E-10       1.55171E-10
       2.32500E-06       2.35000E-06       2.33750E-06       2.49999E-08       4.79774E-12       1.91911E-04       4.48591E-10       1.59968E-10
       2.35000E-06       2.37500E-06       2.36250E-06       2.50001E-08       4.84913E-12       1.93964E-04       4.58241E-10       1.64817E-10
       2.37500E-06       2.40000E-06       2.38750E-06       2.50001E-08       4.90052E-12       1.96020E-04       4.67997E-10       1.69718E-10
       2.40000E-06       2.42500E-06       2.41250E-06       2.49999E-08       4.95164E-12       1.98067E-04       4.77836E-10       1.74670E-10
       2.42500E-06       2.45000E-06       2.43750E-06       2.50001E-08       5.00303E-12       2.00120E-04       4.87794E-10       1.79673E-10
       2.45000E-06       2.47500E-06       2.46250E-06       2.49999E-08       5.05442E-12       2.02178E-04       4.97863E-10       1.84727E-10
       2.47500E-06       2.50000E-06       2.48750E-06       2.50001E-08       5.10554E-12       2.04221E-04       5.08000E-10       1.89833E-10
       2.50000E-06       2.52500E-06       2.51250E-06       2.50001E-08       5.15693E-12       2.06277E-04       5.18270E-10       1.94989E-10
       2.52500E-06       2.55000E-06       2.53750E-06       2.49999E-08       5.20832E-12       2.08334E-04       5.28648E-10       2.00198E-10
       2.55000E-06       2.57500E-06       2.56250E-06       2.50001E-08       5.25971E-12       2.10388E-04       5.39118E-10       2.05457E-10
       2.57500E-06       2.60000E-06       2.58750E-06       2.49999E-08       5.31084E-12       2.12435E-04       5.49675E-10       2.10768E-10
       2.60000E-06       2.62500E-06       2.61250E-06       2.50001E-08       5.36223E-12       2.14488E-04       5.60350E-10       2.16131E-10
       2.62500E-06       2.65000E-06       2.63750E-06       2.50001E-08       5.41361E-12       2.16544E-04       5.71134E-10       2.21544E-10
       2.65000E-06       2.67500E-06       2.66250E-06       2.49999E-08       5.46474E-12       2.18591E-04       5.81998E-10       2.27009E-10
       2.67500E-06       2.70000E-06       2.68750E-06       2.50001E-08       5.51613E-12       2.20644E-04       5.92981E-10       2.32525E-10
       2.70000E-06       2.72500E-06       2.71250E-06       2.49999E-08       5.56752E-12       2.22702E-04       6.04079E-10       2.38093E-10
       2.72500E-06       2.75000E-06       2.73750E-06       2.50001E-08       5.61890E-12       2.24755E-04       6.15268E-10       2.43711E-10
       2.75000E-06       2.77500E-06       2.76250E-06       2.50001E-08       5.67003E-12       2.26800E-04       6.26536E-10       2.49381E-10
       2.77500E-06       2.80000E-06       2.78750E-06       2.49999E-08       5.72142E-12       2.28858E-04       6.37942E-10       2.55103E-10
       2.80000E-06       2.82500E-06       2.81250E-06       2.50001E-08       5.77281E-12       2.30911E-04       6.49438E-10       2.60876E-10
       2.82500E-06       2.85000E-06       2.83750E-06       2.49999E-08       5.82393E-12       2.32959E-04       6.61020E-10       2.66700E-10
       2.85000E-06       2.87500E-06       2.86250E-06       2.50001E-08       5.87532E-12       2.35012E-04       6.72722E-10       2.72575E-10
       2.87500E-06       2.90000E-06       2.88750E-06       2.50001E-08       5.92671E-12       2.37068E-04       6.84532E-10       2.78502E-10
       2.90000E-06       2.92500E-06       2.91250E-06       2.49999E-08       5.97784E-12       2.39115E-04       6.96422E-10       2.84479E-10
       2.92500E-06       2.95000E-06       2.93750E-06       2.50001E-08       6.02923E-12       2.41168E-04       7.08431E-10       2.90509E-10
       2.95000E-06       2.97500E-06       2.96250E-06       2.49999E-08       6.08061E-12       2.43226E-04       7.20557E-10       2.96589E-10
       2.97500E-06       3.00000E-06       2.98750E-06       2.50001E-08       6.13200E-12       2.45279E-04       7.32772E-10       3.02721E-10
       3.00000E-06       3.02500E-06       3.01250E-06       2.50001E-08       6.18313E-12       2.47324E-04       7.45064E-10       3.08904E-10
       3.02500E-06       3.05000E-06       3.03750E-06       2.49999E-08       6.23452E-12       2.49382E-04       7.57498E-10       3.15139E-10
       3.05000E-06       3.07500E-06       3.06250E-06       2.50001E-08       6.28591E-12       2.51435E-04       7.70020E-10       3.21425E-10
       3.07500E-06       3.10000E-06       3.08750E-06       2.49999E-08       6.33703E-12       2.53483E-04       7.82628E-10       3.27762E-10
       3.10000E-06       3.12500E-06       3.11250E-06       2.50001E-08       6.38842E-12       2.55536E-04       7.95355E-10       3.34150E-10
       3.12500E-06       3.15000E-06       3.13750E-06       2.50001E-08       6.43981E-12       2.57591E-04       8.08193E-10       3.40590E-10
       3.15000E-06       3.17500E-06       3.16250E-06       2.49999E-08       6.49120E-12       2.59649E-04       8.21141E-10       3.47081E-10
       3.17500E-06       3.20000E-06       3.18750E-06       2.50001E-08       6.54232E-12       2.61692E-04       8.34143E-10       3.53624E-10
       3.20000E-06       3.22500E-06       3.21250E-06       2.49999E-08       6.59371E-12       2.63750E-04       8.47297E-10       3.60217E-10
       3.22500E-06       3.25000E-06       3.23750E-06       2.50001E-08       6.64510E-12       2.65803E-04       8.60537E-10       3.66862E-10
       3.25000E-06       3.27500E-06       3.26250E-06       2.50001E-08       6.69623E-12       2.67848E-04       8.73854E-10       3.73559E-10
       3.27500E-06       3.30000E-06       3.28750E-06       2.49999E-08       6.74762E-12       2.69906E-04       8.87316E-10       3.80306E-10
       3.30000E-06       3.32500E-06       3.31250E-06       2.50001E-08       6.79900E-12       2.71959E-04       9.00864E-10       3.87105E-10
       3.32500E-06       3.35000E-06       3.33750E-06       2.49999E-08       6.85039E-12       2.74017E-04       9.14533E-10       3.93956E-10
       3.35000E-06       3.37500E-06       3.36250E-06       2.50001E-08       6.90152E-12       2.76060E-04       9.28251E-10       4.00857E-10
       3.37500E-06       3.40000E-06       3.38750E-06       2.50001E-08       6.95291E-12       2.78115E-04       9.42115E-10       4.07810E-10
       3.40000E-06       3.42500E-06       3.41250E-06       2.49999E-08       7.00429E-12       2.80173E-04       9.56092E-10       4.14814E-10
       3.42500E-06       3.45000E-06       3.43750E-06       2.50001E-08       7.05542E-12       2.82216E-04       9.70117E-10       4.21870E-10
       3.45000E-06       3.47500E-06       3.46250E-06       2.49999E-08       7.10681E-12       2.84274E-04       9.84299E-10       4.28977E-10
       3.47500E-06       3.50000E-06       3.48750E-06       2.50001E-08       7.15820E-12       2.86327E-04       9.98565E-10       4.36135E-10
       3.50000E-06       3.52500E-06       3.51250E-06       2.50001E-08       7.20959E-12       2.88382E-04       1.01294E-09       4.43344E-10
       3.52500E-06       3.55000E-06       3.53750E-06       2.49999E-08       7.26071E-12       2.90430E-04       1.02740E-09       4.50605E-10
       3.55000E-06       3.57500E-06       3.56250E-06       2.50001E-08       7.31210E-12       2.92483E-04       1.04197E-09       4.57917E-10
       3.57500E-06       3.60000E-06       3.58750E-06       2.49999E-08       7.36349E-12       2.94541E-04       1.05667E-09       4.65281E-10
       3.60000E-06       3.62500E-06       3.61250E-06       2.50001E-08       7.41462E-12       2.96583E-04       1.07141E-09       4.72695E-10
       3.62500E-06       3.65000E-06       3.63750E-06       2.50001E-08       7.46600E-12       2.98639E-04       1.08630E-09       4.80161E-10
       3.65000E-06       3.67500E-06       3.66250E-06       2.49999E-08       7.51739E-12       3.00697E-04       1.10130E-09       4.87679E-10
       3.67500E-06       3.70000E-06       3.68750E-06       2.50001E-08       7.56878E-12       3.02750E-04       1.11639E-09       4.95248E-10
       3.70000E-06       3.72500E-06       3.71250E-06       2.49999E-08       7.61991E-12       3.04798E-04       1.13156E-09       5.02867E-10
       3.72500E-06       3.75000E-06       3.73750E-06       2.50001E-08       7.67130E-12       3.06851E-04       1.14685E-09       5.10539E-10
       3.75000E-06       3.77500E-06       3.76250E-06       2.50001E-08       7.72268E-12       3.08906E-04       1.16226E-09       5.18261E-10
       3.77500E-06       3.80000E-06       3.78750E-06       2.49999E-08       7.77381E-12       3.10954E-04       1.17774E-09       5.26035E-10
       3.80000E-06       3.82500E-06       3.81250E-06       2.50001E-08       7.82520E-12       3.13007E-04       1.19334E-09       5.33860E-10
       3.82500E-06       3.85000E-06       3.83750E-06       2.49999E-08       7.87659E-12       3.15065E-04       1.20906E-09       5.41737E-10
       3.85000E-06       3.87500E-06       3.86250E-06       2.50001E-08       7.92798E-12       3.17118E-04       1.22487E-09       5.49665E-10
       3.87500E-06       3.90000E-06       3.88750E-06       2.50001E-08       7.97910E-12       3.19163E-04       1.24075E-09       5.57644E-10
       3.90000E-06       3.92500E-06       3.91250E-06       2.49999E-08       8.03049E-12       3.21221E-04       1.25678E-09       5.65675E-10
       3.92500E-06       3.95000E-06       3.93750E-06       2.50001E-08       8.08188E-12       3.23274E-04       1.27289E-09       5.73756E-10
       3.95000E-06       3.97500E-06       3.96250E-06       2.49999E-08       8.13300E-12       3.25322E-04       1.28909E-09       5.81889E-10
       3.97500E-06       4.00000E-06       3.98750E-06       2.50001E-08       8.18439E-12       3.27374E-04       1.30541E-09       5.90074E-10
       4.00000E-06       4.02500E-06       4.01250E-06       2.50001E-08       8.23578E-12       3.29430E-04       1.32184E-09       5.98310E-10
       4.02500E-06       4.05000E-06       4.03750E-06       2.50001E-08       8.28717E-12       3.31486E-04       1.33837E-09       6.06597E-10
       4.05000E-06       4.07500E-06       4.06250E-06       2.49996E-08       8.33830E-12       3.33537E-04       1.35499E-09       6.14935E-10
       4.07500E-06       4.10000E-06       4.08750E-06       2.50001E-08       8.38968E-12       3.35586E-04       1.37171E-09       6.23325E-10
       4.10000E-06       4.12500E-06       4.11250E-06       2.50001E-08       8.44107E-12       3.37642E-04       1.38855E-09       6.31766E-10
       4.12500E-06       4.15000E-06       4.13750E-06       2.50001E-08       8.49220E-12       3.39687E-04       1.40545E-09       6.40258E-10
       4.15000E-06       4.17500E-06       4.16250E-06       2.50001E-08       8.54359E-12       3.41742E-04       1.42250E-09       6.48802E-10
       4.17500E-06       4.20000E-06       4.18750E-06       2.49996E-08       8.59498E-12       3.43804E-04       1.43968E-09       6.57397E-10
       4.20000E-06       4.22500E-06       4.21250E-06       2.50001E-08       8.64636E-12       3.45853E-04       1.45691E-09       6.66043E-10
       4.22500E-06       4.25000E-06       4.23750E-06       2.50001E-08       8.69749E-12       3.47898E-04       1.47422E-09       6.74740E-10
       4.25000E-06       4.27500E-06       4.26250E-06       2.50001E-08       8.74888E-12       3.49954E-04       1.49168E-09       6.83489E-10
       4.27500E-06       4.30000E-06       4.28750E-06       2.50001E-08       8.80027E-12       3.52009E-04       1.50924E-09       6.92290E-10
       4.30000E-06       4.32500E-06       4.31250E-06       2.49996E-08       8.85139E-12       3.54061E-04       1.52689E-09       7.01141E-10
       4.32500E-06       4.35000E-06       4.33750E-06       2.50001E-08       8.90278E-12       3.56110E-04       1.54463E-09       7.10044E-10
       4.35000E-06       4.37500E-06       4.36250E-06       2.50001E-08       8.95417E-12       3.58165E-04       1.56250E-09       7.18998E-10
       4.37500E-06       4.40000E-06       4.38750E-06       2.50001E-08       9.00556E-12       3.60221E-04       1.58047E-09       7.28004E-10
       4.40000E-06       4.42500E-06       4.41250E-06       2.50001E-08       9.05669E-12       3.62266E-04       1.59850E-09       7.37060E-10
       4.42500E-06       4.45000E-06       4.43750E-06       2.49996E-08       9.10807E-12       3.64329E-04       1.61671E-09       7.46168E-10
       4.45000E-06       4.47500E-06       4.46250E-06       2.50001E-08       9.15946E-12       3.66377E-04       1.63496E-09       7.55328E-10
       4.47500E-06       4.50000E-06       4.48750E-06       2.50001E-08       9.21059E-12       3.68422E-04       1.65329E-09       7.64538E-10
       4.50000E-06       4.52500E-06       4.51250E-06       2.50001E-08       9.26198E-12       3.70478E-04       1.67178E-09       7.73800E-10
       4.52500E-06       4.55000E-06       4.53750E-06       2.50001E-08       9.31337E-12       3.72533E-04       1.69037E-09       7.83114E-10
       4.55000E-06       4.57500E-06       4.56250E-06       2.49996E-08       9.36475E-12       3.74596E-04       1.70909E-09       7.92478E-10
       4.57500E-06       4.60000E-06       4.58750E-06       2.50001E-08       9.41588E-12       3.76634E-04       1.72781E-09       8.01894E-10
       4.60000E-06       4.62500E-06       4.61250E-06       2.50001E-08       9.46727E-12       3.78689E-04       1.74670E-09       8.11362E-10
       4.62500E-06       4.65000E-06       4.63750E-06       2.50001E-08       9.51866E-12       3.80745E-04       1.76570E-09       8.20880E-10
       4.65000E-06       4.67500E-06       4.66250E-06       2.50001E-08       9.56978E-12       3.82790E-04       1.78476E-09       8.30450E-10
       4.67500E-06       4.70000E-06       4.68750E-06       2.49996E-08       9.62117E-12       3.84853E-04       1.80400E-09       8.40071E-10
       4.70000E-06       4.72500E-06       4.71250E-06       2.50001E-08       9.67256E-12       3.86901E-04       1.82327E-09       8.49744E-10
       4.72500E-06       4.75000E-06       4.73750E-06       2.50001E-08       9.72395E-12       3.88956E-04       1.84268E-09       8.59468E-10
       4.75000E-06       4.77500E-06       4.76250E-06       2.50001E-08       9.77508E-12       3.91002E-04       1.86214E-09       8.69243E-10
       4.77500E-06       4.80000E-06       4.78750E-06       2.50001E-08       9.82646E-12       3.93057E-04       1.88176E-09       8.79069E-10
       4.80000E-06       4.82500E-06       4.81250E-06       2.49996E-08       9.87785E-12       3.95120E-04       1.90152E-09       8.88947E-10
       4.82500E-06       4.85000E-06       4.83750E-06       2.50001E-08       9.92898E-12       3.97158E-04       1.92125E-09       8.98876E-10
       4.85000E-06       4.87500E-06       4.86250E-06       2.50001E-08       9.98037E-12       3.99213E-04       1.94117E-09       9.08856E-10
       4.87500E-06       4.90000E-06       4.88750E-06       2.50001E-08       1.00318E-11       4.01269E-04       1.96120E-09       9.18888E-10
       4.90000E-06       4.92500E-06       4.91250E-06       2.50001E-08       1.00829E-11       4.03314E-04       1.98128E-09       9.28971E-10
       4.92500E-06       4.95000E-06       4.93750E-06       2.49996E-08       1.01343E-11       4.05377E-04       2.00155E-09       9.39105E-10
       4.95000E-06       4.97500E-06       4.96250E-06       2.50001E-08       1.01857E-11       4.07425E-04       2.02185E-09       9.49291E-10
       4.97500E-06       5.00000E-06       4.98750E-06       2.50001E-08       1.02370E-11       4.09480E-04       2.04228E-09       9.59528E-10
       5.00000E-06       5.02500E-06       5.01250E-06       2.50001E-08       1.02882E-11       4.11525E-04       2.06277E-09       9.69816E-10
       5.02500E-06       5.05000E-06       5.03750E-06       2.50001E-08       1.03396E-11       4.13581E-04       2.08341E-09       9.80156E-10
       5.05000E-06       5.07500E-06       5.06250E-06       2.49996E-08       1.03909E-11       4.15644E-04       2.10420E-09       9.90547E-10
       5.07500E-06       5.10000E-06       5.08750E-06       2.50001E-08       1.04421E-11       4.17681E-04       2.12495E-09       1.00099E-09
       5.10000E-06       5.12500E-06       5.11250E-06       2.50001E-08       1.04935E-11       4.19737E-04       2.14591E-09       1.01148E-09
       5.12500E-06       5.15000E-06       5.13750E-06       2.50001E-08       1.05449E-11       4.21792E-04       2.16696E-09       1.02203E-09
       5.15000E-06       5.17500E-06       5.16250E-06       2.50001E-08       1.05962E-11       4.23848E-04       2.18812E-09       1.03262E-09
       5.17500E-06       5.20000E-06       5.18750E-06       2.49996E-08       1.06474E-11       4.25901E-04       2.20936E-09       1.04327E-09
       5.20000E-06       5.22500E-06       5.21250E-06       2.50001E-08       1.06988E-11       4.27949E-04       2.23068E-09       1.05397E-09
       5.22500E-06       5.25000E-06       5.23750E-06       2.50001E-08       1.07501E-11       4.30004E-04       2.25215E-09       1.06472E-09
       5.25000E-06       5.27500E-06       5.26250E-06       2.50001E-08       1.08013E-11       4.32049E-04       2.27366E-09       1.07552E-09
       5.27500E-06       5.30000E-06       5.28750E-06       2.50001E-08       1.08527E-11       4.34105E-04       2.29533E-09       1.08637E-09
       5.30000E-06       5.32500E-06       5.31250E-06       2.49996E-08       1.09040E-11       4.36169E-04       2.31715E-09       1.09728E-09
       5.32500E-06       5.35000E-06       5.33750E-06       2.50001E-08       1.09554E-11       4.38216E-04       2.33898E-09       1.10823E-09
       5.35000E-06       5.37500E-06       5.36250E-06       2.50001E-08       1.10066E-11       4.40261E-04       2.36090E-09       1.11924E-09
       5.37500E-06       5.40000E-06       5.38750E-06       2.50001E-08       1.10579E-11       4.42316E-04       2.38298E-09       1.13030E-09
       5.40000E-06       5.42500E-06       5.41250E-06       2.50001E-08       1.11093E-11       4.44372E-04       2.40516E-09       1.14141E-09
       5.42500E-06       5.45000E-06       5.43750E-06       2.49996E-08       1.11605E-11       4.46425E-04       2.42744E-09       1.15257E-09
       5.45000E-06       5.47500E-06       5.46250E-06       2.50001E-08       1.12119E-11       4.48472E-04       2.44978E-09       1.16378E-09
       5.47500E-06       5.50000E-06       5.48750E-06       2.50001E-08       1.12632E-11       4.50528E-04       2.47227E-09       1.17504E-09
       5.50000E-06       5.52500E-06       5.51250E-06       2.50001E-08       1.13146E-11       4.52583E-04       2.49487E-09       1.18636E-09
       5.52500E-06       5.55000E-06       5.53750E-06       2.50001E-08       1.13658E-11       4.54628E-04       2.51751E-09       1.19772E-09
       5.55000E-06       5.57500E-06       5.56250E-06       2.49996E-08       1.14171E-11       4.56693E-04       2.54035E-09       1.20914E-09
       5.57500E-06       5.60000E-06       5.58750E-06       2.50001E-08       1.14685E-11       4.58740E-04       2.56321E-09       1.22061E-09
       5.60000E-06       5.62500E-06       5.61250E-06       2.50001E-08       1.15197E-11       4.60785E-04       2.58615E-09       1.23213E-09
       5.62500E-06       5.65000E-06       5.63750E-06       2.50001E-08       1.15710E-11       4.62840E-04       2.60926E-09       1.24370E-09
       5.65000E-06       5.67500E-06       5.66250E-06       2.50001E-08       1.16224E-11       4.64896E-04       2.63247E-09       1.25532E-09
       5.67500E-06       5.70000E-06       5.68750E-06       2.49996E-08       1.16738E-11       4.66960E-04       2.65584E-09       1.26700E-09
       5.70000E-06       5.72500E-06       5.71250E-06       2.50001E-08       1.17250E-11       4.68996E-04       2.67914E-09       1.27872E-09
       5.72500E-06       5.75000E-06       5.73750E-06       2.50001E-08       1.17763E-11       4.71052E-04       2.70266E-09       1.29050E-09
       5.75000E-06       5.77500E-06       5.76250E-06       2.50001E-08       1.18277E-11       4.73107E-04       2.72628E-09       1.30232E-09
       5.77500E-06       5.80000E-06       5.78750E-06       2.50001E-08       1.18789E-11       4.75152E-04       2.74994E-09       1.31420E-09
       5.80000E-06       5.82500E-06       5.81250E-06       2.49996E-08       1.19302E-11       4.77217E-04       2.77382E-09       1.32613E-09
       5.82500E-06       5.85000E-06       5.83750E-06       2.50001E-08       1.19816E-11       4.79263E-04       2.79770E-09       1.33812E-09
       5.85000E-06       5.87500E-06       5.86250E-06       2.50001E-08       1.20330E-11       4.81319E-04       2.82173E-09       1.35015E-09
       5.87500E-06       5.90000E-06       5.88750E-06       2.50001E-08       1.20841E-11       4.83364E-04       2.84581E-09       1.36223E-09
       5.90000E-06       5.92500E-06       5.91250E-06       2.50001E-08       1.21355E-11       4.85419E-04       2.87004E-09       1.37437E-09
       5.92500E-06       5.95000E-06       5.93750E-06       2.49996E-08       1.21869E-11       4.87484E-04       2.89444E-09       1.38655E-09
       5.95000E-06       5.97500E-06       5.96250E-06       2.50001E-08       1.22380E-11       4.89520E-04       2.91876E-09       1.39879E-09
       5.97500E-06       6.00000E-06       5.98750E-06       2.50001E-08       1.22894E-11       4.91576E-04       2.94331E-09       1.41108E-09
       6.00000E-06       6.02500E-06       6.01250E-06       2.50001E-08       1.23408E-11       4.93631E-04       2.96796E-09       1.42342E-09
       6.02500E-06       6.05000E-06       6.03750E-06       2.50001E-08       1.23922E-11       4.95687E-04       2.99271E-09       1.43582E-09
       6.05000E-06       6.07500E-06       6.06250E-06       2.49996E-08       1.24433E-11       4.97741E-04       3.01756E-09       1.44826E-09
       6.07500E-06       6.10000E-06       6.08750E-06       2.50001E-08       1.24947E-11       4.99787E-04       3.04245E-09       1.46075E-09
       6.10000E-06       6.12500E-06       6.11250E-06       2.50001E-08       1.25461E-11       5.01843E-04       3.06751E-09       1.47330E-09
       6.12500E-06       6.15000E-06       6.13750E-06       2.50001E-08       1.25972E-11       5.03888E-04       3.09261E-09       1.48590E-09
       6.15000E-06       6.17500E-06       6.16250E-06       2.50001E-08       1.26486E-11       5.05943E-04       3.11788E-09       1.49855E-09
       6.17500E-06       6.20000E-06       6.18750E-06       2.49996E-08       1.27000E-11       5.08009E-04       3.14330E-09       1.51125E-09
       6.20000E-06       6.22500E-06       6.21250E-06       2.50001E-08       1.27514E-11       5.10054E-04       3.16871E-09       1.52400E-09
       6.22500E-06       6.25000E-06       6.23750E-06       2.50001E-08       1.28025E-11       5.12099E-04       3.19422E-09       1.53680E-09
       6.25000E-06       6.27500E-06       6.26250E-06       2.50001E-08       1.28539E-11       5.14155E-04       3.21990E-09       1.54965E-09
       6.27500E-06       6.30000E-06       6.28750E-06       2.50001E-08       1.29053E-11       5.16211E-04       3.24567E-09       1.56256E-09
       6.30000E-06       6.32500E-06       6.31250E-06       2.49996E-08       1.29564E-11       5.18265E-04       3.27155E-09       1.57552E-09
       6.32500E-06       6.35000E-06       6.33750E-06       2.50001E-08       1.30078E-11       5.20311E-04       3.29747E-09       1.58852E-09
       6.35000E-06       6.37500E-06       6.36250E-06       2.50001E-08       1.30592E-11       5.22367E-04       3.32356E-09       1.60158E-09
       6.37500E-06       6.40000E-06       6.38750E-06       2.50001E-08       1.31106E-11       5.24422E-04       3.34975E-09       1.61469E-09
       6.40000E-06       6.42500E-06       6.41250E-06       2.50001E-08       1.31617E-11       5.26467E-04       3.37597E-09       1.62785E-09
       6.42500E-06       6.45000E-06       6.43750E-06       2.49996E-08       1.32131E-11       5.28533E-04       3.40243E-09       1.64107E-09
       6.45000E-06       6.47500E-06       6.46250E-06       2.50001E-08       1.32645E-11       5.30578E-04       3.42886E-09       1.65433E-09
       6.47500E-06       6.50000E-06       6.48750E-06       2.50001E-08       1.33156E-11       5.32623E-04       3.45539E-09       1.66765E-09
       6.50000E-06       6.52500E-06       6.51250E-06       2.50001E-08       1.33670E-11       5.34679E-04       3.48210E-09       1.68101E-09
       6.52500E-06       6.55000E-06       6.53750E-06       2.50001E-08       1.34184E-11       5.36734E-04       3.50890E-09       1.69443E-09
       6.55000E-06       6.57500E-06       6.56250E-06       2.49996E-08       1.34698E-11       5.38800E-04       3.53588E-09       1.70790E-09
       6.57500E-06       6.60000E-06       6.58750E-06       2.50001E-08       1.35209E-11       5.40835E-04       3.56275E-09       1.72142E-09
       6.60000E-06       6.62500E-06       6.61250E-06       2.50001E-08       1.35723E-11       5.42890E-04       3.58986E-09       1.73500E-09
       6.62500E-06       6.65000E-06       6.63750E-06       2.50001E-08       1.36237E-11       5.44946E-04       3.61708E-09       1.74862E-09
       6.65000E-06       6.67500E-06       6.66250E-06       2.50001E-08       1.36748E-11       5.46991E-04       3.64433E-09       1.76229E-09
       6.67500E-06       6.70000E-06       6.68750E-06       2.49996E-08       1.37262E-11       5.49057E-04       3.67182E-09       1.77602E-09
       6.70000E-06       6.72500E-06       6.71250E-06       2.50001E-08       1.37776E-11       5.51102E-04       3.69927E-09       1.78980E-09
       6.72500E-06       6.75000E-06       6.73750E-06       2.50001E-08       1.38287E-11       5.53147E-04       3.72683E-09       1.80363E-09
       6.75000E-06       6.77500E-06       6.76250E-06       2.50001E-08       1.38801E-11       5.55203E-04       3.75456E-09       1.81751E-09
       6.77500E-06       6.80000E-06       6.78750E-06       2.50001E-08       1.39315E-11       5.57258E-04       3.78239E-09       1.83144E-09
       6.80000E-06       6.82500E-06       6.81250E-06       2.49996E-08       1.39829E-11       5.59324E-04       3.81040E-09       1.84542E-09
       6.82500E-06       6.85000E-06       6.83750E-06       2.50001E-08       1.40340E-11       5.61359E-04       3.83829E-09       1.85946E-09
       6.85000E-06       6.87500E-06       6.86250E-06       2.50001E-08       1.40854E-11       5.63414E-04       3.86643E-09       1.87354E-09
       6.87500E-06       6.90000E-06       6.88750E-06       2.50001E-08       1.41368E-11       5.65470E-04       3.89467E-09       1.88768E-09
       6.90000E-06       6.92500E-06       6.91250E-06       2.50001E-08       1.41879E-11       5.67515E-04       3.92295E-09       1.90187E-09
       6.92500E-06       6.95000E-06       6.93750E-06       2.49996E-08       1.42393E-11       5.69581E-04       3.95147E-09       1.91611E-09
       6.95000E-06       6.97500E-06       6.96250E-06       2.50001E-08       1.42907E-11       5.71626E-04       3.97995E-09       1.93040E-09
       6.97500E-06       7.00000E-06       6.98750E-06       2.50001E-08       1.43421E-11       5.73681E-04       4.00860E-09       1.94474E-09
       7.00000E-06       7.02500E-06       7.01250E-06       2.50001E-08       1.43932E-11       5.75726E-04       4.03728E-09       1.95913E-09
       7.02500E-06       7.05000E-06       7.03750E-06       2.50001E-08       1.44446E-11       5.77782E-04       4.06614E-09       1.97358E-09
       7.05000E-06       7.07500E-06       7.06250E-06       2.49996E-08       1.44960E-11       5.79849E-04       4.09518E-09       1.98807E-09
       7.07500E-06       7.10000E-06       7.08750E-06       2.50001E-08       1.45471E-11       5.81883E-04       4.12409E-09       2.00262E-09
       7.10000E-06       7.12500E-06       7.11250E-06       2.50001E-08       1.45985E-11       5.83938E-04       4.15326E-09       2.01722E-09
       7.12500E-06       7.15000E-06       7.13750E-06       2.50001E-08       1.46499E-11       5.85994E-04       4.18253E-09       2.03187E-09
       7.15000E-06       7.17500E-06       7.16250E-06       2.50001E-08       1.47013E-11       5.88049E-04       4.21190E-09       2.04657E-09
       7.17500E-06       7.20000E-06       7.18750E-06       2.49996E-08       1.47524E-11       5.90105E-04       4.24138E-09       2.06132E-09
       7.20000E-06       7.22500E-06       7.21250E-06       2.50001E-08       1.48038E-11       5.92150E-04       4.27088E-09       2.07612E-09
       7.22500E-06       7.25000E-06       7.23750E-06       2.50001E-08       1.48552E-11       5.94205E-04       4.30056E-09       2.09098E-09
       7.25000E-06       7.27500E-06       7.26250E-06       2.50001E-08       1.49063E-11       5.96250E-04       4.33027E-09       2.10589E-09
       7.27500E-06       7.30000E-06       7.28750E-06       2.50001E-08       1.49577E-11       5.98306E-04       4.36015E-09       2.12084E-09
       7.30000E-06       7.32500E-06       7.31250E-06       2.49996E-08       1.50091E-11       6.00373E-04       4.39023E-09       2.13585E-09
       7.32500E-06       7.35000E-06       7.33750E-06       2.50001E-08       1.50605E-11       6.02417E-04       4.42023E-09       2.15091E-09
       7.35000E-06       7.37500E-06       7.36250E-06       2.50001E-08       1.51116E-11       6.04462E-04       4.45035E-09       2.16603E-09
       7.37500E-06       7.40000E-06       7.38750E-06       2.50001E-08       1.51630E-11       6.06517E-04       4.48065E-09       2.18119E-09
       7.40000E-06       7.42500E-06       7.41250E-06       2.50001E-08       1.52144E-11       6.08573E-04       4.51105E-09       2.19640E-09
       7.42500E-06       7.45000E-06       7.43750E-06       2.49996E-08       1.52655E-11       6.10630E-04       4.54156E-09       2.21167E-09
       7.45000E-06       7.47500E-06       7.46250E-06       2.50001E-08       1.53169E-11       6.12674E-04       4.57208E-09       2.22698E-09
       7.47500E-06       7.50000E-06       7.48750E-06       2.50001E-08       1.53683E-11       6.14729E-04       4.60278E-09       2.24235E-09
       7.50000E-06       7.52500E-06       7.51250E-06       2.50001E-08       1.54197E-11       6.16784E-04       4.63359E-09       2.25777E-09
       7.52500E-06       7.55000E-06       7.53750E-06       2.50001E-08       1.54708E-11       6.18830E-04       4.66443E-09       2.27324E-09
       7.55000E-06       7.57500E-06       7.56250E-06       2.49996E-08       1.55222E-11       6.20897E-04       4.69553E-09       2.28877E-09
       7.57500E-06       7.60000E-06       7.58750E-06       2.50001E-08       1.55736E-11       6.22941E-04       4.72656E-09       2.30434E-09
       7.60000E-06       7.62500E-06       7.61250E-06       2.50001E-08       1.56247E-11       6.24986E-04       4.75770E-09       2.31996E-09
       7.62500E-06       7.65000E-06       7.63750E-06       2.50001E-08       1.56761E-11       6.27041E-04       4.78903E-09       2.33564E-09
       7.65000E-06       7.67500E-06       7.66250E-06       2.50001E-08       1.57275E-11       6.29097E-04       4.82045E-09       2.35137E-09
       7.67500E-06       7.70000E-06       7.68750E-06       2.49996E-08       1.57789E-11       6.31164E-04       4.85208E-09       2.36715E-09
       7.70000E-06       7.72500E-06       7.71250E-06       2.50001E-08       1.58300E-11       6.33197E-04       4.88353E-09       2.38298E-09
       7.72500E-06       7.75000E-06       7.73750E-06       2.50001E-08       1.58814E-11       6.35253E-04       4.91527E-09       2.39886E-09
       7.75000E-06       7.77500E-06       7.76250E-06       2.50001E-08       1.59328E-11       6.37308E-04       4.94711E-09       2.41479E-09
       7.77500E-06       7.80000E-06       7.78750E-06       2.50001E-08       1.59839E-11       6.39353E-04       4.97897E-09       2.43077E-09
       7.80000E-06       7.82500E-06       7.81250E-06       2.49996E-08       1.60353E-11       6.41421E-04       5.01110E-09       2.44681E-09
       7.82500E-06       7.85000E-06       7.83750E-06       2.50001E-08       1.60867E-11       6.43465E-04       5.04315E-09       2.46290E-09
       7.85000E-06       7.87500E-06       7.86250E-06       2.50001E-08       1.61381E-11       6.45520E-04       5.07540E-09       2.47903E-09
       7.87500E-06       7.90000E-06       7.88750E-06       2.50001E-08       1.61892E-11       6.47565E-04       5.10767E-09       2.49522E-09
       7.90000E-06       7.92500E-06       7.91250E-06       2.50001E-08       1.62406E-11       6.49621E-04       5.14012E-09       2.51146E-09
       7.92500E-06       7.95000E-06       7.93750E-06       2.49996E-08       1.62920E-11       6.51689E-04       5.17278E-09       2.52776E-09
       7.95000E-06       7.97500E-06       7.96250E-06       2.50001E-08       1.63431E-11       6.53721E-04       5.20525E-09       2.54410E-09
       7.97500E-06       8.00000E-06       7.98750E-06       2.50001E-08       1.63945E-11       6.55777E-04       5.23802E-09       2.56049E-09
       8.00000E-06       8.02500E-06       8.01250E-06       2.49996E-08       1.64459E-11       6.57845E-04       5.27098E-09       2.57694E-09
       8.02500E-06       8.05000E-06       8.03750E-06       2.50006E-08       1.64973E-11       6.59875E-04       5.30375E-09       2.59344E-09
       8.05000E-06       8.07500E-06       8.06250E-06       2.49996E-08       1.65484E-11       6.61945E-04       5.33694E-09       2.60999E-09
       8.07500E-06       8.10000E-06       8.08750E-06       2.50006E-08       1.65998E-11       6.63976E-04       5.36990E-09       2.62659E-09
       8.10000E-06       8.12500E-06       8.11250E-06       2.49996E-08       1.66512E-11       6.66057E-04       5.40338E-09       2.64324E-09
       8.12500E-06       8.15000E-06       8.13750E-06       2.49996E-08       1.67023E-11       6.68102E-04       5.43668E-09       2.65994E-09
       8.15000E-06       8.17500E-06       8.16250E-06       2.50006E-08       1.67537E-11       6.70132E-04       5.46995E-09       2.67669E-09
       8.17500E-06       8.20000E-06       8.18750E-06       2.49996E-08       1.68051E-11       6.72213E-04       5.50374E-09       2.69350E-09
       8.20000E-06       8.22500E-06       8.21250E-06       2.50006E-08       1.68565E-11       6.74243E-04       5.53722E-09       2.71035E-09
       8.22500E-06       8.25000E-06       8.23750E-06       2.49996E-08       1.69076E-11       6.76314E-04       5.57113E-09       2.72726E-09
       8.25000E-06       8.27500E-06       8.26250E-06       2.49996E-08       1.69590E-11       6.78369E-04       5.60502E-09       2.74422E-09
       8.27500E-06       8.30000E-06       8.28750E-06       2.50006E-08       1.70104E-11       6.80399E-04       5.63880E-09       2.76123E-09
       8.30000E-06       8.32500E-06       8.31250E-06       2.49996E-08       1.70615E-11       6.82470E-04       5.67303E-09       2.77829E-09
       8.32500E-06       8.35000E-06       8.33750E-06       2.50006E-08       1.71129E-11       6.84499E-04       5.70701E-09       2.79541E-09
       8.35000E-06       8.37500E-06       8.36250E-06       2.49996E-08       1.71643E-11       6.86581E-04       5.74153E-09       2.81257E-09
       8.37500E-06       8.40000E-06       8.38750E-06       2.49996E-08       1.72156E-11       6.88636E-04       5.77594E-09       2.82978E-09
       8.40000E-06       8.42500E-06       8.41250E-06       2.50006E-08       1.72668E-11       6.90655E-04       5.81014E-09       2.84705E-09
       8.42500E-06       8.45000E-06       8.43750E-06       2.49996E-08       1.73182E-11       6.92737E-04       5.84497E-09       2.86437E-09
       8.45000E-06       8.47500E-06       8.46250E-06       2.50006E-08       1.73696E-11       6.94766E-04       5.87946E-09       2.88174E-09
       8.47500E-06       8.50000E-06       8.48750E-06       2.49996E-08       1.74207E-11       6.96838E-04       5.91441E-09       2.89916E-09
       8.50000E-06       8.52500E-06       8.51250E-06       2.49996E-08       1.74721E-11       6.98893E-04       5.94933E-09       2.91663E-09
       8.52500E-06       8.55000E-06       8.53750E-06       2.50006E-08       1.75235E-11       7.00922E-04       5.98412E-09       2.93416E-09
       8.55000E-06       8.57500E-06       8.56250E-06       2.49996E-08       1.75746E-11       7.02994E-04       6.01939E-09       2.95173E-09
       8.57500E-06       8.60000E-06       8.58750E-06       2.50006E-08       1.76260E-11       7.05023E-04       6.05438E-09       2.96936E-09
       8.60000E-06       8.62500E-06       8.61250E-06       2.49996E-08       1.76774E-11       7.07105E-04       6.08994E-09       2.98703E-09
       8.62500E-06       8.65000E-06       8.63750E-06       2.49996E-08       1.77287E-11       7.09161E-04       6.12538E-09       3.00476E-09
       8.65000E-06       8.67500E-06       8.66250E-06       2.50006E-08       1.77799E-11       7.11179E-04       6.16058E-09       3.02254E-09
       8.67500E-06       8.70000E-06       8.68750E-06       2.49996E-08       1.78313E-11       7.13261E-04       6.19646E-09       3.04037E-09
       8.70000E-06       8.72500E-06       8.71250E-06       2.50006E-08       1.78826E-11       7.15290E-04       6.23196E-09       3.05826E-09
       8.72500E-06       8.75000E-06       8.73750E-06       2.49996E-08       1.79338E-11       7.17362E-04       6.26795E-09       3.07619E-09
       8.75000E-06       8.77500E-06       8.76250E-06       2.49996E-08       1.79852E-11       7.19418E-04       6.30390E-09       3.09417E-09
       8.77500E-06       8.80000E-06       8.78750E-06       2.50006E-08       1.80366E-11       7.21446E-04       6.33970E-09       3.11221E-09
       8.80000E-06       8.82500E-06       8.81250E-06       2.49996E-08       1.80879E-11       7.23529E-04       6.37610E-09       3.13030E-09
       8.82500E-06       8.85000E-06       8.83750E-06       2.50006E-08       1.81391E-11       7.25546E-04       6.41201E-09       3.14844E-09
       8.85000E-06       8.87500E-06       8.86250E-06       2.49996E-08       1.81905E-11       7.27629E-04       6.44861E-09       3.16663E-09
       8.87500E-06       8.90000E-06       8.88750E-06       2.49996E-08       1.82418E-11       7.29685E-04       6.48507E-09       3.18487E-09
       8.90000E-06       8.92500E-06       8.91250E-06       2.50006E-08       1.82930E-11       7.31702E-04       6.52129E-09       3.20316E-09
       8.92500E-06       8.95000E-06       8.93750E-06       2.49996E-08       1.83444E-11       7.33785E-04       6.55821E-09       3.22151E-09
       8.95000E-06       8.97500E-06       8.96250E-06       2.50006E-08       1.83957E-11       7.35813E-04       6.59472E-09       3.23990E-09
       8.97500E-06       9.00000E-06       8.98750E-06       2.49996E-08       1.84471E-11       7.37897E-04       6.63185E-09       3.25835E-09
       9.00000E-06       9.02500E-06       9.01250E-06       2.49996E-08       1.84983E-11       7.39942E-04       6.66872E-09       3.27685E-09
       9.02500E-06       9.05000E-06       9.03750E-06       2.50006E-08       1.85496E-11       7.41969E-04       6.70554E-09       3.29540E-09
       9.05000E-06       9.07500E-06       9.06250E-06       2.49996E-08       1.86010E-11       7.44053E-04       6.74298E-09       3.31400E-09
       9.07500E-06       9.10000E-06       9.08750E-06       2.50006E-08       1.86522E-11       7.46069E-04       6.77991E-09       3.33265E-09
       9.10000E-06       9.12500E-06       9.11250E-06       2.49996E-08       1.87036E-11       7.48153E-04       6.81755E-09       3.35136E-09
       9.12500E-06       9.15000E-06       9.13750E-06       2.49996E-08       1.87549E-11       7.50209E-04       6.85503E-09       3.37011E-09
       9.15000E-06       9.17500E-06       9.16250E-06       2.50006E-08       1.88063E-11       7.52236E-04       6.89236E-09       3.38892E-09
       9.17500E-06       9.20000E-06       9.18750E-06       2.49996E-08       1.88575E-11       7.54310E-04       6.93022E-09       3.40777E-09
       9.20000E-06       9.22500E-06       9.21250E-06       2.50006E-08       1.89088E-11       7.56336E-04       6.96775E-09       3.42668E-09
       9.22500E-06       9.25000E-06       9.23750E-06       2.49996E-08       1.89602E-11       7.58421E-04       7.00591E-09       3.44564E-09
       9.25000E-06       9.27500E-06       9.26250E-06       2.49996E-08       1.90114E-11       7.60466E-04       7.04382E-09       3.46466E-09
       9.27500E-06       9.30000E-06       9.28750E-06       2.50006E-08       1.90627E-11       7.62492E-04       7.08165E-09       3.48372E-09
       9.30000E-06       9.32500E-06       9.31250E-06       2.49996E-08       1.91141E-11       7.64577E-04       7.12012E-09       3.50283E-09
       9.32500E-06       9.35000E-06       9.33750E-06       2.50006E-08       1.91655E-11       7.66603E-04       7.15816E-09       3.52200E-09
       9.35000E-06       9.37500E-06       9.36250E-06       2.49996E-08       1.92166E-11       7.68678E-04       7.19674E-09       3.54121E-09
       9.37500E-06       9.40000E-06       9.38750E-06       2.49996E-08       1.92680E-11       7.70733E-04       7.23526E-09       3.56048E-09
       9.40000E-06       9.42500E-06       9.41250E-06       2.50006E-08       1.93194E-11       7.72759E-04       7.27360E-09       3.57980E-09
       9.42500E-06       9.45000E-06       9.43750E-06       2.49996E-08       1.93706E-11       7.74834E-04       7.31250E-09       3.59917E-09
       9.45000E-06       9.47500E-06       9.46250E-06       2.50006E-08       1.94219E-11       7.76860E-04       7.35104E-09       3.61859E-09
       9.47500E-06       9.50000E-06       9.48750E-06       2.49996E-08       1.94733E-11       7.78945E-04       7.39024E-09       3.63807E-09
       9.50000E-06       9.52500E-06       9.51250E-06       2.49996E-08       1.95247E-11       7.81001E-04       7.42927E-09       3.65759E-09
       9.52500E-06       9.55000E-06       9.53750E-06       2.50006E-08       1.95758E-11       7.83016E-04       7.46801E-09       3.67717E-09
       9.55000E-06       9.57500E-06       9.56250E-06       2.49996E-08       1.96272E-11       7.85101E-04       7.50753E-09       3.69680E-09
       9.57500E-06       9.60000E-06       9.58750E-06       2.50006E-08       1.96786E-11       7.87127E-04       7.54658E-09       3.71647E-09
       9.60000E-06       9.62500E-06       9.61250E-06       2.49996E-08       1.97297E-11       7.89202E-04       7.58620E-09       3.73620E-09
       9.62500E-06       9.65000E-06       9.63750E-06       2.49996E-08       1.97811E-11       7.91257E-04       7.62574E-09       3.75598E-09
       9.65000E-06       9.67500E-06       9.66250E-06       2.50006E-08       1.98325E-11       7.93283E-04       7.66510E-09       3.77582E-09
       9.67500E-06       9.70000E-06       9.68750E-06       2.49996E-08       1.98839E-11       7.95369E-04       7.70513E-09       3.79570E-09
       9.70000E-06       9.72500E-06       9.71250E-06       2.50006E-08       1.99350E-11       7.97383E-04       7.74459E-09       3.81564E-09
       9.72500E-06       9.75000E-06       9.73750E-06       2.49996E-08       1.99864E-11       7.99469E-04       7.78483E-09       3.83562E-09
       9.75000E-06       9.77500E-06       9.76250E-06       2.49996E-08       2.00378E-11       8.01525E-04       7.82489E-09       3.85566E-09
       9.77500E-06       9.80000E-06       9.78750E-06       2.50006E-08       2.00889E-11       8.03539E-04       7.86464E-09       3.87575E-09
       9.80000E-06       9.82500E-06       9.81250E-06       2.49996E-08       2.01403E-11       8.05626E-04       7.90520E-09       3.89589E-09
       9.82500E-06       9.85000E-06       9.83750E-06       2.50006E-08       2.01917E-11       8.07650E-04       7.94526E-09       3.91608E-09
       9.85000E-06       9.87500E-06       9.86250E-06       2.49996E-08       2.02431E-11       8.09737E-04       7.98603E-09       3.93632E-09
       9.87500E-06       9.90000E-06       9.88750E-06       2.49996E-08       2.02942E-11       8.11782E-04       8.02649E-09       3.95662E-09
       9.90000E-06       9.92500E-06       9.91250E-06       2.50006E-08       2.03456E-11       8.13806E-04       8.06685E-09       3.97696E-09
       9.92500E-06       9.95000E-06       9.93750E-06       2.49996E-08       2.03970E-11       8.15893E-04       8.10793E-09       3.99736E-09
       9.95000E-06       9.97500E-06       9.96250E-06       2.50006E-08       2.04481E-11       8.17907E-04       8.14840E-09       4.01781E-09
       9.97500E-06       1.00000E-05       9.98750E-06       2.49996E-08       2.04995E-11       8.19993E-04       8.18968E-09       4.03831E-09
       1.00000E-05       1.04713E-05       1.02356E-05       4.71300E-07       3.96058E-10       8.40352E-04       8.60155E-09       4.43437E-09
       1.04713E-05       1.09648E-05       1.07180E-05       4.93500E-07       4.34258E-10       8.79957E-04       9.43142E-09       4.86863E-09
       1.09648E-05       1.14815E-05       1.12232E-05       5.16700E-07       4.76156E-10       9.21533E-04       1.03425E-08       5.34478E-09
       1.14815E-05       1.20226E-05       1.17521E-05       5.41101E-07       5.22091E-10       9.64868E-04       1.13392E-08       5.86687E-09
       1.20226E-05       1.25892E-05       1.23059E-05       5.66600E-07       5.72457E-10       1.01034E-03       1.24331E-08       6.43933E-09
       1.25892E-05       1.31826E-05       1.28859E-05       5.93400E-07       6.27699E-10       1.05780E-03       1.36307E-08       7.06703E-09
       1.31826E-05       1.38038E-05       1.34932E-05       6.21200E-07       6.88238E-10       1.10792E-03       1.49494E-08       7.75527E-09
       1.38038E-05       1.44544E-05       1.41291E-05       6.50600E-07       7.54650E-10       1.15993E-03       1.63887E-08       8.50992E-09
       1.44544E-05       1.51356E-05       1.47950E-05       6.81200E-07       8.27458E-10       1.21471E-03       1.79716E-08       9.33737E-09
       1.51356E-05       1.58489E-05       1.54922E-05       7.13300E-07       9.07294E-10       1.27197E-03       1.97056E-08       1.02447E-08
       1.58489E-05       1.65959E-05       1.62224E-05       7.47000E-07       9.94838E-10       1.33178E-03       2.16046E-08       1.12395E-08
       1.65959E-05       1.73780E-05       1.69869E-05       7.82101E-07       1.09080E-09       1.39470E-03       2.36917E-08       1.23303E-08
       1.73780E-05       1.81970E-05       1.77875E-05       8.19000E-07       1.19604E-09       1.46037E-03       2.59762E-08       1.35263E-08
       1.81970E-05       1.90546E-05       1.86258E-05       8.57599E-07       1.31143E-09       1.52918E-03       2.84823E-08       1.48378E-08
       1.90546E-05       1.99526E-05       1.95036E-05       8.98001E-07       1.43796E-09       1.60129E-03       3.12309E-08       1.62757E-08
       1.99526E-05       2.08930E-05       2.04228E-05       9.40399E-07       1.57671E-09       1.67664E-03       3.42416E-08       1.78524E-08
       2.08930E-05       2.18776E-05       2.13853E-05       9.84600E-07       1.72883E-09       1.75587E-03       3.75498E-08       1.95813E-08
       2.18776E-05       2.29087E-05       2.23932E-05       1.03110E-06       1.89560E-09       1.83843E-03       4.11682E-08       2.14769E-08
       2.29087E-05       2.39883E-05       2.34485E-05       1.07960E-06       2.07848E-09       1.92523E-03       4.51438E-08       2.35553E-08
       2.39883E-05       2.51189E-05       2.45536E-05       1.13060E-06       2.27900E-09       2.01574E-03       4.94937E-08       2.58343E-08
       2.51189E-05       2.63027E-05       2.57108E-05       1.18380E-06       2.49889E-09       2.11091E-03       5.42732E-08       2.83332E-08
       2.63027E-05       2.75423E-05       2.69225E-05       1.23960E-06       2.73997E-09       2.21037E-03       5.95087E-08       3.10732E-08
       2.75423E-05       2.88403E-05       2.81913E-05       1.29800E-06       2.99191E-09       2.30501E-03       6.49813E-08       3.40651E-08
       2.88403E-05       3.01995E-05       2.95199E-05       1.35920E-06       3.20787E-09       2.36012E-03       6.96704E-08       3.72730E-08
       3.01995E-05       3.16228E-05       3.09111E-05       1.42330E-06       3.43238E-09       2.41156E-03       7.45441E-08       4.07054E-08
       3.16228E-05       3.31131E-05       3.23679E-05       1.49030E-06       3.67451E-09       2.46562E-03       7.98071E-08       4.43799E-08
       3.31131E-05       3.46737E-05       3.38934E-05       1.56060E-06       3.93588E-09       2.52203E-03       8.54802E-08       4.83158E-08
       3.46737E-05       3.63078E-05       3.54907E-05       1.63410E-06       4.21799E-09       2.58123E-03       9.16098E-08       5.25337E-08
       3.63078E-05       3.80189E-05       3.71634E-05       1.71110E-06       4.52276E-09       2.64319E-03       9.82296E-08       5.70565E-08
       3.80189E-05       3.98107E-05       3.89148E-05       1.79180E-06       4.85212E-09       2.70796E-03       1.05380E-07       6.19086E-08
       3.98107E-05       4.16869E-05       4.07488E-05       1.87620E-06       5.20822E-09       2.77594E-03       1.13116E-07       6.71168E-08
       4.16869E-05       4.36516E-05       4.26692E-05       1.96470E-06       5.58687E-09       2.84362E-03       1.21335E-07       7.27037E-08
       4.36516E-05       4.57088E-05       4.46802E-05       2.05720E-06       5.98030E-09       2.90701E-03       1.29886E-07       7.86840E-08
       4.57088E-05       4.78630E-05       4.67859E-05       2.15420E-06       6.40391E-09       2.97276E-03       1.39083E-07       8.50879E-08
       4.78630E-05       5.01187E-05       4.89908E-05       2.25570E-06       6.86114E-09       3.04169E-03       1.49015E-07       9.19491E-08
       5.01187E-05       5.24808E-05       5.12998E-05       2.36210E-06       7.35499E-09       3.11375E-03       1.59735E-07       9.93041E-08
       5.24808E-05       5.49541E-05       5.37174E-05       2.47330E-06       7.88846E-09       3.18945E-03       1.71329E-07       1.07193E-07
       5.49541E-05       5.75440E-05       5.62490E-05       2.58990E-06       8.46058E-09       3.26676E-03       1.83752E-07       1.15653E-07
       5.75440E-05       6.02560E-05       5.89000E-05       2.71200E-06       9.05249E-09       3.33794E-03       1.96604E-07       1.24706E-07
       6.02560E-05       6.30957E-05       6.16758E-05       2.83970E-06       9.68604E-09       3.41094E-03       2.10373E-07       1.34392E-07
       6.30957E-05       6.60693E-05       6.45825E-05       2.97360E-06       1.03695E-08       3.48717E-03       2.25210E-07       1.44761E-07
       6.60693E-05       6.91831E-05       6.76262E-05       3.11380E-06       1.11070E-08       3.56702E-03       2.41224E-07       1.55868E-07
       6.91831E-05       7.24436E-05       7.08134E-05       3.26051E-06       1.19032E-08       3.65073E-03       2.58520E-07       1.67771E-07
       7.24436E-05       7.58578E-05       7.41507E-05       3.41420E-06       1.27633E-08       3.73829E-03       2.77197E-07       1.80535E-07
       7.58578E-05       7.94328E-05       7.76453E-05       3.57500E-06       1.36928E-08       3.83015E-03       2.97393E-07       1.94227E-07
       7.94328E-05       8.31764E-05       8.13046E-05       3.74360E-06       1.46978E-08       3.92611E-03       3.19211E-07       2.08925E-07
       8.31764E-05       8.70964E-05       8.51364E-05       3.92000E-06       1.57688E-08       4.02265E-03       3.42474E-07       2.24694E-07
       8.70964E-05       9.12011E-05       8.91488E-05       4.10471E-06       1.68803E-08       4.11242E-03       3.66617E-07       2.41574E-07
       9.12011E-05       9.54993E-05       9.33502E-05       4.29820E-06       1.80762E-08       4.20554E-03       3.92588E-07       2.59650E-07
       9.54993E-05       1.00000E-04       9.77497E-05       4.50070E-06       1.93671E-08       4.30312E-03       4.20629E-07       2.79017E-07
       1.00000E-04       1.04713E-04       1.02356E-04       4.71300E-06       2.07613E-08       4.40512E-03       4.50893E-07       2.99779E-07
       1.04713E-04       1.09648E-04       1.07181E-04       4.93501E-06       2.22670E-08       4.51206E-03       4.83604E-07       3.22046E-07
       1.09648E-04       1.14815E-04       1.12232E-04       5.16700E-06       2.38852E-08       4.62264E-03       5.18806E-07       3.45931E-07
       1.14815E-04       1.20226E-04       1.17520E-04       5.41100E-06       2.55586E-08       4.72345E-03       5.55103E-07       3.71490E-07
       1.20226E-04       1.25892E-04       1.23059E-04       5.66600E-06       2.73483E-08       4.82675E-03       5.93974E-07       3.98838E-07
       1.25892E-04       1.31826E-04       1.28859E-04       5.93401E-06       2.92788E-08       4.93407E-03       6.35800E-07       4.28117E-07
       1.31826E-04       1.38038E-04       1.34932E-04       6.21199E-06       3.13611E-08       5.04848E-03       6.81201E-07       4.59478E-07
       1.38038E-04       1.44544E-04       1.41291E-04       6.50601E-06       3.36104E-08       5.16605E-03       7.29916E-07       4.93088E-07
       1.44544E-04       1.51356E-04       1.47950E-04       6.81200E-06       3.60393E-08       5.29056E-03       7.82738E-07       5.29127E-07
       1.51356E-04       1.58489E-04       1.54922E-04       7.13300E-06       3.86648E-08       5.42056E-03       8.39766E-07       5.67792E-07
       1.58489E-04       1.65959E-04       1.62224E-04       7.47000E-06       4.15032E-08       5.55599E-03       9.01315E-07       6.09296E-07
       1.65959E-04       1.73780E-04       1.69870E-04       7.82100E-06       4.45346E-08       5.69424E-03       9.67277E-07       6.53830E-07
       1.73780E-04       1.81970E-04       1.77875E-04       8.19000E-06       4.76782E-08       5.82152E-03       1.03550E-06       7.01508E-07
       1.81970E-04       1.90546E-04       1.86258E-04       8.57600E-06       5.10575E-08       5.95354E-03       1.10889E-06       7.52566E-07
       1.90546E-04       1.99526E-04       1.95036E-04       8.98000E-06       5.47048E-08       6.09185E-03       1.18813E-06       8.07271E-07
       1.99526E-04       2.08930E-04       2.04228E-04       9.40399E-06       5.86447E-08       6.23615E-03       1.27360E-06       8.65915E-07
       2.08930E-04       2.18776E-04       2.13853E-04       9.84601E-06       6.29010E-08       6.38848E-03       1.36620E-06       9.28816E-07
       2.18776E-04       2.29087E-04       2.23932E-04       1.03110E-05       6.74780E-08       6.54427E-03       1.46547E-06       9.96294E-07
       2.29087E-04       2.39883E-04       2.34485E-04       1.07960E-05       7.22162E-08       6.68917E-03       1.56851E-06       1.06851E-06
       2.39883E-04       2.51189E-04       2.45536E-04       1.13060E-05       7.72719E-08       6.83460E-03       1.67814E-06       1.14578E-06
       2.51189E-04       2.63027E-04       2.57108E-04       1.18380E-05       8.27265E-08       6.98820E-03       1.79672E-06       1.22851E-06
       2.63027E-04       2.75423E-04       2.69225E-04       1.23960E-05       8.86123E-08       7.14846E-03       1.92454E-06       1.31712E-06
       2.75423E-04       2.88403E-04       2.81913E-04       1.29800E-05       9.49669E-08       7.31639E-03       2.06259E-06       1.41209E-06
       2.88403E-04       3.01995E-04       2.95199E-04       1.35920E-05       1.01831E-07       7.49200E-03       2.21163E-06       1.51392E-06
       3.01995E-04       3.16228E-04       3.09111E-04       1.42330E-05       1.09250E-07       7.67580E-03       2.37268E-06       1.62317E-06
       3.16228E-04       3.31131E-04       3.23680E-04       1.49030E-05       1.17270E-07       7.86888E-03       2.54699E-06       1.74044E-06
       3.31131E-04       3.46737E-04       3.38934E-04       1.56060E-05       1.25853E-07       8.06443E-03       2.73331E-06       1.86629E-06
       3.46737E-04       3.63078E-04       3.54908E-04       1.63410E-05       1.34746E-07       8.24588E-03       2.92652E-06       2.00104E-06
       3.63078E-04       3.80189E-04       3.71634E-04       1.71110E-05       1.44295E-07       8.43290E-03       3.13395E-06       2.14533E-06
       3.80189E-04       3.98107E-04       3.89148E-04       1.79180E-05       1.54604E-07       8.62843E-03       3.35774E-06       2.29994E-06
       3.98107E-04       4.16869E-04       4.07488E-04       1.87620E-05       1.65736E-07       8.83362E-03       3.59959E-06       2.46567E-06
       4.16869E-04       4.36516E-04       4.26692E-04       1.96470E-05       1.77764E-07       9.04790E-03       3.86067E-06       2.64344E-06
       4.36516E-04       4.57088E-04       4.46802E-04       2.05720E-05       1.90715E-07       9.27062E-03       4.14213E-06       2.83415E-06
       4.57088E-04       4.78630E-04       4.67859E-04       2.15420E-05       2.04140E-07       9.47637E-03       4.43361E-06       3.03829E-06
       4.78630E-04       5.01187E-04       4.89909E-04       2.25570E-05       2.18442E-07       9.68400E-03       4.74427E-06       3.25674E-06
       5.01187E-04       5.24808E-04       5.12998E-04       2.36210E-05       2.33871E-07       9.90099E-03       5.07918E-06       3.49061E-06
       5.24808E-04       5.49541E-04       5.37175E-04       2.47330E-05       2.50521E-07       1.01290E-02       5.44104E-06       3.74113E-06
       5.49541E-04       5.75440E-04       5.62491E-04       2.58990E-05       2.68499E-07       1.03672E-02       5.83144E-06       4.00963E-06
       5.75440E-04       6.02560E-04       5.89000E-04       2.71200E-05       2.87922E-07       1.06166E-02       6.25317E-06       4.29755E-06
       6.02560E-04       6.30957E-04       6.16758E-04       2.83970E-05       3.08907E-07       1.08782E-02       6.70921E-06       4.60646E-06
       6.30957E-04       6.60693E-04       6.45825E-04       2.97360E-05       3.31602E-07       1.11515E-02       7.20194E-06       4.93806E-06
       6.60693E-04       6.91831E-04       6.76262E-04       3.11380E-05       3.55933E-07       1.14308E-02       7.73023E-06       5.29399E-06
       6.91831E-04       7.24436E-04       7.08133E-04       3.26050E-05       3.81145E-07       1.16898E-02       8.27792E-06       5.67514E-06
       7.24436E-04       7.58578E-04       7.41507E-04       3.41420E-05       4.08192E-07       1.19557E-02       8.86524E-06       6.08333E-06
       7.58578E-04       7.94328E-04       7.76453E-04       3.57500E-05       4.37389E-07       1.22347E-02       9.49963E-06       6.52072E-06
       7.94328E-04       8.31764E-04       8.13046E-04       3.74360E-05       4.68922E-07       1.25260E-02       1.01842E-05       6.98964E-06
       8.31764E-04       8.70964E-04       8.51364E-04       3.92000E-05       5.02996E-07       1.28315E-02       1.09243E-05       7.49263E-06
       8.70964E-04       9.12011E-04       8.91487E-04       4.10470E-05       5.39720E-07       1.31488E-02       1.17220E-05       8.03235E-06
       9.12011E-04       9.54993E-04       9.33502E-04       4.29820E-05       5.77847E-07       1.34439E-02       1.25499E-05       8.61020E-06
       9.54993E-04       1.00000E-03       9.77497E-04       4.50070E-05       6.18394E-07       1.37399E-02       1.34308E-05       9.22860E-06
       1.00000E-03       1.04713E-03       1.02356E-03       4.71300E-05       6.62145E-07       1.40493E-02       1.43804E-05       9.89074E-06
       1.04713E-03       1.09648E-03       1.07180E-03       4.93500E-05       7.09344E-07       1.43737E-02       1.54058E-05       1.06001E-05
       1.09648E-03       1.14815E-03       1.12231E-03       5.16700E-05       7.60344E-07       1.47154E-02       1.65153E-05       1.13604E-05
       1.14815E-03       1.20226E-03       1.17520E-03       5.41100E-05       8.15403E-07       1.50694E-02       1.77096E-05       1.21758E-05
       1.20226E-03       1.25892E-03       1.23059E-03       5.66600E-05       8.74946E-07       1.54420E-02       1.90028E-05       1.30508E-05
       1.25892E-03       1.31826E-03       1.28859E-03       5.93400E-05       9.39331E-07       1.58296E-02       2.03979E-05       1.39901E-05
       1.31826E-03       1.38038E-03       1.34932E-03       6.21200E-05       1.00844E-06       1.62337E-02       2.19045E-05       1.49985E-05
       1.38038E-03       1.44544E-03       1.41291E-03       6.50599E-05       1.08013E-06       1.66020E-02       2.34572E-05       1.60787E-05
       1.44544E-03       1.51356E-03       1.47950E-03       6.81201E-05       1.15690E-06       1.69832E-02       2.51267E-05       1.72356E-05
       1.51356E-03       1.58489E-03       1.54923E-03       7.13300E-05       1.23981E-06       1.73814E-02       2.69277E-05       1.84754E-05
       1.58489E-03       1.65959E-03       1.62224E-03       7.47000E-05       1.32937E-06       1.77961E-02       2.88696E-05       1.98048E-05
       1.65959E-03       1.73780E-03       1.69870E-03       7.82101E-05       1.42614E-06       1.82347E-02       3.09752E-05       2.12309E-05
       1.73780E-03       1.81970E-03       1.77875E-03       8.18999E-05       1.53054E-06       1.86879E-02       3.32411E-05       2.27614E-05
       1.81970E-03       1.90546E-03       1.86258E-03       8.57600E-05       1.63906E-06       1.91122E-02       3.55980E-05       2.44005E-05
       1.90546E-03       1.99526E-03       1.95036E-03       8.98001E-05       1.56011E-05       1.73732E-01       3.38840E-04       4.00016E-05
       1.99526E-03       2.08930E-03       2.04228E-03       9.40400E-05       2.25236E-05       2.39510E-01       4.89147E-04       6.25252E-05
       2.08930E-03       2.18776E-03       2.13853E-03       9.84600E-05       2.36096E-05       2.39789E-01       5.12795E-04       8.61348E-05
       2.18776E-03       2.29087E-03       2.23932E-03       1.03110E-04       2.47440E-05       2.39977E-01       5.37383E-04       1.10879E-04
       2.29087E-03       2.39883E-03       2.34485E-03       1.07960E-04       2.59387E-05       2.40262E-01       5.63378E-04       1.36817E-04
       2.39883E-03       2.51189E-03       2.45536E-03       1.13060E-04       2.71860E-05       2.40457E-01       5.90408E-04       1.64003E-04
       2.51189E-03       2.63027E-03       2.57108E-03       1.18380E-04       2.85065E-05       2.40805E-01       6.19128E-04       1.92510E-04
       2.63027E-03       2.75423E-03       2.69225E-03       1.23960E-04       2.98874E-05       2.41105E-01       6.49115E-04       2.22397E-04
       2.75423E-03       2.88403E-03       2.81913E-03       1.29800E-04       3.13235E-05       2.41321E-01       6.80316E-04       2.53721E-04
       2.88403E-03       3.01995E-03       2.95199E-03       1.35920E-04       3.28220E-05       2.41480E-01       7.12847E-04       2.86543E-04
       3.01995E-03       3.16228E-03       3.09112E-03       1.42330E-04       3.44030E-05       2.41713E-01       7.47162E-04       3.20946E-04
       3.16228E-03       3.31131E-03       3.23679E-03       1.49030E-04       3.60622E-05       2.41979E-01       7.83238E-04       3.57008E-04
       3.31131E-03       3.46737E-03       3.38934E-03       1.56060E-04       3.78004E-05       2.42217E-01       8.20956E-04       3.94808E-04
       3.46737E-03       3.63078E-03       3.54907E-03       1.63410E-04       3.96095E-05       2.42393E-01       8.60272E-04       4.34418E-04
       3.63078E-03       3.80189E-03       3.71633E-03       1.71110E-04       4.15166E-05       2.42631E-01       9.01699E-04       4.75935E-04
       3.80189E-03       3.98107E-03       3.89148E-03       1.79180E-04       4.35117E-05       2.42838E-01       9.44998E-04       5.19446E-04
       3.98107E-03       4.16869E-03       4.07488E-03       1.87620E-04       4.55914E-05       2.42999E-01       9.90191E-04       5.65038E-04
       4.16869E-03       4.36516E-03       4.26693E-03       1.96470E-04       4.77828E-05       2.43207E-01       1.03774E-03       6.12820E-04
       4.36516E-03       4.57088E-03       4.46802E-03       2.05720E-04       5.00671E-05       2.43375E-01       1.08741E-03       6.62888E-04
       4.57088E-03       4.78630E-03       4.67859E-03       2.15420E-04       5.24789E-05       2.43612E-01       1.13976E-03       7.15366E-04
       4.78630E-03       5.01187E-03       4.89909E-03       2.25570E-04       5.50133E-05       2.43885E-01       1.19482E-03       7.70380E-04
       5.01187E-03       5.24807E-03       5.12997E-03       2.36200E-04       5.76644E-05       2.44134E-01       1.25240E-03       8.28044E-04
       5.24807E-03       5.49541E-03       5.37174E-03       2.47340E-04       6.04414E-05       2.44365E-01       1.31267E-03       8.88486E-04
       5.49541E-03       5.75440E-03       5.62491E-03       2.58990E-04       6.33393E-05       2.44563E-01       1.37564E-03       9.51825E-04
       5.75440E-03       6.02560E-03       5.89000E-03       2.71200E-04       6.63714E-05       2.44732E-01       1.44147E-03       1.01820E-03
       6.02560E-03       6.30957E-03       6.16759E-03       2.83970E-04       6.95514E-05       2.44925E-01       1.51060E-03       1.08775E-03
       6.30957E-03       6.60693E-03       6.45825E-03       2.97360E-04       7.28983E-05       2.45151E-01       1.58325E-03       1.16065E-03
       6.60693E-03       6.91831E-03       6.76262E-03       3.11380E-04       7.63922E-05       2.45334E-01       1.65910E-03       1.23704E-03
       6.91831E-03       7.24436E-03       7.08133E-03       3.26050E-04       8.00724E-05       2.45583E-01       1.73906E-03       1.31711E-03
       7.24436E-03       7.58578E-03       7.41507E-03       3.41420E-04       8.38873E-05       2.45701E-01       1.82189E-03       1.40100E-03
       7.58578E-03       7.94328E-03       7.76453E-03       3.57500E-04       8.78712E-05       2.45794E-01       1.90847E-03       1.48887E-03
       7.94328E-03       8.31764E-03       8.13046E-03       3.74360E-04       9.20421E-05       2.45865E-01       1.99900E-03       1.58091E-03
       8.31764E-03       8.70964E-03       8.51364E-03       3.92000E-04       9.64228E-05       2.45977E-01       2.09416E-03       1.67733E-03
       8.70964E-03       9.12011E-03       8.91487E-03       4.10471E-04       1.01012E-04       2.46088E-01       2.19385E-03       1.77835E-03
       9.12011E-03       9.54993E-03       9.33502E-03       4.29819E-04       1.05828E-04       2.46215E-01       2.29842E-03       1.88417E-03
       9.54993E-03       1.00000E-02       9.77496E-03       4.50070E-04       1.10884E-04       2.46371E-01       2.40827E-03       1.99506E-03
       1.00000E-02       1.04713E-02       1.02357E-02       4.71300E-04       1.16183E-04       2.46516E-01       2.52326E-03       2.11124E-03
       1.04713E-02       1.09648E-02       1.07180E-02       4.93500E-04       1.21750E-04       2.46708E-01       2.64423E-03       2.23299E-03
       1.09648E-02       1.14815E-02       1.12232E-02       5.16700E-04       1.27507E-04       2.46772E-01       2.76956E-03       2.36050E-03
       1.14815E-02       1.20226E-02       1.17521E-02       5.41100E-04       1.33501E-04       2.46723E-01       2.89950E-03       2.49400E-03
       1.20226E-02       1.25892E-02       1.23059E-02       5.66601E-04       1.39817E-04       2.46765E-01       3.03666E-03       2.63382E-03
       1.25892E-02       1.31826E-02       1.28859E-02       5.93399E-04       1.46428E-04       2.46762E-01       3.17975E-03       2.78025E-03
       1.31826E-02       1.38038E-02       1.34932E-02       6.21200E-04       1.53362E-04       2.46881E-01       3.33121E-03       2.93361E-03
       1.38038E-02       1.44544E-02       1.41291E-02       6.50601E-04       1.60649E-04       2.46925E-01       3.48883E-03       3.09426E-03
       1.44544E-02       1.51356E-02       1.47950E-02       6.81199E-04       1.83318E-04       2.69111E-01       3.98149E-03       3.27758E-03
       1.51356E-02       1.58489E-02       1.54923E-02       7.13301E-04       1.94890E-04       2.73223E-01       4.23284E-03       3.47247E-03
       1.58489E-02       1.65959E-02       1.62224E-02       7.47000E-04       2.03995E-04       2.73086E-01       4.43010E-03       3.67646E-03
       1.65959E-02       1.73780E-02       1.69870E-02       7.82100E-04       2.13999E-04       2.73621E-01       4.64798E-03       3.89046E-03
       1.73780E-02       1.81970E-02       1.77875E-02       8.19000E-04       2.25835E-04       2.75745E-01       4.90481E-03       4.11629E-03
       1.81970E-02       1.90546E-02       1.86258E-02       8.57600E-04       2.36435E-04       2.75694E-01       5.13503E-03       4.35273E-03
       1.90546E-02       1.99526E-02       1.95036E-02       8.98000E-04       2.47562E-04       2.75681E-01       5.37678E-03       4.60029E-03
       1.99526E-02       2.08930E-02       2.04228E-02       9.40400E-04       2.59254E-04       2.75684E-01       5.63024E-03       4.85955E-03
       2.08930E-02       2.18776E-02       2.13853E-02       9.84600E-04       2.71526E-04       2.75773E-01       5.89749E-03       5.13107E-03
       2.18776E-02       2.29087E-02       2.23931E-02       1.03110E-03       2.84293E-04       2.75718E-01       6.17420E-03       5.41536E-03
       2.29087E-02       2.39883E-02       2.34485E-02       1.07960E-03       2.97650E-04       2.75704E-01       6.46484E-03       5.71301E-03
       2.39883E-02       2.51189E-02       2.45536E-02       1.13060E-03       3.11704E-04       2.75698E-01       6.76938E-03       6.02472E-03
       2.51189E-02       2.63027E-02       2.57108E-02       1.18380E-03       3.26489E-04       2.75798E-01       7.09099E-03       6.35121E-03
       2.63027E-02       2.75423E-02       2.69225E-02       1.23960E-03       3.42055E-04       2.75940E-01       7.42899E-03       6.69326E-03
       2.75423E-02       2.88403E-02       2.81913E-02       1.29800E-03       3.58464E-04       2.76167E-01       7.78550E-03       7.05173E-03
       2.88403E-02       3.01995E-02       2.95199E-02       1.35920E-03       3.80114E-04       2.79660E-01       8.25554E-03       7.43184E-03
       3.01995E-02       3.16228E-02       3.09112E-02       1.42330E-03       3.98828E-04       2.80213E-01       8.66172E-03       7.83067E-03
       3.16228E-02       3.31131E-02       3.23680E-02       1.49030E-03       4.17709E-04       2.80285E-01       9.07226E-03       8.24838E-03
       3.31131E-02       3.46737E-02       3.38934E-02       1.56060E-03       4.39916E-04       2.81890E-01       9.55420E-03       8.68830E-03
       3.46737E-02       3.63078E-02       3.54908E-02       1.63410E-03       4.76234E-04       2.91435E-01       1.03432E-02       9.16453E-03
       3.63078E-02       3.80189E-02       3.71633E-02       1.71110E-03       5.50379E-04       3.21653E-01       1.19537E-02       9.71491E-03
       3.80189E-02       3.98107E-02       3.89148E-02       1.79180E-03       5.77182E-04       3.22124E-01       1.25354E-02       1.02921E-02
       3.98107E-02       4.16869E-02       4.07488E-02       1.87620E-03       6.05508E-04       3.22731E-01       1.31509E-02       1.08976E-02
       4.16869E-02       4.36516E-02       4.26693E-02       1.96470E-03       6.43929E-04       3.27749E-01       1.39848E-02       1.15415E-02
       4.36516E-02       4.57088E-02       4.46802E-02       2.05720E-03       6.85764E-04       3.33349E-01       1.48941E-02       1.22273E-02
       4.57088E-02       4.78630E-02       4.67859E-02       2.15420E-03       7.19663E-04       3.34074E-01       1.56300E-02       1.29470E-02
       4.78630E-02       5.01187E-02       4.89908E-02       2.25570E-03       7.61677E-04       3.37668E-01       1.65426E-02       1.37086E-02
       5.01187E-02       5.24808E-02       5.12998E-02       2.36210E-03       8.11305E-04       3.43467E-01       1.76198E-02       1.45199E-02
       5.24808E-02       5.49541E-02       5.37174E-02       2.47330E-03       8.54962E-04       3.45677E-01       1.85689E-02       1.53749E-02
       5.49541E-02       5.75440E-02       5.62491E-02       2.58990E-03       9.08162E-04       3.50656E-01       1.97240E-02       1.62831E-02
       5.75440E-02       6.02560E-02       5.89000E-02       2.71200E-03       9.73621E-04       3.59005E-01       2.11454E-02       1.72567E-02
       6.02560E-02       6.30957E-02       6.16758E-02       2.83970E-03       1.02783E-03       3.61950E-01       2.23235E-02       1.82845E-02
       6.30957E-02       6.60693E-02       6.45825E-02       2.97360E-03       1.08170E-03       3.63770E-01       2.34932E-02       1.93662E-02
       6.60693E-02       6.91831E-02       6.76262E-02       3.11380E-03       1.13914E-03       3.65834E-01       2.47400E-02       2.05054E-02
       6.91831E-02       7.24436E-02       7.08134E-02       3.26050E-03       1.20044E-03       3.68176E-01       2.60718E-02       2.17058E-02
       7.24436E-02       7.58578E-02       7.41507E-02       3.41420E-03       1.26759E-03       3.71269E-01       2.75299E-02       2.29734E-02
       7.58578E-02       7.94328E-02       7.76453E-02       3.57500E-03       1.34055E-03       3.74980E-01       2.91154E-02       2.43139E-02
       7.94328E-02       8.31764E-02       8.13046E-02       3.74360E-03       1.41880E-03       3.78994E-01       3.08140E-02       2.57327E-02
       8.31764E-02       8.70964E-02       8.51364E-02       3.92000E-03       1.50279E-03       3.83366E-01       3.26384E-02       2.72355E-02
       8.70964E-02       9.12011E-02       8.91488E-02       4.10470E-03       1.59348E-03       3.88208E-01       3.46083E-02       2.88290E-02
       9.12011E-02       9.54993E-02       9.33502E-02       4.29820E-03       1.69122E-03       3.93473E-01       3.67308E-02       3.05202E-02
       9.54993E-02       1.00000E-01       9.77497E-02       4.50070E-03       1.79630E-03       3.99115E-01       3.90134E-02       3.23165E-02
       1.00000E-01       1.04713E-01       1.02357E-01       4.71300E-03       1.90929E-03       4.05112E-01       4.14658E-02       3.42258E-02
       1.04713E-01       1.09648E-01       1.07180E-01       4.93500E-03       2.03072E-03       4.11494E-01       4.41041E-02       3.62565E-02
       1.09648E-01       1.14815E-01       1.12231E-01       5.16700E-03       2.16139E-03       4.18307E-01       4.69473E-02       3.84179E-02
       1.14815E-01       1.20226E-01       1.17520E-01       5.41100E-03       2.30037E-03       4.25129E-01       4.99614E-02       4.07183E-02
       1.20226E-01       1.25892E-01       1.23059E-01       5.66600E-03       2.44795E-03       4.32042E-01       5.31666E-02       4.31663E-02
       1.25892E-01       1.31826E-01       1.28859E-01       5.93400E-03       2.60621E-03       4.39200E-01       5.65949E-02       4.57725E-02
       1.31826E-01       1.38038E-01       1.34932E-01       6.21200E-03       2.77577E-03       4.46840E-01       6.02930E-02       4.85482E-02
       1.38038E-01       1.44544E-01       1.41291E-01       6.50600E-03       2.95745E-03       4.54573E-01       6.42271E-02       5.15057E-02
       1.44544E-01       1.51356E-01       1.47950E-01       6.81200E-03       3.14994E-03       4.62411E-01       6.84137E-02       5.46556E-02
       1.51356E-01       1.58489E-01       1.54923E-01       7.13300E-03       3.35424E-03       4.70242E-01       7.28511E-02       5.80099E-02
       1.58489E-01       1.65959E-01       1.62224E-01       7.47000E-03       3.57216E-03       4.78200E-01       7.75756E-02       6.15820E-02
       1.65959E-01       1.73780E-01       1.69869E-01       7.82100E-03       3.84633E-03       4.91795E-01       8.35410E-02       6.54284E-02
       1.73780E-01       1.81970E-01       1.77875E-01       8.19000E-03       4.18376E-03       5.10837E-01       9.08652E-02       6.96121E-02
       1.81970E-01       1.90546E-01       1.86258E-01       8.57600E-03       4.55323E-03       5.30927E-01       9.88894E-02       7.41654E-02
       1.90546E-01       1.99526E-01       1.95036E-01       8.98000E-03       4.95331E-03       5.51593E-01       1.07581E-01       7.91187E-02
       1.99526E-01       2.08930E-01       2.04228E-01       9.40400E-03       5.38626E-03       5.72763E-01       1.16974E-01       8.45049E-02
       2.08930E-01       2.18776E-01       2.13853E-01       9.84600E-03       5.85429E-03       5.94585E-01       1.27154E-01       9.03592E-02
       2.18776E-01       2.29087E-01       2.23931E-01       1.03110E-02       6.35978E-03       6.16796E-01       1.38120E-01       9.67190E-02
       2.29087E-01       2.39883E-01       2.34485E-01       1.07960E-02       6.89638E-03       6.38790E-01       1.49787E-01       1.03615E-01
       2.39883E-01       2.51189E-01       2.45536E-01       1.13060E-02       7.46031E-03       6.59854E-01       1.62018E-01       1.11076E-01
       2.51189E-01       2.63027E-01       2.57108E-01       1.18380E-02       8.06675E-03       6.81429E-01       1.75201E-01       1.19142E-01
       2.63027E-01       2.75423E-01       2.69225E-01       1.23960E-02       8.71903E-03       7.03375E-01       1.89366E-01       1.27861E-01
       2.75423E-01       2.88403E-01       2.81913E-01       1.29800E-02       9.41864E-03       7.25627E-01       2.04564E-01       1.37280E-01
       2.88403E-01       3.01995E-01       2.95199E-01       1.35920E-02       1.01468E-02       7.46525E-01       2.20373E-01       1.47427E-01
       3.01995E-01       3.16228E-01       3.09112E-01       1.42330E-02       1.09211E-02       7.67305E-01       2.37183E-01       1.58348E-01
       3.16228E-01       3.31131E-01       3.23680E-01       1.49030E-02       1.17533E-02       7.88653E-01       2.55271E-01       1.70101E-01
       3.31131E-01       3.46737E-01       3.38934E-01       1.56060E-02       1.26403E-02       8.09963E-01       2.74524E-01       1.82742E-01
       3.46737E-01       3.63078E-01       3.54908E-01       1.63410E-02       1.35565E-02       8.29602E-01       2.94432E-01       1.96298E-01
       3.63078E-01       3.80189E-01       3.71633E-01       1.71110E-02       1.45379E-02       8.49626E-01       3.15749E-01       2.10836E-01
       3.80189E-01       3.98107E-01       3.89148E-01       1.79180E-02       1.55972E-02       8.70475E-01       3.38744E-01       2.26433E-01
       3.98107E-01       4.16869E-01       4.07488E-01       1.87620E-02       1.67432E-02       8.92397E-01       3.63641E-01       2.43176E-01
       4.16869E-01       4.36516E-01       4.26692E-01       1.96470E-02       1.79866E-02       9.15488E-01       3.90632E-01       2.61163E-01
       4.36516E-01       4.57088E-01       4.46802E-01       2.05720E-02       1.93403E-02       9.40127E-01       4.20051E-01       2.80503E-01
       4.57088E-01       4.78630E-01       4.67859E-01       2.15420E-02       2.08196E-02       9.66467E-01       4.52170E-01       3.01323E-01
       4.78630E-01       5.01187E-01       4.89909E-01       2.25570E-02       2.24494E-02       9.95228E-01       4.87571E-01       3.23772E-01
       5.01187E-01       5.24808E-01       5.12998E-01       2.36210E-02       2.62427E-02       1.11099E+00       5.69936E-01       3.50015E-01
       5.24808E-01       5.49541E-01       5.37174E-01       2.47330E-02       2.97061E-02       1.20107E+00       6.45185E-01       3.79721E-01
       5.49541E-01       5.75440E-01       5.62490E-01       2.58990E-02       2.54656E-02       9.83264E-01       5.53077E-01       4.05187E-01
       5.75440E-01       6.02560E-01       5.89000E-01       2.71200E-02       2.53968E-02       9.36460E-01       5.51575E-01       4.30583E-01
       6.02560E-01       6.30957E-01       6.16758E-01       2.83970E-02       2.53274E-02       8.91905E-01       5.50090E-01       4.55911E-01
       6.30957E-01       6.60693E-01       6.45825E-01       2.97360E-02       2.52951E-02       8.50657E-01       5.49376E-01       4.81206E-01
       6.60693E-01       6.91831E-01       6.76262E-01       3.11380E-02       2.52546E-02       8.11053E-01       5.48484E-01       5.06460E-01
       6.91831E-01       7.24436E-01       7.08133E-01       3.26050E-02       2.51943E-02       7.72714E-01       5.47184E-01       5.31655E-01
       7.24436E-01       7.58578E-01       7.41507E-01       3.41420E-02       2.50411E-02       7.33439E-01       5.43850E-01       5.56696E-01
       7.58578E-01       7.94328E-01       7.76453E-01       3.57500E-02       2.47755E-02       6.93021E-01       5.38098E-01       5.81471E-01
       7.94328E-01       8.31764E-01       8.13046E-01       3.74360E-02       2.43740E-02       6.51084E-01       5.29361E-01       6.05845E-01
       8.31764E-01       8.70964E-01       8.51364E-01       3.92000E-02       2.38072E-02       6.07328E-01       5.17057E-01       6.29653E-01
       8.70964E-01       9.12011E-01       8.91487E-01       4.10470E-02       2.31376E-02       5.63686E-01       5.02519E-01       6.52790E-01
       9.12011E-01       9.54993E-01       9.33502E-01       4.29820E-02       2.23779E-02       5.20634E-01       4.86013E-01       6.75168E-01
       9.54993E-01       1.00000E+00       9.77497E-01       4.50070E-02       2.13713E-02       4.74843E-01       4.64157E-01       6.96539E-01
       1.00000E+00       1.04713E+00       1.02357E+00       4.71300E-02       2.00711E-02       4.25866E-01       4.35902E-01       7.16610E-01
       1.04713E+00       1.09648E+00       1.07181E+00       4.93500E-02       1.84621E-02       3.74106E-01       4.00969E-01       7.35073E-01
       1.09648E+00       1.14815E+00       1.12231E+00       5.16700E-02       1.77722E-02       3.43957E-01       3.86028E-01       7.52845E-01
       1.14815E+00       1.20226E+00       1.17520E+00       5.41100E-02       1.76808E-02       3.26757E-01       3.84006E-01       7.70526E-01
       1.20226E+00       1.25892E+00       1.23059E+00       5.66600E-02       1.74634E-02       3.08214E-01       3.79285E-01       7.87989E-01
       1.25892E+00       1.31826E+00       1.28859E+00       5.93400E-02       1.71409E-02       2.88859E-01       3.72221E-01       8.05130E-01
       1.31826E+00       1.38038E+00       1.34932E+00       6.21200E-02       1.67652E-02       2.69883E-01       3.64159E-01       8.21895E-01
       1.38038E+00       1.44544E+00       1.41291E+00       6.50600E-02       1.67218E-02       2.57021E-01       3.63148E-01       8.38617E-01
       1.44544E+00       1.51356E+00       1.47950E+00       6.81200E-02       1.66874E-02       2.44971E-01       3.62434E-01       8.55304E-01
       1.51356E+00       1.58489E+00       1.54923E+00       7.13300E-02       1.64965E-02       2.31271E-01       3.58290E-01       8.71801E-01
       1.58489E+00       1.65959E+00       1.62224E+00       7.47000E-02       1.51087E-02       2.02258E-01       3.28112E-01       8.86910E-01
       1.65959E+00       1.73780E+00       1.69869E+00       7.82100E-02       1.53735E-02       1.96567E-01       3.33908E-01       9.02283E-01
       1.73780E+00       1.81970E+00       1.77875E+00       8.19000E-02       1.53714E-02       1.87685E-01       3.33845E-01       9.17655E-01
       1.81970E+00       1.90546E+00       1.86258E+00       8.57600E-02       1.41763E-02       1.65302E-01       3.07887E-01       9.31831E-01
       1.90546E+00       1.99526E+00       1.95036E+00       8.98000E-02       1.05974E-02       1.18011E-01       2.30164E-01       9.42428E-01
       1.99526E+00       2.08930E+00       2.04228E+00       9.40400E-02       7.48884E-03       7.96346E-02       1.62636E-01       9.49917E-01
       2.08930E+00       2.18776E+00       2.13853E+00       9.84600E-02       6.99187E-03       7.10123E-02       1.51862E-01       9.56909E-01
       2.18776E+00       2.29087E+00       2.23932E+00       1.03110E-01       6.40782E-03       6.21455E-02       1.39163E-01       9.63317E-01
       2.29087E+00       2.39883E+00       2.34485E+00       1.07960E-01       5.82262E-03       5.39332E-02       1.26465E-01       9.69139E-01
       2.39883E+00       2.51189E+00       2.45536E+00       1.13060E-01       5.20043E-03       4.59971E-02       1.12939E-01       9.74340E-01
       2.51189E+00       2.63027E+00       2.57108E+00       1.18380E-01       4.62905E-03       3.91033E-02       1.00538E-01       9.78969E-01
       2.63027E+00       2.75423E+00       2.69225E+00       1.23960E-01       4.07272E-03       3.28551E-02       8.84541E-02       9.83042E-01
       2.75423E+00       2.88403E+00       2.81913E+00       1.29800E-01       3.55516E-03       2.73895E-02       7.72147E-02       9.86597E-01
       2.88403E+00       3.01995E+00       2.95199E+00       1.35920E-01       3.07093E-03       2.25937E-02       6.66963E-02       9.89668E-01
       3.01995E+00       3.16228E+00       3.09111E+00       1.42330E-01       2.60008E-03       1.82680E-02       5.64684E-02       9.92268E-01
       3.16228E+00       3.31131E+00       3.23679E+00       1.49030E-01       2.14045E-03       1.43625E-02       4.64885E-02       9.94408E-01
       3.31131E+00       3.46737E+00       3.38934E+00       1.56060E-01       1.70857E-03       1.09482E-02       3.71071E-02       9.96117E-01
       3.46737E+00       3.63078E+00       3.54908E+00       1.63410E-01       1.32893E-03       8.13248E-03       2.88628E-02       9.97446E-01
       3.63078E+00       3.80189E+00       3.71633E+00       1.71110E-01       1.00681E-03       5.88402E-03       2.18670E-02       9.98453E-01
       3.80189E+00       3.98107E+00       3.89148E+00       1.79180E-01       7.30340E-04       4.07601E-03       1.58617E-02       9.99183E-01
       3.98107E+00       4.16869E+00       4.07488E+00       1.87620E-01       4.86659E-04       2.59385E-03       1.05696E-02       9.99670E-01
       4.16869E+00       4.36516E+00       4.26692E+00       1.96470E-01       2.70943E-04       1.37905E-03       5.88432E-03       9.99941E-01
       4.36516E+00       4.57088E+00       4.46802E+00       2.05720E-01       5.96127E-05       2.89776E-04       1.29472E-03       1.00000E+00

 Sum =                                                                         1.00000E+00
 Renormalization bin#   954 =                                                  3.81409E-01 barn        1.56000E+07        1.58000E+07        1.57000E+07
 Avg. Energy     bin#   954 =                                                  8.58319E-01 MeV         1.56000E+07        1.58000E+07
