"        MT= 91 recoil spectrum "
" Initial neutron energy corresponds to the group:"
   2.80000E+01    2.82000E+01       0.00000E+00           615           916           302



          Low               High              Mid              Energy           Number             dn/de            E*dn/de          Cumulative
         Energy            Energy            Energy             Width          Fraction                               Sum   
         [MeV]             [MeV]             [MeV]              [MeV]

       9.97500E-06       1.00000E-05       9.98750E-06       2.49996E-08       0.00000E+00       0.00000E+00       0.00000E+00       0.00000E+00
       1.00000E-05       1.04713E-05       1.02356E-05       4.71300E-07       9.81140E-11       2.08177E-04       2.13083E-09       9.81140E-11
       1.04713E-05       1.09648E-05       1.07180E-05       4.93500E-07       1.07576E-10       2.17987E-04       2.33639E-09       2.05690E-10
       1.09648E-05       1.14815E-05       1.12232E-05       5.16700E-07       1.17959E-10       2.28293E-04       2.56216E-09       3.23649E-10
       1.14815E-05       1.20226E-05       1.17521E-05       5.41101E-07       1.29335E-10       2.39022E-04       2.80900E-09       4.52984E-10
       1.20226E-05       1.25892E-05       1.23059E-05       5.66600E-07       1.41819E-10       2.50298E-04       3.08014E-09       5.94803E-10
       1.25892E-05       1.31826E-05       1.28859E-05       5.93400E-07       1.55493E-10       2.62038E-04       3.37659E-09       7.50296E-10
       1.31826E-05       1.38038E-05       1.34932E-05       6.21200E-07       1.70502E-10       2.74472E-04       3.70351E-09       9.20798E-10
       1.38038E-05       1.44544E-05       1.41291E-05       6.50600E-07       1.86956E-10       2.87359E-04       4.06012E-09       1.10775E-09
       1.44544E-05       1.51356E-05       1.47950E-05       6.81200E-07       2.04980E-10       3.00910E-04       4.45197E-09       1.31273E-09
       1.51356E-05       1.58489E-05       1.54922E-05       7.13300E-07       2.24756E-10       3.15093E-04       4.88150E-09       1.53749E-09
       1.58489E-05       1.65959E-05       1.62224E-05       7.47000E-07       2.46449E-10       3.29918E-04       5.35206E-09       1.78394E-09
       1.65959E-05       1.73780E-05       1.69869E-05       7.82101E-07       2.70226E-10       3.45514E-04       5.86922E-09       2.05416E-09
       1.73780E-05       1.81970E-05       1.77875E-05       8.19000E-07       2.96297E-10       3.61779E-04       6.43515E-09       2.35046E-09
       1.81970E-05       1.90546E-05       1.86258E-05       8.57599E-07       3.24883E-10       3.78829E-04       7.05599E-09       2.67535E-09
       1.90546E-05       1.99526E-05       1.95036E-05       8.98001E-07       3.56221E-10       3.96682E-04       7.73673E-09       3.03157E-09
       1.99526E-05       2.08930E-05       2.04228E-05       9.40399E-07       3.90588E-10       4.15343E-04       8.48246E-09       3.42215E-09
       2.08930E-05       2.18776E-05       2.13853E-05       9.84600E-07       4.28277E-10       4.34975E-04       9.30208E-09       3.85043E-09
       2.18776E-05       2.29087E-05       2.23932E-05       1.03110E-06       4.69592E-10       4.55428E-04       1.01985E-08       4.32002E-09
       2.29087E-05       2.39883E-05       2.34485E-05       1.07960E-06       5.14897E-10       4.76933E-04       1.11834E-08       4.83492E-09
       2.39883E-05       2.51189E-05       2.45536E-05       1.13060E-06       5.64578E-10       4.99362E-04       1.22611E-08       5.39950E-09
       2.51189E-05       2.63027E-05       2.57108E-05       1.18380E-06       6.19054E-10       5.22938E-04       1.34452E-08       6.01855E-09
       2.63027E-05       2.75423E-05       2.69225E-05       1.23960E-06       6.78770E-10       5.47572E-04       1.47420E-08       6.69732E-09
       2.75423E-05       2.88403E-05       2.81913E-05       1.29800E-06       7.44266E-10       5.73394E-04       1.61647E-08       7.44159E-09
       2.88403E-05       3.01995E-05       2.95199E-05       1.35920E-06       8.16058E-10       6.00396E-04       1.77236E-08       8.25765E-09
       3.01995E-05       3.16228E-05       3.09111E-05       1.42330E-06       8.94798E-10       6.28677E-04       1.94331E-08       9.15244E-09
       3.16228E-05       3.31131E-05       3.23679E-05       1.49030E-06       9.81126E-10       6.58342E-04       2.13092E-08       1.01336E-08
       3.31131E-05       3.46737E-05       3.38934E-05       1.56060E-06       1.07579E-09       6.89345E-04       2.33642E-08       1.12094E-08
       3.46737E-05       3.63078E-05       3.54907E-05       1.63410E-06       1.17957E-09       7.21849E-04       2.56190E-08       1.23889E-08
       3.63078E-05       3.80189E-05       3.71634E-05       1.71110E-06       1.29336E-09       7.55866E-04       2.80905E-08       1.36823E-08
       3.80189E-05       3.98107E-05       3.89148E-05       1.79180E-06       1.41819E-09       7.91487E-04       3.08006E-08       1.51005E-08
       3.98107E-05       4.16869E-05       4.07488E-05       1.87620E-06       1.55493E-09       8.28766E-04       3.37712E-08       1.66554E-08
       4.16869E-05       4.36516E-05       4.26692E-05       1.96470E-06       1.70502E-09       8.67827E-04       3.70295E-08       1.83604E-08
       4.36516E-05       4.57088E-05       4.46802E-05       2.05720E-06       1.86956E-09       9.08787E-04       4.06048E-08       2.02300E-08
       4.57088E-05       4.78630E-05       4.67859E-05       2.15420E-06       2.04980E-09       9.51539E-04       4.45186E-08       2.22798E-08
       4.78630E-05       5.01187E-05       4.89908E-05       2.25570E-06       2.24756E-09       9.96390E-04       4.88140E-08       2.45274E-08
       5.01187E-05       5.24808E-05       5.12998E-05       2.36210E-06       2.43989E-09       1.03293E-03       5.29891E-08       2.69672E-08
       5.24808E-05       5.49541E-05       5.37174E-05       2.47330E-06       2.61027E-09       1.05538E-03       5.66922E-08       2.95775E-08
       5.49541E-05       5.75440E-05       5.62490E-05       2.58990E-06       2.79315E-09       1.07848E-03       6.06635E-08       3.23707E-08
       5.75440E-05       6.02560E-05       5.89000E-05       2.71200E-06       2.99063E-09       1.10274E-03       6.49513E-08       3.53613E-08
       6.02560E-05       6.30957E-05       6.16758E-05       2.83970E-06       3.20353E-09       1.12812E-03       6.95779E-08       3.85648E-08
       6.30957E-05       6.60693E-05       6.45825E-05       2.97360E-06       3.43366E-09       1.15472E-03       7.45745E-08       4.19985E-08
       6.60693E-05       6.91831E-05       6.76262E-05       3.11380E-06       3.68214E-09       1.18252E-03       7.99695E-08       4.56806E-08
       6.91831E-05       7.24436E-05       7.08134E-05       3.26051E-06       3.95063E-09       1.21166E-03       8.58018E-08       4.96312E-08
       7.24436E-05       7.58578E-05       7.41507E-05       3.41420E-06       4.24094E-09       1.24215E-03       9.21060E-08       5.38722E-08
       7.58578E-05       7.94328E-05       7.76453E-05       3.57500E-06       4.54459E-09       1.27121E-03       9.87038E-08       5.84168E-08
       7.94328E-05       8.31764E-05       8.13046E-05       3.74360E-06       4.86436E-09       1.29938E-03       1.05646E-07       6.32811E-08
       8.31764E-05       8.70964E-05       8.51364E-05       3.92000E-06       5.20942E-09       1.32893E-03       1.13141E-07       6.84905E-08
       8.70964E-05       9.12011E-05       8.91488E-05       4.10471E-06       5.58186E-09       1.35987E-03       1.21230E-07       7.40724E-08
       9.12011E-05       9.54993E-05       9.33502E-05       4.29820E-06       5.98417E-09       1.39225E-03       1.29967E-07       8.00566E-08
       9.54993E-05       1.00000E-04       9.77497E-05       4.50070E-06       6.41887E-09       1.42619E-03       1.39410E-07       8.64754E-08
       1.00000E-04       1.04713E-04       1.02356E-04       4.71300E-06       6.87914E-09       1.45961E-03       1.49401E-07       9.33546E-08
       1.04713E-04       1.09648E-04       1.07181E-04       4.93501E-06       7.35761E-09       1.49090E-03       1.59796E-07       1.00712E-07
       1.09648E-04       1.14815E-04       1.12232E-04       5.16700E-06       7.87333E-09       1.52377E-03       1.71015E-07       1.08586E-07
       1.14815E-04       1.20226E-04       1.17520E-04       5.41100E-06       8.42920E-09       1.55779E-03       1.83072E-07       1.17015E-07
       1.20226E-04       1.25892E-04       1.23059E-04       5.66600E-06       9.02955E-09       1.59364E-03       1.96111E-07       1.26044E-07
       1.25892E-04       1.31826E-04       1.28859E-04       5.93401E-06       9.67771E-09       1.63089E-03       2.10155E-07       1.35722E-07
       1.31826E-04       1.38038E-04       1.34932E-04       6.21199E-06       1.03776E-08       1.67057E-03       2.25413E-07       1.46100E-07
       1.38038E-04       1.44544E-04       1.41291E-04       6.50601E-06       1.11344E-08       1.71140E-03       2.41805E-07       1.57234E-07
       1.44544E-04       1.51356E-04       1.47950E-04       6.81200E-06       1.19522E-08       1.75458E-03       2.59591E-07       1.69186E-07
       1.51356E-04       1.58489E-04       1.54922E-04       7.13300E-06       1.28102E-08       1.79591E-03       2.78227E-07       1.81996E-07
       1.58489E-04       1.65959E-04       1.62224E-04       7.47000E-06       1.37114E-08       1.83553E-03       2.97768E-07       1.95708E-07
       1.65959E-04       1.73780E-04       1.69870E-04       7.82100E-06       1.46837E-08       1.87747E-03       3.18924E-07       2.10391E-07
       1.73780E-04       1.81970E-04       1.77875E-04       8.19000E-06       1.57332E-08       1.92102E-03       3.41702E-07       2.26125E-07
       1.81970E-04       1.90546E-04       1.86258E-04       8.57600E-06       1.68666E-08       1.96672E-03       3.66318E-07       2.42991E-07
       1.90546E-04       1.99526E-04       1.95036E-04       8.98000E-06       1.80912E-08       2.01461E-03       3.92922E-07       2.61082E-07
       1.99526E-04       2.08930E-04       2.04228E-04       9.40399E-06       1.93913E-08       2.06203E-03       4.21123E-07       2.80474E-07
       2.08930E-04       2.18776E-04       2.13853E-04       9.84601E-06       2.07409E-08       2.10653E-03       4.50488E-07       3.01215E-07
       2.18776E-04       2.29087E-04       2.23932E-04       1.03110E-05       2.21937E-08       2.15243E-03       4.81997E-07       3.23408E-07
       2.29087E-04       2.39883E-04       2.34485E-04       1.07960E-05       2.37609E-08       2.20090E-03       5.16078E-07       3.47169E-07
       2.39883E-04       2.51189E-04       2.45536E-04       1.13060E-05       2.54522E-08       2.25121E-03       5.52752E-07       3.72621E-07
       2.51189E-04       2.63027E-04       2.57108E-04       1.18380E-05       2.72785E-08       2.30431E-03       5.92457E-07       3.99900E-07
       2.63027E-04       2.75423E-04       2.69225E-04       1.23960E-05       2.92512E-08       2.35973E-03       6.35298E-07       4.29151E-07
       2.75423E-04       2.88403E-04       2.81913E-04       1.29800E-05       3.13831E-08       2.41780E-03       6.81610E-07       4.60534E-07
       2.88403E-04       3.01995E-04       2.95199E-04       1.35920E-05       3.36880E-08       2.47852E-03       7.31658E-07       4.94222E-07
       3.01995E-04       3.16228E-04       3.09111E-04       1.42330E-05       3.61124E-08       2.53723E-03       7.84286E-07       5.30335E-07
       3.16228E-04       3.31131E-04       3.23680E-04       1.49030E-05       3.86522E-08       2.59358E-03       8.39489E-07       5.68987E-07
       3.31131E-04       3.46737E-04       3.38934E-04       1.56060E-05       4.13924E-08       2.65234E-03       8.98968E-07       6.10379E-07
       3.46737E-04       3.63078E-04       3.54908E-04       1.63410E-05       4.43499E-08       2.71403E-03       9.63229E-07       6.54729E-07
       3.63078E-04       3.80189E-04       3.71634E-04       1.71110E-05       4.75442E-08       2.77857E-03       1.03261E-06       7.02273E-07
       3.80189E-04       3.98107E-04       3.89148E-04       1.79180E-05       5.09956E-08       2.84605E-03       1.10754E-06       7.53269E-07
       3.98107E-04       4.16869E-04       4.07488E-04       1.87620E-05       5.47381E-08       2.91750E-03       1.18884E-06       8.08007E-07
       4.16869E-04       4.36516E-04       4.26692E-04       1.96470E-05       5.88185E-08       2.99376E-03       1.27742E-06       8.66825E-07
       4.36516E-04       4.57088E-04       4.46802E-04       2.05720E-05       6.32387E-08       3.07401E-03       1.37348E-06       9.30064E-07
       4.57088E-04       4.78630E-04       4.67859E-04       2.15420E-05       6.80256E-08       3.15782E-03       1.47741E-06       9.98090E-07
       4.78630E-04       5.01187E-04       4.89909E-04       2.25570E-05       7.32124E-08       3.24566E-03       1.59008E-06       1.07130E-06
       5.01187E-04       5.24808E-04       5.12998E-04       2.36210E-05       7.88354E-08       3.33752E-03       1.71214E-06       1.15014E-06
       5.24808E-04       5.49541E-04       5.37175E-04       2.47330E-05       8.49323E-08       3.43396E-03       1.84464E-06       1.23507E-06
       5.49541E-04       5.75440E-04       5.62491E-04       2.58990E-05       9.15464E-08       3.53475E-03       1.98826E-06       1.32662E-06
       5.75440E-04       6.02560E-04       5.89000E-04       2.71200E-05       9.87247E-08       3.64029E-03       2.14413E-06       1.42534E-06
       6.02560E-04       6.30957E-04       6.16758E-04       2.83970E-05       1.06322E-07       3.74413E-03       2.30923E-06       1.53166E-06
       6.30957E-04       6.60693E-04       6.45825E-04       2.97360E-05       1.14292E-07       3.84354E-03       2.48225E-06       1.64595E-06
       6.60693E-04       6.91831E-04       6.76262E-04       3.11380E-05       1.22919E-07       3.94756E-03       2.66959E-06       1.76887E-06
       6.91831E-04       7.24436E-04       7.08133E-04       3.26050E-05       1.32265E-07       4.05660E-03       2.87262E-06       1.90114E-06
       7.24436E-04       7.58578E-04       7.41507E-04       3.41420E-05       1.42395E-07       4.17067E-03       3.09258E-06       2.04353E-06
       7.58578E-04       7.94328E-04       7.76453E-04       3.57500E-05       1.53378E-07       4.29029E-03       3.33121E-06       2.19691E-06
       7.94328E-04       8.31764E-04       8.13046E-04       3.74360E-05       1.65111E-07       4.41050E-03       3.58594E-06       2.36202E-06
       8.31764E-04       8.70964E-04       8.51364E-04       3.92000E-05       1.77246E-07       4.52158E-03       3.84951E-06       2.53927E-06
       8.70964E-04       9.12011E-04       8.91487E-04       4.10470E-05       1.90323E-07       4.63671E-03       4.13357E-06       2.72959E-06
       9.12011E-04       9.54993E-04       9.33502E-04       4.29820E-05       2.04474E-07       4.75721E-03       4.44087E-06       2.93407E-06
       9.54993E-04       1.00000E-03       9.77497E-04       4.50070E-05       2.19792E-07       4.88350E-03       4.77360E-06       3.15386E-06
       1.00000E-03       1.04713E-03       1.02356E-03       4.71300E-05       2.36380E-07       5.01550E-03       5.13369E-06       3.39024E-06
       1.04713E-03       1.09648E-03       1.07180E-03       4.93500E-05       2.54345E-07       5.15390E-03       5.52398E-06       3.64458E-06
       1.09648E-03       1.14815E-03       1.12231E-03       5.16700E-05       2.73826E-07       5.29951E-03       5.94772E-06       3.91841E-06
       1.14815E-03       1.20226E-03       1.17520E-03       5.41100E-05       2.94934E-07       5.45064E-03       6.40562E-06       4.21334E-06
       1.20226E-03       1.25892E-03       1.23059E-03       5.66600E-05       3.17289E-07       5.59987E-03       6.89114E-06       4.53063E-06
       1.25892E-03       1.31826E-03       1.28859E-03       5.93400E-05       3.40587E-07       5.73959E-03       7.39597E-06       4.87122E-06
       1.31826E-03       1.38038E-03       1.34932E-03       6.21200E-05       3.65758E-07       5.88793E-03       7.94471E-06       5.23698E-06
       1.38038E-03       1.44544E-03       1.41291E-03       6.50599E-05       3.93010E-07       6.04074E-03       8.53503E-06       5.62999E-06
       1.44544E-03       1.51356E-03       1.47950E-03       6.81201E-05       4.22500E-07       6.20228E-03       9.17627E-06       6.05249E-06
       1.51356E-03       1.58489E-03       1.54923E-03       7.13300E-05       4.54447E-07       6.37106E-03       9.87020E-06       6.50694E-06
       1.58489E-03       1.65959E-03       1.62224E-03       7.47000E-05       4.88624E-07       6.54116E-03       1.06113E-05       6.99556E-06
       1.65959E-03       1.73780E-03       1.69870E-03       7.82101E-05       5.23953E-07       6.69930E-03       1.13801E-05       7.51951E-06
       1.73780E-03       1.81970E-03       1.77875E-03       8.18999E-05       5.61956E-07       6.86149E-03       1.22049E-05       8.08147E-06
       1.81970E-03       1.90546E-03       1.86258E-03       8.57600E-05       6.03035E-07       7.03166E-03       1.30970E-05       8.68450E-06
       1.90546E-03       1.99526E-03       1.95036E-03       8.98001E-05       6.47453E-07       7.20994E-03       1.40620E-05       9.33196E-06
       1.99526E-03       2.08930E-03       2.04228E-03       9.40400E-05       6.95517E-07       7.39596E-03       1.51046E-05       1.00275E-05
       2.08930E-03       2.18776E-03       2.13853E-03       9.84600E-05       7.47537E-07       7.59230E-03       1.62364E-05       1.07750E-05
       2.18776E-03       2.29087E-03       2.23932E-03       1.03110E-04       8.03857E-07       7.79611E-03       1.74579E-05       1.15789E-05
       2.29087E-03       2.39883E-03       2.34485E-03       1.07960E-04       8.64871E-07       8.01103E-03       1.87847E-05       1.24437E-05
       2.39883E-03       2.51189E-03       2.45536E-03       1.13060E-04       9.29607E-07       8.22226E-03       2.01886E-05       1.33733E-05
       2.51189E-03       2.63027E-03       2.57108E-03       1.18380E-04       9.96963E-07       8.42171E-03       2.16529E-05       1.43703E-05
       2.63027E-03       2.75423E-03       2.69225E-03       1.23960E-04       1.06967E-06       8.62913E-03       2.32318E-05       1.54400E-05
       2.75423E-03       2.88403E-03       2.81913E-03       1.29800E-04       1.14828E-06       8.84652E-03       2.49395E-05       1.65883E-05
       2.88403E-03       3.01995E-03       2.95199E-03       1.35920E-04       1.23331E-06       9.07383E-03       2.67858E-05       1.78216E-05
       3.01995E-03       3.16228E-03       3.09112E-03       1.42330E-04       1.32535E-06       9.31178E-03       2.87838E-05       1.91469E-05
       3.16228E-03       3.31131E-03       3.23679E-03       1.49030E-04       1.42394E-06       9.55471E-03       3.09266E-05       2.05709E-05
       3.31131E-03       3.46737E-03       3.38934E-03       1.56060E-04       1.52587E-06       9.77747E-03       3.31392E-05       2.20967E-05
       3.46737E-03       3.63078E-03       3.54907E-03       1.63410E-04       1.63530E-06       1.00073E-02       3.55168E-05       2.37320E-05
       3.63078E-03       3.80189E-03       3.71633E-03       1.71110E-04       1.75351E-06       1.02478E-02       3.80844E-05       2.54855E-05
       3.80189E-03       3.98107E-03       3.89148E-03       1.79180E-04       1.88127E-06       1.04993E-02       4.08580E-05       2.73668E-05
       3.98107E-03       4.16869E-03       4.07488E-03       1.87620E-04       2.01940E-06       1.07632E-02       4.38589E-05       2.93862E-05
       4.16869E-03       4.36516E-03       4.26693E-03       1.96470E-04       2.16879E-06       1.10388E-02       4.71016E-05       3.15550E-05
       4.36516E-03       4.57088E-03       4.46802E-03       2.05720E-04       2.33048E-06       1.13284E-02       5.06156E-05       3.38855E-05
       4.57088E-03       4.78630E-03       4.67859E-03       2.15420E-04       2.50553E-06       1.16309E-02       5.44162E-05       3.63910E-05
       4.78630E-03       5.01187E-03       4.89909E-03       2.25570E-04       2.68904E-06       1.19211E-02       5.84022E-05       3.90800E-05
       5.01187E-03       5.24807E-03       5.12997E-03       2.36200E-04       2.87318E-06       1.21642E-02       6.24021E-05       4.19532E-05
       5.24807E-03       5.49541E-03       5.37174E-03       2.47340E-04       3.07084E-06       1.24154E-02       6.66925E-05       4.50241E-05
       5.49541E-03       5.75440E-03       5.62491E-03       2.58990E-04       3.28384E-06       1.26794E-02       7.13205E-05       4.83079E-05
       5.75440E-03       6.02560E-03       5.89000E-03       2.71200E-04       3.51347E-06       1.29553E-02       7.63066E-05       5.18214E-05
       6.02560E-03       6.30957E-03       6.16759E-03       2.83970E-04       3.76112E-06       1.32448E-02       8.16883E-05       5.55825E-05
       6.30957E-03       6.60693E-03       6.45825E-03       2.97360E-04       4.02617E-06       1.35397E-02       8.74428E-05       5.96087E-05
       6.60693E-03       6.91831E-03       6.76262E-03       3.11380E-04       4.29971E-06       1.38086E-02       9.33820E-05       6.39084E-05
       6.91831E-03       7.24436E-03       7.08133E-03       3.26050E-04       4.59211E-06       1.40841E-02       9.97341E-05       6.85005E-05
       7.24436E-03       7.58578E-03       7.41507E-03       3.41420E-04       4.90698E-06       1.43723E-02       1.06571E-04       7.34074E-05
       7.58578E-03       7.94328E-03       7.76453E-03       3.57500E-04       5.24616E-06       1.46746E-02       1.13941E-04       7.86536E-05
       7.94328E-03       8.31764E-03       8.13046E-03       3.74360E-04       5.61178E-06       1.49903E-02       1.21878E-04       8.42654E-05
       8.31764E-03       8.70964E-03       8.51364E-03       3.92000E-04       6.00600E-06       1.53214E-02       1.30441E-04       9.02714E-05
       8.70964E-03       9.12011E-03       8.91487E-03       4.10471E-04       6.43135E-06       1.56682E-02       1.39680E-04       9.67027E-05
       9.12011E-03       9.54993E-03       9.33502E-03       4.29819E-04       6.89049E-06       1.60311E-02       1.49651E-04       1.03593E-04
       9.54993E-03       1.00000E-02       9.77496E-03       4.50070E-04       7.37915E-06       1.63955E-02       1.60266E-04       1.10972E-04
       1.00000E-02       1.04713E-02       1.02357E-02       4.71300E-04       7.88664E-06       1.67338E-02       1.71281E-04       1.18859E-04
       1.04713E-02       1.09648E-02       1.07180E-02       4.93500E-04       8.43187E-06       1.70859E-02       1.83127E-04       1.27291E-04
       1.09648E-02       1.14815E-02       1.12232E-02       5.16700E-04       9.01997E-06       1.74569E-02       1.95921E-04       1.36311E-04
       1.14815E-02       1.20226E-02       1.17521E-02       5.41100E-04       9.65368E-06       1.78409E-02       2.09667E-04       1.45965E-04
       1.20226E-02       1.25892E-02       1.23059E-02       5.66601E-04       1.03378E-05       1.82453E-02       2.24525E-04       1.56302E-04
       1.25892E-02       1.31826E-02       1.28859E-02       5.93399E-04       1.10743E-05       1.86624E-02       2.40482E-04       1.67377E-04
       1.31826E-02       1.38038E-02       1.34932E-02       6.21200E-04       1.18556E-05       1.90850E-02       2.57517E-04       1.79232E-04
       1.38038E-02       1.44544E-02       1.41291E-02       6.50601E-04       1.26964E-05       1.95150E-02       2.75729E-04       1.91929E-04
       1.44544E-02       1.51356E-02       1.47950E-02       6.81199E-04       1.36037E-05       1.99703E-02       2.95460E-04       2.05532E-04
       1.51356E-02       1.58489E-02       1.54923E-02       7.13301E-04       1.45839E-05       2.04456E-02       3.16749E-04       2.20116E-04
       1.58489E-02       1.65959E-02       1.62224E-02       7.47000E-04       1.56430E-05       2.09411E-02       3.39714E-04       2.35759E-04
       1.65959E-02       1.73780E-02       1.69870E-02       7.82100E-04       1.67877E-05       2.14649E-02       3.64623E-04       2.52547E-04
       1.73780E-02       1.81970E-02       1.77875E-02       8.19000E-04       1.80256E-05       2.20093E-02       3.91490E-04       2.70573E-04
       1.81970E-02       1.90546E-02       1.86258E-02       8.57600E-04       1.93651E-05       2.25806E-02       4.20582E-04       2.89938E-04
       1.90546E-02       1.99526E-02       1.95036E-02       8.98000E-04       2.07967E-05       2.31589E-02       4.51681E-04       3.10734E-04
       1.99526E-02       2.08930E-02       2.04228E-02       9.40400E-04       2.22855E-05       2.36978E-02       4.83976E-04       3.33020E-04
       2.08930E-02       2.18776E-02       2.13853E-02       9.84600E-04       2.38880E-05       2.42617E-02       5.18844E-04       3.56908E-04
       2.18776E-02       2.29087E-02       2.23931E-02       1.03110E-03       2.56192E-05       2.48465E-02       5.56391E-04       3.82527E-04
       2.29087E-02       2.39883E-02       2.34485E-02       1.07960E-03       2.74904E-05       2.54635E-02       5.97081E-04       4.10017E-04
       2.39883E-02       2.51189E-02       2.45536E-02       1.13060E-03       2.95140E-05       2.61047E-02       6.40964E-04       4.39531E-04
       2.51189E-02       2.63027E-02       2.57108E-02       1.18380E-03       3.16877E-05       2.67678E-02       6.88222E-04       4.71219E-04
       2.63027E-02       2.75423E-02       2.69225E-02       1.23960E-03       3.39055E-05       2.73520E-02       7.36383E-04       5.05125E-04
       2.75423E-02       2.88403E-02       2.81913E-02       1.29800E-03       3.62647E-05       2.79389E-02       7.87634E-04       5.41389E-04
       2.88403E-02       3.01995E-02       2.95199E-02       1.35920E-03       3.88085E-05       2.85525E-02       8.42867E-04       5.80198E-04
       3.01995E-02       3.16228E-02       3.09112E-02       1.42330E-03       4.15529E-05       2.91947E-02       9.02443E-04       6.21751E-04
       3.16228E-02       3.31131E-02       3.23680E-02       1.49030E-03       4.45148E-05       2.98697E-02       9.66819E-04       6.66266E-04
       3.31131E-02       3.46737E-02       3.38934E-02       1.56060E-03       4.77136E-05       3.05739E-02       1.03625E-03       7.13979E-04
       3.46737E-02       3.63078E-02       3.54908E-02       1.63410E-03       5.11686E-05       3.13130E-02       1.11132E-03       7.65148E-04
       3.63078E-02       3.80189E-02       3.71633E-02       1.71110E-03       5.49032E-05       3.20865E-02       1.19244E-03       8.20051E-04
       3.80189E-02       3.98107E-02       3.89148E-02       1.79180E-03       5.88955E-05       3.28694E-02       1.27911E-03       8.78946E-04
       3.98107E-02       4.16869E-02       4.07488E-02       1.87620E-03       6.30254E-05       3.35920E-02       1.36884E-03       9.41972E-04
       4.16869E-02       4.36516E-02       4.26693E-02       1.96470E-03       6.74598E-05       3.43359E-02       1.46509E-03       1.00943E-03
       4.36516E-02       4.57088E-02       4.46802E-02       2.05720E-03       7.22449E-05       3.51181E-02       1.56908E-03       1.08168E-03
       4.57088E-02       4.78630E-02       4.67859E-02       2.15420E-03       7.74100E-05       3.59345E-02       1.68123E-03       1.15909E-03
       4.78630E-02       5.01187E-02       4.89908E-02       2.25570E-03       8.29884E-05       3.67905E-02       1.80240E-03       1.24207E-03
       5.01187E-02       5.24808E-02       5.12998E-02       2.36210E-03       8.89835E-05       3.76713E-02       1.93253E-03       1.33106E-03
       5.24808E-02       5.49541E-02       5.37174E-02       2.47330E-03       9.51019E-05       3.84514E-02       2.06551E-03       1.42616E-03
       5.49541E-02       5.75440E-02       5.62491E-02       2.58990E-03       1.01589E-04       3.92251E-02       2.20638E-03       1.52775E-03
       5.75440E-02       6.02560E-02       5.89000E-02       2.71200E-03       1.08576E-04       4.00354E-02       2.35808E-03       1.63633E-03
       6.02560E-02       6.30957E-02       6.16758E-02       2.83970E-03       1.16103E-04       4.08857E-02       2.52166E-03       1.75243E-03
       6.30957E-02       6.60693E-02       6.45825E-02       2.97360E-03       1.24219E-04       4.17738E-02       2.69786E-03       1.87665E-03
       6.60693E-02       6.91831E-02       6.76262E-02       3.11380E-03       1.32971E-04       4.27038E-02       2.88790E-03       2.00962E-03
       6.91831E-02       7.24436E-02       7.08134E-02       3.26050E-03       1.42416E-04       4.36792E-02       3.09307E-03       2.15203E-03
       7.24436E-02       7.58578E-02       7.41507E-02       3.41420E-03       1.52612E-04       4.46993E-02       3.31449E-03       2.30465E-03
       7.58578E-02       7.94328E-02       7.76453E-02       3.57500E-03       1.63516E-04       4.57387E-02       3.55140E-03       2.46816E-03
       7.94328E-02       8.31764E-02       8.13046E-02       3.74360E-03       1.74763E-04       4.66830E-02       3.79555E-03       2.64293E-03
       8.31764E-02       8.70964E-02       8.51364E-02       3.92000E-03       1.86804E-04       4.76542E-02       4.05711E-03       2.82973E-03
       8.70964E-02       9.12011E-02       8.91488E-02       4.10470E-03       1.99781E-04       4.86713E-02       4.33899E-03       3.02951E-03
       9.12011E-02       9.54993E-02       9.33502E-02       4.29820E-03       2.13774E-04       4.97358E-02       4.64285E-03       3.24329E-03
       9.54993E-02       1.00000E-01       9.77497E-02       4.50070E-03       2.28866E-04       5.08512E-02       4.97069E-03       3.47215E-03
       1.00000E-01       1.04713E-01       1.02357E-01       4.71300E-03       2.45117E-04       5.20088E-02       5.32344E-03       3.71727E-03
       1.04713E-01       1.09648E-01       1.07180E-01       4.93500E-03       2.62102E-04       5.31109E-02       5.69245E-03       3.97937E-03
       1.09648E-01       1.14815E-01       1.12231E-01       5.16700E-03       2.80230E-04       5.42345E-02       6.08682E-03       4.25960E-03
       1.14815E-01       1.20226E-01       1.17520E-01       5.41100E-03       2.99753E-04       5.53970E-02       6.51029E-03       4.55935E-03
       1.20226E-01       1.25892E-01       1.23059E-01       5.66600E-03       3.20820E-04       5.66219E-02       6.96784E-03       4.88017E-03
       1.25892E-01       1.31826E-01       1.28859E-01       5.93400E-03       3.43775E-04       5.79331E-02       7.46520E-03       5.22395E-03
       1.31826E-01       1.38038E-01       1.34932E-01       6.21200E-03       3.70126E-04       5.95825E-02       8.03958E-03       5.59407E-03
       1.38038E-01       1.44544E-01       1.41291E-01       6.50600E-03       3.99381E-04       6.13865E-02       8.67336E-03       5.99346E-03
       1.44544E-01       1.51356E-01       1.47950E-01       6.81200E-03       4.34368E-04       6.37651E-02       9.43404E-03       6.42782E-03
       1.51356E-01       1.58489E-01       1.54923E-01       7.13300E-03       4.73183E-04       6.63372E-02       1.02771E-02       6.90101E-03
       1.58489E-01       1.65959E-01       1.62224E-01       7.47000E-03       5.14189E-04       6.88339E-02       1.11665E-02       7.41520E-03
       1.65959E-01       1.73780E-01       1.69869E-01       7.82100E-03       5.58683E-04       7.14337E-02       1.21344E-02       7.97388E-03
       1.73780E-01       1.81970E-01       1.77875E-01       8.19000E-03       6.07229E-04       7.41428E-02       1.31881E-02       8.58111E-03
       1.81970E-01       1.90546E-01       1.86258E-01       8.57600E-03       6.60210E-04       7.69835E-02       1.43388E-02       9.24132E-03
       1.90546E-01       1.99526E-01       1.95036E-01       8.98000E-03       7.18031E-04       7.99589E-02       1.55949E-02       9.95935E-03
       1.99526E-01       2.08930E-01       2.04228E-01       9.40400E-03       7.81021E-04       8.30519E-02       1.69615E-02       1.07404E-02
       2.08930E-01       2.18776E-01       2.13853E-01       9.84600E-03       8.46978E-04       8.60226E-02       1.83962E-02       1.15873E-02
       2.18776E-01       2.29087E-01       2.23931E-01       1.03110E-02       9.17669E-04       8.89991E-02       1.99297E-02       1.25050E-02
       2.29087E-01       2.39883E-01       2.34485E-01       1.07960E-02       9.94666E-04       9.21328E-02       2.16038E-02       1.34997E-02
       2.39883E-01       2.51189E-01       2.45536E-01       1.13060E-02       1.07855E-03       9.53959E-02       2.34231E-02       1.45782E-02
       2.51189E-01       2.63027E-01       2.57108E-01       1.18380E-02       1.16962E-03       9.88024E-02       2.54029E-02       1.57479E-02
       2.63027E-01       2.75423E-01       2.69225E-01       1.23960E-02       1.26594E-03       1.02125E-01       2.74946E-02       1.70138E-02
       2.75423E-01       2.88403E-01       2.81913E-01       1.29800E-02       1.36998E-03       1.05545E-01       2.97546E-02       1.83838E-02
       2.88403E-01       3.01995E-01       2.95199E-01       1.35920E-02       1.50064E-03       1.10406E-01       3.25917E-02       1.98844E-02
       3.01995E-01       3.16228E-01       3.09112E-01       1.42330E-02       1.83109E-03       1.28651E-01       3.97676E-02       2.17155E-02
       3.16228E-01       3.31131E-01       3.23680E-01       1.49030E-02       2.26832E-03       1.52205E-01       4.92658E-02       2.39838E-02
       3.31131E-01       3.46737E-01       3.38934E-01       1.56060E-02       2.76308E-03       1.77052E-01       6.00090E-02       2.67469E-02
       3.46737E-01       3.63078E-01       3.54908E-01       1.63410E-02       3.31825E-03       2.03063E-01       7.20685E-02       3.00651E-02
       3.63078E-01       3.80189E-01       3.71633E-01       1.71110E-02       3.92147E-03       2.29179E-01       8.51704E-02       3.39866E-02
       3.80189E-01       3.98107E-01       3.89148E-01       1.79180E-02       4.58275E-03       2.55762E-01       9.95293E-02       3.85694E-02
       3.98107E-01       4.16869E-01       4.07488E-01       1.87620E-02       5.31995E-03       2.83549E-01       1.15543E-01       4.38893E-02
       4.16869E-01       4.36516E-01       4.26692E-01       1.96470E-02       6.10943E-03       3.10960E-01       1.32684E-01       4.99987E-02
       4.36516E-01       4.57088E-01       4.46802E-01       2.05720E-02       6.97176E-03       3.38896E-01       1.51419E-01       5.69705E-02
       4.57088E-01       4.78630E-01       4.67859E-01       2.15420E-02       7.93011E-03       3.68123E-01       1.72230E-01       6.49006E-02
       4.78630E-01       5.01187E-01       4.89909E-01       2.25570E-02       8.99439E-03       3.98741E-01       1.95346E-01       7.38950E-02
       5.01187E-01       5.24808E-01       5.12998E-01       2.36210E-02       1.01596E-02       4.30108E-01       2.20644E-01       8.40546E-02
       5.24808E-01       5.49541E-01       5.37174E-01       2.47330E-02       1.13976E-02       4.60827E-01       2.47545E-01       9.54522E-02
       5.49541E-01       5.75440E-01       5.62490E-01       2.58990E-02       1.27627E-02       4.92787E-01       2.77188E-01       1.08215E-01
       5.75440E-01       6.02560E-01       5.89000E-01       2.71200E-02       1.42720E-02       5.26255E-01       3.09964E-01       1.22487E-01
       6.02560E-01       6.30957E-01       6.16758E-01       2.83970E-02       1.58938E-02       5.59701E-01       3.45200E-01       1.38381E-01
       6.30957E-01       6.60693E-01       6.45825E-01       2.97360E-02       1.76164E-02       5.92425E-01       3.82603E-01       1.55997E-01
       6.60693E-01       6.91831E-01       6.76262E-01       3.11380E-02       1.95131E-02       6.26667E-01       4.23791E-01       1.75510E-01
       6.91831E-01       7.24436E-01       7.08133E-01       3.26050E-02       2.16020E-02       6.62536E-01       4.69164E-01       1.97112E-01
       7.24436E-01       7.58578E-01       7.41507E-01       3.41420E-02       2.39022E-02       7.00083E-01       5.19116E-01       2.21014E-01
       7.58578E-01       7.94328E-01       7.76453E-01       3.57500E-02       2.64345E-02       7.39427E-01       5.74131E-01       2.47449E-01
       7.94328E-01       8.31764E-01       8.13046E-01       3.74360E-02       2.92321E-02       7.80856E-01       6.34872E-01       2.76681E-01
       8.31764E-01       8.70964E-01       8.51364E-01       3.92000E-02       3.23252E-02       8.24622E-01       7.02053E-01       3.09006E-01
       8.70964E-01       9.12011E-01       8.91487E-01       4.10470E-02       3.59485E-02       8.75790E-01       7.80755E-01       3.44955E-01
       9.12011E-01       9.54993E-01       9.33502E-01       4.29820E-02       5.25025E-02       1.22150E+00       1.14027E+00       3.97457E-01
       9.54993E-01       1.00000E+00       9.77497E-01       4.50070E-02       4.17844E-02       9.28398E-01       9.07506E-01       4.39242E-01
       1.00000E+00       1.04713E+00       1.02357E+00       4.71300E-02       3.98408E-02       8.45338E-01       8.65259E-01       4.79083E-01
       1.04713E+00       1.09648E+00       1.07181E+00       4.93500E-02       3.91647E-02       7.93611E-01       8.50596E-01       5.18247E-01
       1.09648E+00       1.14815E+00       1.12231E+00       5.16700E-02       3.85443E-02       7.45972E-01       8.37215E-01       5.56792E-01
       1.14815E+00       1.20226E+00       1.17520E+00       5.41100E-02       3.78378E-02       6.99276E-01       8.21793E-01       5.94629E-01
       1.20226E+00       1.25892E+00       1.23059E+00       5.66600E-02       3.70496E-02       6.53893E-01       8.04674E-01       6.31679E-01
       1.25892E+00       1.31826E+00       1.28859E+00       5.93400E-02       3.60318E-02       6.07209E-01       7.82443E-01       6.67711E-01
       1.31826E+00       1.38038E+00       1.34932E+00       6.21200E-02       3.46982E-02       5.58568E-01       7.53687E-01       7.02409E-01
       1.38038E+00       1.44544E+00       1.41291E+00       6.50600E-02       3.30168E-02       5.07483E-01       7.17027E-01       7.35426E-01
       1.44544E+00       1.51356E+00       1.47950E+00       6.81200E-02       3.09410E-02       4.54214E-01       6.72009E-01       7.66367E-01
       1.51356E+00       1.58489E+00       1.54923E+00       7.13300E-02       2.84314E-02       3.98589E-01       6.17505E-01       7.94798E-01
       1.58489E+00       1.65959E+00       1.62224E+00       7.47000E-02       2.56944E-02       3.43968E-01       5.57998E-01       8.20493E-01
       1.65959E+00       1.73780E+00       1.69869E+00       7.82100E-02       2.25523E-02       2.88355E-01       4.89828E-01       8.43045E-01
       1.73780E+00       1.81970E+00       1.77875E+00       8.19000E-02       1.89147E-02       2.30949E-01       4.10801E-01       8.61960E-01
       1.81970E+00       1.90546E+00       1.86258E+00       8.57600E-02       1.48407E-02       1.73049E-01       3.22318E-01       8.76800E-01
       1.90546E+00       1.99526E+00       1.95036E+00       8.98000E-02       1.06952E-02       1.19100E-01       2.32288E-01       8.87496E-01
       1.99526E+00       2.08930E+00       2.04228E+00       9.40400E-02       9.73619E-03       1.03532E-01       2.11442E-01       8.97232E-01
       2.08930E+00       2.18776E+00       2.13853E+00       9.84600E-02       9.33344E-03       9.47942E-02       2.02720E-01       9.06565E-01
       2.18776E+00       2.29087E+00       2.23932E+00       1.03110E-01       8.82849E-03       8.56221E-02       1.91735E-01       9.15394E-01
       2.29087E+00       2.39883E+00       2.34485E+00       1.07960E-01       8.20866E-03       7.60343E-02       1.78289E-01       9.23602E-01
       2.39883E+00       2.51189E+00       2.45536E+00       1.13060E-01       7.49770E-03       6.63162E-02       1.62830E-01       9.31100E-01
       2.51189E+00       2.63027E+00       2.57108E+00       1.18380E-01       7.15495E-03       6.04405E-02       1.55397E-01       9.38255E-01
       2.63027E+00       2.75423E+00       2.69225E+00       1.23960E-01       6.90036E-03       5.56660E-02       1.49867E-01       9.45155E-01
       2.75423E+00       2.88403E+00       2.81913E+00       1.29800E-01       6.57666E-03       5.06676E-02       1.42839E-01       9.51732E-01
       2.88403E+00       3.01995E+00       2.95199E+00       1.35920E-01       6.18244E-03       4.54859E-02       1.34274E-01       9.57914E-01
       3.01995E+00       3.16228E+00       3.09111E+00       1.42330E-01       5.72042E-03       4.01913E-02       1.24236E-01       9.63635E-01
       3.16228E+00       3.31131E+00       3.23679E+00       1.49030E-01       5.16493E-03       3.46570E-02       1.12178E-01       9.68800E-01
       3.31131E+00       3.46737E+00       3.38934E+00       1.56060E-01       4.59980E-03       2.94746E-02       9.98993E-02       9.73400E-01
       3.46737E+00       3.63078E+00       3.54908E+00       1.63410E-01       4.05420E-03       2.48100E-02       8.80526E-02       9.77454E-01
       3.63078E+00       3.80189E+00       3.71633E+00       1.71110E-01       3.47164E-03       2.02890E-02       7.54005E-02       9.80925E-01
       3.80189E+00       3.98107E+00       3.89148E+00       1.79180E-01       3.03330E-03       1.69288E-02       6.58781E-02       9.83959E-01
       3.98107E+00       4.16869E+00       4.07488E+00       1.87620E-01       2.59387E-03       1.38251E-02       5.63357E-02       9.86553E-01
       4.16869E+00       4.36516E+00       4.26692E+00       1.96470E-01       2.28126E-03       1.16112E-02       4.95442E-02       9.88834E-01
       4.36516E+00       4.57088E+00       4.46802E+00       2.05720E-01       1.99310E-03       9.68842E-03       4.32881E-02       9.90827E-01
       4.57088E+00       4.78630E+00       4.67859E+00       2.15420E-01       1.76172E-03       8.17806E-03       3.82618E-02       9.92589E-01
       4.78630E+00       5.00000E+00       4.89315E+00       2.13700E-01       1.47591E-03       6.90647E-03       3.37944E-02       9.94065E-01
       5.00000E+00       5.20000E+00       5.10000E+00       2.00000E-01       1.16565E-03       5.82825E-03       2.97241E-02       9.95230E-01
       5.20000E+00       5.40000E+00       5.30000E+00       2.00000E-01       9.82588E-04       4.91294E-03       2.60386E-02       9.96213E-01
       5.40000E+00       5.60000E+00       5.50000E+00       2.00000E-01       8.18724E-04       4.09362E-03       2.25149E-02       9.97032E-01
       5.60000E+00       5.80000E+00       5.70000E+00       2.00000E-01       6.70790E-04       3.35395E-03       1.91175E-02       9.97702E-01
       5.80000E+00       6.00000E+00       5.90000E+00       2.00000E-01       5.44832E-04       2.72416E-03       1.60725E-02       9.98247E-01
       6.00000E+00       6.20000E+00       6.10000E+00       2.00000E-01       4.37786E-04       2.18893E-03       1.33525E-02       9.98685E-01
       6.20000E+00       6.40000E+00       6.30000E+00       2.00000E-01       3.46756E-04       1.73378E-03       1.09228E-02       9.99032E-01
       6.40000E+00       6.60000E+00       6.50000E+00       2.00000E-01       2.73070E-04       1.36535E-03       8.87477E-03       9.99305E-01
       6.60000E+00       6.80000E+00       6.70000E+00       2.00000E-01       2.12146E-04       1.06073E-03       7.10687E-03       9.99517E-01
       6.80000E+00       7.00000E+00       6.90000E+00       2.00000E-01       1.60867E-04       8.04336E-04       5.54992E-03       9.99678E-01
       7.00000E+00       7.20000E+00       7.10000E+00       2.00000E-01       1.18828E-04       5.94142E-04       4.21841E-03       9.99797E-01
       7.20000E+00       7.40000E+00       7.30000E+00       2.00000E-01       8.56079E-05       4.28040E-04       3.12469E-03       9.99882E-01
       7.40000E+00       7.60000E+00       7.50000E+00       2.00000E-01       5.89702E-05       2.94851E-04       2.21138E-03       9.99941E-01
       7.60000E+00       7.80000E+00       7.70000E+00       2.00000E-01       3.82479E-05       1.91240E-04       1.47254E-03       9.99979E-01
       7.80000E+00       8.00000E+00       7.90000E+00       2.00000E-01       1.99740E-05       9.98698E-05       7.88972E-04       9.99999E-01
       8.00000E+00       8.20000E+00       8.10000E+00       2.00000E-01       4.25614E-07       2.12807E-06       1.72374E-05       1.00000E+00

 Sum =                                                                         1.00000E+00
 Renormalization bin#  1016 =                                                  7.19582E-02 barn        2.80000E+07        2.82000E+07        2.81000E+07
 Avg. Energy     bin#  1016 =                                                  1.26136E+00 MeV         2.80000E+07        2.82000E+07
