"        MT= 91 recoil spectrum "
" Initial neutron energy corresponds to the group:"
   2.08000E+01    2.10000E+01       0.00000E+00           429           905           477



          Low               High              Mid              Energy           Number             dn/de            E*dn/de          Cumulative
         Energy            Energy            Energy             Width          Fraction                               Sum   
         [MeV]             [MeV]             [MeV]              [MeV]

       5.32500E-06       5.35000E-06       5.33750E-06       2.50001E-08       0.00000E+00       0.00000E+00       0.00000E+00       0.00000E+00
       5.35000E-06       5.37500E-06       5.36250E-06       2.50001E-08       8.41982E-12       3.36792E-04       1.80604E-09       8.41982E-12
       5.37500E-06       5.40000E-06       5.38750E-06       2.50001E-08       8.45847E-12       3.38337E-04       1.82279E-09       1.68783E-11
       5.40000E-06       5.42500E-06       5.41250E-06       2.50001E-08       8.49795E-12       3.39917E-04       1.83980E-09       2.53762E-11
       5.42500E-06       5.45000E-06       5.43750E-06       2.49996E-08       8.53744E-12       3.41503E-04       1.85692E-09       3.39137E-11
       5.45000E-06       5.47500E-06       5.46250E-06       2.50001E-08       8.57693E-12       3.43076E-04       1.87405E-09       4.24906E-11
       5.47500E-06       5.50000E-06       5.48750E-06       2.50001E-08       8.61557E-12       3.44622E-04       1.89111E-09       5.11062E-11
       5.50000E-06       5.52500E-06       5.51250E-06       2.50001E-08       8.65506E-12       3.46201E-04       1.90843E-09       5.97612E-11
       5.52500E-06       5.55000E-06       5.53750E-06       2.50001E-08       8.69455E-12       3.47780E-04       1.92583E-09       6.84558E-11
       5.55000E-06       5.57500E-06       5.56250E-06       2.49996E-08       8.73403E-12       3.49367E-04       1.94335E-09       7.71898E-11
       5.57500E-06       5.60000E-06       5.58750E-06       2.50001E-08       8.77268E-12       3.50906E-04       1.96069E-09       8.59625E-11
       5.60000E-06       5.62500E-06       5.61250E-06       2.50001E-08       8.81216E-12       3.52485E-04       1.97832E-09       9.47747E-11
       5.62500E-06       5.65000E-06       5.63750E-06       2.50001E-08       8.85165E-12       3.54065E-04       1.99604E-09       1.03626E-10
       5.65000E-06       5.67500E-06       5.66250E-06       2.50001E-08       8.89030E-12       3.55610E-04       2.01364E-09       1.12517E-10
       5.67500E-06       5.70000E-06       5.68750E-06       2.49996E-08       8.92978E-12       3.57197E-04       2.03156E-09       1.21446E-10
       5.70000E-06       5.72500E-06       5.71250E-06       2.50001E-08       8.96927E-12       3.58769E-04       2.04947E-09       1.30416E-10
       5.72500E-06       5.75000E-06       5.73750E-06       2.50001E-08       9.00876E-12       3.60349E-04       2.06750E-09       1.39424E-10
       5.75000E-06       5.77500E-06       5.76250E-06       2.50001E-08       9.04740E-12       3.61895E-04       2.08542E-09       1.48472E-10
       5.77500E-06       5.80000E-06       5.78750E-06       2.50001E-08       9.08689E-12       3.63474E-04       2.10361E-09       1.57559E-10
       5.80000E-06       5.82500E-06       5.81250E-06       2.49996E-08       9.12638E-12       3.65061E-04       2.12191E-09       1.66685E-10
       5.82500E-06       5.85000E-06       5.83750E-06       2.50001E-08       9.16502E-12       3.66599E-04       2.14002E-09       1.75850E-10
       5.85000E-06       5.87500E-06       5.86250E-06       2.50001E-08       9.20451E-12       3.68179E-04       2.15845E-09       1.85055E-10
       5.87500E-06       5.90000E-06       5.88750E-06       2.50001E-08       9.24399E-12       3.69758E-04       2.17695E-09       1.94299E-10
       5.90000E-06       5.92500E-06       5.91250E-06       2.50001E-08       9.28348E-12       3.71338E-04       2.19553E-09       2.03582E-10
       5.92500E-06       5.95000E-06       5.93750E-06       2.49996E-08       9.32213E-12       3.72891E-04       2.21404E-09       2.12904E-10
       5.95000E-06       5.97500E-06       5.96250E-06       2.50001E-08       9.36161E-12       3.74463E-04       2.23274E-09       2.22266E-10
       5.97500E-06       6.00000E-06       5.98750E-06       2.50001E-08       9.40110E-12       3.76042E-04       2.25155E-09       2.31667E-10
       6.00000E-06       6.02500E-06       6.01250E-06       2.50001E-08       9.44058E-12       3.77622E-04       2.27045E-09       2.41107E-10
       6.02500E-06       6.05000E-06       6.03750E-06       2.50001E-08       9.47923E-12       3.79168E-04       2.28923E-09       2.50587E-10
       6.05000E-06       6.07500E-06       6.06250E-06       2.49996E-08       9.51872E-12       3.80754E-04       2.30832E-09       2.60105E-10
       6.07500E-06       6.10000E-06       6.08750E-06       2.50001E-08       9.55820E-12       3.82327E-04       2.32741E-09       2.69664E-10
       6.10000E-06       6.12500E-06       6.11250E-06       2.50001E-08       9.59685E-12       3.83873E-04       2.34642E-09       2.79261E-10
       6.12500E-06       6.15000E-06       6.13750E-06       2.50001E-08       9.63634E-12       3.85452E-04       2.36571E-09       2.88897E-10
       6.15000E-06       6.17500E-06       6.16250E-06       2.50001E-08       9.67582E-12       3.87031E-04       2.38508E-09       2.98573E-10
       6.17500E-06       6.20000E-06       6.18750E-06       2.49996E-08       9.71531E-12       3.88618E-04       2.40458E-09       3.08288E-10
       6.20000E-06       6.22500E-06       6.21250E-06       2.50001E-08       9.75395E-12       3.90157E-04       2.42385E-09       3.18042E-10
       6.22500E-06       6.25000E-06       6.23750E-06       2.50001E-08       9.79344E-12       3.91736E-04       2.44345E-09       3.27835E-10
       6.25000E-06       6.27500E-06       6.26250E-06       2.50001E-08       9.83293E-12       3.93316E-04       2.46314E-09       3.37668E-10
       6.27500E-06       6.30000E-06       6.28750E-06       2.50001E-08       9.87157E-12       3.94861E-04       2.48269E-09       3.47540E-10
       6.30000E-06       6.32500E-06       6.31250E-06       2.49996E-08       9.91106E-12       3.96448E-04       2.50258E-09       3.57451E-10
       6.32500E-06       6.35000E-06       6.33750E-06       2.50001E-08       9.95055E-12       3.98020E-04       2.52245E-09       3.67401E-10
       6.35000E-06       6.37500E-06       6.36250E-06       2.50001E-08       9.99003E-12       3.99600E-04       2.54245E-09       3.77392E-10
       6.37500E-06       6.40000E-06       6.38750E-06       2.50001E-08       1.00287E-11       4.01146E-04       2.56232E-09       3.87420E-10
       6.40000E-06       6.42500E-06       6.41250E-06       2.50001E-08       1.00682E-11       4.02725E-04       2.58247E-09       3.97488E-10
       6.42500E-06       6.45000E-06       6.43750E-06       2.49996E-08       1.01077E-11       4.04312E-04       2.60276E-09       4.07596E-10
       6.45000E-06       6.47500E-06       6.46250E-06       2.50001E-08       1.01471E-11       4.05884E-04       2.62302E-09       4.17743E-10
       6.47500E-06       6.50000E-06       6.48750E-06       2.50001E-08       1.01858E-11       4.07430E-04       2.64320E-09       4.27929E-10
       6.50000E-06       6.52500E-06       6.51250E-06       2.50001E-08       1.02253E-11       4.09009E-04       2.66367E-09       4.38154E-10
       6.52500E-06       6.55000E-06       6.53750E-06       2.50001E-08       1.02648E-11       4.10589E-04       2.68422E-09       4.48419E-10
       6.55000E-06       6.57500E-06       6.56250E-06       2.49996E-08       1.03034E-11       4.12142E-04       2.70468E-09       4.58722E-10
       6.57500E-06       6.60000E-06       6.58750E-06       2.50001E-08       1.03429E-11       4.13714E-04       2.72534E-09       4.69065E-10
       6.60000E-06       6.62500E-06       6.61250E-06       2.50001E-08       1.03824E-11       4.15293E-04       2.74613E-09       4.79448E-10
       6.62500E-06       6.65000E-06       6.63750E-06       2.50001E-08       1.04219E-11       4.16873E-04       2.76699E-09       4.89869E-10
       6.65000E-06       6.67500E-06       6.66250E-06       2.50001E-08       1.04605E-11       4.18419E-04       2.78771E-09       5.00330E-10
       6.67500E-06       6.70000E-06       6.68750E-06       2.49996E-08       1.05000E-11       4.20006E-04       2.80879E-09       5.10830E-10
       6.70000E-06       6.72500E-06       6.71250E-06       2.50001E-08       1.05395E-11       4.21578E-04       2.82984E-09       5.21369E-10
       6.72500E-06       6.75000E-06       6.73750E-06       2.50001E-08       1.05781E-11       4.23123E-04       2.85079E-09       5.31948E-10
       6.75000E-06       6.77500E-06       6.76250E-06       2.50001E-08       1.06176E-11       4.24703E-04       2.87205E-09       5.42565E-10
       6.77500E-06       6.80000E-06       6.78750E-06       2.50001E-08       1.06571E-11       4.26282E-04       2.89339E-09       5.53222E-10
       6.80000E-06       6.82500E-06       6.81250E-06       2.49996E-08       1.06966E-11       4.27870E-04       2.91486E-09       5.63919E-10
       6.82500E-06       6.85000E-06       6.83750E-06       2.50001E-08       1.07352E-11       4.29408E-04       2.93607E-09       5.74654E-10
       6.85000E-06       6.87500E-06       6.86250E-06       2.50001E-08       1.07747E-11       4.30987E-04       2.95765E-09       5.85429E-10
       6.87500E-06       6.90000E-06       6.88750E-06       2.50001E-08       1.08142E-11       4.32566E-04       2.97930E-09       5.96243E-10
       6.90000E-06       6.92500E-06       6.91250E-06       2.50001E-08       1.08528E-11       4.34112E-04       3.00080E-09       6.07096E-10
       6.92500E-06       6.95000E-06       6.93750E-06       2.49996E-08       1.08923E-11       4.35700E-04       3.02267E-09       6.17988E-10
       6.95000E-06       6.97500E-06       6.96250E-06       2.50001E-08       1.09318E-11       4.37271E-04       3.04450E-09       6.28920E-10
       6.97500E-06       7.00000E-06       6.98750E-06       2.50001E-08       1.09713E-11       4.38851E-04       3.06647E-09       6.39891E-10
       7.00000E-06       7.02500E-06       7.01250E-06       2.50001E-08       1.10100E-11       4.40397E-04       3.08828E-09       6.50901E-10
       7.02500E-06       7.05000E-06       7.03750E-06       2.50001E-08       1.10494E-11       4.41976E-04       3.11041E-09       6.61951E-10
       7.05000E-06       7.07500E-06       7.06250E-06       2.49996E-08       1.10889E-11       4.43564E-04       3.13267E-09       6.73040E-10
       7.07500E-06       7.10000E-06       7.08750E-06       2.50001E-08       1.11284E-11       4.45135E-04       3.15489E-09       6.84168E-10
       7.10000E-06       7.12500E-06       7.11250E-06       2.50001E-08       1.11671E-11       4.46681E-04       3.17702E-09       6.95335E-10
       7.12500E-06       7.15000E-06       7.13750E-06       2.50001E-08       1.12065E-11       4.48260E-04       3.19946E-09       7.06542E-10
       7.15000E-06       7.17500E-06       7.16250E-06       2.50001E-08       1.12460E-11       4.49840E-04       3.22198E-09       7.17788E-10
       7.17500E-06       7.20000E-06       7.18750E-06       2.49996E-08       1.12847E-11       4.51394E-04       3.24439E-09       7.29073E-10
       7.20000E-06       7.22500E-06       7.21250E-06       2.50001E-08       1.13242E-11       4.52965E-04       3.26701E-09       7.40397E-10
       7.22500E-06       7.25000E-06       7.23750E-06       2.50001E-08       1.13637E-11       4.54544E-04       3.28976E-09       7.51760E-10
       7.25000E-06       7.27500E-06       7.26250E-06       2.50001E-08       1.14031E-11       4.56124E-04       3.31260E-09       7.63163E-10
       7.27500E-06       7.30000E-06       7.28750E-06       2.50001E-08       1.14418E-11       4.57670E-04       3.33527E-09       7.74605E-10
       7.30000E-06       7.32500E-06       7.31250E-06       2.49996E-08       1.14813E-11       4.59258E-04       3.35832E-09       7.86087E-10
       7.32500E-06       7.35000E-06       7.33750E-06       2.50001E-08       1.15208E-11       4.60828E-04       3.38133E-09       7.97607E-10
       7.35000E-06       7.37500E-06       7.36250E-06       2.50001E-08       1.15594E-11       4.62374E-04       3.40423E-09       8.09167E-10
       7.37500E-06       7.40000E-06       7.38750E-06       2.50001E-08       1.15989E-11       4.63954E-04       3.42746E-09       8.20766E-10
       7.40000E-06       7.42500E-06       7.41250E-06       2.50001E-08       1.16384E-11       4.65533E-04       3.45077E-09       8.32404E-10
       7.42500E-06       7.45000E-06       7.43750E-06       2.49996E-08       1.16779E-11       4.67122E-04       3.47422E-09       8.44082E-10
       7.45000E-06       7.47500E-06       7.46250E-06       2.50001E-08       1.17165E-11       4.68659E-04       3.49736E-09       8.55798E-10
       7.47500E-06       7.50000E-06       7.48750E-06       2.50001E-08       1.17560E-11       4.70238E-04       3.52091E-09       8.67554E-10
       7.50000E-06       7.52500E-06       7.51250E-06       2.50001E-08       1.17955E-11       4.71817E-04       3.54453E-09       8.79350E-10
       7.52500E-06       7.55000E-06       7.53750E-06       2.50001E-08       1.18350E-11       4.73397E-04       3.56823E-09       8.91185E-10
       7.55000E-06       7.57500E-06       7.56250E-06       2.49996E-08       1.18736E-11       4.74952E-04       3.59182E-09       9.03058E-10
       7.57500E-06       7.60000E-06       7.58750E-06       2.50001E-08       1.19131E-11       4.76522E-04       3.61561E-09       9.14971E-10
       7.60000E-06       7.62500E-06       7.61250E-06       2.50001E-08       1.19526E-11       4.78102E-04       3.63955E-09       9.26924E-10
       7.62500E-06       7.65000E-06       7.63750E-06       2.50001E-08       1.19912E-11       4.79647E-04       3.66331E-09       9.38915E-10
       7.65000E-06       7.67500E-06       7.66250E-06       2.50001E-08       1.20307E-11       4.81227E-04       3.68740E-09       9.50946E-10
       7.67500E-06       7.70000E-06       7.68750E-06       2.49996E-08       1.20702E-11       4.82815E-04       3.71164E-09       9.63016E-10
       7.70000E-06       7.72500E-06       7.71250E-06       2.50001E-08       1.21097E-11       4.84386E-04       3.73582E-09       9.75126E-10
       7.72500E-06       7.75000E-06       7.73750E-06       2.50001E-08       1.21483E-11       4.85932E-04       3.75990E-09       9.87274E-10
       7.75000E-06       7.77500E-06       7.76250E-06       2.50001E-08       1.21878E-11       4.87511E-04       3.78430E-09       9.99462E-10
       7.77500E-06       7.80000E-06       7.78750E-06       2.50001E-08       1.22273E-11       4.89091E-04       3.80879E-09       1.01169E-09
       7.80000E-06       7.82500E-06       7.81250E-06       2.49996E-08       1.22660E-11       4.90646E-04       3.83317E-09       1.02396E-09
       7.82500E-06       7.85000E-06       7.83750E-06       2.50001E-08       1.23054E-11       4.92216E-04       3.85774E-09       1.03626E-09
       7.85000E-06       7.87500E-06       7.86250E-06       2.50001E-08       1.23449E-11       4.93795E-04       3.88246E-09       1.04861E-09
       7.87500E-06       7.90000E-06       7.88750E-06       2.50001E-08       1.23844E-11       4.95375E-04       3.90727E-09       1.06099E-09
       7.90000E-06       7.92500E-06       7.91250E-06       2.50001E-08       1.24231E-11       4.96921E-04       3.93188E-09       1.07341E-09
       7.92500E-06       7.95000E-06       7.93750E-06       2.49996E-08       1.24625E-11       4.98510E-04       3.95692E-09       1.08588E-09
       7.95000E-06       7.97500E-06       7.96250E-06       2.50001E-08       1.25020E-11       5.00079E-04       3.98188E-09       1.09838E-09
       7.97500E-06       8.00000E-06       7.98750E-06       2.50001E-08       1.25415E-11       5.01659E-04       4.00700E-09       1.11092E-09
       8.00000E-06       8.02500E-06       8.01250E-06       2.49996E-08       1.25802E-11       5.03214E-04       4.03200E-09       1.12350E-09
       8.02500E-06       8.05000E-06       8.03750E-06       2.50006E-08       1.26197E-11       5.04775E-04       4.05712E-09       1.13612E-09
       8.05000E-06       8.07500E-06       8.06250E-06       2.49996E-08       1.26591E-11       5.06373E-04       4.08263E-09       1.14878E-09
       8.07500E-06       8.10000E-06       8.08750E-06       2.50006E-08       1.26978E-11       5.07900E-04       4.10764E-09       1.16148E-09
       8.10000E-06       8.12500E-06       8.11250E-06       2.49996E-08       1.27373E-11       5.09499E-04       4.13331E-09       1.17421E-09
       8.12500E-06       8.15000E-06       8.13750E-06       2.49996E-08       1.27768E-11       5.11078E-04       4.15890E-09       1.18699E-09
       8.15000E-06       8.17500E-06       8.16250E-06       2.50006E-08       1.28162E-11       5.12638E-04       4.18441E-09       1.19981E-09
       8.17500E-06       8.20000E-06       8.18750E-06       2.49996E-08       1.28549E-11       5.14203E-04       4.21004E-09       1.21266E-09
       8.20000E-06       8.22500E-06       8.21250E-06       2.50006E-08       1.28944E-11       5.15763E-04       4.23571E-09       1.22556E-09
       8.22500E-06       8.25000E-06       8.23750E-06       2.49996E-08       1.29339E-11       5.17362E-04       4.26177E-09       1.23849E-09
       8.25000E-06       8.27500E-06       8.26250E-06       2.49996E-08       1.29725E-11       5.18908E-04       4.28748E-09       1.25146E-09
       8.27500E-06       8.30000E-06       8.28750E-06       2.50006E-08       1.30120E-11       5.20468E-04       4.31338E-09       1.26447E-09
       8.30000E-06       8.32500E-06       8.31250E-06       2.49996E-08       1.30515E-11       5.22067E-04       4.33968E-09       1.27753E-09
       8.32500E-06       8.35000E-06       8.33750E-06       2.50006E-08       1.30910E-11       5.23627E-04       4.36574E-09       1.29062E-09
       8.35000E-06       8.37500E-06       8.36250E-06       2.49996E-08       1.31296E-11       5.25193E-04       4.39192E-09       1.30375E-09
       8.37500E-06       8.40000E-06       8.38750E-06       2.49996E-08       1.31691E-11       5.26772E-04       4.41830E-09       1.31692E-09
       8.40000E-06       8.42500E-06       8.41250E-06       2.50006E-08       1.32086E-11       5.28331E-04       4.44459E-09       1.33012E-09
       8.42500E-06       8.45000E-06       8.43750E-06       2.49996E-08       1.32472E-11       5.29897E-04       4.47101E-09       1.34337E-09
       8.45000E-06       8.47500E-06       8.46250E-06       2.50006E-08       1.32867E-11       5.31457E-04       4.49745E-09       1.35666E-09
       8.47500E-06       8.50000E-06       8.48750E-06       2.49996E-08       1.33262E-11       5.33056E-04       4.52432E-09       1.36998E-09
       8.50000E-06       8.52500E-06       8.51250E-06       2.49996E-08       1.33657E-11       5.34636E-04       4.55109E-09       1.38335E-09
       8.52500E-06       8.55000E-06       8.53750E-06       2.50006E-08       1.34043E-11       5.36161E-04       4.57748E-09       1.39675E-09
       8.55000E-06       8.57500E-06       8.56250E-06       2.49996E-08       1.34438E-11       5.37761E-04       4.60458E-09       1.41020E-09
       8.57500E-06       8.60000E-06       8.58750E-06       2.50006E-08       1.34833E-11       5.39320E-04       4.63141E-09       1.42368E-09
       8.60000E-06       8.62500E-06       8.61250E-06       2.49996E-08       1.35228E-11       5.40920E-04       4.65867E-09       1.43720E-09
       8.62500E-06       8.65000E-06       8.63750E-06       2.49996E-08       1.35614E-11       5.42466E-04       4.68555E-09       1.45077E-09
       8.65000E-06       8.67500E-06       8.66250E-06       2.50006E-08       1.36009E-11       5.44025E-04       4.71261E-09       1.46437E-09
       8.67500E-06       8.70000E-06       8.68750E-06       2.49996E-08       1.36404E-11       5.45625E-04       4.74012E-09       1.47801E-09
       8.70000E-06       8.72500E-06       8.71250E-06       2.50006E-08       1.36791E-11       5.47150E-04       4.76704E-09       1.49169E-09
       8.72500E-06       8.75000E-06       8.73750E-06       2.49996E-08       1.37185E-11       5.48750E-04       4.79471E-09       1.50540E-09
       8.75000E-06       8.77500E-06       8.76250E-06       2.49996E-08       1.37580E-11       5.50330E-04       4.82226E-09       1.51916E-09
       8.77500E-06       8.80000E-06       8.78750E-06       2.50006E-08       1.37975E-11       5.51888E-04       4.84972E-09       1.53296E-09
       8.80000E-06       8.82500E-06       8.81250E-06       2.49996E-08       1.38362E-11       5.53455E-04       4.87732E-09       1.54680E-09
       8.82500E-06       8.85000E-06       8.83750E-06       2.50006E-08       1.38757E-11       5.55013E-04       4.90493E-09       1.56067E-09
       8.85000E-06       8.87500E-06       8.86250E-06       2.49996E-08       1.39151E-11       5.56614E-04       4.93299E-09       1.57459E-09
       8.87500E-06       8.90000E-06       8.88750E-06       2.49996E-08       1.39538E-11       5.58160E-04       4.96065E-09       1.58854E-09
       8.90000E-06       8.92500E-06       8.91250E-06       2.50006E-08       1.39933E-11       5.59718E-04       4.98849E-09       1.60253E-09
       8.92500E-06       8.95000E-06       8.93750E-06       2.49996E-08       1.40328E-11       5.61319E-04       5.01679E-09       1.61657E-09
       8.95000E-06       8.97500E-06       8.96250E-06       2.50006E-08       1.40722E-11       5.62877E-04       5.04478E-09       1.63064E-09
       8.97500E-06       9.00000E-06       8.98750E-06       2.49996E-08       1.41109E-11       5.64444E-04       5.07294E-09       1.64475E-09
       9.00000E-06       9.02500E-06       9.01250E-06       2.49996E-08       1.41504E-11       5.66024E-04       5.10129E-09       1.65890E-09
       9.02500E-06       9.05000E-06       9.03750E-06       2.50006E-08       1.41899E-11       5.67582E-04       5.12952E-09       1.67309E-09
       9.05000E-06       9.07500E-06       9.06250E-06       2.49996E-08       1.42293E-11       5.69183E-04       5.15822E-09       1.68732E-09
       9.07500E-06       9.10000E-06       9.08750E-06       2.50006E-08       1.42680E-11       5.70707E-04       5.18630E-09       1.70159E-09
       9.10000E-06       9.12500E-06       9.11250E-06       2.49996E-08       1.43075E-11       5.72308E-04       5.21516E-09       1.71589E-09
       9.12500E-06       9.15000E-06       9.13750E-06       2.49996E-08       1.43470E-11       5.73887E-04       5.24390E-09       1.73024E-09
       9.15000E-06       9.17500E-06       9.16250E-06       2.50006E-08       1.43856E-11       5.75411E-04       5.27221E-09       1.74463E-09
       9.17500E-06       9.20000E-06       9.18750E-06       2.49996E-08       1.44251E-11       5.77013E-04       5.30130E-09       1.75905E-09
       9.20000E-06       9.22500E-06       9.21250E-06       2.50006E-08       1.44646E-11       5.78570E-04       5.33008E-09       1.77352E-09
       9.22500E-06       9.25000E-06       9.23750E-06       2.49996E-08       1.45041E-11       5.80172E-04       5.35934E-09       1.78802E-09
       9.25000E-06       9.27500E-06       9.26250E-06       2.49996E-08       1.45427E-11       5.81718E-04       5.38816E-09       1.80256E-09
       9.27500E-06       9.30000E-06       9.28750E-06       2.50006E-08       1.45822E-11       5.83275E-04       5.41717E-09       1.81715E-09
       9.30000E-06       9.32500E-06       9.31250E-06       2.49996E-08       1.46217E-11       5.84877E-04       5.44666E-09       1.83177E-09
       9.32500E-06       9.35000E-06       9.33750E-06       2.50006E-08       1.46603E-11       5.86400E-04       5.47551E-09       1.84643E-09
       9.35000E-06       9.37500E-06       9.36250E-06       2.49996E-08       1.46998E-11       5.88002E-04       5.50517E-09       1.86113E-09
       9.37500E-06       9.40000E-06       9.38750E-06       2.49996E-08       1.47393E-11       5.89581E-04       5.53469E-09       1.87587E-09
       9.40000E-06       9.42500E-06       9.41250E-06       2.50006E-08       1.47788E-11       5.91138E-04       5.56409E-09       1.89065E-09
       9.42500E-06       9.45000E-06       9.43750E-06       2.49996E-08       1.48174E-11       5.92707E-04       5.59367E-09       1.90546E-09
       9.45000E-06       9.47500E-06       9.46250E-06       2.50006E-08       1.48569E-11       5.94264E-04       5.62322E-09       1.92032E-09
       9.47500E-06       9.50000E-06       9.48750E-06       2.49996E-08       1.48964E-11       5.95866E-04       5.65328E-09       1.93522E-09
       9.50000E-06       9.52500E-06       9.51250E-06       2.49996E-08       1.49359E-11       5.97445E-04       5.68320E-09       1.95015E-09
       9.52500E-06       9.55000E-06       9.53750E-06       2.50006E-08       1.49745E-11       5.98968E-04       5.71266E-09       1.96513E-09
       9.55000E-06       9.57500E-06       9.56250E-06       2.49996E-08       1.50140E-11       6.00571E-04       5.74296E-09       1.98014E-09
       9.57500E-06       9.60000E-06       9.58750E-06       2.50006E-08       1.50535E-11       6.02127E-04       5.77289E-09       1.99519E-09
       9.60000E-06       9.62500E-06       9.61250E-06       2.49996E-08       1.50922E-11       6.03696E-04       5.80303E-09       2.01029E-09
       9.62500E-06       9.65000E-06       9.63750E-06       2.49996E-08       1.51317E-11       6.05275E-04       5.83334E-09       2.02542E-09
       9.65000E-06       9.67500E-06       9.66250E-06       2.50006E-08       1.51711E-11       6.06832E-04       5.86351E-09       2.04059E-09
       9.67500E-06       9.70000E-06       9.68750E-06       2.49996E-08       1.52106E-11       6.08434E-04       5.89421E-09       2.05580E-09
       9.70000E-06       9.72500E-06       9.71250E-06       2.50006E-08       1.52493E-11       6.09957E-04       5.92421E-09       2.07105E-09
       9.72500E-06       9.75000E-06       9.73750E-06       2.49996E-08       1.52888E-11       6.11560E-04       5.95506E-09       2.08634E-09
       9.75000E-06       9.77500E-06       9.76250E-06       2.49996E-08       1.53282E-11       6.13139E-04       5.98577E-09       2.10167E-09
       9.77500E-06       9.80000E-06       9.78750E-06       2.50006E-08       1.53669E-11       6.14662E-04       6.01600E-09       2.11703E-09
       9.80000E-06       9.82500E-06       9.81250E-06       2.49996E-08       1.54064E-11       6.16264E-04       6.04709E-09       2.13244E-09
       9.82500E-06       9.85000E-06       9.83750E-06       2.50006E-08       1.54459E-11       6.17820E-04       6.07781E-09       2.14789E-09
       9.85000E-06       9.87500E-06       9.86250E-06       2.49996E-08       1.54853E-11       6.19423E-04       6.10906E-09       2.16337E-09
       9.87500E-06       9.90000E-06       9.88750E-06       2.49996E-08       1.55240E-11       6.20969E-04       6.13983E-09       2.17889E-09
       9.90000E-06       9.92500E-06       9.91250E-06       2.50006E-08       1.55635E-11       6.22525E-04       6.17078E-09       2.19446E-09
       9.92500E-06       9.95000E-06       9.93750E-06       2.49996E-08       1.56030E-11       6.24128E-04       6.20227E-09       2.21006E-09
       9.95000E-06       9.97500E-06       9.96250E-06       2.50006E-08       1.56425E-11       6.25684E-04       6.23337E-09       2.22570E-09
       9.97500E-06       1.00000E-05       9.98750E-06       2.49996E-08       1.56811E-11       6.27254E-04       6.26470E-09       2.24138E-09
       1.00000E-05       1.04713E-05       1.02356E-05       4.71300E-07       3.02961E-10       6.42819E-04       6.57967E-09       2.54435E-09
       1.04713E-05       1.09648E-05       1.07180E-05       4.93500E-07       3.32181E-10       6.73112E-04       7.21445E-09       2.87653E-09
       1.09648E-05       1.14815E-05       1.12232E-05       5.16700E-07       3.64240E-10       7.04936E-04       7.91160E-09       3.24077E-09
       1.14815E-05       1.20226E-05       1.17521E-05       5.41101E-07       3.99374E-10       7.38078E-04       8.67393E-09       3.64014E-09
       1.20226E-05       1.25892E-05       1.23059E-05       5.66600E-07       4.37911E-10       7.72876E-04       9.51093E-09       4.07805E-09
       1.25892E-05       1.31826E-05       1.28859E-05       5.93400E-07       4.80162E-10       8.09170E-04       1.04269E-08       4.55821E-09
       1.31826E-05       1.38038E-05       1.34932E-05       6.21200E-07       5.26478E-10       8.47519E-04       1.14357E-08       5.08469E-09
       1.38038E-05       1.44544E-05       1.41291E-05       6.50600E-07       5.77281E-10       8.87305E-04       1.25368E-08       5.66197E-09
       1.44544E-05       1.51356E-05       1.47950E-05       6.81200E-07       6.32965E-10       9.29191E-04       1.37474E-08       6.29494E-09
       1.51356E-05       1.58489E-05       1.54922E-05       7.13300E-07       6.94043E-10       9.73003E-04       1.50740E-08       6.98898E-09
       1.58489E-05       1.65959E-05       1.62224E-05       7.47000E-07       7.61002E-10       1.01874E-03       1.65265E-08       7.74998E-09
       1.65959E-05       1.73780E-05       1.69869E-05       7.82101E-07       8.34421E-10       1.06690E-03       1.81233E-08       8.58441E-09
       1.73780E-05       1.81970E-05       1.77875E-05       8.19000E-07       9.14906E-10       1.11710E-03       1.98704E-08       9.49931E-09
       1.81970E-05       1.90546E-05       1.86258E-05       8.57599E-07       1.00320E-09       1.16978E-03       2.17881E-08       1.05025E-08
       1.90546E-05       1.99526E-05       1.95036E-05       8.98001E-07       1.09999E-09       1.22493E-03       2.38905E-08       1.16025E-08
       1.99526E-05       2.08930E-05       2.04228E-05       9.40399E-07       1.20610E-09       1.28254E-03       2.61930E-08       1.28086E-08
       2.08930E-05       2.18776E-05       2.13853E-05       9.84600E-07       1.32245E-09       1.34314E-03       2.87234E-08       1.41311E-08
       2.18776E-05       2.29087E-05       2.23932E-05       1.03110E-06       1.45007E-09       1.40633E-03       3.14922E-08       1.55811E-08
       2.29087E-05       2.39883E-05       2.34485E-05       1.07960E-06       1.58995E-09       1.47273E-03       3.45332E-08       1.71711E-08
       2.39883E-05       2.51189E-05       2.45536E-05       1.13060E-06       1.74336E-09       1.54198E-03       3.78611E-08       1.89144E-08
       2.51189E-05       2.63027E-05       2.57108E-05       1.18380E-06       1.91156E-09       1.61476E-03       4.15169E-08       2.08260E-08
       2.63027E-05       2.75423E-05       2.69225E-05       1.23960E-06       2.09597E-09       1.69084E-03       4.55217E-08       2.29220E-08
       2.75423E-05       2.88403E-05       2.81913E-05       1.29800E-06       2.29819E-09       1.77056E-03       4.99144E-08       2.52202E-08
       2.88403E-05       3.01995E-05       2.95199E-05       1.35920E-06       2.51990E-09       1.85396E-03       5.47286E-08       2.77400E-08
       3.01995E-05       3.16228E-05       3.09111E-05       1.42330E-06       2.76303E-09       1.94128E-03       6.00073E-08       3.05031E-08
       3.16228E-05       3.31131E-05       3.23679E-05       1.49030E-06       3.02961E-09       2.03289E-03       6.58004E-08       3.35327E-08
       3.31131E-05       3.46737E-05       3.38934E-05       1.56060E-06       3.32189E-09       2.12860E-03       7.21454E-08       3.68546E-08
       3.46737E-05       3.63078E-05       3.54907E-05       1.63410E-06       3.64240E-09       2.22899E-03       7.91086E-08       4.04970E-08
       3.63078E-05       3.80189E-05       3.71634E-05       1.71110E-06       3.98744E-09       2.33034E-03       8.66031E-08       4.44844E-08
       3.80189E-05       3.98107E-05       3.89148E-05       1.79180E-06       4.28788E-09       2.39306E-03       9.31254E-08       4.87723E-08
       3.98107E-05       4.16869E-05       4.07488E-05       1.87620E-06       4.58705E-09       2.44486E-03       9.96250E-08       5.33594E-08
       4.16869E-05       4.36516E-05       4.26692E-05       1.96470E-06       4.90974E-09       2.49898E-03       1.06630E-07       5.82691E-08
       4.36516E-05       4.57088E-05       4.46802E-05       2.05720E-06       5.25798E-09       2.55589E-03       1.14198E-07       6.35271E-08
       4.57088E-05       4.78630E-05       4.67859E-05       2.15420E-06       5.63385E-09       2.61529E-03       1.22359E-07       6.91609E-08
       4.78630E-05       5.01187E-05       4.89908E-05       2.25570E-06       6.03981E-09       2.67758E-03       1.31177E-07       7.52007E-08
       5.01187E-05       5.24808E-05       5.12998E-05       2.36210E-06       6.47844E-09       2.74266E-03       1.40698E-07       8.16792E-08
       5.24808E-05       5.49541E-05       5.37174E-05       2.47330E-06       6.95253E-09       2.81103E-03       1.51001E-07       8.86317E-08
       5.49541E-05       5.75440E-05       5.62490E-05       2.58990E-06       7.46089E-09       2.88077E-03       1.62040E-07       9.60926E-08
       5.75440E-05       6.02560E-05       5.89000E-05       2.71200E-06       7.98724E-09       2.94514E-03       1.73469E-07       1.04080E-07
       6.02560E-05       6.30957E-05       6.16758E-05       2.83970E-06       8.55130E-09       3.01134E-03       1.85727E-07       1.12631E-07
       6.30957E-05       6.60693E-05       6.45825E-05       2.97360E-06       9.16006E-09       3.08046E-03       1.98944E-07       1.21791E-07
       6.60693E-05       6.91831E-05       6.76262E-05       3.11380E-06       9.81739E-09       3.15286E-03       2.13216E-07       1.31609E-07
       6.91831E-05       7.24436E-05       7.08134E-05       3.26051E-06       1.05275E-08       3.22878E-03       2.28641E-07       1.42136E-07
       7.24436E-05       7.58578E-05       7.41507E-05       3.41420E-06       1.12927E-08       3.30758E-03       2.45259E-07       1.53429E-07
       7.58578E-05       7.94328E-05       7.76453E-05       3.57500E-06       1.20866E-08       3.38087E-03       2.62508E-07       1.65515E-07
       7.94328E-05       8.31764E-05       8.13046E-05       3.74360E-06       1.29298E-08       3.45385E-03       2.80814E-07       1.78445E-07
       8.31764E-05       8.70964E-05       8.51364E-05       3.92000E-06       1.38391E-08       3.53039E-03       3.00564E-07       1.92284E-07
       8.70964E-05       9.12011E-05       8.91488E-05       4.10471E-06       1.48201E-08       3.61052E-03       3.21873E-07       2.07104E-07
       9.12011E-05       9.54993E-05       9.33502E-05       4.29820E-06       1.58792E-08       3.69439E-03       3.44872E-07       2.22984E-07
       9.54993E-05       1.00000E-04       9.77497E-05       4.50070E-06       1.70230E-08       3.78229E-03       3.69718E-07       2.40007E-07
       1.00000E-04       1.04713E-04       1.02356E-04       4.71300E-06       1.82590E-08       3.87417E-03       3.96547E-07       2.58266E-07
       1.04713E-04       1.09648E-04       1.07181E-04       4.93501E-06       1.95944E-08       3.97048E-03       4.25558E-07       2.77860E-07
       1.09648E-04       1.14815E-04       1.12232E-04       5.16700E-06       2.10294E-08       4.06994E-03       4.56776E-07       2.98889E-07
       1.14815E-04       1.20226E-04       1.17520E-04       5.41100E-06       2.25140E-08       4.16079E-03       4.88978E-07       3.21403E-07
       1.20226E-04       1.25892E-04       1.23059E-04       5.66600E-06       2.41038E-08       4.25411E-03       5.23506E-07       3.45507E-07
       1.25892E-04       1.31826E-04       1.28859E-04       5.93401E-06       2.58194E-08       4.35109E-03       5.60678E-07       3.71327E-07
       1.31826E-04       1.38038E-04       1.34932E-04       6.21199E-06       2.76709E-08       4.45443E-03       6.01046E-07       3.98997E-07
       1.38038E-04       1.44544E-04       1.41291E-04       6.50601E-06       2.96720E-08       4.56071E-03       6.44387E-07       4.28669E-07
       1.44544E-04       1.51356E-04       1.47950E-04       6.81200E-06       3.18296E-08       4.67257E-03       6.91307E-07       4.60499E-07
       1.51356E-04       1.58489E-04       1.54922E-04       7.13300E-06       3.40719E-08       4.77666E-03       7.40012E-07       4.94571E-07
       1.58489E-04       1.65959E-04       1.62224E-04       7.47000E-06       3.64481E-08       4.87927E-03       7.91534E-07       5.31019E-07
       1.65959E-04       1.73780E-04       1.69870E-04       7.82100E-06       3.90104E-08       4.98790E-03       8.47292E-07       5.70029E-07
       1.73780E-04       1.81970E-04       1.77875E-04       8.19000E-06       4.17750E-08       5.10073E-03       9.07292E-07       6.11804E-07
       1.81970E-04       1.90546E-04       1.86258E-04       8.57600E-06       4.47594E-08       5.21914E-03       9.72107E-07       6.56564E-07
       1.90546E-04       1.99526E-04       1.95036E-04       8.98000E-06       4.79819E-08       5.34320E-03       1.04212E-06       7.04546E-07
       1.99526E-04       2.08930E-04       2.04228E-04       9.40399E-06       5.14645E-08       5.47262E-03       1.11766E-06       7.56010E-07
       2.08930E-04       2.18776E-04       2.13853E-04       9.84601E-06       5.52288E-08       5.60926E-03       1.19956E-06       8.11239E-07
       2.18776E-04       2.29087E-04       2.23932E-04       1.03110E-05       5.92762E-08       5.74882E-03       1.28734E-06       8.70515E-07
       2.29087E-04       2.39883E-04       2.34485E-04       1.07960E-05       6.34682E-08       5.87887E-03       1.37851E-06       9.33983E-07
       2.39883E-04       2.51189E-04       2.45536E-04       1.13060E-05       6.79474E-08       6.00986E-03       1.47564E-06       1.00193E-06
       2.51189E-04       2.63027E-04       2.57108E-04       1.18380E-05       7.27821E-08       6.14817E-03       1.58074E-06       1.07471E-06
       2.63027E-04       2.75423E-04       2.69225E-04       1.23960E-05       7.80013E-08       6.29246E-03       1.69409E-06       1.15271E-06
       2.75423E-04       2.88403E-04       2.81913E-04       1.29800E-05       8.36392E-08       6.44369E-03       1.81656E-06       1.23635E-06
       2.88403E-04       3.01995E-04       2.95199E-04       1.35920E-05       8.97271E-08       6.60148E-03       1.94875E-06       1.32608E-06
       3.01995E-04       3.16228E-04       3.09111E-04       1.42330E-05       9.61516E-08       6.75554E-03       2.08822E-06       1.42223E-06
       3.16228E-04       3.31131E-04       3.23680E-04       1.49030E-05       1.03002E-07       6.91149E-03       2.23711E-06       1.52523E-06
       3.31131E-04       3.46737E-04       3.38934E-04       1.56060E-05       1.10401E-07       7.07428E-03       2.39771E-06       1.63564E-06
       3.46737E-04       3.63078E-04       3.54908E-04       1.63410E-05       1.18393E-07       7.24512E-03       2.57135E-06       1.75403E-06
       3.63078E-04       3.80189E-04       3.71634E-04       1.71110E-05       1.27029E-07       7.42383E-03       2.75894E-06       1.88106E-06
       3.80189E-04       3.98107E-04       3.89148E-04       1.79180E-05       1.36369E-07       7.61072E-03       2.96170E-06       2.01743E-06
       3.98107E-04       4.16869E-04       4.07488E-04       1.87620E-05       1.46472E-07       7.80686E-03       3.18120E-06       2.16390E-06
       4.16869E-04       4.36516E-04       4.26692E-04       1.96470E-05       1.57406E-07       8.01170E-03       3.41853E-06       2.32130E-06
       4.36516E-04       4.57088E-04       4.46802E-04       2.05720E-05       1.69196E-07       8.22458E-03       3.67476E-06       2.49050E-06
       4.57088E-04       4.78630E-04       4.67859E-04       2.15420E-05       1.81475E-07       8.42424E-03       3.94135E-06       2.67198E-06
       4.78630E-04       5.01187E-04       4.89909E-04       2.25570E-05       1.94606E-07       8.62730E-03       4.22659E-06       2.86658E-06
       5.01187E-04       5.24808E-04       5.12998E-04       2.36210E-05       2.08798E-07       8.83954E-03       4.53466E-06       3.07538E-06
       5.24808E-04       5.49541E-04       5.37175E-04       2.47330E-05       2.24143E-07       9.06248E-03       4.86813E-06       3.29952E-06
       5.49541E-04       5.75440E-04       5.62491E-04       2.58990E-05       2.40740E-07       9.29536E-03       5.22855E-06       3.54026E-06
       5.75440E-04       6.02560E-04       5.89000E-04       2.71200E-05       2.58690E-07       9.53871E-03       5.61830E-06       3.79895E-06
       6.02560E-04       6.30957E-04       6.16758E-04       2.83970E-05       2.77408E-07       9.76893E-03       6.02507E-06       4.07636E-06
       6.30957E-04       6.60693E-04       6.45825E-04       2.97360E-05       2.97157E-07       9.99317E-03       6.45384E-06       4.37352E-06
       6.60693E-04       6.91831E-04       6.76262E-04       3.11380E-05       3.18481E-07       1.02281E-02       6.91685E-06       4.69200E-06
       6.91831E-04       7.24436E-04       7.08133E-04       3.26050E-05       3.41515E-07       1.04743E-02       7.41722E-06       5.03351E-06
       7.24436E-04       7.58578E-04       7.41507E-04       3.41420E-05       3.66409E-07       1.07319E-02       7.95779E-06       5.39992E-06
       7.58578E-04       7.94328E-04       7.76453E-04       3.57500E-05       3.93325E-07       1.10021E-02       8.54260E-06       5.79325E-06
       7.94328E-04       8.31764E-04       8.13046E-04       3.74360E-05       4.22442E-07       1.12844E-02       9.17473E-06       6.21569E-06
       8.31764E-04       8.70964E-04       8.51364E-04       3.92000E-05       4.53950E-07       1.15803E-02       9.85909E-06       6.66964E-06
       8.70964E-04       9.12011E-04       8.91487E-04       4.10470E-05       4.87941E-07       1.18874E-02       1.05975E-05       7.15758E-06
       9.12011E-04       9.54993E-04       9.33502E-04       4.29820E-05       5.23194E-07       1.21724E-02       1.13630E-05       7.68078E-06
       9.54993E-04       1.00000E-03       9.77497E-04       4.50070E-05       5.60746E-07       1.24591E-02       1.21787E-05       8.24152E-06
       1.00000E-03       1.04713E-03       1.02356E-03       4.71300E-05       6.01317E-07       1.27587E-02       1.30594E-05       8.84284E-06
       1.04713E-03       1.09648E-03       1.07180E-03       4.93500E-05       6.45146E-07       1.30729E-02       1.40116E-05       9.48798E-06
       1.09648E-03       1.14815E-03       1.12231E-03       5.16700E-05       6.92565E-07       1.34036E-02       1.50431E-05       1.01805E-05
       1.14815E-03       1.20226E-03       1.17520E-03       5.41100E-05       7.43798E-07       1.37460E-02       1.61544E-05       1.09243E-05
       1.20226E-03       1.25892E-03       1.23059E-03       5.66600E-05       7.97401E-07       1.40734E-02       1.73186E-05       1.17217E-05
       1.25892E-03       1.31826E-03       1.28859E-03       5.93400E-05       8.53795E-07       1.43882E-02       1.85405E-05       1.25755E-05
       1.31826E-03       1.38038E-03       1.34932E-03       6.21200E-05       9.14637E-07       1.47237E-02       1.98670E-05       1.34902E-05
       1.38038E-03       1.44544E-03       1.41291E-03       6.50599E-05       9.80361E-07       1.50686E-02       2.12905E-05       1.44705E-05
       1.44544E-03       1.51356E-03       1.47950E-03       6.81201E-05       1.05134E-06       1.54335E-02       2.28339E-05       1.55219E-05
       1.51356E-03       1.58489E-03       1.54923E-03       7.13300E-05       1.12807E-06       1.58149E-02       2.45008E-05       1.66500E-05
       1.58489E-03       1.65959E-03       1.62224E-03       7.47000E-05       1.21104E-06       1.62121E-02       2.63000E-05       1.78610E-05
       1.65959E-03       1.73780E-03       1.69870E-03       7.82101E-05       1.30079E-06       1.66320E-02       2.82526E-05       1.91618E-05
       1.73780E-03       1.81970E-03       1.77875E-03       8.18999E-05       1.39767E-06       1.70656E-02       3.03555E-05       2.05595E-05
       1.81970E-03       1.90546E-03       1.86258E-03       8.57600E-05       1.49830E-06       1.74709E-02       3.25409E-05       2.20578E-05
       1.90546E-03       1.99526E-03       1.95036E-03       8.98001E-05       1.60524E-06       1.78757E-02       3.48640E-05       2.36630E-05
       1.99526E-03       2.08930E-03       2.04228E-03       9.40400E-05       1.72075E-06       1.82980E-02       3.73697E-05       2.53837E-05
       2.08930E-03       2.18776E-03       2.13853E-03       9.84600E-05       1.84553E-06       1.87440E-02       4.00845E-05       2.72293E-05
       2.18776E-03       2.29087E-03       2.23932E-03       1.03110E-04       1.98041E-06       1.92067E-02       4.30099E-05       2.92097E-05
       2.29087E-03       2.39883E-03       2.34485E-03       1.07960E-04       2.12622E-06       1.96945E-02       4.61807E-05       3.13359E-05
       2.39883E-03       2.51189E-03       2.45536E-03       1.13060E-04       2.27906E-06       2.01580E-02       4.94953E-05       3.36150E-05
       2.51189E-03       2.63027E-03       2.57108E-03       1.18380E-04       2.43948E-06       2.06072E-02       5.29827E-05       3.60544E-05
       2.63027E-03       2.75423E-03       2.69225E-03       1.23960E-04       2.61253E-06       2.10756E-02       5.67408E-05       3.86670E-05
       2.75423E-03       2.88403E-03       2.81913E-03       1.29800E-04       2.79933E-06       2.15665E-02       6.07988E-05       4.14663E-05
       2.88403E-03       3.01995E-03       2.95199E-03       1.35920E-04       3.00108E-06       2.20797E-02       6.51791E-05       4.44674E-05
       3.01995E-03       3.16228E-03       3.09112E-03       1.42330E-04       3.21908E-06       2.26170E-02       6.99118E-05       4.76865E-05
       3.16228E-03       3.31131E-03       3.23679E-03       1.49030E-04       3.45473E-06       2.31814E-02       7.50336E-05       5.11412E-05
       3.31131E-03       3.46737E-03       3.38934E-03       1.56060E-04       3.70963E-06       2.37705E-02       8.05664E-05       5.48508E-05
       3.46737E-03       3.63078E-03       3.54907E-03       1.63410E-04       3.98455E-06       2.43838E-02       8.65399E-05       5.88354E-05
       3.63078E-03       3.80189E-03       3.71633E-03       1.71110E-04       4.26277E-06       2.49125E-02       9.25831E-05       6.30981E-05
       3.80189E-03       3.98107E-03       3.89148E-03       1.79180E-04       4.55332E-06       2.54119E-02       9.88901E-05       6.76515E-05
       3.98107E-03       4.16869E-03       4.07488E-03       1.87620E-04       4.86616E-06       2.59363E-02       1.05687E-04       7.25176E-05
       4.16869E-03       4.36516E-03       4.26693E-03       1.96470E-04       5.20324E-06       2.64836E-02       1.13003E-04       7.77209E-05
       4.36516E-03       4.57088E-03       4.46802E-03       2.05720E-04       5.56663E-06       2.70593E-02       1.20901E-04       8.32875E-05
       4.57088E-03       4.78630E-03       4.67859E-03       2.15420E-04       5.95847E-06       2.76598E-02       1.29409E-04       8.92460E-05
       4.78630E-03       5.01187E-03       4.89909E-03       2.25570E-04       6.37023E-06       2.82406E-02       1.38353E-04       9.56162E-05
       5.01187E-03       5.24807E-03       5.12997E-03       2.36200E-04       6.80131E-06       2.87948E-02       1.47716E-04       1.02417E-04
       5.24807E-03       5.49541E-03       5.37174E-03       2.47340E-04       7.26517E-06       2.93732E-02       1.57785E-04       1.09683E-04
       5.49541E-03       5.75440E-03       5.62491E-03       2.58990E-04       7.76472E-06       2.99808E-02       1.68639E-04       1.17447E-04
       5.75440E-03       6.02560E-03       5.89000E-03       2.71200E-04       8.30303E-06       3.06159E-02       1.80327E-04       1.25750E-04
       6.02560E-03       6.30957E-03       6.16759E-03       2.83970E-04       8.88324E-06       3.12823E-02       1.92937E-04       1.34634E-04
       6.30957E-03       6.60693E-03       6.45825E-03       2.97360E-04       9.50914E-06       3.19785E-02       2.06525E-04       1.44143E-04
       6.60693E-03       6.91831E-03       6.76262E-03       3.11380E-04       1.01844E-05       3.27074E-02       2.21188E-04       1.54327E-04
       6.91831E-03       7.24436E-03       7.08133E-03       3.26050E-04       1.09128E-05       3.34696E-02       2.37009E-04       1.65240E-04
       7.24436E-03       7.58578E-03       7.41507E-03       3.41420E-04       1.16722E-05       3.41873E-02       2.53501E-04       1.76912E-04
       7.58578E-03       7.94328E-03       7.76453E-03       3.57500E-04       1.24752E-05       3.48958E-02       2.70949E-04       1.89387E-04
       7.94328E-03       8.31764E-03       8.13046E-03       3.74360E-04       1.33405E-05       3.56355E-02       2.89733E-04       2.02728E-04
       8.31764E-03       8.70964E-03       8.51364E-03       3.92000E-04       1.42733E-05       3.64114E-02       3.09994E-04       2.17001E-04
       8.70964E-03       9.12011E-03       8.91487E-03       4.10471E-04       1.52793E-05       3.72240E-02       3.31847E-04       2.32281E-04
       9.12011E-03       9.54993E-03       9.33502E-03       4.29819E-04       1.63651E-05       3.80743E-02       3.55424E-04       2.48646E-04
       9.54993E-03       1.00000E-02       9.77496E-03       4.50070E-04       1.75046E-05       3.88931E-02       3.80178E-04       2.66150E-04
       1.00000E-02       1.04713E-02       1.02357E-02       4.71300E-04       1.86889E-05       3.96541E-02       4.05885E-04       2.84839E-04
       1.04713E-02       1.09648E-02       1.07180E-02       4.93500E-04       1.99624E-05       4.04507E-02       4.33553E-04       3.04802E-04
       1.09648E-02       1.14815E-02       1.12232E-02       5.16700E-04       2.13348E-05       4.12904E-02       4.63409E-04       3.26136E-04
       1.14815E-02       1.20226E-02       1.17521E-02       5.41100E-04       2.28123E-05       4.21592E-02       4.95457E-04       3.48949E-04
       1.20226E-02       1.25892E-02       1.23059E-02       5.66601E-04       2.44061E-05       4.30745E-02       5.30071E-04       3.73355E-04
       1.25892E-02       1.31826E-02       1.28859E-02       5.93399E-04       2.61249E-05       4.40258E-02       5.67312E-04       3.99480E-04
       1.31826E-02       1.38038E-02       1.34932E-02       6.21200E-04       2.79786E-05       4.50397E-02       6.07729E-04       4.27458E-04
       1.38038E-02       1.44544E-02       1.41291E-02       6.50601E-04       2.99791E-05       4.60791E-02       6.51056E-04       4.57437E-04
       1.44544E-02       1.51356E-02       1.47950E-02       6.81199E-04       3.20465E-05       4.70442E-02       6.96019E-04       4.89484E-04
       1.51356E-02       1.58489E-02       1.54923E-02       7.13301E-04       3.42107E-05       4.79611E-02       7.43025E-04       5.23695E-04
       1.58489E-02       1.65959E-02       1.62224E-02       7.47000E-04       3.65397E-05       4.89153E-02       7.93523E-04       5.60234E-04
       1.65959E-02       1.73780E-02       1.69870E-02       7.82100E-04       3.90475E-05       4.99265E-02       8.48099E-04       5.99282E-04
       1.73780E-02       1.81970E-02       1.77875E-02       8.19000E-04       4.17493E-05       5.09759E-02       9.06734E-04       6.41031E-04
       1.81970E-02       1.90546E-02       1.86258E-02       8.57600E-04       4.46616E-05       5.20775E-02       9.69984E-04       6.85693E-04
       1.90546E-02       1.99526E-02       1.95036E-02       8.98000E-04       4.77086E-05       5.31276E-02       1.03618E-03       7.33401E-04
       1.99526E-02       2.08930E-02       2.04228E-02       9.40400E-04       5.08368E-05       5.40586E-02       1.10403E-03       7.84238E-04
       2.08930E-02       2.18776E-02       2.13853E-02       9.84600E-04       5.41931E-05       5.50407E-02       1.17706E-03       8.38431E-04
       2.18776E-02       2.29087E-02       2.23931E-02       1.03110E-03       5.77998E-05       5.60565E-02       1.25528E-03       8.96231E-04
       2.29087E-02       2.39883E-02       2.34485E-02       1.07960E-03       6.16782E-05       5.71305E-02       1.33962E-03       9.57909E-04
       2.39883E-02       2.51189E-02       2.45536E-02       1.13060E-03       6.58508E-05       5.82441E-02       1.43010E-03       1.02376E-03
       2.51189E-02       2.63027E-02       2.57108E-02       1.18380E-03       7.03429E-05       5.94213E-02       1.52777E-03       1.09410E-03
       2.63027E-02       2.75423E-02       2.69225E-02       1.23960E-03       7.51800E-05       6.06485E-02       1.63281E-03       1.16928E-03
       2.75423E-02       2.88403E-02       2.81913E-02       1.29800E-03       8.03899E-05       6.19337E-02       1.74599E-03       1.24967E-03
       2.88403E-02       3.01995E-02       2.95199E-02       1.35920E-03       8.58424E-05       6.31566E-02       1.86438E-03       1.33551E-03
       3.01995E-02       3.16228E-02       3.09112E-02       1.42330E-03       9.15738E-05       6.43390E-02       1.98879E-03       1.42709E-03
       3.16228E-02       3.31131E-02       3.23680E-02       1.49030E-03       9.77387E-05       6.55832E-02       2.12279E-03       1.52483E-03
       3.31131E-02       3.46737E-02       3.38934E-02       1.56060E-03       1.04372E-04       6.68797E-02       2.26678E-03       1.62920E-03
       3.46737E-02       3.63078E-02       3.54908E-02       1.63410E-03       1.11513E-04       6.82415E-02       2.42194E-03       1.74071E-03
       3.63078E-02       3.80189E-02       3.71633E-02       1.71110E-03       1.19206E-04       6.96663E-02       2.58903E-03       1.85992E-03
       3.80189E-02       3.98107E-02       3.89148E-02       1.79180E-03       1.27196E-04       7.09879E-02       2.76248E-03       1.98712E-03
       3.98107E-02       4.16869E-02       4.07488E-02       1.87620E-03       1.35197E-04       7.20589E-02       2.93631E-03       2.12231E-03
       4.16869E-02       4.36516E-02       4.26693E-02       1.96470E-03       1.43747E-04       7.31647E-02       3.12188E-03       2.26606E-03
       4.36516E-02       4.57088E-02       4.46802E-02       2.05720E-03       1.52911E-04       7.43298E-02       3.32107E-03       2.41897E-03
       4.57088E-02       4.78630E-02       4.67859E-02       2.15420E-03       1.62736E-04       7.55438E-02       3.53439E-03       2.58171E-03
       4.78630E-02       5.01187E-02       4.89908E-02       2.25570E-03       1.73278E-04       7.68177E-02       3.76336E-03       2.75498E-03
       5.01187E-02       5.24808E-02       5.12998E-02       2.36210E-03       1.84594E-04       7.81483E-02       4.00899E-03       2.93958E-03
       5.24808E-02       5.49541E-02       5.37174E-02       2.47330E-03       1.96746E-04       7.95479E-02       4.27311E-03       3.13632E-03
       5.49541E-02       5.75440E-02       5.62491E-02       2.58990E-03       2.09802E-04       8.10077E-02       4.55660E-03       3.34613E-03
       5.75440E-02       6.02560E-02       5.89000E-02       2.71200E-03       2.23398E-04       8.23740E-02       4.85183E-03       3.56952E-03
       6.02560E-02       6.30957E-02       6.16758E-02       2.83970E-03       2.37550E-04       8.36531E-02       5.15937E-03       3.80707E-03
       6.30957E-02       6.60693E-02       6.45825E-02       2.97360E-03       2.52716E-04       8.49868E-02       5.48866E-03       4.05979E-03
       6.60693E-02       6.91831E-02       6.76262E-02       3.11380E-03       2.68982E-04       8.63838E-02       5.84181E-03       4.32877E-03
       6.91831E-02       7.24436E-02       7.08134E-02       3.26050E-03       2.86433E-04       8.78493E-02       6.22091E-03       4.61521E-03
       7.24436E-02       7.58578E-02       7.41507E-02       3.41420E-03       3.05167E-04       8.93818E-02       6.62772E-03       4.92037E-03
       7.58578E-02       7.94328E-02       7.76453E-02       3.57500E-03       3.25032E-04       9.09180E-02       7.05936E-03       5.24540E-03
       7.94328E-02       8.31764E-02       8.13046E-02       3.74360E-03       3.45759E-04       9.23599E-02       7.50929E-03       5.59116E-03
       8.31764E-02       8.70964E-02       8.51364E-02       3.92000E-03       3.67952E-04       9.38653E-02       7.99135E-03       5.95911E-03
       8.70964E-02       9.12011E-02       8.91488E-02       4.10470E-03       3.91760E-04       9.54416E-02       8.50850E-03       6.35087E-03
       9.12011E-02       9.54993E-02       9.33502E-02       4.29820E-03       4.17315E-04       9.70909E-02       9.06345E-03       6.76819E-03
       9.54993E-02       1.00000E-01       9.77497E-02       4.50070E-03       4.45764E-04       9.90432E-02       9.68144E-03       7.21395E-03
       1.00000E-01       1.04713E-01       1.02357E-01       4.71300E-03       4.77792E-04       1.01377E-01       1.03766E-02       7.69175E-03
       1.04713E-01       1.09648E-01       1.07180E-01       4.93500E-03       5.14523E-04       1.04260E-01       1.11746E-02       8.20627E-03
       1.09648E-01       1.14815E-01       1.12231E-01       5.16700E-03       5.58120E-04       1.08016E-01       1.21228E-02       8.76439E-03
       1.14815E-01       1.20226E-01       1.17520E-01       5.41100E-03       6.04785E-04       1.11769E-01       1.31352E-02       9.36917E-03
       1.20226E-01       1.25892E-01       1.23059E-01       5.66600E-03       6.54529E-04       1.15519E-01       1.42156E-02       1.00237E-02
       1.25892E-01       1.31826E-01       1.28859E-01       5.93400E-03       7.08652E-04       1.19422E-01       1.53886E-02       1.07324E-02
       1.31826E-01       1.38038E-01       1.34932E-01       6.21200E-03       7.67548E-04       1.23559E-01       1.66721E-02       1.14999E-02
       1.38038E-01       1.44544E-01       1.41291E-01       6.50600E-03       8.31709E-04       1.27837E-01       1.80622E-02       1.23316E-02
       1.44544E-01       1.51356E-01       1.47950E-01       6.81200E-03       9.01564E-04       1.32349E-01       1.95811E-02       1.32332E-02
       1.51356E-01       1.58489E-01       1.54923E-01       7.13300E-03       9.76588E-04       1.36911E-01       2.12106E-02       1.42098E-02
       1.58489E-01       1.65959E-01       1.62224E-01       7.47000E-03       1.05520E-03       1.41258E-01       2.29155E-02       1.52650E-02
       1.65959E-01       1.73780E-01       1.69869E-01       7.82100E-03       1.14043E-03       1.45817E-01       2.47698E-02       1.64054E-02
       1.73780E-01       1.81970E-01       1.77875E-01       8.19000E-03       1.23311E-03       1.50562E-01       2.67813E-02       1.76385E-02
       1.81970E-01       1.90546E-01       1.86258E-01       8.57600E-03       1.33391E-03       1.55540E-01       2.89706E-02       1.89724E-02
       1.90546E-01       1.99526E-01       1.95036E-01       8.98000E-03       1.44200E-03       1.60579E-01       3.13186E-02       2.04144E-02
       1.99526E-01       2.08930E-01       2.04228E-01       9.40400E-03       1.55698E-03       1.65566E-01       3.38131E-02       2.19714E-02
       2.08930E-01       2.18776E-01       2.13853E-01       9.84600E-03       1.68137E-03       1.70767E-01       3.65190E-02       2.36528E-02
       2.18776E-01       2.29087E-01       2.23931E-01       1.03110E-02       1.88204E-03       1.82528E-01       4.08737E-02       2.55348E-02
       2.29087E-01       2.39883E-01       2.34485E-01       1.07960E-02       2.23967E-03       2.07454E-01       4.86448E-02       2.77745E-02
       2.39883E-01       2.51189E-01       2.45536E-01       1.13060E-02       2.66058E-03       2.35324E-01       5.77806E-02       3.04350E-02
       2.51189E-01       2.63027E-01       2.57108E-01       1.18380E-02       3.13206E-03       2.64577E-01       6.80248E-02       3.35671E-02
       2.63027E-01       2.75423E-01       2.69225E-01       1.23960E-02       3.65462E-03       2.94823E-01       7.93737E-02       3.72217E-02
       2.75423E-01       2.88403E-01       2.81913E-01       1.29800E-02       4.21674E-03       3.24865E-01       9.15835E-02       4.14385E-02
       2.88403E-01       3.01995E-01       2.95199E-01       1.35920E-02       4.83987E-03       3.56082E-01       1.05115E-01       4.62783E-02
       3.01995E-01       3.16228E-01       3.09112E-01       1.42330E-02       5.52377E-03       3.88096E-01       1.19965E-01       5.18021E-02
       3.16228E-01       3.31131E-01       3.23680E-01       1.49030E-02       6.25197E-03       4.19511E-01       1.35787E-01       5.80541E-02
       3.31131E-01       3.46737E-01       3.38934E-01       1.56060E-02       7.05679E-03       4.52184E-01       1.53261E-01       6.51109E-02
       3.46737E-01       3.63078E-01       3.54908E-01       1.63410E-02       7.94866E-03       4.86424E-01       1.72636E-01       7.30595E-02
       3.63078E-01       3.80189E-01       3.71633E-01       1.71110E-02       8.93583E-03       5.22227E-01       1.94077E-01       8.19954E-02
       3.80189E-01       3.98107E-01       3.89148E-01       1.79180E-02       9.99104E-03       5.57598E-01       2.16988E-01       9.19864E-02
       3.98107E-01       4.16869E-01       4.07488E-01       1.87620E-02       1.11306E-02       5.93252E-01       2.41743E-01       1.03117E-01
       4.16869E-01       4.36516E-01       4.26692E-01       1.96470E-02       1.23883E-02       6.30543E-01       2.69048E-01       1.15505E-01
       4.36516E-01       4.57088E-01       4.46802E-01       2.05720E-02       1.37697E-02       6.69342E-01       2.99064E-01       1.29275E-01
       4.57088E-01       4.78630E-01       4.67859E-01       2.15420E-02       1.52231E-02       7.06669E-01       3.30621E-01       1.44498E-01
       4.78630E-01       5.01187E-01       4.89909E-01       2.25570E-02       1.68007E-02       7.44809E-01       3.64888E-01       1.61299E-01
       5.01187E-01       5.24808E-01       5.12998E-01       2.36210E-02       1.85358E-02       7.84717E-01       4.02558E-01       1.79835E-01
       5.24808E-01       5.49541E-01       5.37174E-01       2.47330E-02       2.04435E-02       8.26567E-01       4.44011E-01       2.00278E-01
       5.49541E-01       5.75440E-01       5.62490E-01       2.58990E-02       2.25409E-02       8.70338E-01       4.89557E-01       2.22819E-01
       5.75440E-01       6.02560E-01       5.89000E-01       2.71200E-02       2.48476E-02       9.16211E-01       5.39648E-01       2.47667E-01
       6.02560E-01       6.30957E-01       6.16758E-01       2.83970E-02       2.73937E-02       9.64667E-01       5.94967E-01       2.75060E-01
       6.30957E-01       6.60693E-01       6.45825E-01       2.97360E-02       3.01957E-02       1.01546E+00       6.55809E-01       3.05256E-01
       6.60693E-01       6.91831E-01       6.76262E-01       3.11380E-02       3.43804E-02       1.10413E+00       7.46681E-01       3.39636E-01
       6.91831E-01       7.24436E-01       7.08133E-01       3.26050E-02       4.65170E-02       1.42668E+00       1.01028E+00       3.86153E-01
       7.24436E-01       7.58578E-01       7.41507E-01       3.41420E-02       3.59891E-02       1.05410E+00       7.81622E-01       4.22142E-01
       7.58578E-01       7.94328E-01       7.76453E-01       3.57500E-02       3.54739E-02       9.92277E-01       7.70456E-01       4.57616E-01
       7.94328E-01       8.31764E-01       8.13046E-01       3.74360E-02       3.49664E-02       9.34031E-01       7.59410E-01       4.92583E-01
       8.31764E-01       8.70964E-01       8.51364E-01       3.92000E-02       3.45421E-02       8.81176E-01       7.50202E-01       5.27125E-01
       8.70964E-01       9.12011E-01       8.91487E-01       4.10470E-02       3.40032E-02       8.28396E-01       7.38504E-01       5.61128E-01
       9.12011E-01       9.54993E-01       9.33502E-01       4.29820E-02       3.33801E-02       7.76607E-01       7.24964E-01       5.94508E-01
       9.54993E-01       1.00000E+00       9.77497E-01       4.50070E-02       3.25185E-02       7.22520E-01       7.06261E-01       6.27026E-01
       1.00000E+00       1.04713E+00       1.02357E+00       4.71300E-02       3.13818E-02       6.65856E-01       6.81547E-01       6.58408E-01
       1.04713E+00       1.09648E+00       1.07181E+00       4.93500E-02       2.99329E-02       6.06543E-01       6.50095E-01       6.88341E-01
       1.09648E+00       1.14815E+00       1.12231E+00       5.16700E-02       2.81347E-02       5.44508E-01       6.11110E-01       7.16476E-01
       1.14815E+00       1.20226E+00       1.17520E+00       5.41100E-02       2.60237E-02       4.80940E-01       5.65203E-01       7.42499E-01
       1.20226E+00       1.25892E+00       1.23059E+00       5.66600E-02       2.37303E-02       4.18818E-01       5.15394E-01       7.66230E-01
       1.25892E+00       1.31826E+00       1.28859E+00       5.93400E-02       2.10129E-02       3.54111E-01       4.56303E-01       7.87243E-01
       1.31826E+00       1.38038E+00       1.34932E+00       6.21200E-02       1.79411E-02       2.88813E-01       3.89701E-01       8.05184E-01
       1.38038E+00       1.44544E+00       1.41291E+00       6.50600E-02       1.44150E-02       2.21565E-01       3.13051E-01       8.19599E-01
       1.44544E+00       1.51356E+00       1.47950E+00       6.81200E-02       1.20679E-02       1.77156E-01       2.62102E-01       8.31667E-01
       1.51356E+00       1.58489E+00       1.54923E+00       7.13300E-02       1.17420E-02       1.64615E-01       2.55025E-01       8.43409E-01
       1.58489E+00       1.65959E+00       1.62224E+00       7.47000E-02       1.13520E-02       1.51968E-01       2.46528E-01       8.54761E-01
       1.65959E+00       1.73780E+00       1.69869E+00       7.82100E-02       1.08525E-02       1.38761E-01       2.35713E-01       8.65613E-01
       1.73780E+00       1.81970E+00       1.77875E+00       8.19000E-02       1.02298E-02       1.24906E-01       2.22177E-01       8.75843E-01
       1.81970E+00       1.90546E+00       1.86258E+00       8.57600E-02       9.71800E-03       1.13316E-01       2.11061E-01       8.85561E-01
       1.90546E+00       1.99526E+00       1.95036E+00       8.98000E-02       9.66776E-03       1.07659E-01       2.09973E-01       8.95229E-01
       1.99526E+00       2.08930E+00       2.04228E+00       9.40400E-02       9.59593E-03       1.02041E-01       2.08396E-01       9.04825E-01
       2.08930E+00       2.18776E+00       2.13853E+00       9.84600E-02       9.46747E-03       9.61555E-02       2.05631E-01       9.14292E-01
       2.18776E+00       2.29087E+00       2.23932E+00       1.03110E-01       9.21324E-03       8.93535E-02       2.00091E-01       9.23505E-01
       2.29087E+00       2.39883E+00       2.34485E+00       1.07960E-01       8.84468E-03       8.19255E-02       1.92103E-01       9.32350E-01
       2.39883E+00       2.51189E+00       2.45536E+00       1.13060E-01       8.38089E-03       7.41278E-02       1.82010E-01       9.40731E-01
       2.51189E+00       2.63027E+00       2.57108E+00       1.18380E-01       7.80654E-03       6.59448E-02       1.69549E-01       9.48537E-01
       2.63027E+00       2.75423E+00       2.69225E+00       1.23960E-01       7.11204E-03       5.73737E-02       1.54464E-01       9.55649E-01
       2.75423E+00       2.88403E+00       2.81913E+00       1.29800E-01       6.41113E-03       4.93924E-02       1.39243E-01       9.62061E-01
       2.88403E+00       3.01995E+00       2.95199E+00       1.35920E-01       5.69045E-03       4.18661E-02       1.23588E-01       9.67751E-01
       3.01995E+00       3.16228E+00       3.09111E+00       1.42330E-01       5.02497E-03       3.53050E-02       1.09132E-01       9.72776E-01
       3.16228E+00       3.31131E+00       3.23679E+00       1.49030E-01       4.41552E-03       2.96284E-02       9.59010E-02       9.77192E-01
       3.31131E+00       3.46737E+00       3.38934E+00       1.56060E-01       3.91731E-03       2.51013E-02       8.50769E-02       9.81109E-01
       3.46737E+00       3.63078E+00       3.54908E+00       1.63410E-01       3.46841E-03       2.12252E-02       7.53298E-02       9.84577E-01
       3.63078E+00       3.80189E+00       3.71633E+00       1.71110E-01       3.09850E-03       1.81082E-02       6.72962E-02       9.87676E-01
       3.80189E+00       3.98107E+00       3.89148E+00       1.79180E-01       2.75645E-03       1.53837E-02       5.98652E-02       9.90432E-01
       3.98107E+00       4.16869E+00       4.07488E+00       1.87620E-01       2.41402E-03       1.28666E-02       5.24297E-02       9.92846E-01
       4.16869E+00       4.36516E+00       4.26692E+00       1.96470E-01       2.05424E-03       1.04558E-02       4.46140E-02       9.94900E-01
       4.36516E+00       4.57088E+00       4.46802E+00       2.05720E-01       1.66852E-03       8.11065E-03       3.62385E-02       9.96569E-01
       4.57088E+00       4.78630E+00       4.67859E+00       2.15420E-01       1.26900E-03       5.89080E-03       2.75607E-02       9.97838E-01
       4.78630E+00       5.00000E+00       4.89315E+00       2.13700E-01       8.52904E-04       3.99113E-03       1.95292E-02       9.98691E-01
       5.00000E+00       5.20000E+00       5.10000E+00       2.00000E-01       5.25577E-04       2.62788E-03       1.34022E-02       9.99216E-01
       5.20000E+00       5.40000E+00       5.30000E+00       2.00000E-01       3.50644E-04       1.75322E-03       9.29207E-03       9.99567E-01
       5.40000E+00       5.60000E+00       5.50000E+00       2.00000E-01       2.31957E-04       1.15978E-03       6.37881E-03       9.99799E-01
       5.60000E+00       5.80000E+00       5.70000E+00       2.00000E-01       1.45344E-04       7.26720E-04       4.14230E-03       9.99944E-01
       5.80000E+00       6.00000E+00       5.90000E+00       2.00000E-01       5.56533E-05       2.78267E-04       1.64177E-03       1.00000E+00

 Sum =                                                                         1.00000E+00
 Renormalization bin#   980 =                                                  1.19029E-01 barn        2.08000E+07        2.10000E+07        2.09000E+07
 Avg. Energy     bin#   980 =                                                  1.05427E+00 MeV         2.08000E+07        2.10000E+07
