"        MT=  4 recoil spectrum "
" Initial neutron energy corresponds to the group:"
   2.22000E+01    2.24000E+01       0.00000E+00           514           907           394



          Low               High              Mid              Energy           Number             dn/de            E*dn/de          Cumulative
         Energy            Energy            Energy             Width          Fraction                               Sum   
         [MeV]             [MeV]             [MeV]              [MeV]

       7.45000E-06       7.47500E-06       7.46250E-06       2.50001E-08       0.00000E+00       0.00000E+00       0.00000E+00       0.00000E+00
       7.47500E-06       7.50000E-06       7.48750E-06       2.50001E-08       5.74079E-12       2.29631E-04       1.71936E-09       5.74079E-12
       7.50000E-06       7.52500E-06       7.51250E-06       2.50001E-08       5.76027E-12       2.30410E-04       1.73096E-09       1.15011E-11
       7.52500E-06       7.55000E-06       7.53750E-06       2.50001E-08       5.77918E-12       2.31166E-04       1.74242E-09       1.72802E-11
       7.55000E-06       7.57500E-06       7.56250E-06       2.49996E-08       5.79809E-12       2.31927E-04       1.75395E-09       2.30783E-11
       7.57500E-06       7.60000E-06       7.58750E-06       2.50001E-08       5.81757E-12       2.32702E-04       1.76563E-09       2.88959E-11
       7.60000E-06       7.62500E-06       7.61250E-06       2.50001E-08       5.83648E-12       2.33458E-04       1.77720E-09       3.47324E-11
       7.62500E-06       7.65000E-06       7.63750E-06       2.50001E-08       5.85596E-12       2.34238E-04       1.78899E-09       4.05884E-11
       7.65000E-06       7.67500E-06       7.66250E-06       2.50001E-08       5.87487E-12       2.34994E-04       1.80064E-09       4.64632E-11
       7.67500E-06       7.70000E-06       7.68750E-06       2.49996E-08       5.89435E-12       2.35778E-04       1.81254E-09       5.23576E-11
       7.70000E-06       7.72500E-06       7.71250E-06       2.50001E-08       5.91326E-12       2.36530E-04       1.82423E-09       5.82708E-11
       7.72500E-06       7.75000E-06       7.73750E-06       2.50001E-08       5.93274E-12       2.37309E-04       1.83618E-09       6.42036E-11
       7.75000E-06       7.77500E-06       7.76250E-06       2.50001E-08       5.95165E-12       2.38065E-04       1.84798E-09       7.01552E-11
       7.77500E-06       7.80000E-06       7.78750E-06       2.50001E-08       5.97056E-12       2.38822E-04       1.85982E-09       7.61258E-11
       7.80000E-06       7.82500E-06       7.81250E-06       2.49996E-08       5.99004E-12       2.39605E-04       1.87192E-09       8.21158E-11
       7.82500E-06       7.85000E-06       7.83750E-06       2.50001E-08       6.00895E-12       2.40357E-04       1.88380E-09       8.81248E-11
       7.85000E-06       7.87500E-06       7.86250E-06       2.50001E-08       6.02843E-12       2.41136E-04       1.89593E-09       9.41532E-11
       7.87500E-06       7.90000E-06       7.88750E-06       2.50001E-08       6.04734E-12       2.41893E-04       1.90793E-09       1.00201E-10
       7.90000E-06       7.92500E-06       7.91250E-06       2.50001E-08       6.06682E-12       2.42672E-04       1.92014E-09       1.06267E-10
       7.92500E-06       7.95000E-06       7.93750E-06       2.49996E-08       6.08573E-12       2.43433E-04       1.93225E-09       1.12353E-10
       7.95000E-06       7.97500E-06       7.96250E-06       2.50001E-08       6.10521E-12       2.44208E-04       1.94450E-09       1.18458E-10
       7.97500E-06       8.00000E-06       7.98750E-06       2.50001E-08       6.12412E-12       2.44964E-04       1.95665E-09       1.24582E-10
       8.00000E-06       8.02500E-06       8.01250E-06       2.49996E-08       6.14360E-12       2.45748E-04       1.96905E-09       1.30726E-10
       8.02500E-06       8.05000E-06       8.03750E-06       2.50006E-08       6.16251E-12       2.46495E-04       1.98120E-09       1.36889E-10
       8.05000E-06       8.07500E-06       8.06250E-06       2.49996E-08       6.18142E-12       2.47261E-04       1.99354E-09       1.43070E-10
       8.07500E-06       8.10000E-06       8.08750E-06       2.50006E-08       6.20090E-12       2.48030E-04       2.00595E-09       1.49271E-10
       8.10000E-06       8.12500E-06       8.11250E-06       2.49996E-08       6.21981E-12       2.48796E-04       2.01836E-09       1.55491E-10
       8.12500E-06       8.15000E-06       8.13750E-06       2.49996E-08       6.23929E-12       2.49576E-04       2.03092E-09       1.61730E-10
       8.15000E-06       8.17500E-06       8.16250E-06       2.50006E-08       6.25820E-12       2.50322E-04       2.04326E-09       1.67988E-10
       8.17500E-06       8.20000E-06       8.18750E-06       2.49996E-08       6.27768E-12       2.51111E-04       2.05597E-09       1.74266E-10
       8.20000E-06       8.22500E-06       8.21250E-06       2.50006E-08       6.29659E-12       2.51858E-04       2.06838E-09       1.80562E-10
       8.22500E-06       8.25000E-06       8.23750E-06       2.49996E-08       6.31607E-12       2.52647E-04       2.08118E-09       1.86879E-10
       8.25000E-06       8.27500E-06       8.26250E-06       2.49996E-08       6.33498E-12       2.53403E-04       2.09374E-09       1.93214E-10
       8.27500E-06       8.30000E-06       8.28750E-06       2.50006E-08       6.35446E-12       2.54173E-04       2.10646E-09       1.99568E-10
       8.30000E-06       8.32500E-06       8.31250E-06       2.49996E-08       6.37337E-12       2.54939E-04       2.11918E-09       2.05941E-10
       8.32500E-06       8.35000E-06       8.33750E-06       2.50006E-08       6.39228E-12       2.55685E-04       2.13178E-09       2.12334E-10
       8.35000E-06       8.37500E-06       8.36250E-06       2.49996E-08       6.41176E-12       2.56474E-04       2.14477E-09       2.18745E-10
       8.37500E-06       8.40000E-06       8.38750E-06       2.49996E-08       6.43067E-12       2.57231E-04       2.15752E-09       2.25176E-10
       8.40000E-06       8.42500E-06       8.41250E-06       2.50006E-08       6.45015E-12       2.58000E-04       2.17043E-09       2.31626E-10
       8.42500E-06       8.45000E-06       8.43750E-06       2.49996E-08       6.46906E-12       2.58766E-04       2.18334E-09       2.38095E-10
       8.45000E-06       8.47500E-06       8.46250E-06       2.50006E-08       6.48854E-12       2.59536E-04       2.19632E-09       2.44584E-10
       8.47500E-06       8.50000E-06       8.48750E-06       2.49996E-08       6.50745E-12       2.60302E-04       2.20931E-09       2.51091E-10
       8.50000E-06       8.52500E-06       8.51250E-06       2.49996E-08       6.52693E-12       2.61081E-04       2.22246E-09       2.57618E-10
       8.52500E-06       8.55000E-06       8.53750E-06       2.50006E-08       6.54584E-12       2.61828E-04       2.23535E-09       2.64164E-10
       8.55000E-06       8.57500E-06       8.56250E-06       2.49996E-08       6.56533E-12       2.62617E-04       2.24866E-09       2.70729E-10
       8.57500E-06       8.60000E-06       8.58750E-06       2.50006E-08       6.58423E-12       2.63363E-04       2.26163E-09       2.77314E-10
       8.60000E-06       8.62500E-06       8.61250E-06       2.49996E-08       6.60314E-12       2.64130E-04       2.27482E-09       2.83917E-10
       8.62500E-06       8.65000E-06       8.63750E-06       2.49996E-08       6.62262E-12       2.64909E-04       2.28815E-09       2.90539E-10
       8.65000E-06       8.67500E-06       8.66250E-06       2.50006E-08       6.64153E-12       2.65655E-04       2.30124E-09       2.97181E-10
       8.67500E-06       8.70000E-06       8.68750E-06       2.49996E-08       6.66101E-12       2.66445E-04       2.31474E-09       3.03842E-10
       8.70000E-06       8.72500E-06       8.71250E-06       2.50006E-08       6.67992E-12       2.67191E-04       2.32790E-09       3.10522E-10
       8.72500E-06       8.75000E-06       8.73750E-06       2.49996E-08       6.69940E-12       2.67980E-04       2.34148E-09       3.17221E-10
       8.75000E-06       8.77500E-06       8.76250E-06       2.49996E-08       6.71831E-12       2.68737E-04       2.35480E-09       3.23940E-10
       8.77500E-06       8.80000E-06       8.78750E-06       2.50006E-08       6.73780E-12       2.69506E-04       2.36828E-09       3.30677E-10
       8.80000E-06       8.82500E-06       8.81250E-06       2.49996E-08       6.75670E-12       2.70272E-04       2.38177E-09       3.37434E-10
       8.82500E-06       8.85000E-06       8.83750E-06       2.50006E-08       6.77561E-12       2.71018E-04       2.39512E-09       3.44210E-10
       8.85000E-06       8.87500E-06       8.86250E-06       2.49996E-08       6.79509E-12       2.71808E-04       2.40890E-09       3.51005E-10
       8.87500E-06       8.90000E-06       8.88750E-06       2.49996E-08       6.81400E-12       2.72564E-04       2.42242E-09       3.57819E-10
       8.90000E-06       8.92500E-06       8.91250E-06       2.50006E-08       6.83348E-12       2.73333E-04       2.43608E-09       3.64652E-10
       8.92500E-06       8.95000E-06       8.93750E-06       2.49996E-08       6.85239E-12       2.74100E-04       2.44977E-09       3.71505E-10
       8.95000E-06       8.97500E-06       8.96250E-06       2.50006E-08       6.87188E-12       2.74869E-04       2.46351E-09       3.78376E-10
       8.97500E-06       9.00000E-06       8.98750E-06       2.49996E-08       6.89078E-12       2.75636E-04       2.47727E-09       3.85267E-10
       9.00000E-06       9.02500E-06       9.01250E-06       2.49996E-08       6.91026E-12       2.76415E-04       2.49119E-09       3.92178E-10
       9.02500E-06       9.05000E-06       9.03750E-06       2.50006E-08       6.92917E-12       2.77161E-04       2.50484E-09       3.99107E-10
       9.05000E-06       9.07500E-06       9.06250E-06       2.49996E-08       6.94866E-12       2.77950E-04       2.51893E-09       4.06055E-10
       9.07500E-06       9.10000E-06       9.08750E-06       2.50006E-08       6.96756E-12       2.78696E-04       2.53265E-09       4.13023E-10
       9.10000E-06       9.12500E-06       9.11250E-06       2.49996E-08       6.98647E-12       2.79463E-04       2.54661E-09       4.20009E-10
       9.12500E-06       9.15000E-06       9.13750E-06       2.49996E-08       7.00595E-12       2.80242E-04       2.56072E-09       4.27015E-10
       9.15000E-06       9.17500E-06       9.16250E-06       2.50006E-08       7.02486E-12       2.80988E-04       2.57455E-09       4.34040E-10
       9.17500E-06       9.20000E-06       9.18750E-06       2.49996E-08       7.04435E-12       2.81778E-04       2.58884E-09       4.41085E-10
       9.20000E-06       9.22500E-06       9.21250E-06       2.50006E-08       7.06325E-12       2.82524E-04       2.60275E-09       4.48148E-10
       9.22500E-06       9.25000E-06       9.23750E-06       2.49996E-08       7.08274E-12       2.83314E-04       2.61711E-09       4.55231E-10
       9.25000E-06       9.27500E-06       9.26250E-06       2.49996E-08       7.10164E-12       2.84070E-04       2.63120E-09       4.62332E-10
       9.27500E-06       9.30000E-06       9.28750E-06       2.50006E-08       7.12113E-12       2.84839E-04       2.64544E-09       4.69453E-10
       9.30000E-06       9.32500E-06       9.31250E-06       2.49996E-08       7.14003E-12       2.85606E-04       2.65970E-09       4.76593E-10
       9.32500E-06       9.35000E-06       9.33750E-06       2.50006E-08       7.15952E-12       2.86374E-04       2.67402E-09       4.83753E-10
       9.35000E-06       9.37500E-06       9.36250E-06       2.49996E-08       7.17842E-12       2.87141E-04       2.68836E-09       4.90931E-10
       9.37500E-06       9.40000E-06       9.38750E-06       2.49996E-08       7.19733E-12       2.87898E-04       2.70264E-09       4.98129E-10
       9.40000E-06       9.42500E-06       9.41250E-06       2.50006E-08       7.21682E-12       2.88666E-04       2.71707E-09       5.05345E-10
       9.42500E-06       9.45000E-06       9.43750E-06       2.49996E-08       7.23572E-12       2.89433E-04       2.73153E-09       5.12581E-10
       9.45000E-06       9.47500E-06       9.46250E-06       2.50006E-08       7.25521E-12       2.90202E-04       2.74603E-09       5.19836E-10
       9.47500E-06       9.50000E-06       9.48750E-06       2.49996E-08       7.27411E-12       2.90969E-04       2.76057E-09       5.27111E-10
       9.50000E-06       9.52500E-06       9.51250E-06       2.49996E-08       7.29360E-12       2.91748E-04       2.77526E-09       5.34404E-10
       9.52500E-06       9.55000E-06       9.53750E-06       2.50006E-08       7.31250E-12       2.92493E-04       2.78966E-09       5.41717E-10
       9.55000E-06       9.57500E-06       9.56250E-06       2.49996E-08       7.33199E-12       2.93284E-04       2.80453E-09       5.49049E-10
       9.57500E-06       9.60000E-06       9.58750E-06       2.50006E-08       7.35090E-12       2.94029E-04       2.81900E-09       5.56399E-10
       9.60000E-06       9.62500E-06       9.61250E-06       2.49996E-08       7.37038E-12       2.94820E-04       2.83395E-09       5.63770E-10
       9.62500E-06       9.65000E-06       9.63750E-06       2.49996E-08       7.38929E-12       2.95576E-04       2.84861E-09       5.71159E-10
       9.65000E-06       9.67500E-06       9.66250E-06       2.50006E-08       7.40819E-12       2.96321E-04       2.86320E-09       5.78567E-10
       9.67500E-06       9.70000E-06       9.68750E-06       2.49996E-08       7.42768E-12       2.97112E-04       2.87827E-09       5.85995E-10
       9.70000E-06       9.72500E-06       9.71250E-06       2.50006E-08       7.44658E-12       2.97857E-04       2.89293E-09       5.93442E-10
       9.72500E-06       9.75000E-06       9.73750E-06       2.49996E-08       7.46607E-12       2.98647E-04       2.90808E-09       6.00908E-10
       9.75000E-06       9.77500E-06       9.76250E-06       2.49996E-08       7.48497E-12       2.99404E-04       2.92293E-09       6.08393E-10
       9.77500E-06       9.80000E-06       9.78750E-06       2.50006E-08       7.50446E-12       3.00171E-04       2.93793E-09       6.15897E-10
       9.80000E-06       9.82500E-06       9.81250E-06       2.49996E-08       7.52336E-12       3.00939E-04       2.95297E-09       6.23420E-10
       9.82500E-06       9.85000E-06       9.83750E-06       2.50006E-08       7.54285E-12       3.01707E-04       2.96804E-09       6.30963E-10
       9.85000E-06       9.87500E-06       9.86250E-06       2.49996E-08       7.56176E-12       3.02475E-04       2.98316E-09       6.38525E-10
       9.87500E-06       9.90000E-06       9.88750E-06       2.49996E-08       7.58124E-12       3.03254E-04       2.99843E-09       6.46106E-10
       9.90000E-06       9.92500E-06       9.91250E-06       2.50006E-08       7.60015E-12       3.03999E-04       3.01339E-09       6.53706E-10
       9.92500E-06       9.95000E-06       9.93750E-06       2.49996E-08       7.61905E-12       3.04767E-04       3.02862E-09       6.61325E-10
       9.95000E-06       9.97500E-06       9.96250E-06       2.50006E-08       7.63854E-12       3.05534E-04       3.04389E-09       6.68964E-10
       9.97500E-06       1.00000E-05       9.98750E-06       2.49996E-08       7.65744E-12       3.06302E-04       3.05920E-09       6.76621E-10
       1.00000E-05       1.04713E-05       1.02356E-05       4.71300E-07       1.47946E-10       3.13911E-04       3.21308E-09       8.24568E-10
       1.04713E-05       1.09648E-05       1.07180E-05       4.93500E-07       1.62214E-10       3.28700E-04       3.52303E-09       9.86781E-10
       1.09648E-05       1.14815E-05       1.12232E-05       5.16700E-07       1.77868E-10       3.44238E-04       3.86343E-09       1.16465E-09
       1.14815E-05       1.20226E-05       1.17521E-05       5.41101E-07       1.95023E-10       3.60419E-04       4.23567E-09       1.35967E-09
       1.20226E-05       1.25892E-05       1.23059E-05       5.66600E-07       2.13846E-10       3.77419E-04       4.64449E-09       1.57352E-09
       1.25892E-05       1.31826E-05       1.28859E-05       5.93400E-07       2.34479E-10       3.95145E-04       5.09180E-09       1.80800E-09
       1.31826E-05       1.38038E-05       1.34932E-05       6.21200E-07       2.57095E-10       4.13869E-04       5.58441E-09       2.06509E-09
       1.38038E-05       1.44544E-05       1.41291E-05       6.50600E-07       2.81906E-10       4.33301E-04       6.12215E-09       2.34700E-09
       1.44544E-05       1.51356E-05       1.47950E-05       6.81200E-07       3.09094E-10       4.53749E-04       6.71322E-09       2.65609E-09
       1.51356E-05       1.58489E-05       1.54922E-05       7.13300E-07       3.38918E-10       4.75141E-04       7.36101E-09       2.99501E-09
       1.58489E-05       1.65959E-05       1.62224E-05       7.47000E-07       3.71619E-10       4.97482E-04       8.07035E-09       3.36663E-09
       1.65959E-05       1.73780E-05       1.69869E-05       7.82101E-07       4.07471E-10       5.20995E-04       8.85012E-09       3.77410E-09
       1.73780E-05       1.81970E-05       1.77875E-05       8.19000E-07       4.46784E-10       5.45523E-04       9.70349E-09       4.22088E-09
       1.81970E-05       1.90546E-05       1.86258E-05       8.57599E-07       4.89890E-10       5.71234E-04       1.06397E-08       4.71077E-09
       1.90546E-05       1.99526E-05       1.95036E-05       8.98001E-07       5.37150E-10       5.98162E-04       1.16663E-08       5.24792E-09
       1.99526E-05       2.08930E-05       2.04228E-05       9.40399E-07       5.88977E-10       6.26305E-04       1.27909E-08       5.83690E-09
       2.08930E-05       2.18776E-05       2.13853E-05       9.84600E-07       6.45818E-10       6.55919E-04       1.40270E-08       6.48272E-09
       2.18776E-05       2.29087E-05       2.23932E-05       1.03110E-06       7.08102E-10       6.86743E-04       1.53783E-08       7.19082E-09
       2.29087E-05       2.39883E-05       2.34485E-05       1.07960E-06       7.76402E-10       7.19158E-04       1.68632E-08       7.96722E-09
       2.39883E-05       2.51189E-05       2.45536E-05       1.13060E-06       8.51349E-10       7.53007E-04       1.84890E-08       8.81857E-09
       2.51189E-05       2.63027E-05       2.57108E-05       1.18380E-06       9.33459E-10       7.88528E-04       2.02737E-08       9.75203E-09
       2.63027E-05       2.75423E-05       2.69225E-05       1.23960E-06       1.02353E-09       8.25697E-04       2.22298E-08       1.07756E-08
       2.75423E-05       2.88403E-05       2.81913E-05       1.29800E-06       1.12226E-09       8.64606E-04       2.43744E-08       1.18978E-08
       2.88403E-05       3.01995E-05       2.95199E-05       1.35920E-06       1.23055E-09       9.05352E-04       2.67259E-08       1.31284E-08
       3.01995E-05       3.16228E-05       3.09111E-05       1.42330E-06       1.34928E-09       9.47992E-04       2.93035E-08       1.44777E-08
       3.16228E-05       3.31131E-05       3.23679E-05       1.49030E-06       1.47940E-09       9.92691E-04       3.21314E-08       1.59571E-08
       3.31131E-05       3.46737E-05       3.38934E-05       1.56060E-06       1.62219E-09       1.03947E-03       3.52311E-08       1.75793E-08
       3.46737E-05       3.63078E-05       3.54907E-05       1.63410E-06       1.77868E-09       1.08847E-03       3.86308E-08       1.93579E-08
       3.63078E-05       3.80189E-05       3.71634E-05       1.71110E-06       1.95029E-09       1.13978E-03       4.23582E-08       2.13082E-08
       3.80189E-05       3.98107E-05       3.89148E-05       1.79180E-06       2.13846E-09       1.19347E-03       4.64437E-08       2.34467E-08
       3.98107E-05       4.16869E-05       4.07488E-05       1.87620E-06       2.31924E-09       1.23613E-03       5.03710E-08       2.57659E-08
       4.16869E-05       4.36516E-05       4.26692E-05       1.96470E-06       2.48105E-09       1.26281E-03       5.38833E-08       2.82470E-08
       4.36516E-05       4.57088E-05       4.46802E-05       2.05720E-06       2.65501E-09       1.29059E-03       5.76639E-08       3.09020E-08
       4.57088E-05       4.78630E-05       4.67859E-05       2.15420E-06       2.84266E-09       1.31959E-03       6.17383E-08       3.37446E-08
       4.78630E-05       5.01187E-05       4.89908E-05       2.25570E-06       3.04522E-09       1.35001E-03       6.61381E-08       3.67898E-08
       5.01187E-05       5.24808E-05       5.12998E-05       2.36210E-06       3.26398E-09       1.38181E-03       7.08866E-08       4.00538E-08
       5.24808E-05       5.49541E-05       5.37174E-05       2.47330E-06       3.50023E-09       1.41520E-03       7.60212E-08       4.35541E-08
       5.49541E-05       5.75440E-05       5.62490E-05       2.58990E-06       3.75555E-09       1.45008E-03       8.15655E-08       4.73096E-08
       5.75440E-05       6.02560E-05       5.89000E-05       2.71200E-06       4.03150E-09       1.48654E-03       8.75573E-08       5.13411E-08
       6.02560E-05       6.30957E-05       6.16758E-05       2.83970E-06       4.31972E-09       1.52119E-03       9.38206E-08       5.56608E-08
       6.30957E-05       6.60693E-05       6.45825E-05       2.97360E-06       4.62375E-09       1.55493E-03       1.00421E-07       6.02846E-08
       6.60693E-05       6.91831E-05       6.76262E-05       3.11380E-06       4.95184E-09       1.59029E-03       1.07545E-07       6.52364E-08
       6.91831E-05       7.24436E-05       7.08134E-05       3.26051E-06       5.30601E-09       1.62736E-03       1.15239E-07       7.05424E-08
       7.24436E-05       7.58578E-05       7.41507E-05       3.41420E-06       5.68854E-09       1.66614E-03       1.23545E-07       7.62310E-08
       7.58578E-05       7.94328E-05       7.76453E-05       3.57500E-06       6.10183E-09       1.70681E-03       1.32526E-07       8.23328E-08
       7.94328E-05       8.31764E-05       8.13046E-05       3.74360E-06       6.53857E-09       1.74660E-03       1.42007E-07       8.88714E-08
       8.31764E-05       8.70964E-05       8.51364E-05       3.92000E-06       6.99352E-09       1.78406E-03       1.51889E-07       9.58649E-08
       8.70964E-05       9.12011E-05       8.91488E-05       4.10471E-06       7.48371E-09       1.82320E-03       1.62536E-07       1.03349E-07
       9.12011E-05       9.54993E-05       9.33502E-05       4.29820E-06       8.01253E-09       1.86416E-03       1.74020E-07       1.11361E-07
       9.54993E-05       1.00000E-04       9.77497E-05       4.50070E-06       8.58323E-09       1.90709E-03       1.86417E-07       1.19944E-07
       1.00000E-04       1.04713E-04       1.02356E-04       4.71300E-06       9.19953E-09       1.95195E-03       1.99795E-07       1.29144E-07
       1.04713E-04       1.09648E-04       1.07181E-04       4.93501E-06       9.86501E-09       1.99899E-03       2.14252E-07       1.39009E-07
       1.09648E-04       1.14815E-04       1.12232E-04       5.16700E-06       1.05847E-08       2.04852E-03       2.29908E-07       1.49594E-07
       1.14815E-04       1.20226E-04       1.17520E-04       5.41100E-06       1.13621E-08       2.09981E-03       2.46771E-07       1.60956E-07
       1.20226E-04       1.25892E-04       1.23059E-04       5.66600E-06       1.21764E-08       2.14903E-03       2.64457E-07       1.73132E-07
       1.25892E-04       1.31826E-04       1.28859E-04       5.93401E-06       1.30334E-08       2.19638E-03       2.83024E-07       1.86165E-07
       1.31826E-04       1.38038E-04       1.34932E-04       6.21199E-06       1.39575E-08       2.24687E-03       3.03175E-07       2.00123E-07
       1.38038E-04       1.44544E-04       1.41291E-04       6.50601E-06       1.49557E-08       2.29875E-03       3.24792E-07       2.15079E-07
       1.44544E-04       1.51356E-04       1.47950E-04       6.81200E-06       1.60332E-08       2.35368E-03       3.48227E-07       2.31112E-07
       1.51356E-04       1.58489E-04       1.54922E-04       7.13300E-06       1.71979E-08       2.41104E-03       3.73524E-07       2.48310E-07
       1.58489E-04       1.65959E-04       1.62224E-04       7.47000E-06       1.84317E-08       2.46743E-03       4.00277E-07       2.66741E-07
       1.65959E-04       1.73780E-04       1.69870E-04       7.82100E-06       1.97144E-08       2.52070E-03       4.28191E-07       2.86456E-07
       1.73780E-04       1.81970E-04       1.77875E-04       8.19000E-06       2.10957E-08       2.57579E-03       4.58169E-07       3.07552E-07
       1.81970E-04       1.90546E-04       1.86258E-04       8.57600E-06       2.25859E-08       2.63362E-03       4.90532E-07       3.30138E-07
       1.90546E-04       1.99526E-04       1.95036E-04       8.98000E-06       2.41939E-08       2.69420E-03       5.25466E-07       3.54331E-07
       1.99526E-04       2.08930E-04       2.04228E-04       9.40399E-06       2.59305E-08       2.75739E-03       5.63137E-07       3.80262E-07
       2.08930E-04       2.18776E-04       2.13853E-04       9.84601E-06       2.78064E-08       2.82413E-03       6.03949E-07       4.08068E-07
       2.18776E-04       2.29087E-04       2.23932E-04       1.03110E-05       2.98335E-08       2.89336E-03       6.47916E-07       4.37902E-07
       2.29087E-04       2.39883E-04       2.34485E-04       1.07960E-05       3.20250E-08       2.96638E-03       6.95572E-07       4.69927E-07
       2.39883E-04       2.51189E-04       2.45536E-04       1.13060E-05       3.43255E-08       3.03604E-03       7.45457E-07       5.04252E-07
       2.51189E-04       2.63027E-04       2.57108E-04       1.18380E-05       3.67406E-08       3.10361E-03       7.97964E-07       5.40993E-07
       2.63027E-04       2.75423E-04       2.69225E-04       1.23960E-05       3.93458E-08       3.17407E-03       8.54540E-07       5.80339E-07
       2.75423E-04       2.88403E-04       2.81913E-04       1.29800E-05       4.21581E-08       3.24793E-03       9.15633E-07       6.22497E-07
       2.88403E-04       3.01995E-04       2.95199E-04       1.35920E-05       4.51953E-08       3.32515E-03       9.81580E-07       6.67692E-07
       3.01995E-04       3.16228E-04       3.09111E-04       1.42330E-05       4.84772E-08       3.40597E-03       1.05282E-06       7.16169E-07
       3.16228E-04       3.31131E-04       3.23680E-04       1.49030E-05       5.19932E-08       3.48877E-03       1.12924E-06       7.68163E-07
       3.31131E-04       3.46737E-04       3.38934E-04       1.56060E-05       5.57206E-08       3.57046E-03       1.21015E-06       8.23883E-07
       3.46737E-04       3.63078E-04       3.54908E-04       1.63410E-05       5.97423E-08       3.65597E-03       1.29753E-06       8.83625E-07
       3.63078E-04       3.80189E-04       3.71634E-04       1.71110E-05       6.40890E-08       3.74549E-03       1.39195E-06       9.47714E-07
       3.80189E-04       3.98107E-04       3.89148E-04       1.79180E-05       6.87881E-08       3.83905E-03       1.49396E-06       1.01650E-06
       3.98107E-04       4.16869E-04       4.07488E-04       1.87620E-05       7.38699E-08       3.93721E-03       1.60437E-06       1.09037E-06
       4.16869E-04       4.36516E-04       4.26692E-04       1.96470E-05       7.93695E-08       4.03978E-03       1.72374E-06       1.16974E-06
       4.36516E-04       4.57088E-04       4.46802E-04       2.05720E-05       8.53229E-08       4.14752E-03       1.85312E-06       1.25506E-06
       4.57088E-04       4.78630E-04       4.67859E-04       2.15420E-05       9.17702E-08       4.26006E-03       1.99311E-06       1.34683E-06
       4.78630E-04       5.01187E-04       4.89909E-04       2.25570E-05       9.85836E-08       4.37042E-03       2.14111E-06       1.44542E-06
       5.01187E-04       5.24808E-04       5.12998E-04       2.36210E-05       1.05753E-07       4.47707E-03       2.29673E-06       1.55117E-06
       5.24808E-04       5.49541E-04       5.37175E-04       2.47330E-05       1.13501E-07       4.58904E-03       2.46511E-06       1.66467E-06
       5.49541E-04       5.75440E-04       5.62491E-04       2.58990E-05       1.21881E-07       4.70603E-03       2.64710E-06       1.78655E-06
       5.75440E-04       6.02560E-04       5.89000E-04       2.71200E-05       1.30950E-07       4.82852E-03       2.84400E-06       1.91750E-06
       6.02560E-04       6.30957E-04       6.16758E-04       2.83970E-05       1.40765E-07       4.95704E-03       3.05729E-06       2.05827E-06
       6.30957E-04       6.60693E-04       6.45825E-04       2.97360E-05       1.51222E-07       5.08550E-03       3.28434E-06       2.20949E-06
       6.60693E-04       6.91831E-04       6.76262E-04       3.11380E-05       1.62056E-07       5.20445E-03       3.51957E-06       2.37155E-06
       6.91831E-04       7.24436E-04       7.08133E-04       3.26050E-05       1.73723E-07       5.32812E-03       3.77302E-06       2.54527E-06
       7.24436E-04       7.58578E-04       7.41507E-04       3.41420E-05       1.86330E-07       5.45750E-03       4.04678E-06       2.73160E-06
       7.58578E-04       7.94328E-04       7.76453E-04       3.57500E-05       1.99957E-07       5.59320E-03       4.34286E-06       2.93156E-06
       7.94328E-04       8.31764E-04       8.13046E-04       3.74360E-05       2.14694E-07       5.73498E-03       4.66280E-06       3.14625E-06
       8.31764E-04       8.70964E-04       8.51364E-04       3.92000E-05       2.30638E-07       5.88362E-03       5.00910E-06       3.37689E-06
       8.70964E-04       9.12011E-04       8.91487E-04       4.10470E-05       2.47895E-07       6.03930E-03       5.38396E-06       3.62478E-06
       9.12011E-04       9.54993E-04       9.33502E-04       4.29820E-05       2.66583E-07       6.20219E-03       5.78976E-06       3.89137E-06
       9.54993E-04       1.00000E-03       9.77497E-04       4.50070E-05       2.86310E-07       6.36144E-03       6.21829E-06       4.17768E-06
       1.00000E-03       1.04713E-03       1.02356E-03       4.71300E-05       3.06918E-07       6.51215E-03       6.66561E-06       4.48459E-06
       1.04713E-03       1.09648E-03       1.07180E-03       4.93500E-05       3.29161E-07       6.66994E-03       7.14887E-06       4.81375E-06
       1.09648E-03       1.14815E-03       1.12231E-03       5.16700E-05       3.53220E-07       6.83607E-03       7.67222E-06       5.16697E-06
       1.14815E-03       1.20226E-03       1.17520E-03       5.41100E-05       3.79218E-07       7.00828E-03       8.23616E-06       5.54619E-06
       1.20226E-03       1.25892E-03       1.23059E-03       5.66600E-05       4.07360E-07       7.18955E-03       8.84739E-06       5.95355E-06
       1.25892E-03       1.31826E-03       1.28859E-03       5.93400E-05       4.37397E-07       7.37103E-03       9.49824E-06       6.39095E-06
       1.31826E-03       1.38038E-03       1.34932E-03       6.21200E-05       2.49505E-05       4.01650E-01       5.41954E-04       3.13414E-05
       1.38038E-03       1.44544E-03       1.41291E-03       6.50599E-05       3.56046E-05       5.47259E-01       7.73227E-04       6.69460E-05
       1.44544E-03       1.51356E-03       1.47950E-03       6.81201E-05       3.72734E-05       5.47172E-01       8.09541E-04       1.04219E-04
       1.51356E-03       1.58489E-03       1.54923E-03       7.13300E-05       3.89995E-05       5.46748E-01       8.47036E-04       1.43219E-04
       1.58489E-03       1.65959E-03       1.62224E-03       7.47000E-05       4.08377E-05       5.46689E-01       8.86862E-04       1.84057E-04
       1.65959E-03       1.73780E-03       1.69870E-03       7.82101E-05       4.27472E-05       5.46569E-01       9.28454E-04       2.26804E-04
       1.73780E-03       1.81970E-03       1.77875E-03       8.18999E-05       4.47286E-05       5.46137E-01       9.71442E-04       2.71532E-04
       1.81970E-03       1.90546E-03       1.86258E-03       8.57600E-05       4.68092E-05       5.45816E-01       1.01663E-03       3.18342E-04
       1.90546E-03       1.99526E-03       1.95036E-03       8.98001E-05       4.90018E-05       5.45676E-01       1.06427E-03       3.67343E-04
       1.99526E-03       2.08930E-03       2.04228E-03       9.40400E-05       5.12648E-05       5.45138E-01       1.11332E-03       4.18608E-04
       2.08930E-03       2.18776E-03       2.13853E-03       9.84600E-05       5.36549E-05       5.44942E-01       1.16537E-03       4.72263E-04
       2.18776E-03       2.29087E-03       2.23932E-03       1.03110E-04       5.61454E-05       5.44519E-01       1.21935E-03       5.28409E-04
       2.29087E-03       2.39883E-03       2.34485E-03       1.07960E-04       5.87637E-05       5.44310E-01       1.27632E-03       5.87172E-04
       2.39883E-03       2.51189E-03       2.45536E-03       1.13060E-04       6.14837E-05       5.43816E-01       1.33526E-03       6.48656E-04
       2.51189E-03       2.63027E-03       2.57108E-03       1.18380E-04       6.43313E-05       5.43430E-01       1.39720E-03       7.12987E-04
       2.63027E-03       2.75423E-03       2.69225E-03       1.23960E-04       6.73183E-05       5.43065E-01       1.46207E-03       7.80306E-04
       2.75423E-03       2.88403E-03       2.81913E-03       1.29800E-04       7.04207E-05       5.42532E-01       1.52947E-03       8.50726E-04
       2.88403E-03       3.01995E-03       2.95199E-03       1.35920E-04       7.36665E-05       5.41985E-01       1.59993E-03       9.24393E-04
       3.01995E-03       3.16228E-03       3.09112E-03       1.42330E-04       7.70701E-05       5.41489E-01       1.67380E-03       1.00146E-03
       3.16228E-03       3.31131E-03       3.23679E-03       1.49030E-04       8.06190E-05       5.40958E-01       1.75097E-03       1.08208E-03
       3.31131E-03       3.46737E-03       3.38934E-03       1.56060E-04       8.43272E-05       5.40351E-01       1.83143E-03       1.16641E-03
       3.46737E-03       3.63078E-03       3.54907E-03       1.63410E-04       8.82093E-05       5.39804E-01       1.91580E-03       1.25462E-03
       3.63078E-03       3.80189E-03       3.71633E-03       1.71110E-04       9.22524E-05       5.39141E-01       2.00363E-03       1.34687E-03
       3.80189E-03       3.98107E-03       3.89148E-03       1.79180E-04       9.64796E-05       5.38450E-01       2.09537E-03       1.44335E-03
       3.98107E-03       4.16869E-03       4.07488E-03       1.87620E-04       1.00885E-04       5.37707E-01       2.19109E-03       1.54424E-03
       4.16869E-03       4.36516E-03       4.26693E-03       1.96470E-04       1.05492E-04       5.36937E-01       2.29107E-03       1.64973E-03
       4.36516E-03       4.57088E-03       4.46802E-03       2.05720E-04       1.10290E-04       5.36119E-01       2.39539E-03       1.76002E-03
       4.57088E-03       4.78630E-03       4.67859E-03       2.15420E-04       1.15306E-04       5.35262E-01       2.50427E-03       1.87532E-03
       4.78630E-03       5.01187E-03       4.89909E-03       2.25570E-04       1.20528E-04       5.34327E-01       2.61771E-03       1.99585E-03
       5.01187E-03       5.24807E-03       5.12997E-03       2.36200E-04       1.25997E-04       5.33434E-01       2.73650E-03       2.12185E-03
       5.24807E-03       5.49541E-03       5.37174E-03       2.47340E-04       1.31664E-04       5.32320E-01       2.85949E-03       2.25351E-03
       5.49541E-03       5.75440E-03       5.62491E-03       2.58990E-04       1.37606E-04       5.31320E-01       2.98862E-03       2.39112E-03
       5.75440E-03       6.02560E-03       5.89000E-03       2.71200E-04       1.43773E-04       5.30135E-01       3.12249E-03       2.53489E-03
       6.02560E-03       6.30957E-03       6.16759E-03       2.83970E-04       1.50218E-04       5.28993E-01       3.26261E-03       2.68511E-03
       6.30957E-03       6.60693E-03       6.45825E-03       2.97360E-04       1.56945E-04       5.27794E-01       3.40863E-03       2.84206E-03
       6.60693E-03       6.91831E-03       6.76262E-03       3.11380E-04       1.63956E-04       5.26546E-01       3.56083E-03       3.00601E-03
       6.91831E-03       7.24436E-03       7.08133E-03       3.26050E-04       1.71266E-04       5.25275E-01       3.71964E-03       3.17728E-03
       7.24436E-03       7.58578E-03       7.41507E-03       3.41420E-04       1.78864E-04       5.23883E-01       3.88463E-03       3.35614E-03
       7.58578E-03       7.94328E-03       7.76453E-03       3.57500E-04       1.86786E-04       5.22478E-01       4.05680E-03       3.54293E-03
       7.94328E-03       8.31764E-03       8.13046E-03       3.74360E-04       1.95011E-04       5.20917E-01       4.23530E-03       3.73794E-03
       8.31764E-03       8.70964E-03       8.51364E-03       3.92000E-04       2.03595E-04       5.19375E-01       4.42177E-03       3.94153E-03
       8.70964E-03       9.12011E-03       8.91487E-03       4.10471E-04       2.12516E-04       5.17738E-01       4.61557E-03       4.15405E-03
       9.12011E-03       9.54993E-03       9.33502E-03       4.29819E-04       2.21790E-04       5.16007E-01       4.81694E-03       4.37584E-03
       9.54993E-03       1.00000E-02       9.77496E-03       4.50070E-04       2.42191E-04       5.38119E-01       5.26009E-03       4.61803E-03
       1.00000E-02       1.04713E-02       1.02357E-02       4.71300E-04       2.57846E-04       5.47096E-01       5.59988E-03       4.87588E-03
       1.04713E-02       1.09648E-02       1.07180E-02       4.93500E-04       2.69002E-04       5.45090E-01       5.84230E-03       5.14488E-03
       1.09648E-02       1.14815E-02       1.12232E-02       5.16700E-04       2.80627E-04       5.43114E-01       6.09546E-03       5.42550E-03
       1.14815E-02       1.20226E-02       1.17521E-02       5.41100E-04       2.92731E-04       5.40992E-01       6.35777E-03       5.71824E-03
       1.20226E-02       1.25892E-02       1.23059E-02       5.66601E-04       3.05268E-04       5.38770E-01       6.63006E-03       6.02350E-03
       1.25892E-02       1.31826E-02       1.28859E-02       5.93399E-04       3.18291E-04       5.36385E-01       6.91180E-03       6.34179E-03
       1.31826E-02       1.38038E-02       1.34932E-02       6.21200E-04       3.31814E-04       5.34149E-01       7.20739E-03       6.67361E-03
       1.38038E-02       1.44544E-02       1.41291E-02       6.50601E-04       3.45866E-04       5.31610E-01       7.51118E-03       7.01947E-03
       1.44544E-02       1.51356E-02       1.47950E-02       6.81199E-04       3.60450E-04       5.29141E-01       7.82864E-03       7.37992E-03
       1.51356E-02       1.58489E-02       1.54923E-02       7.13301E-04       3.75583E-04       5.26543E-01       8.15733E-03       7.75551E-03
       1.58489E-02       1.65959E-02       1.62224E-02       7.47000E-04       3.91204E-04       5.23700E-01       8.49567E-03       8.14671E-03
       1.65959E-02       1.73780E-02       1.69870E-02       7.82100E-04       4.07397E-04       5.20902E-01       8.84854E-03       8.55411E-03
       1.73780E-02       1.81970E-02       1.77875E-02       8.19000E-04       4.24177E-04       5.17921E-01       9.21252E-03       8.97829E-03
       1.81970E-02       1.90546E-02       1.86258E-02       8.57600E-04       4.41637E-04       5.14969E-01       9.59171E-03       9.41992E-03
       1.90546E-02       1.99526E-02       1.95036E-02       8.98000E-04       4.59747E-04       5.11967E-01       9.98520E-03       9.87967E-03
       1.99526E-02       2.08930E-02       2.04228E-02       9.40400E-04       4.78412E-04       5.08732E-01       1.03897E-02       1.03581E-02
       2.08930E-02       2.18776E-02       2.13853E-02       9.84600E-04       4.97671E-04       5.05456E-01       1.08093E-02       1.08558E-02
       2.18776E-02       2.29087E-02       2.23931E-02       1.03110E-03       5.18983E-04       5.03330E-01       1.12711E-02       1.13747E-02
       2.29087E-02       2.39883E-02       2.34485E-02       1.07960E-03       5.83944E-04       5.40889E-01       1.26830E-02       1.19587E-02
       2.39883E-02       2.51189E-02       2.45536E-02       1.13060E-03       6.12364E-04       5.41628E-01       1.32989E-02       1.25710E-02
       2.51189E-02       2.63027E-02       2.57108E-02       1.18380E-03       6.37285E-04       5.38339E-01       1.38411E-02       1.32083E-02
       2.63027E-02       2.75423E-02       2.69225E-02       1.23960E-03       6.64386E-04       5.35967E-01       1.44296E-02       1.38727E-02
       2.75423E-02       2.88403E-02       2.81913E-02       1.29800E-03       6.92981E-04       5.33883E-01       1.50509E-02       1.45657E-02
       2.88403E-02       3.01995E-02       2.95199E-02       1.35920E-03       7.20852E-04       5.30350E-01       1.56559E-02       1.52865E-02
       3.01995E-02       3.16228E-02       3.09112E-02       1.42330E-03       7.50042E-04       5.26973E-01       1.62894E-02       1.60366E-02
       3.16228E-02       3.31131E-02       3.23680E-02       1.49030E-03       7.81360E-04       5.24297E-01       1.69704E-02       1.68179E-02
       3.31131E-02       3.46737E-02       3.38934E-02       1.56060E-03       8.12562E-04       5.20673E-01       1.76474E-02       1.76305E-02
       3.46737E-02       3.63078E-02       3.54908E-02       1.63410E-03       8.46416E-04       5.17970E-01       1.83831E-02       1.84769E-02
       3.63078E-02       3.80189E-02       3.71633E-02       1.71110E-03       8.80173E-04       5.14391E-01       1.91165E-02       1.93571E-02
       3.80189E-02       3.98107E-02       3.89148E-02       1.79180E-03       9.14825E-04       5.10562E-01       1.98684E-02       2.02719E-02
       3.98107E-02       4.16869E-02       4.07488E-02       1.87620E-03       9.50755E-04       5.06745E-01       2.06493E-02       2.12227E-02
       4.16869E-02       4.36516E-02       4.26693E-02       1.96470E-03       9.87685E-04       5.02715E-01       2.14505E-02       2.22104E-02
       4.36516E-02       4.57088E-02       4.46802E-02       2.05720E-03       1.02595E-03       4.98711E-01       2.22825E-02       2.32363E-02
       4.57088E-02       4.78630E-02       4.67859E-02       2.15420E-03       1.06567E-03       4.94695E-01       2.31447E-02       2.43020E-02
       4.78630E-02       5.01187E-02       4.89908E-02       2.25570E-03       1.10695E-03       4.90733E-01       2.40414E-02       2.54089E-02
       5.01187E-02       5.24808E-02       5.12998E-02       2.36210E-03       1.14990E-03       4.86813E-01       2.49734E-02       2.65588E-02
       5.24808E-02       5.49541E-02       5.37174E-02       2.47330E-03       1.19460E-03       4.83000E-01       2.59455E-02       2.77534E-02
       5.49541E-02       5.75440E-02       5.62491E-02       2.58990E-03       1.24121E-03       4.79249E-01       2.69573E-02       2.89946E-02
       5.75440E-02       6.02560E-02       5.89000E-02       2.71200E-03       1.28982E-03       4.75596E-01       2.80126E-02       3.02845E-02
       6.02560E-02       6.30957E-02       6.16758E-02       2.83970E-03       1.34050E-03       4.72058E-01       2.91146E-02       3.16250E-02
       6.30957E-02       6.60693E-02       6.45825E-02       2.97360E-03       1.39314E-03       4.68502E-01       3.02570E-02       3.30181E-02
       6.60693E-02       6.91831E-02       6.76262E-02       3.11380E-03       1.44815E-03       4.65073E-01       3.14511E-02       3.44662E-02
       6.91831E-02       7.24436E-02       7.08134E-02       3.26050E-03       1.50577E-03       4.61821E-01       3.27031E-02       3.59720E-02
       7.24436E-02       7.58578E-02       7.41507E-02       3.41420E-03       1.56620E-03       4.58733E-01       3.40154E-02       3.75382E-02
       7.58578E-02       7.94328E-02       7.76453E-02       3.57500E-03       1.62967E-03       4.55853E-01       3.53948E-02       3.91679E-02
       7.94328E-02       8.31764E-02       8.13046E-02       3.74360E-03       1.69640E-03       4.53145E-01       3.68428E-02       4.08643E-02
       8.31764E-02       8.70964E-02       8.51364E-02       3.92000E-03       1.76625E-03       4.50574E-01       3.83602E-02       4.26305E-02
       8.70964E-02       9.12011E-02       8.91488E-02       4.10470E-03       1.83973E-03       4.48200E-01       3.99565E-02       4.44703E-02
       9.12011E-02       9.54993E-02       9.33502E-02       4.29820E-03       1.91721E-03       4.46050E-01       4.16389E-02       4.63875E-02
       9.54993E-02       1.00000E-01       9.77497E-02       4.50070E-03       1.99898E-03       4.44147E-01       4.34153E-02       4.83864E-02
       1.00000E-01       1.04713E-01       1.02357E-01       4.71300E-03       2.08554E-03       4.42508E-01       4.52935E-02       5.04720E-02
       1.04713E-01       1.09648E-01       1.07180E-01       4.93500E-03       2.17803E-03       4.41343E-01       4.73034E-02       5.26500E-02
       1.09648E-01       1.14815E-01       1.12231E-01       5.16700E-03       2.27653E-03       4.40591E-01       4.94482E-02       5.49265E-02
       1.14815E-01       1.20226E-01       1.17520E-01       5.41100E-03       2.38322E-03       4.40440E-01       5.17607E-02       5.73098E-02
       1.20226E-01       1.25892E-01       1.23059E-01       5.66600E-03       2.49691E-03       4.40682E-01       5.42299E-02       5.98067E-02
       1.25892E-01       1.31826E-01       1.28859E-01       5.93400E-03       2.61660E-03       4.40950E-01       5.68203E-02       6.24233E-02
       1.31826E-01       1.38038E-01       1.34932E-01       6.21200E-03       2.74322E-03       4.41600E-01       5.95860E-02       6.51665E-02
       1.38038E-01       1.44544E-01       1.41291E-01       6.50600E-03       2.87735E-03       4.42260E-01       6.24874E-02       6.80438E-02
       1.44544E-01       1.51356E-01       1.47950E-01       6.81200E-03       3.01912E-03       4.43205E-01       6.55722E-02       7.10630E-02
       1.51356E-01       1.58489E-01       1.54923E-01       7.13300E-03       3.16889E-03       4.44258E-01       6.88255E-02       7.42318E-02
       1.58489E-01       1.65959E-01       1.62224E-01       7.47000E-03       3.32665E-03       4.45335E-01       7.22440E-02       7.75585E-02
       1.65959E-01       1.73780E-01       1.69869E-01       7.82100E-03       3.49075E-03       4.46330E-01       7.58179E-02       8.10492E-02
       1.73780E-01       1.81970E-01       1.77875E-01       8.19000E-03       3.66213E-03       4.47147E-01       7.95362E-02       8.47114E-02
       1.81970E-01       1.90546E-01       1.86258E-01       8.57600E-03       3.84131E-03       4.47914E-01       8.34277E-02       8.85527E-02
       1.90546E-01       1.99526E-01       1.95036E-01       8.98000E-03       4.02802E-03       4.48555E-01       8.74843E-02       9.25807E-02
       1.99526E-01       2.08930E-01       2.04228E-01       9.40400E-03       4.22177E-03       4.48934E-01       9.16848E-02       9.68025E-02
       2.08930E-01       2.18776E-01       2.13853E-01       9.84600E-03       4.42042E-03       4.48956E-01       9.60106E-02       1.01223E-01
       2.18776E-01       2.29087E-01       2.23931E-01       1.03110E-02       4.62458E-03       4.48509E-01       1.00435E-01       1.05847E-01
       2.29087E-01       2.39883E-01       2.34485E-01       1.07960E-02       4.84450E-03       4.48731E-01       1.05221E-01       1.10692E-01
       2.39883E-01       2.51189E-01       2.45536E-01       1.13060E-02       5.16459E-03       4.56801E-01       1.12161E-01       1.15857E-01
       2.51189E-01       2.63027E-01       2.57108E-01       1.18380E-02       5.53871E-03       4.67876E-01       1.20295E-01       1.21395E-01
       2.63027E-01       2.75423E-01       2.69225E-01       1.23960E-02       5.93982E-03       4.79173E-01       1.29005E-01       1.27335E-01
       2.75423E-01       2.88403E-01       2.81913E-01       1.29800E-02       6.36745E-03       4.90559E-01       1.38295E-01       1.33703E-01
       2.88403E-01       3.01995E-01       2.95199E-01       1.35920E-02       6.81284E-03       5.01239E-01       1.47965E-01       1.40515E-01
       3.01995E-01       3.16228E-01       3.09112E-01       1.42330E-02       7.28103E-03       5.11560E-01       1.58129E-01       1.47796E-01
       3.16228E-01       3.31131E-01       3.23680E-01       1.49030E-02       7.77964E-03       5.22018E-01       1.68967E-01       1.55576E-01
       3.31131E-01       3.46737E-01       3.38934E-01       1.56060E-02       8.29443E-03       5.31490E-01       1.80140E-01       1.63871E-01
       3.46737E-01       3.63078E-01       3.54908E-01       1.63410E-02       8.83697E-03       5.40785E-01       1.91929E-01       1.72707E-01
       3.63078E-01       3.80189E-01       3.71633E-01       1.71110E-02       9.41925E-03       5.50479E-01       2.04576E-01       1.82127E-01
       3.80189E-01       3.98107E-01       3.89148E-01       1.79180E-02       1.00469E-02       5.60718E-01       2.18202E-01       1.92174E-01
       3.98107E-01       4.16869E-01       4.07488E-01       1.87620E-02       1.07170E-02       5.71207E-01       2.32760E-01       2.02891E-01
       4.16869E-01       4.36516E-01       4.26692E-01       1.96470E-02       1.14171E-02       5.81112E-01       2.47956E-01       2.14308E-01
       4.36516E-01       4.57088E-01       4.46802E-01       2.05720E-02       1.21795E-02       5.92042E-01       2.64525E-01       2.26487E-01
       4.57088E-01       4.78630E-01       4.67859E-01       2.15420E-02       1.30161E-02       6.04218E-01       2.82689E-01       2.39503E-01
       4.78630E-01       5.01187E-01       4.89909E-01       2.25570E-02       1.39118E-02       6.16742E-01       3.02147E-01       2.53415E-01
       5.01187E-01       5.24808E-01       5.12998E-01       2.36210E-02       1.48688E-02       6.29475E-01       3.22919E-01       2.68284E-01
       5.24808E-01       5.49541E-01       5.37174E-01       2.47330E-02       1.59301E-02       6.44081E-01       3.45984E-01       2.84214E-01
       5.49541E-01       5.75440E-01       5.62490E-01       2.58990E-02       1.71106E-02       6.60667E-01       3.71619E-01       3.01325E-01
       5.75440E-01       6.02560E-01       5.89000E-01       2.71200E-02       1.84262E-02       6.79431E-01       4.00185E-01       3.19751E-01
       6.02560E-01       6.30957E-01       6.16758E-01       2.83970E-02       1.98924E-02       7.00510E-01       4.32045E-01       3.39643E-01
       6.30957E-01       6.60693E-01       6.45825E-01       2.97360E-02       2.15302E-02       7.24046E-01       4.67607E-01       3.61173E-01
       6.60693E-01       6.91831E-01       6.76262E-01       3.11380E-02       2.33573E-02       7.50123E-01       5.07280E-01       3.84531E-01
       6.91831E-01       7.24436E-01       7.08133E-01       3.26050E-02       2.55152E-02       7.82556E-01       5.54154E-01       4.10046E-01
       7.24436E-01       7.58578E-01       7.41507E-01       3.41420E-02       3.42413E-02       1.00291E+00       7.43664E-01       4.44287E-01
       7.58578E-01       7.94328E-01       7.76453E-01       3.57500E-02       2.90328E-02       8.12105E-01       6.30562E-01       4.73320E-01
       7.94328E-01       8.31764E-01       8.13046E-01       3.74360E-02       2.83105E-02       7.56238E-01       6.14856E-01       5.01631E-01
       8.31764E-01       8.70964E-01       8.51364E-01       3.92000E-02       2.82254E-02       7.20036E-01       6.13013E-01       5.29856E-01
       8.70964E-01       9.12011E-01       8.91487E-01       4.10470E-02       2.81718E-02       6.86331E-01       6.11855E-01       5.58028E-01
       9.12011E-01       9.54993E-01       9.33502E-01       4.29820E-02       2.80525E-02       6.52658E-01       6.09257E-01       5.86080E-01
       9.54993E-01       1.00000E+00       9.77497E-01       4.50070E-02       2.78581E-02       6.18972E-01       6.05043E-01       6.13938E-01
       1.00000E+00       1.04713E+00       1.02357E+00       4.71300E-02       2.74929E-02       5.83342E-01       5.97088E-01       6.41431E-01
       1.04713E+00       1.09648E+00       1.07181E+00       4.93500E-02       2.69006E-02       5.45099E-01       5.84239E-01       6.68332E-01
       1.09648E+00       1.14815E+00       1.12231E+00       5.16700E-02       2.60551E-02       5.04260E-01       5.65938E-01       6.94387E-01
       1.14815E+00       1.20226E+00       1.17520E+00       5.41100E-02       2.49289E-02       4.60709E-01       5.41427E-01       7.19316E-01
       1.20226E+00       1.25892E+00       1.23059E+00       5.66600E-02       2.35136E-02       4.14995E-01       5.10689E-01       7.42830E-01
       1.25892E+00       1.31826E+00       1.28859E+00       5.93400E-02       2.19361E-02       3.69668E-01       4.76350E-01       7.64766E-01
       1.31826E+00       1.38038E+00       1.34932E+00       6.21200E-02       2.01137E-02       3.23787E-01       4.36892E-01       7.84879E-01
       1.38038E+00       1.44544E+00       1.41291E+00       6.50600E-02       1.80299E-02       2.77127E-01       3.91556E-01       8.02909E-01
       1.44544E+00       1.51356E+00       1.47950E+00       6.81200E-02       1.57357E-02       2.30999E-01       3.41763E-01       8.18645E-01
       1.51356E+00       1.58489E+00       1.54923E+00       7.13300E-02       1.34840E-02       1.89037E-01       2.92860E-01       8.32129E-01
       1.58489E+00       1.65959E+00       1.62224E+00       7.47000E-02       1.29433E-02       1.73270E-01       2.81086E-01       8.45072E-01
       1.65959E+00       1.73780E+00       1.69869E+00       7.82100E-02       1.27100E-02       1.62511E-01       2.76057E-01       8.57782E-01
       1.73780E+00       1.81970E+00       1.77875E+00       8.19000E-02       1.24527E-02       1.52048E-01       2.70455E-01       8.70235E-01
       1.81970E+00       1.90546E+00       1.86258E+00       8.57600E-02       1.21307E-02       1.41449E-01       2.63460E-01       8.82365E-01
       1.90546E+00       1.99526E+00       1.95036E+00       8.98000E-02       1.17287E-02       1.30610E-01       2.54736E-01       8.94094E-01
       1.99526E+00       2.08930E+00       2.04228E+00       9.40400E-02       1.15421E-02       1.22736E-01       2.50662E-01       9.05636E-01
       2.08930E+00       2.18776E+00       2.13853E+00       9.84600E-02       1.13786E-02       1.15566E-01       2.47141E-01       9.17015E-01
       2.18776E+00       2.29087E+00       2.23932E+00       1.03110E-01       1.12402E-02       1.09012E-01       2.44111E-01       9.28255E-01
       2.29087E+00       2.39883E+00       2.34485E+00       1.07960E-01       1.13521E-02       1.05151E-01       2.46564E-01       9.39607E-01
       2.39883E+00       2.51189E+00       2.45536E+00       1.13060E-01       1.14430E-02       1.01211E-01       2.48510E-01       9.51050E-01
       2.51189E+00       2.63027E+00       2.57108E+00       1.18380E-01       9.05678E-03       7.65060E-02       1.96703E-01       9.60107E-01
       2.63027E+00       2.75423E+00       2.69225E+00       1.23960E-01       8.54652E-03       6.89458E-02       1.85619E-01       9.68653E-01
       2.75423E+00       2.88403E+00       2.81913E+00       1.29800E-01       6.52992E-03       5.03075E-02       1.41824E-01       9.75183E-01
       2.88403E+00       3.01995E+00       2.95199E+00       1.35920E-01       3.58279E-03       2.63596E-02       7.78132E-02       9.78766E-01
       3.01995E+00       3.16228E+00       3.09111E+00       1.42330E-01       3.19022E-03       2.24142E-02       6.92849E-02       9.81956E-01
       3.16228E+00       3.31131E+00       3.23679E+00       1.49030E-01       2.78250E-03       1.86708E-02       6.04335E-02       9.84739E-01
       3.31131E+00       3.46737E+00       3.38934E+00       1.56060E-01       2.45700E-03       1.57439E-02       5.33616E-02       9.87196E-01
       3.46737E+00       3.63078E+00       3.54908E+00       1.63410E-01       2.15529E-03       1.31895E-02       4.68104E-02       9.89351E-01
       3.63078E+00       3.80189E+00       3.71633E+00       1.71110E-01       1.91238E-03       1.11763E-02       4.15350E-02       9.91264E-01
       3.80189E+00       3.98107E+00       3.89148E+00       1.79180E-01       1.70665E-03       9.52479E-03       3.70655E-02       9.92970E-01
       3.98107E+00       4.16869E+00       4.07488E+00       1.87620E-01       1.51545E-03       8.07724E-03       3.29138E-02       9.94486E-01
       4.16869E+00       4.36516E+00       4.26692E+00       1.96470E-01       1.33254E-03       6.78241E-03       2.89400E-02       9.95818E-01
       4.36516E+00       4.57088E+00       4.46802E+00       2.05720E-01       1.14335E-03       5.55777E-03       2.48322E-02       9.96962E-01
       4.57088E+00       4.78630E+00       4.67859E+00       2.15420E-01       9.43394E-04       4.37933E-03       2.04891E-02       9.97905E-01
       4.78630E+00       5.00000E+00       4.89315E+00       2.13700E-01       7.04561E-04       3.29696E-03       1.61325E-02       9.98610E-01
       5.00000E+00       5.20000E+00       5.10000E+00       2.00000E-01       4.78322E-04       2.39161E-03       1.21972E-02       9.99088E-01
       5.20000E+00       5.40000E+00       5.30000E+00       2.00000E-01       3.34639E-04       1.67320E-03       8.86793E-03       9.99422E-01
       5.40000E+00       5.60000E+00       5.50000E+00       2.00000E-01       2.26507E-04       1.13254E-03       6.22895E-03       9.99649E-01
       5.60000E+00       5.80000E+00       5.70000E+00       2.00000E-01       1.53696E-04       7.68480E-04       4.38034E-03       9.99803E-01
       5.80000E+00       6.00000E+00       5.90000E+00       2.00000E-01       1.04791E-04       5.23954E-04       3.09133E-03       9.99907E-01
       6.00000E+00       6.20000E+00       6.10000E+00       2.00000E-01       6.65299E-05       3.32650E-04       2.02916E-03       9.99974E-01
       6.20000E+00       6.40000E+00       6.30000E+00       2.00000E-01       2.57779E-05       1.28889E-04       8.12003E-04       1.00000E+00

 Sum =                                                                         1.00000E+00
 Renormalization bin#   987 =                                                  1.74523E-01 barn        2.22000E+07        2.24000E+07        2.23000E+07
 Avg. Energy     bin#   987 =                                                  1.00071E+00 MeV         2.22000E+07        2.24000E+07
