"        MT=  4 recoil spectrum "
" Initial neutron energy corresponds to the group:"
   1.18000E+01    1.20000E+01       0.00000E+00           230           892           663



          Low               High              Mid              Energy           Number             dn/de            E*dn/de          Cumulative
         Energy            Energy            Energy             Width          Fraction                               Sum   
         [MeV]             [MeV]             [MeV]              [MeV]

       3.80189E-07       3.98107E-07       3.89148E-07       1.79180E-08       0.00000E+00       0.00000E+00       0.00000E+00       0.00000E+00
       3.98107E-07       4.16869E-07       4.07488E-07       1.87620E-08       1.38064E-12       7.35868E-05       2.99857E-11       1.38064E-12
       4.16869E-07       4.36516E-07       4.26693E-07       1.96470E-08       1.51378E-12       7.70491E-05       3.28763E-11       2.89442E-12
       4.36516E-07       4.57088E-07       4.46802E-07       2.05720E-08       1.65986E-12       8.06856E-05       3.60505E-11       4.55428E-12
       4.57088E-07       4.78630E-07       4.67859E-07       2.15420E-08       1.81996E-12       8.44843E-05       3.95267E-11       6.37424E-12
       4.78630E-07       5.01187E-07       4.89909E-07       2.25570E-08       1.99556E-12       8.84672E-05       4.33408E-11       8.36980E-12
       5.01187E-07       5.24807E-07       5.12997E-07       2.36200E-08       2.18813E-12       9.26391E-05       4.75236E-11       1.05579E-11
       5.24807E-07       5.50000E-07       5.37403E-07       2.51930E-08       2.44485E-12       9.70448E-05       5.21522E-11       1.30028E-11
       5.50000E-07       5.75000E-07       5.62500E-07       2.50000E-08       2.53946E-12       1.01578E-04       5.71378E-11       1.55422E-11
       5.75000E-07       6.00000E-07       5.87500E-07       2.50000E-08       2.65225E-12       1.06090E-04       6.23278E-11       1.81945E-11
       6.00000E-07       6.25000E-07       6.12500E-07       2.50000E-08       2.76518E-12       1.10607E-04       6.77470E-11       2.09597E-11
       6.25000E-07       6.50000E-07       6.37500E-07       2.50000E-08       2.87798E-12       1.15119E-04       7.33885E-11       2.38377E-11
       6.50000E-07       6.75000E-07       6.62500E-07       2.50000E-08       2.99091E-12       1.19636E-04       7.92590E-11       2.68286E-11
       6.75000E-07       7.00000E-07       6.87500E-07       2.50000E-08       3.10371E-12       1.24148E-04       8.53520E-11       2.99323E-11
       7.00000E-07       7.25000E-07       7.12500E-07       2.50000E-08       3.21664E-12       1.28665E-04       9.16740E-11       3.31489E-11
       7.25000E-07       7.50000E-07       7.37500E-07       2.50000E-08       3.32943E-12       1.33177E-04       9.82183E-11       3.64783E-11
       7.50000E-07       7.75000E-07       7.62500E-07       2.50000E-08       3.44236E-12       1.37695E-04       1.04992E-10       3.99207E-11
       7.75000E-07       8.00000E-07       7.87500E-07       2.50000E-08       3.55516E-12       1.42206E-04       1.11987E-10       4.34759E-11
       8.00000E-07       8.25000E-07       8.12500E-07       2.50000E-08       3.66809E-12       1.46724E-04       1.19213E-10       4.71439E-11
       8.25000E-07       8.50000E-07       8.37500E-07       2.50000E-08       3.78088E-12       1.51235E-04       1.26659E-10       5.09248E-11
       8.50000E-07       8.75000E-07       8.62500E-07       2.50000E-08       3.89381E-12       1.55753E-04       1.34337E-10       5.48186E-11
       8.75000E-07       9.00000E-07       8.87500E-07       2.50000E-08       4.00661E-12       1.60265E-04       1.42235E-10       5.88253E-11
       9.00000E-07       9.25000E-07       9.12500E-07       2.50000E-08       4.11954E-12       1.64781E-04       1.50363E-10       6.29448E-11
       9.25000E-07       9.50000E-07       9.37500E-07       2.50000E-08       4.23234E-12       1.69294E-04       1.58713E-10       6.71771E-11
       9.50000E-07       9.75000E-07       9.62500E-07       2.50000E-08       4.34527E-12       1.73810E-04       1.67293E-10       7.15224E-11
       9.75000E-07       1.00000E-06       9.87500E-07       2.50000E-08       4.45806E-12       1.78323E-04       1.76094E-10       7.59805E-11
       1.00000E-06       1.02500E-06       1.01250E-06       2.50000E-08       4.57099E-12       1.82840E-04       1.85125E-10       8.05515E-11
       1.02500E-06       1.05000E-06       1.03750E-06       2.50000E-08       4.68379E-12       1.87352E-04       1.94377E-10       8.52352E-11
       1.05000E-06       1.07500E-06       1.06250E-06       2.50001E-08       4.79672E-12       1.91868E-04       2.03860E-10       9.00320E-11
       1.07500E-06       1.10000E-06       1.08750E-06       2.50000E-08       4.90952E-12       1.96381E-04       2.13564E-10       9.49415E-11
       1.10000E-06       1.12500E-06       1.11250E-06       2.50000E-08       5.02245E-12       2.00898E-04       2.23499E-10       9.99639E-11
       1.12500E-06       1.15000E-06       1.13750E-06       2.50000E-08       5.13524E-12       2.05410E-04       2.33654E-10       1.05099E-10
       1.15000E-06       1.17500E-06       1.16250E-06       2.50000E-08       5.24817E-12       2.09927E-04       2.44040E-10       1.10347E-10
       1.17500E-06       1.20000E-06       1.18750E-06       2.50001E-08       5.36097E-12       2.14438E-04       2.54645E-10       1.15708E-10
       1.20000E-06       1.22500E-06       1.21250E-06       2.50000E-08       5.47390E-12       2.18956E-04       2.65484E-10       1.21182E-10
       1.22500E-06       1.25000E-06       1.23750E-06       2.50000E-08       5.58670E-12       2.23468E-04       2.76542E-10       1.26769E-10
       1.25000E-06       1.27500E-06       1.26250E-06       2.50000E-08       5.69963E-12       2.27985E-04       2.87831E-10       1.32469E-10
       1.27500E-06       1.30000E-06       1.28750E-06       2.50000E-08       5.81242E-12       2.32497E-04       2.99340E-10       1.38281E-10
       1.30000E-06       1.32500E-06       1.31250E-06       2.50001E-08       5.92535E-12       2.37013E-04       3.11080E-10       1.44206E-10
       1.32500E-06       1.35000E-06       1.33750E-06       2.50000E-08       6.03815E-12       2.41526E-04       3.23041E-10       1.50244E-10
       1.35000E-06       1.37500E-06       1.36250E-06       2.50000E-08       6.15108E-12       2.46043E-04       3.35234E-10       1.56396E-10
       1.37500E-06       1.40000E-06       1.38750E-06       2.50000E-08       6.26387E-12       2.50555E-04       3.47645E-10       1.62659E-10
       1.40000E-06       1.42500E-06       1.41250E-06       2.50000E-08       6.37681E-12       2.55072E-04       3.60290E-10       1.69036E-10
       1.42500E-06       1.45000E-06       1.43750E-06       2.50001E-08       6.48960E-12       2.59583E-04       3.73151E-10       1.75526E-10
       1.45000E-06       1.47500E-06       1.46250E-06       2.50000E-08       6.60253E-12       2.64102E-04       3.86249E-10       1.82128E-10
       1.47500E-06       1.50000E-06       1.48750E-06       2.50000E-08       6.71533E-12       2.68613E-04       3.99562E-10       1.88844E-10
       1.50000E-06       1.52500E-06       1.51250E-06       2.50000E-08       6.82826E-12       2.73131E-04       4.13110E-10       1.95672E-10
       1.52500E-06       1.55000E-06       1.53750E-06       2.50000E-08       6.94105E-12       2.77642E-04       4.26875E-10       2.02613E-10
       1.55000E-06       1.57500E-06       1.56250E-06       2.50001E-08       7.05398E-12       2.82158E-04       4.40872E-10       2.09667E-10
       1.57500E-06       1.60000E-06       1.58750E-06       2.50000E-08       7.16678E-12       2.86672E-04       4.55091E-10       2.16834E-10
       1.60000E-06       1.62500E-06       1.61250E-06       2.50000E-08       7.27971E-12       2.91189E-04       4.69542E-10       2.24113E-10
       1.62500E-06       1.65000E-06       1.63750E-06       2.50000E-08       7.39251E-12       2.95701E-04       4.84210E-10       2.31506E-10
       1.65000E-06       1.67500E-06       1.66250E-06       2.50000E-08       7.50544E-12       3.00218E-04       4.99112E-10       2.39011E-10
       1.67500E-06       1.70000E-06       1.68750E-06       2.50001E-08       7.61823E-12       3.04728E-04       5.14229E-10       2.46630E-10
       1.70000E-06       1.72500E-06       1.71250E-06       2.50000E-08       7.73116E-12       3.09247E-04       5.29585E-10       2.54361E-10
       1.72500E-06       1.75000E-06       1.73750E-06       2.50000E-08       7.84396E-12       3.13759E-04       5.45156E-10       2.62205E-10
       1.75000E-06       1.77500E-06       1.76250E-06       2.50000E-08       7.95689E-12       3.18276E-04       5.60961E-10       2.70162E-10
       1.77500E-06       1.80000E-06       1.78750E-06       2.50000E-08       8.06969E-12       3.22788E-04       5.76983E-10       2.78231E-10
       1.80000E-06       1.82500E-06       1.81250E-06       2.50001E-08       8.18262E-12       3.27303E-04       5.93237E-10       2.86414E-10
       1.82500E-06       1.85000E-06       1.83750E-06       2.50000E-08       8.29541E-12       3.31817E-04       6.09713E-10       2.94709E-10
       1.85000E-06       1.87500E-06       1.86250E-06       2.50000E-08       8.40834E-12       3.36334E-04       6.26422E-10       3.03118E-10
       1.87500E-06       1.90000E-06       1.88750E-06       2.50000E-08       8.52114E-12       3.40846E-04       6.43347E-10       3.11639E-10
       1.90000E-06       1.92500E-06       1.91250E-06       2.50000E-08       8.63407E-12       3.45363E-04       6.60507E-10       3.20273E-10
       1.92500E-06       1.95000E-06       1.93750E-06       2.50001E-08       8.74687E-12       3.49873E-04       6.77880E-10       3.29020E-10
       1.95000E-06       1.97500E-06       1.96250E-06       2.50000E-08       8.85980E-12       3.54392E-04       6.95495E-10       3.37880E-10
       1.97500E-06       2.00000E-06       1.98750E-06       2.50000E-08       8.97259E-12       3.58904E-04       7.13322E-10       3.46852E-10
       2.00000E-06       2.02500E-06       2.01250E-06       2.50001E-08       9.08552E-12       3.63420E-04       7.31382E-10       3.55938E-10
       2.02500E-06       2.05000E-06       2.03750E-06       2.49999E-08       9.19832E-12       3.67935E-04       7.49667E-10       3.65136E-10
       2.05000E-06       2.07500E-06       2.06250E-06       2.50001E-08       9.31125E-12       3.72449E-04       7.68175E-10       3.74447E-10
       2.07500E-06       2.10000E-06       2.08750E-06       2.49999E-08       9.42404E-12       3.76964E-04       7.86912E-10       3.83871E-10
       2.10000E-06       2.12500E-06       2.11250E-06       2.50001E-08       9.53698E-12       3.81478E-04       8.05871E-10       3.93408E-10
       2.12500E-06       2.15000E-06       2.13750E-06       2.50001E-08       9.64977E-12       3.85989E-04       8.25052E-10       4.03058E-10
       2.15000E-06       2.17500E-06       2.16250E-06       2.49999E-08       9.76270E-12       3.90510E-04       8.44479E-10       4.12821E-10
       2.17500E-06       2.20000E-06       2.18750E-06       2.50001E-08       9.87550E-12       3.95018E-04       8.64103E-10       4.22696E-10
       2.20000E-06       2.22500E-06       2.21250E-06       2.49999E-08       9.98843E-12       3.99539E-04       8.83981E-10       4.32685E-10
       2.22500E-06       2.25000E-06       2.23750E-06       2.50001E-08       1.01012E-11       4.04047E-04       9.04056E-10       4.42786E-10
       2.25000E-06       2.27500E-06       2.26250E-06       2.50001E-08       1.02142E-11       4.08565E-04       9.24377E-10       4.53000E-10
       2.27500E-06       2.30000E-06       2.28750E-06       2.49999E-08       1.03269E-11       4.13080E-04       9.44921E-10       4.63327E-10
       2.30000E-06       2.32500E-06       2.31250E-06       2.50001E-08       1.04397E-11       4.17588E-04       9.65673E-10       4.73767E-10
       2.32500E-06       2.35000E-06       2.33750E-06       2.49999E-08       1.05527E-11       4.22110E-04       9.86681E-10       4.84319E-10
       2.35000E-06       2.37500E-06       2.36250E-06       2.50001E-08       1.06655E-11       4.26617E-04       1.00788E-09       4.94985E-10
       2.37500E-06       2.40000E-06       2.38750E-06       2.50001E-08       1.07784E-11       4.31134E-04       1.02933E-09       5.05763E-10
       2.40000E-06       2.42500E-06       2.41250E-06       2.49999E-08       1.08912E-11       4.35651E-04       1.05101E-09       5.16654E-10
       2.42500E-06       2.45000E-06       2.43750E-06       2.50001E-08       1.10041E-11       4.40164E-04       1.07290E-09       5.27659E-10
       2.45000E-06       2.47500E-06       2.46250E-06       2.49999E-08       1.11169E-11       4.44680E-04       1.09502E-09       5.38776E-10
       2.47500E-06       2.50000E-06       2.48750E-06       2.50001E-08       1.12299E-11       4.49193E-04       1.11737E-09       5.50005E-10
       2.50000E-06       2.52500E-06       2.51250E-06       2.50001E-08       1.13427E-11       4.53704E-04       1.13993E-09       5.61348E-10
       2.52500E-06       2.55000E-06       2.53750E-06       2.49999E-08       1.14556E-11       4.58226E-04       1.16275E-09       5.72804E-10
       2.55000E-06       2.57500E-06       2.56250E-06       2.50001E-08       1.15684E-11       4.62733E-04       1.18575E-09       5.84372E-10
       2.57500E-06       2.60000E-06       2.58750E-06       2.49999E-08       1.16813E-11       4.67255E-04       1.20902E-09       5.96053E-10
       2.60000E-06       2.62500E-06       2.61250E-06       2.50001E-08       1.17941E-11       4.71762E-04       1.23248E-09       6.07847E-10
       2.62500E-06       2.65000E-06       2.63750E-06       2.50001E-08       1.19070E-11       4.76280E-04       1.25619E-09       6.19754E-10
       2.65000E-06       2.67500E-06       2.66250E-06       2.49999E-08       1.20198E-11       4.80796E-04       1.28012E-09       6.31774E-10
       2.67500E-06       2.70000E-06       2.68750E-06       2.50001E-08       1.21328E-11       4.85309E-04       1.30427E-09       6.43907E-10
       2.70000E-06       2.72500E-06       2.71250E-06       2.49999E-08       1.22456E-11       4.89825E-04       1.32865E-09       6.56153E-10
       2.72500E-06       2.75000E-06       2.73750E-06       2.50001E-08       1.23585E-11       4.94338E-04       1.35325E-09       6.68511E-10
       2.75000E-06       2.77500E-06       2.76250E-06       2.50001E-08       1.24713E-11       4.98849E-04       1.37807E-09       6.80982E-10
       2.77500E-06       2.80000E-06       2.78750E-06       2.49999E-08       1.25842E-11       5.03372E-04       1.40315E-09       6.93567E-10
       2.80000E-06       2.82500E-06       2.81250E-06       2.50001E-08       1.26970E-11       5.07878E-04       1.42841E-09       7.06264E-10
       2.82500E-06       2.85000E-06       2.83750E-06       2.49999E-08       1.28099E-11       5.12401E-04       1.45394E-09       7.19073E-10
       2.85000E-06       2.87500E-06       2.86250E-06       2.50001E-08       1.29227E-11       5.16907E-04       1.47965E-09       7.31996E-10
       2.87500E-06       2.90000E-06       2.88750E-06       2.50001E-08       1.30357E-11       5.21425E-04       1.50561E-09       7.45032E-10
       2.90000E-06       2.92500E-06       2.91250E-06       2.49999E-08       1.31485E-11       5.25942E-04       1.53180E-09       7.58180E-10
       2.92500E-06       2.95000E-06       2.93750E-06       2.50001E-08       1.32614E-11       5.30454E-04       1.55821E-09       7.71442E-10
       2.95000E-06       2.97500E-06       2.96250E-06       2.49999E-08       1.33742E-11       5.34971E-04       1.58485E-09       7.84816E-10
       2.97500E-06       3.00000E-06       2.98750E-06       2.50001E-08       1.34870E-11       5.39477E-04       1.61169E-09       7.98303E-10
       3.00000E-06       3.02500E-06       3.01250E-06       2.50001E-08       1.36002E-11       5.44005E-04       1.63882E-09       8.11903E-10
       3.02500E-06       3.05000E-06       3.03750E-06       2.49999E-08       1.37134E-11       5.48539E-04       1.66619E-09       8.25616E-10
       3.05000E-06       3.07500E-06       3.06250E-06       2.50001E-08       1.38252E-11       5.53007E-04       1.69359E-09       8.39442E-10
       3.07500E-06       3.10000E-06       3.08750E-06       2.49999E-08       1.39384E-11       5.57541E-04       1.72141E-09       8.53380E-10
       3.10000E-06       3.12500E-06       3.11250E-06       2.50001E-08       1.40516E-11       5.62063E-04       1.74942E-09       8.67432E-10
       3.12500E-06       3.15000E-06       3.13750E-06       2.50001E-08       1.41648E-11       5.66591E-04       1.77768E-09       8.81597E-10
       3.15000E-06       3.17500E-06       3.16250E-06       2.49999E-08       1.42767E-11       5.71071E-04       1.80601E-09       8.95873E-10
       3.17500E-06       3.20000E-06       3.18750E-06       2.50001E-08       1.43899E-11       5.75593E-04       1.83470E-09       9.10263E-10
       3.20000E-06       3.22500E-06       3.21250E-06       2.49999E-08       1.45031E-11       5.80127E-04       1.86366E-09       9.24766E-10
       3.22500E-06       3.25000E-06       3.23750E-06       2.50001E-08       1.46163E-11       5.84649E-04       1.89280E-09       9.39383E-10
       3.25000E-06       3.27500E-06       3.26250E-06       2.50001E-08       1.47281E-11       5.89124E-04       1.92202E-09       9.54111E-10
       3.27500E-06       3.30000E-06       3.28750E-06       2.49999E-08       1.48413E-11       5.93657E-04       1.95165E-09       9.68952E-10
       3.30000E-06       3.32500E-06       3.31250E-06       2.50001E-08       1.49545E-11       5.98179E-04       1.98147E-09       9.83907E-10
       3.32500E-06       3.35000E-06       3.33750E-06       2.49999E-08       1.50677E-11       6.02713E-04       2.01156E-09       9.98974E-10
       3.35000E-06       3.37500E-06       3.36250E-06       2.50001E-08       1.51796E-11       6.07182E-04       2.04165E-09       1.01415E-09
       3.37500E-06       3.40000E-06       3.38750E-06       2.50001E-08       1.52928E-11       6.11709E-04       2.07217E-09       1.02945E-09
       3.40000E-06       3.42500E-06       3.41250E-06       2.49999E-08       1.54060E-11       6.16243E-04       2.10293E-09       1.04485E-09
       3.42500E-06       3.45000E-06       3.43750E-06       2.50001E-08       1.55192E-11       6.20765E-04       2.13388E-09       1.06037E-09
       3.45000E-06       3.47500E-06       3.46250E-06       2.49999E-08       1.56310E-11       6.25246E-04       2.16491E-09       1.07600E-09
       3.47500E-06       3.50000E-06       3.48750E-06       2.50001E-08       1.57442E-11       6.29768E-04       2.19631E-09       1.09175E-09
       3.50000E-06       3.52500E-06       3.51250E-06       2.50001E-08       1.58574E-11       6.34296E-04       2.22796E-09       1.10760E-09
       3.52500E-06       3.55000E-06       3.53750E-06       2.49999E-08       1.59707E-11       6.38830E-04       2.25986E-09       1.12358E-09
       3.55000E-06       3.57500E-06       3.56250E-06       2.50001E-08       1.60825E-11       6.43298E-04       2.29175E-09       1.13966E-09
       3.57500E-06       3.60000E-06       3.58750E-06       2.49999E-08       1.61957E-11       6.47832E-04       2.32410E-09       1.15585E-09
       3.60000E-06       3.62500E-06       3.61250E-06       2.50001E-08       1.63089E-11       6.52354E-04       2.35663E-09       1.17216E-09
       3.62500E-06       3.65000E-06       3.63750E-06       2.50001E-08       1.64221E-11       6.56882E-04       2.38941E-09       1.18858E-09
       3.65000E-06       3.67500E-06       3.66250E-06       2.49999E-08       1.65340E-11       6.61362E-04       2.42224E-09       1.20512E-09
       3.67500E-06       3.70000E-06       3.68750E-06       2.50001E-08       1.66472E-11       6.65884E-04       2.45545E-09       1.22177E-09
       3.70000E-06       3.72500E-06       3.71250E-06       2.49999E-08       1.67604E-11       6.70418E-04       2.48893E-09       1.23853E-09
       3.72500E-06       3.75000E-06       3.73750E-06       2.50001E-08       1.68736E-11       6.74940E-04       2.52259E-09       1.25540E-09
       3.75000E-06       3.77500E-06       3.76250E-06       2.50001E-08       1.69854E-11       6.79414E-04       2.55629E-09       1.27239E-09
       3.77500E-06       3.80000E-06       3.78750E-06       2.49999E-08       1.70986E-11       6.83948E-04       2.59045E-09       1.28948E-09
       3.80000E-06       3.82500E-06       3.81250E-06       2.50001E-08       1.72118E-11       6.88470E-04       2.62479E-09       1.30670E-09
       3.82500E-06       3.85000E-06       3.83750E-06       2.49999E-08       1.73250E-11       6.93004E-04       2.65940E-09       1.32402E-09
       3.85000E-06       3.87500E-06       3.86250E-06       2.50001E-08       1.74369E-11       6.97472E-04       2.69398E-09       1.34146E-09
       3.87500E-06       3.90000E-06       3.88750E-06       2.50001E-08       1.75501E-11       7.02000E-04       2.72902E-09       1.35901E-09
       3.90000E-06       3.92500E-06       3.91250E-06       2.49999E-08       1.76633E-11       7.06535E-04       2.76432E-09       1.37667E-09
       3.92500E-06       3.95000E-06       3.93750E-06       2.50001E-08       1.77765E-11       7.11056E-04       2.79978E-09       1.39445E-09
       3.95000E-06       3.97500E-06       3.96250E-06       2.49999E-08       1.78883E-11       7.15537E-04       2.83531E-09       1.41234E-09
       3.97500E-06       4.00000E-06       3.98750E-06       2.50001E-08       1.80015E-11       7.20058E-04       2.87123E-09       1.43034E-09
       4.00000E-06       4.02500E-06       4.01250E-06       2.50001E-08       1.81147E-11       7.24586E-04       2.90740E-09       1.44845E-09
       4.02500E-06       4.05000E-06       4.03750E-06       2.50001E-08       1.82279E-11       7.29114E-04       2.94380E-09       1.46668E-09
       4.05000E-06       4.07500E-06       4.06250E-06       2.49996E-08       1.83398E-11       7.33602E-04       2.98026E-09       1.48502E-09
       4.07500E-06       4.10000E-06       4.08750E-06       2.50001E-08       1.84530E-11       7.38116E-04       3.01705E-09       1.50347E-09
       4.10000E-06       4.12500E-06       4.11250E-06       2.50001E-08       1.85662E-11       7.42644E-04       3.05412E-09       1.52204E-09
       4.12500E-06       4.15000E-06       4.13750E-06       2.50001E-08       1.86794E-11       7.47172E-04       3.09142E-09       1.54072E-09
       4.15000E-06       4.17500E-06       4.16250E-06       2.50001E-08       1.87912E-11       7.51646E-04       3.12873E-09       1.55951E-09
       4.17500E-06       4.20000E-06       4.18750E-06       2.49996E-08       1.89044E-11       7.56188E-04       3.16654E-09       1.57841E-09
       4.20000E-06       4.22500E-06       4.21250E-06       2.50001E-08       1.90176E-11       7.60702E-04       3.20446E-09       1.59743E-09
       4.22500E-06       4.25000E-06       4.23750E-06       2.50001E-08       1.91308E-11       7.65230E-04       3.24266E-09       1.61656E-09
       4.25000E-06       4.27500E-06       4.26250E-06       2.50001E-08       1.92427E-11       7.69704E-04       3.28086E-09       1.63580E-09
       4.27500E-06       4.30000E-06       4.28750E-06       2.50001E-08       1.93559E-11       7.74232E-04       3.31952E-09       1.65516E-09
       4.30000E-06       4.32500E-06       4.31250E-06       2.49996E-08       1.94691E-11       7.78775E-04       3.35847E-09       1.67463E-09
       4.32500E-06       4.35000E-06       4.33750E-06       2.50001E-08       1.95823E-11       7.83288E-04       3.39751E-09       1.69421E-09
       4.35000E-06       4.37500E-06       4.36250E-06       2.50001E-08       1.96941E-11       7.87762E-04       3.43661E-09       1.71391E-09
       4.37500E-06       4.40000E-06       4.38750E-06       2.50001E-08       1.98073E-11       7.92290E-04       3.47617E-09       1.73371E-09
       4.40000E-06       4.42500E-06       4.41250E-06       2.50001E-08       1.99205E-11       7.96818E-04       3.51596E-09       1.75363E-09
       4.42500E-06       4.45000E-06       4.43750E-06       2.49996E-08       2.00337E-11       8.01361E-04       3.55604E-09       1.77367E-09
       4.45000E-06       4.47500E-06       4.46250E-06       2.50001E-08       2.01456E-11       8.05820E-04       3.59597E-09       1.79381E-09
       4.47500E-06       4.50000E-06       4.48750E-06       2.50001E-08       2.02588E-11       8.10348E-04       3.63644E-09       1.81407E-09
       4.50000E-06       4.52500E-06       4.51250E-06       2.50001E-08       2.03720E-11       8.14876E-04       3.67713E-09       1.83444E-09
       4.52500E-06       4.55000E-06       4.53750E-06       2.50001E-08       2.04852E-11       8.19404E-04       3.71805E-09       1.85493E-09
       4.55000E-06       4.57500E-06       4.56250E-06       2.49996E-08       2.05970E-11       8.23894E-04       3.75902E-09       1.87553E-09
       4.57500E-06       4.60000E-06       4.58750E-06       2.50001E-08       2.07102E-11       8.28406E-04       3.80031E-09       1.89624E-09
       4.60000E-06       4.62500E-06       4.61250E-06       2.50001E-08       2.08234E-11       8.32934E-04       3.84191E-09       1.91706E-09
       4.62500E-06       4.65000E-06       4.63750E-06       2.50001E-08       2.09366E-11       8.37462E-04       3.88373E-09       1.93800E-09
       4.65000E-06       4.67500E-06       4.66250E-06       2.50001E-08       2.10485E-11       8.41936E-04       3.92553E-09       1.95904E-09
       4.67500E-06       4.70000E-06       4.68750E-06       2.49996E-08       2.11617E-11       8.46480E-04       3.96788E-09       1.98021E-09
       4.70000E-06       4.72500E-06       4.71250E-06       2.50001E-08       2.12749E-11       8.50992E-04       4.01030E-09       2.00148E-09
       4.72500E-06       4.75000E-06       4.73750E-06       2.50001E-08       2.13881E-11       8.55520E-04       4.05303E-09       2.02287E-09
       4.75000E-06       4.77500E-06       4.76250E-06       2.50001E-08       2.14999E-11       8.59994E-04       4.09572E-09       2.04437E-09
       4.77500E-06       4.80000E-06       4.78750E-06       2.50001E-08       2.16131E-11       8.64522E-04       4.13890E-09       2.06598E-09
       4.80000E-06       4.82500E-06       4.81250E-06       2.49996E-08       2.17263E-11       8.69067E-04       4.18238E-09       2.08771E-09
       4.82500E-06       4.85000E-06       4.83750E-06       2.50001E-08       2.18395E-11       8.73578E-04       4.22593E-09       2.10955E-09
       4.85000E-06       4.87500E-06       4.86250E-06       2.50001E-08       2.19514E-11       8.78052E-04       4.26953E-09       2.13150E-09
       4.87500E-06       4.90000E-06       4.88750E-06       2.50001E-08       2.20646E-11       8.82580E-04       4.31361E-09       2.15356E-09
       4.90000E-06       4.92500E-06       4.91250E-06       2.50001E-08       2.21778E-11       8.87108E-04       4.35792E-09       2.17574E-09
       4.92500E-06       4.95000E-06       4.93750E-06       2.49996E-08       2.22910E-11       8.91653E-04       4.40254E-09       2.19803E-09
       4.95000E-06       4.97500E-06       4.96250E-06       2.50001E-08       2.24028E-11       8.96110E-04       4.44695E-09       2.22044E-09
       4.97500E-06       5.00000E-06       4.98750E-06       2.50001E-08       2.25160E-11       9.00638E-04       4.49193E-09       2.24295E-09
       5.00000E-06       5.02500E-06       5.01250E-06       2.50001E-08       2.26292E-11       9.05166E-04       4.53715E-09       2.26558E-09
       5.02500E-06       5.05000E-06       5.03750E-06       2.50001E-08       2.27424E-11       9.09694E-04       4.58258E-09       2.28832E-09
       5.05000E-06       5.07500E-06       5.06250E-06       2.49996E-08       2.28543E-11       9.14186E-04       4.62807E-09       2.31118E-09
       5.07500E-06       5.10000E-06       5.08750E-06       2.50001E-08       2.29675E-11       9.18696E-04       4.67387E-09       2.33415E-09
       5.10000E-06       5.12500E-06       5.11250E-06       2.50001E-08       2.30807E-11       9.23224E-04       4.71998E-09       2.35723E-09
       5.12500E-06       5.15000E-06       5.13750E-06       2.50001E-08       2.31939E-11       9.27752E-04       4.76633E-09       2.38042E-09
       5.15000E-06       5.17500E-06       5.16250E-06       2.50001E-08       2.33057E-11       9.32226E-04       4.81262E-09       2.40373E-09
       5.17500E-06       5.20000E-06       5.18750E-06       2.49996E-08       2.34189E-11       9.36772E-04       4.85951E-09       2.42715E-09
       5.20000E-06       5.22500E-06       5.21250E-06       2.50001E-08       2.35321E-11       9.41282E-04       4.90643E-09       2.45068E-09
       5.22500E-06       5.25000E-06       5.23750E-06       2.50001E-08       2.36454E-11       9.45810E-04       4.95368E-09       2.47432E-09
       5.25000E-06       5.27500E-06       5.26250E-06       2.50001E-08       2.37572E-11       9.50284E-04       5.00087E-09       2.49808E-09
       5.27500E-06       5.30000E-06       5.28750E-06       2.50001E-08       2.38704E-11       9.54812E-04       5.04857E-09       2.52195E-09
       5.30000E-06       5.32500E-06       5.31250E-06       2.49996E-08       2.39836E-11       9.59359E-04       5.09659E-09       2.54593E-09
       5.32500E-06       5.35000E-06       5.33750E-06       2.50001E-08       2.40968E-11       9.63868E-04       5.14465E-09       2.57003E-09
       5.35000E-06       5.37500E-06       5.36250E-06       2.50001E-08       2.42087E-11       9.68342E-04       5.19274E-09       2.59424E-09
       5.37500E-06       5.40000E-06       5.38750E-06       2.50001E-08       2.43219E-11       9.72870E-04       5.24134E-09       2.61856E-09
       5.40000E-06       5.42500E-06       5.41250E-06       2.50001E-08       2.44351E-11       9.77398E-04       5.29017E-09       2.64300E-09
       5.42500E-06       5.45000E-06       5.43750E-06       2.49996E-08       2.45483E-11       9.81945E-04       5.33933E-09       2.66754E-09
       5.45000E-06       5.47500E-06       5.46250E-06       2.50001E-08       2.46601E-11       9.86401E-04       5.38821E-09       2.69220E-09
       5.47500E-06       5.50000E-06       5.48750E-06       2.50001E-08       2.47733E-11       9.90928E-04       5.43772E-09       2.71698E-09
       5.50000E-06       5.52500E-06       5.51250E-06       2.50001E-08       2.48865E-11       9.95456E-04       5.48745E-09       2.74186E-09
       5.52500E-06       5.55000E-06       5.53750E-06       2.50001E-08       2.49997E-11       9.99985E-04       5.53741E-09       2.76686E-09
       5.55000E-06       5.57500E-06       5.56250E-06       2.49996E-08       2.51116E-11       1.00448E-03       5.58741E-09       2.79198E-09
       5.57500E-06       5.60000E-06       5.58750E-06       2.50001E-08       2.52248E-11       1.00899E-03       5.63771E-09       2.81720E-09
       5.60000E-06       5.62500E-06       5.61250E-06       2.50001E-08       2.53380E-11       1.01351E-03       5.68835E-09       2.84254E-09
       5.62500E-06       5.65000E-06       5.63750E-06       2.50001E-08       2.54512E-11       1.01804E-03       5.73921E-09       2.86799E-09
       5.65000E-06       5.67500E-06       5.66250E-06       2.50001E-08       2.55630E-11       1.02252E-03       5.79000E-09       2.89355E-09
       5.67500E-06       5.70000E-06       5.68750E-06       2.49996E-08       2.56762E-11       1.02706E-03       5.84143E-09       2.91923E-09
       5.70000E-06       5.72500E-06       5.71250E-06       2.50001E-08       2.57894E-11       1.03157E-03       5.89286E-09       2.94502E-09
       5.72500E-06       5.75000E-06       5.73750E-06       2.50001E-08       2.59026E-11       1.03610E-03       5.94463E-09       2.97092E-09
       5.75000E-06       5.77500E-06       5.76250E-06       2.50001E-08       2.60145E-11       1.04057E-03       5.99631E-09       2.99694E-09
       5.77500E-06       5.80000E-06       5.78750E-06       2.50001E-08       2.61277E-11       1.04510E-03       6.04853E-09       3.02306E-09
       5.80000E-06       5.82500E-06       5.81250E-06       2.49996E-08       2.62409E-11       1.04965E-03       6.10109E-09       3.04930E-09
       5.82500E-06       5.85000E-06       5.83750E-06       2.50001E-08       2.63541E-11       1.05416E-03       6.15365E-09       3.07566E-09
       5.85000E-06       5.87500E-06       5.86250E-06       2.50001E-08       2.64659E-11       1.05863E-03       6.20623E-09       3.10212E-09
       5.87500E-06       5.90000E-06       5.88750E-06       2.50001E-08       2.65791E-11       1.06316E-03       6.25936E-09       3.12870E-09
       5.90000E-06       5.92500E-06       5.91250E-06       2.50001E-08       2.66923E-11       1.06769E-03       6.31271E-09       3.15540E-09
       5.92500E-06       5.95000E-06       5.93750E-06       2.49996E-08       2.68055E-11       1.07224E-03       6.36641E-09       3.18220E-09
       5.95000E-06       5.97500E-06       5.96250E-06       2.50001E-08       2.69174E-11       1.07669E-03       6.41977E-09       3.20912E-09
       5.97500E-06       6.00000E-06       5.98750E-06       2.50001E-08       2.70306E-11       1.08122E-03       6.47380E-09       3.23615E-09
       6.00000E-06       6.02500E-06       6.01250E-06       2.50001E-08       2.71438E-11       1.08575E-03       6.52805E-09       3.26329E-09
       6.02500E-06       6.05000E-06       6.03750E-06       2.50001E-08       2.72570E-11       1.09027E-03       6.58253E-09       3.29055E-09
       6.05000E-06       6.07500E-06       6.06250E-06       2.49996E-08       2.73688E-11       1.09477E-03       6.63704E-09       3.31792E-09
       6.07500E-06       6.10000E-06       6.08750E-06       2.50001E-08       2.74820E-11       1.09928E-03       6.69185E-09       3.34540E-09
       6.10000E-06       6.12500E-06       6.11250E-06       2.50001E-08       2.75952E-11       1.10380E-03       6.74701E-09       3.37300E-09
       6.12500E-06       6.15000E-06       6.13750E-06       2.50001E-08       2.77084E-11       1.10833E-03       6.80239E-09       3.40070E-09
       6.15000E-06       6.17500E-06       6.16250E-06       2.50001E-08       2.78203E-11       1.11281E-03       6.85767E-09       3.42852E-09
       6.17500E-06       6.20000E-06       6.18750E-06       2.49996E-08       2.79335E-11       1.11736E-03       6.91364E-09       3.45646E-09
       6.20000E-06       6.22500E-06       6.21250E-06       2.50001E-08       2.80467E-11       1.12186E-03       6.96957E-09       3.48450E-09
       6.22500E-06       6.25000E-06       6.23750E-06       2.50001E-08       2.81599E-11       1.12639E-03       7.02586E-09       3.51266E-09
       6.25000E-06       6.27500E-06       6.26250E-06       2.50001E-08       2.82717E-11       1.13086E-03       7.08204E-09       3.54094E-09
       6.27500E-06       6.30000E-06       6.28750E-06       2.50001E-08       2.83849E-11       1.13539E-03       7.13878E-09       3.56932E-09
       6.30000E-06       6.32500E-06       6.31250E-06       2.49996E-08       2.84981E-11       1.13994E-03       7.19589E-09       3.59782E-09
       6.32500E-06       6.35000E-06       6.33750E-06       2.50001E-08       2.86113E-11       1.14445E-03       7.25294E-09       3.62643E-09
       6.35000E-06       6.37500E-06       6.36250E-06       2.50001E-08       2.87232E-11       1.14892E-03       7.31002E-09       3.65515E-09
       6.37500E-06       6.40000E-06       6.38750E-06       2.50001E-08       2.88364E-11       1.15345E-03       7.36767E-09       3.68399E-09
       6.40000E-06       6.42500E-06       6.41250E-06       2.50001E-08       2.89496E-11       1.15798E-03       7.42554E-09       3.71294E-09
       6.42500E-06       6.45000E-06       6.43750E-06       2.49996E-08       2.90628E-11       1.16253E-03       7.48378E-09       3.74200E-09
       6.45000E-06       6.47500E-06       6.46250E-06       2.50001E-08       2.91746E-11       1.16698E-03       7.54161E-09       3.77118E-09
       6.47500E-06       6.50000E-06       6.48750E-06       2.50001E-08       2.92878E-11       1.17151E-03       7.60016E-09       3.80046E-09
       6.50000E-06       6.52500E-06       6.51250E-06       2.50001E-08       2.94010E-11       1.17604E-03       7.65894E-09       3.82987E-09
       6.52500E-06       6.55000E-06       6.53750E-06       2.50001E-08       2.95142E-11       1.18056E-03       7.71794E-09       3.85938E-09
       6.55000E-06       6.57500E-06       6.56250E-06       2.49996E-08       2.96261E-11       1.18506E-03       7.77697E-09       3.88901E-09
       6.57500E-06       6.60000E-06       6.58750E-06       2.50001E-08       2.97393E-11       1.18957E-03       7.83627E-09       3.91875E-09
       6.60000E-06       6.62500E-06       6.61250E-06       2.50001E-08       2.98525E-11       1.19409E-03       7.89595E-09       3.94860E-09
       6.62500E-06       6.65000E-06       6.63750E-06       2.50001E-08       2.99657E-11       1.19862E-03       7.95586E-09       3.97856E-09
       6.65000E-06       6.67500E-06       6.66250E-06       2.50001E-08       3.00775E-11       1.20310E-03       8.01563E-09       4.00864E-09
       6.67500E-06       6.70000E-06       6.68750E-06       2.49996E-08       3.01907E-11       1.20765E-03       8.07615E-09       4.03883E-09
       6.70000E-06       6.72500E-06       6.71250E-06       2.50001E-08       3.03039E-11       1.21215E-03       8.13658E-09       4.06914E-09
       6.72500E-06       6.75000E-06       6.73750E-06       2.50001E-08       3.04171E-11       1.21668E-03       8.19739E-09       4.09955E-09
       6.75000E-06       6.77500E-06       6.76250E-06       2.50001E-08       3.05290E-11       1.22116E-03       8.25806E-09       4.13008E-09
       6.77500E-06       6.80000E-06       6.78750E-06       2.50001E-08       3.06422E-11       1.22568E-03       8.31932E-09       4.16072E-09
       6.80000E-06       6.82500E-06       6.81250E-06       2.49996E-08       3.07554E-11       1.23023E-03       8.38097E-09       4.19148E-09
       6.82500E-06       6.85000E-06       6.83750E-06       2.50001E-08       3.08686E-11       1.23474E-03       8.44253E-09       4.22235E-09
       6.85000E-06       6.87500E-06       6.86250E-06       2.50001E-08       3.09804E-11       1.23921E-03       8.50410E-09       4.25333E-09
       6.87500E-06       6.90000E-06       6.88750E-06       2.50001E-08       3.10936E-11       1.24374E-03       8.56627E-09       4.28442E-09
       6.90000E-06       6.92500E-06       6.91250E-06       2.50001E-08       3.12068E-11       1.24827E-03       8.62866E-09       4.31563E-09
       6.92500E-06       6.95000E-06       6.93750E-06       2.49996E-08       3.13200E-11       1.25282E-03       8.69145E-09       4.34695E-09
       6.95000E-06       6.97500E-06       6.96250E-06       2.50001E-08       3.14319E-11       1.25727E-03       8.75375E-09       4.37838E-09
       6.97500E-06       7.00000E-06       6.98750E-06       2.50001E-08       3.15451E-11       1.26180E-03       8.81682E-09       4.40993E-09
       7.00000E-06       7.02500E-06       7.01250E-06       2.50001E-08       3.16583E-11       1.26633E-03       8.88012E-09       4.44158E-09
       7.02500E-06       7.05000E-06       7.03750E-06       2.50001E-08       3.17715E-11       1.27086E-03       8.94364E-09       4.47336E-09
       7.05000E-06       7.07500E-06       7.06250E-06       2.49996E-08       3.18834E-11       1.27535E-03       9.00719E-09       4.50524E-09
       7.07500E-06       7.10000E-06       7.08750E-06       2.50001E-08       3.19966E-11       1.27986E-03       9.07099E-09       4.53724E-09
       7.10000E-06       7.12500E-06       7.11250E-06       2.50001E-08       3.21098E-11       1.28439E-03       9.13519E-09       4.56935E-09
       7.12500E-06       7.15000E-06       7.13750E-06       2.50001E-08       3.22230E-11       1.28891E-03       9.19962E-09       4.60157E-09
       7.15000E-06       7.17500E-06       7.16250E-06       2.50001E-08       3.23348E-11       1.29339E-03       9.26389E-09       4.63390E-09
       7.17500E-06       7.20000E-06       7.18750E-06       2.49996E-08       3.24480E-11       1.29794E-03       9.32894E-09       4.66635E-09
       7.20000E-06       7.22500E-06       7.21250E-06       2.50001E-08       3.25612E-11       1.30244E-03       9.39387E-09       4.69891E-09
       7.22500E-06       7.25000E-06       7.23750E-06       2.50001E-08       3.26744E-11       1.30697E-03       9.45920E-09       4.73159E-09
       7.25000E-06       7.27500E-06       7.26250E-06       2.50001E-08       3.27863E-11       1.31145E-03       9.52437E-09       4.76437E-09
       7.27500E-06       7.30000E-06       7.28750E-06       2.50001E-08       3.28995E-11       1.31597E-03       9.59016E-09       4.79727E-09
       7.30000E-06       7.32500E-06       7.31250E-06       2.49996E-08       3.30127E-11       1.32053E-03       9.65635E-09       4.83029E-09
       7.32500E-06       7.35000E-06       7.33750E-06       2.50001E-08       3.31259E-11       1.32503E-03       9.72240E-09       4.86341E-09
       7.35000E-06       7.37500E-06       7.36250E-06       2.50001E-08       3.32377E-11       1.32950E-03       9.78847E-09       4.89665E-09
       7.37500E-06       7.40000E-06       7.38750E-06       2.50001E-08       3.33509E-11       1.33403E-03       9.85516E-09       4.93000E-09
       7.40000E-06       7.42500E-06       7.41250E-06       2.50001E-08       3.34641E-11       1.33856E-03       9.92207E-09       4.96346E-09
       7.42500E-06       7.45000E-06       7.43750E-06       2.49996E-08       3.35773E-11       1.34311E-03       9.98940E-09       4.99704E-09
       7.45000E-06       7.47500E-06       7.46250E-06       2.50001E-08       3.36892E-11       1.34756E-03       1.00562E-08       5.03073E-09
       7.47500E-06       7.50000E-06       7.48750E-06       2.50001E-08       3.38024E-11       1.35209E-03       1.01238E-08       5.06453E-09
       7.50000E-06       7.52500E-06       7.51250E-06       2.50001E-08       3.39156E-11       1.35662E-03       1.01916E-08       5.09845E-09
       7.52500E-06       7.55000E-06       7.53750E-06       2.50001E-08       3.40288E-11       1.36115E-03       1.02596E-08       5.13248E-09
       7.55000E-06       7.57500E-06       7.56250E-06       2.49996E-08       3.41406E-11       1.36565E-03       1.03277E-08       5.16662E-09
       7.57500E-06       7.60000E-06       7.58750E-06       2.50001E-08       3.42538E-11       1.37015E-03       1.03960E-08       5.20087E-09
       7.60000E-06       7.62500E-06       7.61250E-06       2.50001E-08       3.43670E-11       1.37468E-03       1.04647E-08       5.23524E-09
       7.62500E-06       7.65000E-06       7.63750E-06       2.50001E-08       3.44802E-11       1.37920E-03       1.05337E-08       5.26972E-09
       7.65000E-06       7.67500E-06       7.66250E-06       2.50001E-08       3.45921E-11       1.38368E-03       1.06024E-08       5.30431E-09
       7.67500E-06       7.70000E-06       7.68750E-06       2.49996E-08       3.47053E-11       1.38823E-03       1.06720E-08       5.33902E-09
       7.70000E-06       7.72500E-06       7.71250E-06       2.50001E-08       3.48185E-11       1.39273E-03       1.07415E-08       5.37383E-09
       7.72500E-06       7.75000E-06       7.73750E-06       2.50001E-08       3.49317E-11       1.39726E-03       1.08113E-08       5.40877E-09
       7.75000E-06       7.77500E-06       7.76250E-06       2.50001E-08       3.50435E-11       1.40174E-03       1.08810E-08       5.44381E-09
       7.77500E-06       7.80000E-06       7.78750E-06       2.50001E-08       3.51567E-11       1.40626E-03       1.09513E-08       5.47897E-09
       7.80000E-06       7.82500E-06       7.81250E-06       2.49996E-08       3.52699E-11       1.41082E-03       1.10220E-08       5.51424E-09
       7.82500E-06       7.85000E-06       7.83750E-06       2.50001E-08       3.53831E-11       1.41532E-03       1.10926E-08       5.54962E-09
       7.85000E-06       7.87500E-06       7.86250E-06       2.50001E-08       3.54950E-11       1.41979E-03       1.11631E-08       5.58512E-09
       7.87500E-06       7.90000E-06       7.88750E-06       2.50001E-08       3.56082E-11       1.42432E-03       1.12343E-08       5.62072E-09
       7.90000E-06       7.92500E-06       7.91250E-06       2.50001E-08       3.57214E-11       1.42885E-03       1.13058E-08       5.65644E-09
       7.92500E-06       7.95000E-06       7.93750E-06       2.49996E-08       3.58346E-11       1.43340E-03       1.13777E-08       5.69228E-09
       7.95000E-06       7.97500E-06       7.96250E-06       2.50001E-08       3.59464E-11       1.43785E-03       1.14489E-08       5.72823E-09
       7.97500E-06       8.00000E-06       7.98750E-06       2.50001E-08       3.60596E-11       1.44238E-03       1.15210E-08       5.76428E-09
       8.00000E-06       8.02500E-06       8.01250E-06       2.49996E-08       3.61728E-11       1.44694E-03       1.15936E-08       5.80046E-09
       8.02500E-06       8.05000E-06       8.03750E-06       2.50006E-08       3.62860E-11       1.45141E-03       1.16657E-08       5.83674E-09
       8.05000E-06       8.07500E-06       8.06250E-06       2.49996E-08       3.63979E-11       1.45594E-03       1.17385E-08       5.87314E-09
       8.07500E-06       8.10000E-06       8.08750E-06       2.50006E-08       3.65111E-11       1.46041E-03       1.18111E-08       5.90965E-09
       8.10000E-06       8.12500E-06       8.11250E-06       2.49996E-08       3.66243E-11       1.46499E-03       1.18848E-08       5.94628E-09
       8.12500E-06       8.15000E-06       8.13750E-06       2.49996E-08       3.67375E-11       1.46952E-03       1.19582E-08       5.98301E-09
       8.15000E-06       8.17500E-06       8.16250E-06       2.50006E-08       3.68493E-11       1.47394E-03       1.20310E-08       6.01986E-09
       8.17500E-06       8.20000E-06       8.18750E-06       2.49996E-08       3.69625E-11       1.47852E-03       1.21054E-08       6.05683E-09
       8.20000E-06       8.22500E-06       8.21250E-06       2.50006E-08       3.70757E-11       1.48300E-03       1.21791E-08       6.09390E-09
       8.22500E-06       8.25000E-06       8.23750E-06       2.49996E-08       3.71889E-11       1.48758E-03       1.22539E-08       6.13109E-09
       8.25000E-06       8.27500E-06       8.26250E-06       2.49996E-08       3.73008E-11       1.49205E-03       1.23281E-08       6.16839E-09
       8.27500E-06       8.30000E-06       8.28750E-06       2.50006E-08       3.74140E-11       1.49653E-03       1.24025E-08       6.20581E-09
       8.30000E-06       8.32500E-06       8.31250E-06       2.49996E-08       3.75272E-11       1.50111E-03       1.24780E-08       6.24333E-09
       8.32500E-06       8.35000E-06       8.33750E-06       2.50006E-08       3.76404E-11       1.50558E-03       1.25528E-08       6.28097E-09
       8.35000E-06       8.37500E-06       8.36250E-06       2.49996E-08       3.77522E-11       1.51011E-03       1.26283E-08       6.31873E-09
       8.37500E-06       8.40000E-06       8.38750E-06       2.49996E-08       3.78654E-11       1.51464E-03       1.27040E-08       6.35659E-09
       8.40000E-06       8.42500E-06       8.41250E-06       2.50006E-08       3.79786E-11       1.51911E-03       1.27795E-08       6.39457E-09
       8.42500E-06       8.45000E-06       8.43750E-06       2.49996E-08       3.80918E-11       1.52370E-03       1.28562E-08       6.43266E-09
       8.45000E-06       8.47500E-06       8.46250E-06       2.50006E-08       3.82037E-11       1.52811E-03       1.29317E-08       6.47086E-09
       8.47500E-06       8.50000E-06       8.48750E-06       2.49996E-08       3.83169E-11       1.53270E-03       1.30088E-08       6.50918E-09
       8.50000E-06       8.52500E-06       8.51250E-06       2.49996E-08       3.84301E-11       1.53723E-03       1.30856E-08       6.54761E-09
       8.52500E-06       8.55000E-06       8.53750E-06       2.50006E-08       3.85433E-11       1.54170E-03       1.31622E-08       6.58616E-09
       8.55000E-06       8.57500E-06       8.56250E-06       2.49996E-08       3.86551E-11       1.54623E-03       1.32396E-08       6.62481E-09
       8.57500E-06       8.60000E-06       8.58750E-06       2.50006E-08       3.87683E-11       1.55070E-03       1.33166E-08       6.66358E-09
       8.60000E-06       8.62500E-06       8.61250E-06       2.49996E-08       3.88815E-11       1.55529E-03       1.33949E-08       6.70246E-09
       8.62500E-06       8.65000E-06       8.63750E-06       2.49996E-08       3.89947E-11       1.55981E-03       1.34729E-08       6.74145E-09
       8.65000E-06       8.67500E-06       8.66250E-06       2.50006E-08       3.91066E-11       1.56423E-03       1.35501E-08       6.78056E-09
       8.67500E-06       8.70000E-06       8.68750E-06       2.49996E-08       3.92198E-11       1.56882E-03       1.36291E-08       6.81978E-09
       8.70000E-06       8.72500E-06       8.71250E-06       2.50006E-08       3.93330E-11       1.57328E-03       1.37072E-08       6.85911E-09
       8.72500E-06       8.75000E-06       8.73750E-06       2.49996E-08       3.94462E-11       1.57787E-03       1.37867E-08       6.89856E-09
       8.75000E-06       8.77500E-06       8.76250E-06       2.49996E-08       3.95580E-11       1.58235E-03       1.38653E-08       6.93812E-09
       8.77500E-06       8.80000E-06       8.78750E-06       2.50006E-08       3.96713E-11       1.58681E-03       1.39441E-08       6.97779E-09
       8.80000E-06       8.82500E-06       8.81250E-06       2.49996E-08       3.97845E-11       1.59140E-03       1.40242E-08       7.01757E-09
       8.82500E-06       8.85000E-06       8.83750E-06       2.50006E-08       3.98977E-11       1.59587E-03       1.41035E-08       7.05747E-09
       8.85000E-06       8.87500E-06       8.86250E-06       2.49996E-08       4.00095E-11       1.60040E-03       1.41836E-08       7.09748E-09
       8.87500E-06       8.90000E-06       8.88750E-06       2.49996E-08       4.01227E-11       1.60493E-03       1.42638E-08       7.13760E-09
       8.90000E-06       8.92500E-06       8.91250E-06       2.50006E-08       4.02359E-11       1.60940E-03       1.43438E-08       7.17784E-09
       8.92500E-06       8.95000E-06       8.93750E-06       2.49996E-08       4.03491E-11       1.61399E-03       1.44250E-08       7.21819E-09
       8.95000E-06       8.97500E-06       8.96250E-06       2.50006E-08       4.04610E-11       1.61840E-03       1.45049E-08       7.25865E-09
       8.97500E-06       9.00000E-06       8.98750E-06       2.49996E-08       4.05742E-11       1.62299E-03       1.45866E-08       7.29922E-09
       9.00000E-06       9.02500E-06       9.01250E-06       2.49996E-08       4.06874E-11       1.62752E-03       1.46680E-08       7.33991E-09
       9.02500E-06       9.05000E-06       9.03750E-06       2.50006E-08       4.08006E-11       1.63198E-03       1.47491E-08       7.38071E-09
       9.05000E-06       9.07500E-06       9.06250E-06       2.49996E-08       4.09124E-11       1.63652E-03       1.48310E-08       7.42163E-09
       9.07500E-06       9.10000E-06       9.08750E-06       2.50006E-08       4.10256E-11       1.64099E-03       1.49125E-08       7.46265E-09
       9.10000E-06       9.12500E-06       9.11250E-06       2.49996E-08       4.11388E-11       1.64558E-03       1.49953E-08       7.50379E-09
       9.12500E-06       9.15000E-06       9.13750E-06       2.49996E-08       4.12520E-11       1.65011E-03       1.50778E-08       7.54504E-09
       9.15000E-06       9.17500E-06       9.16250E-06       2.50006E-08       4.13639E-11       1.65452E-03       1.51595E-08       7.58641E-09
       9.17500E-06       9.20000E-06       9.18750E-06       2.49996E-08       4.14771E-11       1.65911E-03       1.52431E-08       7.62788E-09
       9.20000E-06       9.22500E-06       9.21250E-06       2.50006E-08       4.15903E-11       1.66357E-03       1.53257E-08       7.66947E-09
       9.22500E-06       9.25000E-06       9.23750E-06       2.49996E-08       4.17035E-11       1.66816E-03       1.54097E-08       7.71118E-09
       9.25000E-06       9.27500E-06       9.26250E-06       2.49996E-08       4.18153E-11       1.67264E-03       1.54928E-08       7.75299E-09
       9.27500E-06       9.30000E-06       9.28750E-06       2.50006E-08       4.19285E-11       1.67710E-03       1.55761E-08       7.79492E-09
       9.30000E-06       9.32500E-06       9.31250E-06       2.49996E-08       4.20417E-11       1.68169E-03       1.56608E-08       7.83696E-09
       9.32500E-06       9.35000E-06       9.33750E-06       2.50006E-08       4.21549E-11       1.68616E-03       1.57445E-08       7.87912E-09
       9.35000E-06       9.37500E-06       9.36250E-06       2.49996E-08       4.22668E-11       1.69070E-03       1.58291E-08       7.92138E-09
       9.37500E-06       9.40000E-06       9.38750E-06       2.49996E-08       4.23800E-11       1.69522E-03       1.59139E-08       7.96376E-09
       9.40000E-06       9.42500E-06       9.41250E-06       2.50006E-08       4.24932E-11       1.69969E-03       1.59983E-08       8.00626E-09
       9.42500E-06       9.45000E-06       9.43750E-06       2.49996E-08       4.26064E-11       1.70428E-03       1.60842E-08       8.04886E-09
       9.45000E-06       9.47500E-06       9.46250E-06       2.50006E-08       4.27182E-11       1.70869E-03       1.61685E-08       8.09158E-09
       9.47500E-06       9.50000E-06       9.48750E-06       2.49996E-08       4.28314E-11       1.71328E-03       1.62548E-08       8.13441E-09
       9.50000E-06       9.52500E-06       9.51250E-06       2.49996E-08       4.29446E-11       1.71781E-03       1.63407E-08       8.17736E-09
       9.52500E-06       9.55000E-06       9.53750E-06       2.50006E-08       4.30578E-11       1.72227E-03       1.64262E-08       8.22042E-09
       9.55000E-06       9.57500E-06       9.56250E-06       2.49996E-08       4.31697E-11       1.72681E-03       1.65127E-08       8.26359E-09
       9.57500E-06       9.60000E-06       9.58750E-06       2.50006E-08       4.32829E-11       1.73128E-03       1.65986E-08       8.30687E-09
       9.60000E-06       9.62500E-06       9.61250E-06       2.49996E-08       4.33961E-11       1.73587E-03       1.66860E-08       8.35026E-09
       9.62500E-06       9.65000E-06       9.63750E-06       2.49996E-08       4.35093E-11       1.74040E-03       1.67731E-08       8.39377E-09
       9.65000E-06       9.67500E-06       9.66250E-06       2.50006E-08       4.36211E-11       1.74481E-03       1.68592E-08       8.43739E-09
       9.67500E-06       9.70000E-06       9.68750E-06       2.49996E-08       4.37343E-11       1.74940E-03       1.69473E-08       8.48113E-09
       9.70000E-06       9.72500E-06       9.71250E-06       2.50006E-08       4.38475E-11       1.75386E-03       1.70344E-08       8.52498E-09
       9.72500E-06       9.75000E-06       9.73750E-06       2.49996E-08       4.39607E-11       1.75846E-03       1.71230E-08       8.56894E-09
       9.75000E-06       9.77500E-06       9.76250E-06       2.49996E-08       4.40726E-11       1.76293E-03       1.72106E-08       8.61301E-09
       9.77500E-06       9.80000E-06       9.78750E-06       2.50006E-08       4.41858E-11       1.76739E-03       1.72983E-08       8.65719E-09
       9.80000E-06       9.82500E-06       9.81250E-06       2.49996E-08       4.42990E-11       1.77199E-03       1.73876E-08       8.70149E-09
       9.82500E-06       9.85000E-06       9.83750E-06       2.50006E-08       4.44122E-11       1.77645E-03       1.74758E-08       8.74591E-09
       9.85000E-06       9.87500E-06       9.86250E-06       2.49996E-08       4.45240E-11       1.78099E-03       1.75650E-08       8.79043E-09
       9.87500E-06       9.90000E-06       9.88750E-06       2.49996E-08       4.46372E-11       1.78552E-03       1.76543E-08       8.83507E-09
       9.90000E-06       9.92500E-06       9.91250E-06       2.50006E-08       4.47504E-11       1.78998E-03       1.77431E-08       8.87982E-09
       9.92500E-06       9.95000E-06       9.93750E-06       2.49996E-08       4.48636E-11       1.79457E-03       1.78336E-08       8.92468E-09
       9.95000E-06       9.97500E-06       9.96250E-06       2.50006E-08       4.49755E-11       1.79898E-03       1.79223E-08       8.96966E-09
       9.97500E-06       1.00000E-05       9.98750E-06       2.49996E-08       4.50887E-11       1.80357E-03       1.80132E-08       9.01475E-09
       1.00000E-05       1.04713E-05       1.02356E-05       4.71300E-07       8.71115E-10       1.84832E-03       1.89188E-08       9.88586E-09
       1.04713E-05       1.09648E-05       1.07180E-05       4.93500E-07       9.55140E-10       1.93544E-03       2.07441E-08       1.08410E-08
       1.09648E-05       1.14815E-05       1.12232E-05       5.16700E-07       1.04730E-09       2.02691E-03       2.27483E-08       1.18883E-08
       1.14815E-05       1.20226E-05       1.17521E-05       5.41101E-07       1.14832E-09       2.12220E-03       2.49401E-08       1.30366E-08
       1.20226E-05       1.25892E-05       1.23059E-05       5.66600E-07       1.25912E-09       2.22224E-03       2.73467E-08       1.42957E-08
       1.25892E-05       1.31826E-05       1.28859E-05       5.93400E-07       1.38062E-09       2.32663E-03       2.99808E-08       1.56764E-08
       1.31826E-05       1.38038E-05       1.34932E-05       6.21200E-07       1.51380E-09       2.43689E-03       3.28814E-08       1.71902E-08
       1.38038E-05       1.44544E-05       1.41291E-05       6.50600E-07       1.65986E-09       2.55128E-03       3.60473E-08       1.88500E-08
       1.44544E-05       1.51356E-05       1.47950E-05       6.81200E-07       1.81999E-09       2.67174E-03       3.95284E-08       2.06700E-08
       1.51356E-05       1.58489E-05       1.54922E-05       7.13300E-07       1.99558E-09       2.79768E-03       4.33423E-08       2.26656E-08
       1.58489E-05       1.65959E-05       1.62224E-05       7.47000E-07       2.18812E-09       2.92921E-03       4.75188E-08       2.48537E-08
       1.65959E-05       1.73780E-05       1.69869E-05       7.82101E-07       2.39922E-09       3.06766E-03       5.21103E-08       2.72529E-08
       1.73780E-05       1.81970E-05       1.77875E-05       8.19000E-07       2.63069E-09       3.21207E-03       5.71348E-08       2.98836E-08
       1.81970E-05       1.90546E-05       1.86258E-05       8.57599E-07       2.88450E-09       3.36346E-03       6.26471E-08       3.27681E-08
       1.90546E-05       1.99526E-05       1.95036E-05       8.98001E-07       3.16277E-09       3.52201E-03       6.86920E-08       3.59309E-08
       1.99526E-05       2.08930E-05       2.04228E-05       9.40399E-07       3.46794E-09       3.68773E-03       7.53138E-08       3.93988E-08
       2.08930E-05       2.18776E-05       2.13853E-05       9.84600E-07       3.78482E-09       3.84402E-03       8.22055E-08       4.31837E-08
       2.18776E-05       2.29087E-05       2.23932E-05       1.03110E-06       4.05674E-09       3.93438E-03       8.81031E-08       4.72404E-08
       2.29087E-05       2.39883E-05       2.34485E-05       1.07960E-06       4.34042E-09       4.02039E-03       9.42722E-08       5.15808E-08
       2.39883E-05       2.51189E-05       2.45536E-05       1.13060E-06       4.64638E-09       4.10966E-03       1.00907E-07       5.62272E-08
       2.51189E-05       2.63027E-05       2.57108E-05       1.18380E-06       4.97661E-09       4.20393E-03       1.08086E-07       6.12038E-08
       2.63027E-05       2.75423E-05       2.69225E-05       1.23960E-06       5.33309E-09       4.30227E-03       1.15828E-07       6.65369E-08
       2.75423E-05       2.88403E-05       2.81913E-05       1.29800E-06       5.71812E-09       4.40533E-03       1.24192E-07       7.22550E-08
       2.88403E-05       3.01995E-05       2.95199E-05       1.35920E-06       6.13419E-09       4.51309E-03       1.33226E-07       7.83892E-08
       3.01995E-05       3.16228E-05       3.09111E-05       1.42330E-06       6.58404E-09       4.62589E-03       1.42992E-07       8.49733E-08
       3.16228E-05       3.31131E-05       3.23679E-05       1.49030E-06       7.06158E-09       4.73837E-03       1.53371E-07       9.20348E-08
       3.31131E-05       3.46737E-05       3.38934E-05       1.56060E-06       7.55831E-09       4.84320E-03       1.64153E-07       9.95931E-08
       3.46737E-05       3.63078E-05       3.54907E-05       1.63410E-06       8.09313E-09       4.95265E-03       1.75773E-07       1.07686E-07
       3.63078E-05       3.80189E-05       3.71634E-05       1.71110E-06       8.67043E-09       5.06716E-03       1.88313E-07       1.16357E-07
       3.80189E-05       3.98107E-05       3.89148E-05       1.79180E-06       9.29388E-09       5.18690E-03       2.01847E-07       1.25651E-07
       3.98107E-05       4.16869E-05       4.07488E-05       1.87620E-06       9.96738E-09       5.31253E-03       2.16479E-07       1.35618E-07
       4.16869E-05       4.36516E-05       4.26692E-05       1.96470E-06       1.06888E-08       5.44041E-03       2.32138E-07       1.46307E-07
       4.36516E-05       4.57088E-05       4.46802E-05       2.05720E-06       1.14351E-08       5.55859E-03       2.48359E-07       1.57742E-07
       4.57088E-05       4.78630E-05       4.67859E-05       2.15420E-06       1.22345E-08       5.67937E-03       2.65714E-07       1.69976E-07
       4.78630E-05       5.01187E-05       4.89908E-05       2.25570E-06       1.30966E-08       5.80601E-03       2.84442E-07       1.83073E-07
       5.01187E-05       5.24808E-05       5.12998E-05       2.36210E-06       1.40270E-08       5.93834E-03       3.04636E-07       1.97100E-07
       5.24808E-05       5.49541E-05       5.37174E-05       2.47330E-06       1.50314E-08       6.07745E-03       3.26465E-07       2.12131E-07
       5.49541E-05       5.75440E-05       5.62490E-05       2.58990E-06       1.61162E-08       6.22272E-03       3.50022E-07       2.28248E-07
       5.75440E-05       6.02560E-05       5.89000E-05       2.71200E-06       1.72886E-08       6.37486E-03       3.75479E-07       2.45536E-07
       6.02560E-05       6.30957E-05       6.16758E-05       2.83970E-06       1.85559E-08       6.53447E-03       4.03019E-07       2.64092E-07
       6.30957E-05       6.60693E-05       6.45825E-05       2.97360E-06       1.99045E-08       6.69374E-03       4.32298E-07       2.83997E-07
       6.60693E-05       6.91831E-05       6.76262E-05       3.11380E-06       2.13051E-08       6.84215E-03       4.62708E-07       3.05302E-07
       6.91831E-05       7.24436E-05       7.08134E-05       3.26051E-06       2.28121E-08       6.99650E-03       4.95445E-07       3.28114E-07
       7.24436E-05       7.58578E-05       7.41507E-05       3.41420E-06       2.44388E-08       7.15800E-03       5.30770E-07       3.52553E-07
       7.58578E-05       7.94328E-05       7.76453E-05       3.57500E-06       2.61953E-08       7.32737E-03       5.68936E-07       3.78748E-07
       7.94328E-05       8.31764E-05       8.13046E-05       3.74360E-06       2.80932E-08       7.50432E-03       6.10136E-07       4.06841E-07
       8.31764E-05       8.70964E-05       8.51364E-05       3.92000E-06       3.01289E-08       7.68594E-03       6.54354E-07       4.36970E-07
       8.70964E-05       9.12011E-05       8.91488E-05       4.10471E-06       3.22351E-08       7.85320E-03       7.00103E-07       4.69205E-07
       9.12011E-05       9.54993E-05       9.33502E-05       4.29820E-06       3.44878E-08       8.02378E-03       7.49021E-07       5.03693E-07
       9.54993E-05       1.00000E-04       9.77497E-05       4.50070E-06       3.69174E-08       8.20258E-03       8.01800E-07       5.40610E-07
       1.00000E-04       1.04713E-04       1.02356E-04       4.71300E-06       3.95393E-08       8.38942E-03       8.58712E-07       5.80150E-07
       1.04713E-04       1.09648E-04       1.07181E-04       4.93501E-06       4.23687E-08       8.58533E-03       9.20180E-07       6.22518E-07
       1.09648E-04       1.14815E-04       1.12232E-04       5.16700E-06       4.54267E-08       8.79169E-03       9.86705E-07       6.67945E-07
       1.14815E-04       1.20226E-04       1.17520E-04       5.41100E-06       4.87287E-08       9.00550E-03       1.05833E-06       7.16674E-07
       1.20226E-04       1.25892E-04       1.23059E-04       5.66600E-06       5.23006E-08       9.23060E-03       1.13591E-06       7.68974E-07
       1.25892E-04       1.31826E-04       1.28859E-04       5.93401E-06       5.61094E-08       9.45557E-03       1.21843E-06       8.25084E-07
       1.31826E-04       1.38038E-04       1.34932E-04       6.21199E-06       6.00585E-08       9.66815E-03       1.30454E-06       8.85142E-07
       1.38038E-04       1.44544E-04       1.41291E-04       6.50601E-06       6.43068E-08       9.88422E-03       1.39655E-06       9.49449E-07
       1.44544E-04       1.51356E-04       1.47950E-04       6.81200E-06       6.88902E-08       1.01131E-02       1.49623E-06       1.01834E-06
       1.51356E-04       1.58489E-04       1.54922E-04       7.13300E-06       7.38410E-08       1.03520E-02       1.60376E-06       1.09218E-06
       1.58489E-04       1.65959E-04       1.62224E-04       7.47000E-06       7.91891E-08       1.06010E-02       1.71973E-06       1.17137E-06
       1.65959E-04       1.73780E-04       1.69870E-04       7.82100E-06       8.49314E-08       1.08594E-02       1.84468E-06       1.25630E-06
       1.73780E-04       1.81970E-04       1.77875E-04       8.19000E-06       9.08545E-08       1.10933E-02       1.97323E-06       1.34716E-06
       1.81970E-04       1.90546E-04       1.86258E-04       8.57600E-06       9.71735E-08       1.13309E-02       2.11046E-06       1.44433E-06
       1.90546E-04       1.99526E-04       1.95036E-04       8.98000E-06       1.03986E-07       1.15797E-02       2.25846E-06       1.54831E-06
       1.99526E-04       2.08930E-04       2.04228E-04       9.40399E-06       1.11336E-07       1.18393E-02       2.41791E-06       1.65965E-06
       2.08930E-04       2.18776E-04       2.13853E-04       9.84601E-06       1.19269E-07       1.21135E-02       2.59050E-06       1.77892E-06
       2.18776E-04       2.29087E-04       2.23932E-04       1.03110E-05       1.27834E-07       1.23978E-02       2.77626E-06       1.90675E-06
       2.29087E-04       2.39883E-04       2.34485E-04       1.07960E-05       1.37087E-07       1.26979E-02       2.97747E-06       2.04384E-06
       2.39883E-04       2.51189E-04       2.45536E-04       1.13060E-05       1.47086E-07       1.30096E-02       3.19431E-06       2.19093E-06
       2.51189E-04       2.63027E-04       2.57108E-04       1.18380E-05       1.57762E-07       1.33267E-02       3.42641E-06       2.34869E-06
       2.63027E-04       2.75423E-04       2.69225E-04       1.23960E-05       1.68794E-07       1.36168E-02       3.66598E-06       2.51748E-06
       2.75423E-04       2.88403E-04       2.81913E-04       1.29800E-05       1.80632E-07       1.39162E-02       3.92316E-06       2.69811E-06
       2.88403E-04       3.01995E-04       2.95199E-04       1.35920E-05       1.93405E-07       1.42294E-02       4.20049E-06       2.89152E-06
       3.01995E-04       3.16228E-04       3.09111E-04       1.42330E-05       2.07191E-07       1.45571E-02       4.49977E-06       3.09871E-06
       3.16228E-04       3.31131E-04       3.23680E-04       1.49030E-05       2.22076E-07       1.49014E-02       4.82328E-06       3.32079E-06
       3.31131E-04       3.46737E-04       3.38934E-04       1.56060E-05       2.38083E-07       1.52559E-02       5.17073E-06       3.55887E-06
       3.46737E-04       3.63078E-04       3.54908E-04       1.63410E-05       2.54659E-07       1.55840E-02       5.53089E-06       3.81353E-06
       3.63078E-04       3.80189E-04       3.71634E-04       1.71110E-05       2.72323E-07       1.59151E-02       5.91458E-06       4.08585E-06
       3.80189E-04       3.98107E-04       3.89148E-04       1.79180E-05       2.91369E-07       1.62612E-02       6.32803E-06       4.37722E-06
       3.98107E-04       4.16869E-04       4.07488E-04       1.87620E-05       3.11911E-07       1.66246E-02       6.77433E-06       4.68913E-06
       4.16869E-04       4.36516E-04       4.26692E-04       1.96470E-05       3.34076E-07       1.70039E-02       7.25545E-06       5.02321E-06
       4.36516E-04       4.57088E-04       4.46802E-04       2.05720E-05       3.58010E-07       1.74028E-02       7.77559E-06       5.38122E-06
       4.57088E-04       4.78630E-04       4.67859E-04       2.15420E-05       3.83858E-07       1.78190E-02       8.33680E-06       5.76508E-06
       4.78630E-04       5.01187E-04       4.89909E-04       2.25570E-05       4.11791E-07       1.82556E-02       8.94356E-06       6.17687E-06
       5.01187E-04       5.24808E-04       5.12998E-04       2.36210E-05       4.41685E-07       1.86989E-02       9.59247E-06       6.61855E-06
       5.24808E-04       5.49541E-04       5.37175E-04       2.47330E-05       4.72654E-07       1.91102E-02       1.02655E-05       7.09120E-06
       5.49541E-04       5.75440E-04       5.62491E-04       2.58990E-05       5.05870E-07       1.95324E-02       1.09868E-05       7.59707E-06
       5.75440E-04       6.02560E-04       5.89000E-04       2.71200E-05       5.41711E-07       1.99746E-02       1.17650E-05       8.13879E-06
       6.02560E-04       6.30957E-04       6.16758E-04       2.83970E-05       5.80394E-07       2.04386E-02       1.26057E-05       8.71918E-06
       6.30957E-04       6.60693E-04       6.45825E-04       2.97360E-05       6.22173E-07       2.09232E-02       1.35127E-05       9.34135E-06
       6.60693E-04       6.91831E-04       6.76262E-04       3.11380E-05       6.67146E-07       2.14255E-02       1.44892E-05       1.00085E-05
       6.91831E-04       7.24436E-04       7.08133E-04       3.26050E-05       7.13766E-07       2.18913E-02       1.55020E-05       1.07223E-05
       7.24436E-04       7.58578E-04       7.41507E-04       3.41420E-05       7.63361E-07       2.23584E-02       1.65789E-05       1.14856E-05
       7.58578E-04       7.94328E-04       7.76453E-04       3.57500E-05       8.16833E-07       2.28485E-02       1.77408E-05       1.23025E-05
       7.94328E-04       8.31764E-04       8.13046E-04       3.74360E-05       8.74517E-07       2.33603E-02       1.89930E-05       1.31770E-05
       8.31764E-04       8.70964E-04       8.51364E-04       3.92000E-05       9.36765E-07       2.38971E-02       2.03451E-05       1.41137E-05
       8.70964E-04       9.12011E-04       8.91487E-04       4.10470E-05       1.00398E-06       2.44592E-02       2.18051E-05       1.51177E-05
       9.12011E-04       9.54993E-04       9.33502E-04       4.29820E-05       1.07659E-06       2.50474E-02       2.33818E-05       1.61943E-05
       9.54993E-04       1.00000E-03       9.77497E-04       4.50070E-05       1.15505E-06       2.56638E-02       2.50863E-05       1.73494E-05
       1.00000E-03       1.04713E-03       1.02356E-03       4.71300E-05       1.23918E-06       2.62928E-02       2.69124E-05       1.85885E-05
       1.04713E-03       1.09648E-03       1.07180E-03       4.93500E-05       1.32628E-06       2.68750E-02       2.88047E-05       1.99148E-05
       1.09648E-03       1.14815E-03       1.12231E-03       5.16700E-05       1.41965E-06       2.74753E-02       3.08360E-05       2.13345E-05
       1.14815E-03       1.20226E-03       1.17520E-03       5.41100E-05       1.52033E-06       2.80971E-02       3.30198E-05       2.28548E-05
       1.20226E-03       1.25892E-03       1.23059E-03       5.66600E-05       1.62908E-06       2.87519E-02       3.53818E-05       2.44839E-05
       1.25892E-03       1.31826E-03       1.28859E-03       5.93400E-05       1.74653E-06       2.94326E-02       3.79266E-05       2.62304E-05
       1.31826E-03       1.38038E-03       1.34932E-03       6.21200E-05       1.87302E-06       3.01516E-02       4.06842E-05       2.81034E-05
       1.38038E-03       1.44544E-03       1.41291E-03       6.50599E-05       2.00433E-06       3.08074E-02       4.35281E-05       3.01078E-05
       1.44544E-03       1.51356E-03       1.47950E-03       6.81201E-05       2.14367E-06       3.14690E-02       4.65584E-05       3.22514E-05
       1.51356E-03       1.58489E-03       1.54923E-03       7.13300E-05       2.29396E-06       3.21598E-02       4.98228E-05       3.45454E-05
       1.58489E-03       1.65959E-03       1.62224E-03       7.47000E-05       2.45607E-06       3.28791E-02       5.33378E-05       3.70015E-05
       1.65959E-03       1.73780E-03       1.69870E-03       7.82101E-05       2.63100E-06       3.36402E-02       5.71444E-05       3.96325E-05
       1.73780E-03       1.81970E-03       1.77875E-03       8.18999E-05       2.81991E-06       3.44312E-02       6.12444E-05       4.24524E-05
       1.81970E-03       1.90546E-03       1.86258E-03       8.57600E-05       3.02398E-06       3.52610E-02       6.56763E-05       4.54763E-05
       1.90546E-03       1.99526E-03       1.95036E-03       8.98001E-05       3.24450E-06       3.61303E-02       7.04671E-05       4.87208E-05
       1.99526E-03       2.08930E-03       2.04228E-03       9.40400E-05       3.48113E-06       3.70176E-02       7.56002E-05       5.22020E-05
       2.08930E-03       2.18776E-03       2.13853E-03       9.84600E-05       3.72500E-06       3.78326E-02       8.09062E-05       5.59270E-05
       2.18776E-03       2.29087E-03       2.23932E-03       1.03110E-04       3.98551E-06       3.86529E-02       8.65561E-05       5.99125E-05
       2.29087E-03       2.39883E-03       2.34485E-03       1.07960E-04       4.26649E-06       3.95191E-02       9.26665E-05       6.41790E-05
       2.39883E-03       2.51189E-03       2.45536E-03       1.13060E-04       4.56970E-06       4.04184E-02       9.92418E-05       6.87487E-05
       2.51189E-03       2.63027E-03       2.57108E-03       1.18380E-04       8.02143E-06       6.77599E-02       1.74216E-04       7.67701E-05
       2.63027E-03       2.75423E-03       2.69225E-03       1.23960E-04       1.96650E-05       1.58640E-01       4.27098E-04       9.64351E-05
       2.75423E-03       2.88403E-03       2.81913E-03       1.29800E-04       2.06976E-05       1.59458E-01       4.49532E-04       1.17133E-04
       2.88403E-03       3.01995E-03       2.95199E-03       1.35920E-04       2.17916E-05       1.60327E-01       4.73283E-04       1.38924E-04
       3.01995E-03       3.16228E-03       3.09112E-03       1.42330E-04       2.29387E-05       1.61166E-01       4.98181E-04       1.61863E-04
       3.16228E-03       3.31131E-03       3.23679E-03       1.49030E-04       2.41642E-05       1.62143E-01       5.24823E-04       1.86027E-04
       3.31131E-03       3.46737E-03       3.38934E-03       1.56060E-04       2.54552E-05       1.63111E-01       5.52840E-04       2.11482E-04
       3.46737E-03       3.63078E-03       3.54907E-03       1.63410E-04       2.68243E-05       1.64153E-01       5.82593E-04       2.38307E-04
       3.63078E-03       3.80189E-03       3.71633E-03       1.71110E-04       2.82699E-05       1.65215E-01       6.13994E-04       2.66577E-04
       3.80189E-03       3.98107E-03       3.89148E-03       1.79180E-04       2.98011E-05       1.66319E-01       6.47227E-04       2.96378E-04
       3.98107E-03       4.16869E-03       4.07488E-03       1.87620E-04       3.14192E-05       1.67462E-01       6.82388E-04       3.27797E-04
       4.16869E-03       4.36516E-03       4.26693E-03       1.96470E-04       3.31184E-05       1.68567E-01       7.19263E-04       3.60915E-04
       4.36516E-03       4.57088E-03       4.46802E-03       2.05720E-04       3.48985E-05       1.69641E-01       7.57960E-04       3.95814E-04
       4.57088E-03       4.78630E-03       4.67859E-03       2.15420E-04       3.67877E-05       1.70772E-01       7.98972E-04       4.32601E-04
       4.78630E-03       5.01187E-03       4.89909E-03       2.25570E-04       3.87911E-05       1.71969E-01       8.42490E-04       4.71393E-04
       5.01187E-03       5.24807E-03       5.12997E-03       2.36200E-04       4.09059E-05       1.73184E-01       8.88427E-04       5.12298E-04
       5.24807E-03       5.49541E-03       5.37174E-03       2.47340E-04       4.31606E-05       1.74499E-01       9.37363E-04       5.55459E-04
       5.49541E-03       5.75440E-03       5.62491E-03       2.58990E-04       4.54895E-05       1.75642E-01       9.87969E-04       6.00949E-04
       5.75440E-03       6.02560E-03       5.89000E-03       2.71200E-04       4.79382E-05       1.76763E-01       1.04114E-03       6.48887E-04
       6.02560E-03       6.30957E-03       6.16759E-03       2.83970E-04       5.05385E-05       1.77971E-01       1.09765E-03       6.99425E-04
       6.30957E-03       6.60693E-03       6.45825E-03       2.97360E-04       5.32799E-05       1.79176E-01       1.15717E-03       7.52705E-04
       6.60693E-03       6.91831E-03       6.76262E-03       3.11380E-04       5.62044E-05       1.80501E-01       1.22066E-03       8.08910E-04
       6.91831E-03       7.24436E-03       7.08133E-03       3.26050E-04       5.92911E-05       1.81847E-01       1.28772E-03       8.68201E-04
       7.24436E-03       7.58578E-03       7.41507E-03       3.41420E-04       6.25731E-05       1.83273E-01       1.35898E-03       9.30774E-04
       7.58578E-03       7.94328E-03       7.76453E-03       3.57500E-04       6.60655E-05       1.84799E-01       1.43487E-03       9.96839E-04
       7.94328E-03       8.31764E-03       8.13046E-03       3.74360E-04       6.97515E-05       1.86322E-01       1.51488E-03       1.06659E-03
       8.31764E-03       8.70964E-03       8.51364E-03       3.92000E-04       7.35832E-05       1.87712E-01       1.59811E-03       1.14017E-03
       8.70964E-03       9.12011E-03       8.91487E-03       4.10471E-04       7.76093E-05       1.89074E-01       1.68557E-03       1.21778E-03
       9.12011E-03       9.54993E-03       9.33502E-03       4.29819E-04       8.18763E-05       1.90490E-01       1.77823E-03       1.29966E-03
       9.54993E-03       1.00000E-02       9.77496E-03       4.50070E-04       8.64101E-05       1.91992E-01       1.87672E-03       1.38607E-03
       1.00000E-02       1.04713E-02       1.02357E-02       4.71300E-04       9.12303E-05       1.93572E-01       1.98133E-03       1.47730E-03
       1.04713E-02       1.09648E-02       1.07180E-02       4.93500E-04       9.63542E-05       1.95247E-01       2.09266E-03       1.57365E-03
       1.09648E-02       1.14815E-02       1.12232E-02       5.16700E-04       1.01678E-04       1.96783E-01       2.20853E-03       1.67533E-03
       1.14815E-02       1.20226E-02       1.17521E-02       5.41100E-04       1.07256E-04       1.98218E-01       2.32947E-03       1.78259E-03
       1.20226E-02       1.25892E-02       1.23059E-02       5.66601E-04       1.13181E-04       1.99755E-01       2.45816E-03       1.89577E-03
       1.25892E-02       1.31826E-02       1.28859E-02       5.93399E-04       1.19471E-04       2.01333E-01       2.59435E-03       2.01524E-03
       1.31826E-02       1.38038E-02       1.34932E-02       6.21200E-04       1.26167E-04       2.03103E-01       2.74051E-03       2.14141E-03
       1.38038E-02       1.44544E-02       1.41291E-02       6.50601E-04       1.33288E-04       2.04869E-01       2.89461E-03       2.27470E-03
       1.44544E-02       1.51356E-02       1.47950E-02       6.81199E-04       1.40852E-04       2.06771E-01       3.05917E-03       2.41555E-03
       1.51356E-02       1.58489E-02       1.54923E-02       7.13301E-04       1.48922E-04       2.08779E-01       3.23446E-03       2.56447E-03
       1.58489E-02       1.65959E-02       1.62224E-02       7.47000E-04       1.57493E-04       2.10834E-01       3.42023E-03       2.72196E-03
       1.65959E-02       1.73780E-02       1.69870E-02       7.82100E-04       1.66440E-04       2.12812E-01       3.61503E-03       2.88840E-03
       1.73780E-02       1.81970E-02       1.77875E-02       8.19000E-04       1.75899E-04       2.14773E-01       3.82028E-03       3.06430E-03
       1.81970E-02       1.90546E-02       1.86258E-02       8.57600E-04       1.85973E-04       2.16853E-01       4.03905E-03       3.25028E-03
       1.90546E-02       1.99526E-02       1.95036E-02       8.98000E-04       1.96713E-04       2.19057E-01       4.27240E-03       3.44699E-03
       1.99526E-02       2.08930E-02       2.04228E-02       9.40400E-04       2.20526E-04       2.34502E-01       4.78919E-03       3.66751E-03
       2.08930E-02       2.18776E-02       2.13853E-02       9.84600E-04       2.56055E-04       2.60060E-01       5.56146E-03       3.92357E-03
       2.18776E-02       2.29087E-02       2.23931E-02       1.03110E-03       2.70347E-04       2.62192E-01       5.87131E-03       4.19392E-03
       2.29087E-02       2.39883E-02       2.34485E-02       1.07960E-03       2.85206E-04       2.64177E-01       6.19455E-03       4.47912E-03
       2.39883E-02       2.51189E-02       2.45536E-02       1.13060E-03       3.10053E-04       2.74238E-01       6.73352E-03       4.78917E-03
       2.51189E-02       2.63027E-02       2.57108E-02       1.18380E-03       3.34245E-04       2.82350E-01       7.25944E-03       5.12342E-03
       2.63027E-02       2.75423E-02       2.69225E-02       1.23960E-03       3.52733E-04       2.84553E-01       7.66088E-03       5.47615E-03
       2.75423E-02       2.88403E-02       2.81913E-02       1.29800E-03       3.72403E-04       2.86905E-01       8.08822E-03       5.84855E-03
       2.88403E-02       3.01995E-02       2.95199E-02       1.35920E-03       3.93341E-04       2.89392E-01       8.54282E-03       6.24190E-03
       3.01995E-02       3.16228E-02       3.09112E-02       1.42330E-03       4.15654E-04       2.92035E-01       9.02714E-03       6.65755E-03
       3.16228E-02       3.31131E-02       3.23680E-02       1.49030E-03       4.39416E-04       2.94851E-01       9.54372E-03       7.09697E-03
       3.31131E-02       3.46737E-02       3.38934E-02       1.56060E-03       4.64133E-04       2.97407E-01       1.00801E-02       7.56110E-03
       3.46737E-02       3.63078E-02       3.54908E-02       1.63410E-03       4.90202E-04       2.99982E-01       1.06466E-02       8.05130E-03
       3.63078E-02       3.80189E-02       3.71633E-02       1.71110E-03       5.17998E-04       3.02728E-01       1.12504E-02       8.56930E-03
       3.80189E-02       3.98107E-02       3.89148E-02       1.79180E-03       5.47637E-04       3.05635E-01       1.18937E-02       9.11693E-03
       3.98107E-02       4.16869E-02       4.07488E-02       1.87620E-03       5.79281E-04       3.08753E-01       1.25813E-02       9.69622E-03
       4.16869E-02       4.36516E-02       4.26693E-02       1.96470E-03       6.34742E-04       3.23072E-01       1.37853E-02       1.03310E-02
       4.36516E-02       4.57088E-02       4.46802E-02       2.05720E-03       6.92838E-04       3.36787E-01       1.50477E-02       1.10238E-02
       4.57088E-02       4.78630E-02       4.67859E-02       2.15420E-03       7.33106E-04       3.40315E-01       1.59219E-02       1.17569E-02
       4.78630E-02       5.01187E-02       4.89908E-02       2.25570E-03       7.78749E-04       3.45236E-01       1.69134E-02       1.25357E-02
       5.01187E-02       5.24808E-02       5.12998E-02       2.36210E-03       8.46917E-04       3.58544E-01       1.83932E-02       1.33826E-02
       5.24808E-02       5.49541E-02       5.37174E-02       2.47330E-03       9.57588E-04       3.87170E-01       2.07978E-02       1.43402E-02
       5.49541E-02       5.75440E-02       5.62491E-02       2.58990E-03       1.08729E-03       4.19821E-01       2.36145E-02       1.54275E-02
       5.75440E-02       6.02560E-02       5.89000E-02       2.71200E-03       1.15170E-03       4.24667E-01       2.50129E-02       1.65791E-02
       6.02560E-02       6.30957E-02       6.16758E-02       2.83970E-03       1.22057E-03       4.29822E-01       2.65096E-02       1.77997E-02
       6.30957E-02       6.60693E-02       6.45825E-02       2.97360E-03       1.34095E-03       4.50951E-01       2.91236E-02       1.91407E-02
       6.60693E-02       6.91831E-02       6.76262E-02       3.11380E-03       1.51194E-03       4.85560E-01       3.28366E-02       2.06526E-02
       6.91831E-02       7.24436E-02       7.08134E-02       3.26050E-03       1.60533E-03       4.92358E-01       3.48655E-02       2.22579E-02
       7.24436E-02       7.58578E-02       7.41507E-02       3.41420E-03       1.71837E-03       5.03300E-01       3.73201E-02       2.39763E-02
       7.58578E-02       7.94328E-02       7.76453E-02       3.57500E-03       1.88938E-03       5.28497E-01       4.10353E-02       2.58657E-02
       7.94328E-02       8.31764E-02       8.13046E-02       3.74360E-03       2.06606E-03       5.51891E-01       4.48713E-02       2.79317E-02
       8.31764E-02       8.70964E-02       8.51364E-02       3.92000E-03       2.19624E-03       5.60266E-01       4.76990E-02       3.01280E-02
       8.70964E-02       9.12011E-02       8.91488E-02       4.10470E-03       2.40576E-03       5.86099E-01       5.22500E-02       3.25337E-02
       9.12011E-02       9.54993E-02       9.33502E-02       4.29820E-03       2.67683E-03       6.22780E-01       5.81366E-02       3.52106E-02
       9.54993E-02       1.00000E-01       9.77497E-02       4.50070E-03       2.88423E-03       6.40840E-01       6.26419E-02       3.80948E-02
       1.00000E-01       1.04713E-01       1.02357E-01       4.71300E-03       3.05850E-03       6.48949E-01       6.64241E-02       4.11533E-02
       1.04713E-01       1.09648E-01       1.07180E-01       4.93500E-03       3.24418E-03       6.57383E-01       7.04586E-02       4.43975E-02
       1.09648E-01       1.14815E-01       1.12231E-01       5.16700E-03       3.44228E-03       6.66204E-01       7.47691E-02       4.78398E-02
       1.14815E-01       1.20226E-01       1.17520E-01       5.41100E-03       3.65320E-03       6.75142E-01       7.93431E-02       5.14930E-02
       1.20226E-01       1.25892E-01       1.23059E-01       5.66600E-03       3.87803E-03       6.84439E-01       8.42264E-02       5.53710E-02
       1.25892E-01       1.31826E-01       1.28859E-01       5.93400E-03       4.11850E-03       6.94051E-01       8.94347E-02       5.94895E-02
       1.31826E-01       1.38038E-01       1.34932E-01       6.21200E-03       4.40514E-03       7.09134E-01       9.56849E-02       6.38946E-02
       1.38038E-01       1.44544E-01       1.41291E-01       6.50600E-03       4.73138E-03       7.27234E-01       1.02752E-01       6.86260E-02
       1.44544E-01       1.51356E-01       1.47950E-01       6.81200E-03       5.08238E-03       7.46092E-01       1.10384E-01       7.37084E-02
       1.51356E-01       1.58489E-01       1.54923E-01       7.13300E-03       5.46015E-03       7.65477E-01       1.18590E-01       7.91685E-02
       1.58489E-01       1.65959E-01       1.62224E-01       7.47000E-03       5.86642E-03       7.85331E-01       1.27399E-01       8.50350E-02
       1.65959E-01       1.73780E-01       1.69869E-01       7.82100E-03       6.30314E-03       8.05924E-01       1.36902E-01       9.13381E-02
       1.73780E-01       1.81970E-01       1.77875E-01       8.19000E-03       6.76120E-03       8.25543E-01       1.46844E-01       9.80993E-02
       1.81970E-01       1.90546E-01       1.86258E-01       8.57600E-03       7.23694E-03       8.43860E-01       1.57176E-01       1.05336E-01
       1.90546E-01       1.99526E-01       1.95036E-01       8.98000E-03       7.74564E-03       8.62544E-01       1.68227E-01       1.13082E-01
       1.99526E-01       2.08930E-01       2.04228E-01       9.40400E-03       8.28998E-03       8.81537E-01       1.80035E-01       1.21372E-01
       2.08930E-01       2.18776E-01       2.13853E-01       9.84600E-03       8.87219E-03       9.01096E-01       1.92702E-01       1.30244E-01
       2.18776E-01       2.29087E-01       2.23931E-01       1.03110E-02       9.49488E-03       9.20850E-01       2.06207E-01       1.39739E-01
       2.29087E-01       2.39883E-01       2.34485E-01       1.07960E-02       1.01611E-02       9.41193E-01       2.20696E-01       1.49900E-01
       2.39883E-01       2.51189E-01       2.45536E-01       1.13060E-02       1.08741E-02       9.61799E-01       2.36156E-01       1.60774E-01
       2.51189E-01       2.63027E-01       2.57108E-01       1.18380E-02       1.16288E-02       9.82325E-01       2.52564E-01       1.72403E-01
       2.63027E-01       2.75423E-01       2.69225E-01       1.23960E-02       1.24014E-02       1.00043E+00       2.69342E-01       1.84804E-01
       2.75423E-01       2.88403E-01       2.81913E-01       1.29800E-02       1.32225E-02       1.01868E+00       2.87179E-01       1.98027E-01
       2.88403E-01       3.01995E-01       2.95199E-01       1.35920E-02       1.41005E-02       1.03741E+00       3.06243E-01       2.12127E-01
       3.01995E-01       3.16228E-01       3.09112E-01       1.42330E-02       1.50409E-02       1.05677E+00       3.26659E-01       2.27168E-01
       3.16228E-01       3.31131E-01       3.23680E-01       1.49030E-02       1.60498E-02       1.07695E+00       3.48588E-01       2.43218E-01
       3.31131E-01       3.46737E-01       3.38934E-01       1.56060E-02       1.71341E-02       1.09792E+00       3.72121E-01       2.60352E-01
       3.46737E-01       3.63078E-01       3.54908E-01       1.63410E-02       1.82999E-02       1.11987E+00       3.97452E-01       2.78652E-01
       3.63078E-01       3.80189E-01       3.71633E-01       1.71110E-02       1.95670E-02       1.14354E+00       4.24976E-01       2.98219E-01
       3.80189E-01       3.98107E-01       3.89148E-01       1.79180E-02       2.22910E-02       1.24406E+00       4.84122E-01       3.20510E-01
       3.98107E-01       4.16869E-01       4.07488E-01       1.87620E-02       2.45288E-02       1.30737E+00       5.32736E-01       3.45039E-01
       4.16869E-01       4.36516E-01       4.26692E-01       1.96470E-02       2.22562E-02       1.13281E+00       4.83359E-01       3.67295E-01
       4.36516E-01       4.57088E-01       4.46802E-01       2.05720E-02       2.25507E-02       1.09618E+00       4.89777E-01       3.89846E-01
       4.57088E-01       4.78630E-01       4.67859E-01       2.15420E-02       2.28186E-02       1.05926E+00       4.95585E-01       4.12664E-01
       4.78630E-01       5.01187E-01       4.89909E-01       2.25570E-02       2.30430E-02       1.02155E+00       5.00464E-01       4.35707E-01
       5.01187E-01       5.24808E-01       5.12998E-01       2.36210E-02       2.33029E-02       9.86533E-01       5.06089E-01       4.59010E-01
       5.24808E-01       5.49541E-01       5.37174E-01       2.47330E-02       2.35919E-02       9.53862E-01       5.12391E-01       4.82602E-01
       5.49541E-01       5.75440E-01       5.62490E-01       2.58990E-02       2.38382E-02       9.20430E-01       5.17733E-01       5.06440E-01
       5.75440E-01       6.02560E-01       5.89000E-01       2.71200E-02       2.40323E-02       8.86145E-01       5.21940E-01       5.30473E-01
       6.02560E-01       6.30957E-01       6.16758E-01       2.83970E-02       2.41621E-02       8.50868E-01       5.24780E-01       5.54635E-01
       6.30957E-01       6.60693E-01       6.45825E-01       2.97360E-02       2.42134E-02       8.14280E-01       5.25883E-01       5.78848E-01
       6.60693E-01       6.91831E-01       6.76262E-01       3.11380E-02       2.42296E-02       7.78136E-01       5.26224E-01       6.03078E-01
       6.91831E-01       7.24436E-01       7.08133E-01       3.26050E-02       2.42177E-02       7.42759E-01       5.25973E-01       6.27295E-01
       7.24436E-01       7.58578E-01       7.41507E-01       3.41420E-02       2.40881E-02       7.05528E-01       5.23154E-01       6.51384E-01
       7.58578E-01       7.94328E-01       7.76453E-01       3.57500E-02       2.38179E-02       6.66235E-01       5.17300E-01       6.75201E-01
       7.94328E-01       8.31764E-01       8.13046E-01       3.74360E-02       2.34104E-02       6.25346E-01       5.08435E-01       6.98612E-01
       8.31764E-01       8.70964E-01       8.51364E-01       3.92000E-02       2.35723E-02       6.01333E-01       5.11953E-01       7.22184E-01
       8.70964E-01       9.12011E-01       8.91487E-01       4.10470E-02       2.40637E-02       5.86248E-01       5.22633E-01       7.46248E-01
       9.12011E-01       9.54993E-01       9.33502E-01       4.29820E-02       2.30795E-02       5.36957E-01       5.01250E-01       7.69327E-01
       9.54993E-01       1.00000E+00       9.77497E-01       4.50070E-02       2.14097E-02       4.75697E-01       4.64992E-01       7.90737E-01
       1.00000E+00       1.04713E+00       1.02357E+00       4.71300E-02       1.96414E-02       4.16750E-01       4.26570E-01       8.10378E-01
       1.04713E+00       1.09648E+00       1.07181E+00       4.93500E-02       1.77208E-02       3.59083E-01       3.84867E-01       8.28099E-01
       1.09648E+00       1.14815E+00       1.12231E+00       5.16700E-02       1.66844E-02       3.22903E-01       3.62399E-01       8.44784E-01
       1.14815E+00       1.20226E+00       1.17520E+00       5.41100E-02       1.72547E-02       3.18883E-01       3.74752E-01       8.62038E-01
       1.20226E+00       1.25892E+00       1.23059E+00       5.66600E-02       1.78007E-02       3.14167E-01       3.86611E-01       8.79839E-01
       1.25892E+00       1.31826E+00       1.28859E+00       5.93400E-02       1.69133E-02       2.85024E-01       3.67279E-01       8.96752E-01
       1.31826E+00       1.38038E+00       1.34932E+00       6.21200E-02       1.65366E-02       2.66204E-01       3.59195E-01       9.13289E-01
       1.38038E+00       1.44544E+00       1.41291E+00       6.50600E-02       1.47788E-02       2.27157E-01       3.20953E-01       9.28068E-01
       1.44544E+00       1.51356E+00       1.47950E+00       6.81200E-02       1.01643E-02       1.49211E-01       2.20758E-01       9.38232E-01
       1.51356E+00       1.58489E+00       1.54923E+00       7.13300E-02       8.21275E-03       1.15137E-01       1.78374E-01       9.46445E-01
       1.58489E+00       1.65959E+00       1.62224E+00       7.47000E-02       7.71068E-03       1.03222E-01       1.67451E-01       9.54156E-01
       1.65959E+00       1.73780E+00       1.69869E+00       7.82100E-02       7.10297E-03       9.08192E-02       1.54274E-01       9.61258E-01
       1.73780E+00       1.81970E+00       1.77875E+00       8.19000E-02       6.43292E-03       7.85460E-02       1.39714E-01       9.67691E-01
       1.81970E+00       1.90546E+00       1.86258E+00       8.57600E-02       5.68577E-03       6.62987E-02       1.23487E-01       9.73377E-01
       1.90546E+00       1.99526E+00       1.95036E+00       8.98000E-02       4.94515E-03       5.50685E-02       1.07403E-01       9.78322E-01
       1.99526E+00       2.08930E+00       2.04228E+00       9.40400E-02       4.21400E-03       4.48107E-02       9.15160E-02       9.82536E-01
       2.08930E+00       2.18776E+00       2.13853E+00       9.84600E-02       3.53613E-03       3.59144E-02       7.68040E-02       9.86072E-01
       2.18776E+00       2.29087E+00       2.23932E+00       1.03110E-01       2.95031E-03       2.86132E-02       6.40739E-02       9.89023E-01
       2.29087E+00       2.39883E+00       2.34485E+00       1.07960E-01       2.45572E-03       2.27465E-02       5.33372E-02       9.91478E-01
       2.39883E+00       2.51189E+00       2.45536E+00       1.13060E-01       2.04714E-03       1.81067E-02       4.44585E-02       9.93526E-01
       2.51189E+00       2.63027E+00       2.57108E+00       1.18380E-01       1.71954E-03       1.45256E-02       3.73464E-02       9.95245E-01
       2.63027E+00       2.75423E+00       2.69225E+00       1.23960E-01       1.45238E-03       1.17166E-02       3.15439E-02       9.96697E-01
       2.75423E+00       2.88403E+00       2.81913E+00       1.29800E-01       1.21287E-03       9.34417E-03       2.63424E-02       9.97910E-01
       2.88403E+00       3.01995E+00       2.95199E+00       1.35920E-01       9.65093E-04       7.10045E-03       2.09605E-02       9.98875E-01
       3.01995E+00       3.16228E+00       3.09111E+00       1.42330E-01       6.74958E-04       4.74221E-03       1.46587E-02       9.99550E-01
       3.16228E+00       3.31131E+00       3.23679E+00       1.49030E-01       3.72651E-04       2.50051E-03       8.09363E-03       9.99923E-01
       3.31131E+00       3.46737E+00       3.38934E+00       1.56060E-01       7.69259E-05       4.92925E-04       1.67069E-03       1.00000E+00

 Sum =                                                                         1.00000E+00
 Renormalization bin#   935 =                                                  7.42049E-01 barn        1.18000E+07        1.20000E+07        1.19000E+07
 Avg. Energy     bin#   935 =                                                  6.84752E-01 MeV         1.18000E+07        1.20000E+07
