"        MT= 91 recoil spectrum "
" Initial neutron energy corresponds to the group:"
   2.42000E+01    2.44000E+01       0.00000E+00           615           910           296



          Low               High              Mid              Energy           Number             dn/de            E*dn/de          Cumulative
         Energy            Energy            Energy             Width          Fraction                               Sum   
         [MeV]             [MeV]             [MeV]              [MeV]

       9.97500E-06       1.00000E-05       9.98750E-06       2.49996E-08       0.00000E+00       0.00000E+00       0.00000E+00       0.00000E+00
       1.00000E-05       1.04713E-05       1.02356E-05       4.71300E-07       1.77664E-10       3.76965E-04       3.85848E-09       1.77664E-10
       1.04713E-05       1.09648E-05       1.07180E-05       4.93500E-07       1.94792E-10       3.94716E-04       4.23058E-09       3.72456E-10
       1.09648E-05       1.14815E-05       1.12232E-05       5.16700E-07       2.13591E-10       4.13376E-04       4.63938E-09       5.86047E-10
       1.14815E-05       1.20226E-05       1.17521E-05       5.41101E-07       2.34191E-10       4.32805E-04       5.08635E-09       8.20238E-10
       1.20226E-05       1.25892E-05       1.23059E-05       5.66600E-07       2.56798E-10       4.53226E-04       5.57735E-09       1.07704E-09
       1.25892E-05       1.31826E-05       1.28859E-05       5.93400E-07       2.81574E-10       4.74509E-04       6.11448E-09       1.35861E-09
       1.31826E-05       1.38038E-05       1.34932E-05       6.21200E-07       3.08737E-10       4.97000E-04       6.70613E-09       1.66735E-09
       1.38038E-05       1.44544E-05       1.41291E-05       6.50600E-07       3.38524E-10       5.20326E-04       7.35174E-09       2.00587E-09
       1.44544E-05       1.51356E-05       1.47950E-05       6.81200E-07       3.71176E-10       5.44885E-04       8.06158E-09       2.37705E-09
       1.51356E-05       1.58489E-05       1.54922E-05       7.13300E-07       4.06995E-10       5.70581E-04       8.83958E-09       2.78404E-09
       1.58489E-05       1.65959E-05       1.62224E-05       7.47000E-07       4.46253E-10       5.97394E-04       9.69116E-09       3.23029E-09
       1.65959E-05       1.73780E-05       1.69869E-05       7.82101E-07       4.89307E-10       6.25632E-04       1.06276E-08       3.71960E-09
       1.73780E-05       1.81970E-05       1.77875E-05       8.19000E-07       5.36517E-10       6.55087E-04       1.16524E-08       4.25612E-09
       1.81970E-05       1.90546E-05       1.86258E-05       8.57599E-07       5.88282E-10       6.85963E-04       1.27766E-08       4.84440E-09
       1.90546E-05       1.99526E-05       1.95036E-05       8.98001E-07       6.45037E-10       7.18303E-04       1.40095E-08       5.48944E-09
       1.99526E-05       2.08930E-05       2.04228E-05       9.40399E-07       7.07270E-10       7.52096E-04       1.53599E-08       6.19671E-09
       2.08930E-05       2.18776E-05       2.13853E-05       9.84600E-07       7.75513E-10       7.87643E-04       1.68440E-08       6.97222E-09
       2.18776E-05       2.29087E-05       2.23932E-05       1.03110E-06       8.50319E-10       8.24671E-04       1.84670E-08       7.82254E-09
       2.29087E-05       2.39883E-05       2.34485E-05       1.07960E-06       9.32360E-10       8.63617E-04       2.02505E-08       8.75490E-09
       2.39883E-05       2.51189E-05       2.45536E-05       1.13060E-06       1.02231E-09       9.04218E-04       2.22018E-08       9.77721E-09
       2.51189E-05       2.63027E-05       2.57108E-05       1.18380E-06       1.12100E-09       9.46952E-04       2.43469E-08       1.08982E-08
       2.63027E-05       2.75423E-05       2.69225E-05       1.23960E-06       1.22904E-09       9.91486E-04       2.66933E-08       1.21273E-08
       2.75423E-05       2.88403E-05       2.81913E-05       1.29800E-06       1.34772E-09       1.03830E-03       2.92711E-08       1.34750E-08
       2.88403E-05       3.01995E-05       2.95199E-05       1.35920E-06       1.47767E-09       1.08717E-03       3.20930E-08       1.49526E-08
       3.01995E-05       3.16228E-05       3.09111E-05       1.42330E-06       1.62021E-09       1.13835E-03       3.51877E-08       1.65729E-08
       3.16228E-05       3.31131E-05       3.23679E-05       1.49030E-06       1.77653E-09       1.19206E-03       3.85846E-08       1.83494E-08
       3.31131E-05       3.46737E-05       3.38934E-05       1.56060E-06       1.94803E-09       1.24826E-03       4.23077E-08       2.02974E-08
       3.46737E-05       3.63078E-05       3.54907E-05       1.63410E-06       2.13591E-09       1.30709E-03       4.63895E-08       2.24333E-08
       3.63078E-05       3.80189E-05       3.71634E-05       1.71110E-06       2.34202E-09       1.36872E-03       5.08662E-08       2.47754E-08
       3.80189E-05       3.98107E-05       3.89148E-05       1.79180E-06       2.56798E-09       1.43318E-03       5.57721E-08       2.73433E-08
       3.98107E-05       4.16869E-05       4.07488E-05       1.87620E-06       2.81563E-09       1.50071E-03       6.11520E-08       3.01590E-08
       4.16869E-05       4.36516E-05       4.26692E-05       1.96470E-06       3.08693E-09       1.57120E-03       6.70418E-08       3.32459E-08
       4.36516E-05       4.57088E-05       4.46802E-05       2.05720E-06       3.33827E-09       1.62273E-03       7.25037E-08       3.65842E-08
       4.57088E-05       4.78630E-05       4.67859E-05       2.15420E-06       3.57074E-09       1.65757E-03       7.75510E-08       4.01549E-08
       4.78630E-05       5.01187E-05       4.89908E-05       2.25570E-06       3.82132E-09       1.69407E-03       8.29941E-08       4.39762E-08
       5.01187E-05       5.24808E-05       5.12998E-05       2.36210E-06       4.09175E-09       1.73225E-03       8.88640E-08       4.80680E-08
       5.24808E-05       5.49541E-05       5.37174E-05       2.47330E-06       4.38356E-09       1.77235E-03       9.52062E-08       5.24515E-08
       5.49541E-05       5.75440E-05       5.62490E-05       2.58990E-06       4.69868E-09       1.81424E-03       1.02049E-07       5.71502E-08
       5.75440E-05       6.02560E-05       5.89000E-05       2.71200E-06       5.03919E-09       1.85811E-03       1.09443E-07       6.21894E-08
       6.02560E-05       6.30957E-05       6.16758E-05       2.83970E-06       5.40715E-09       1.90413E-03       1.17439E-07       6.75966E-08
       6.30957E-05       6.60693E-05       6.45825E-05       2.97360E-06       5.80428E-09       1.95194E-03       1.26061E-07       7.34008E-08
       6.60693E-05       6.91831E-05       6.76262E-05       3.11380E-06       6.21704E-09       1.99661E-03       1.35023E-07       7.96179E-08
       6.91831E-05       7.24436E-05       7.08134E-05       3.26051E-06       6.65518E-09       2.04115E-03       1.44541E-07       8.62731E-08
       7.24436E-05       7.58578E-05       7.41507E-05       3.41420E-06       7.12781E-09       2.08770E-03       1.54804E-07       9.34009E-08
       7.58578E-05       7.94328E-05       7.76453E-05       3.57500E-06       7.63809E-09       2.13653E-03       1.65891E-07       1.01039E-07
       7.94328E-05       8.31764E-05       8.13046E-05       3.74360E-06       8.18937E-09       2.18756E-03       1.77859E-07       1.09228E-07
       8.31764E-05       8.70964E-05       8.51364E-05       3.92000E-06       8.78490E-09       2.24105E-03       1.90795E-07       1.18013E-07
       8.70964E-05       9.12011E-05       8.91488E-05       4.10471E-06       9.40995E-09       2.29248E-03       2.04372E-07       1.27423E-07
       9.12011E-05       9.54993E-05       9.33502E-05       4.29820E-06       1.00650E-08       2.34169E-03       2.18597E-07       1.37488E-07
       9.54993E-05       1.00000E-04       9.77497E-05       4.50070E-06       1.07712E-08       2.39323E-03       2.33938E-07       1.48259E-07
       1.00000E-04       1.04713E-04       1.02356E-04       4.71300E-06       1.15332E-08       2.44710E-03       2.50476E-07       1.59793E-07
       1.04713E-04       1.09648E-04       1.07181E-04       4.93501E-06       1.23552E-08       2.50359E-03       2.68336E-07       1.72148E-07
       1.09648E-04       1.14815E-04       1.12232E-04       5.16700E-06       1.32434E-08       2.56308E-03       2.87658E-07       1.85391E-07
       1.14815E-04       1.20226E-04       1.17520E-04       5.41100E-06       1.42024E-08       2.62472E-03       3.08459E-07       1.99594E-07
       1.20226E-04       1.25892E-04       1.23059E-04       5.66600E-06       1.52394E-08       2.68962E-03       3.30982E-07       2.14833E-07
       1.25892E-04       1.31826E-04       1.28859E-04       5.93401E-06       1.63592E-08       2.75686E-03       3.55246E-07       2.31192E-07
       1.31826E-04       1.38038E-04       1.34932E-04       6.21199E-06       1.75246E-08       2.82109E-03       3.80655E-07       2.48717E-07
       1.38038E-04       1.44544E-04       1.41291E-04       6.50601E-06       1.87592E-08       2.88336E-03       4.07392E-07       2.67476E-07
       1.44544E-04       1.51356E-04       1.47950E-04       6.81200E-06       2.00908E-08       2.94933E-03       4.36353E-07       2.87567E-07
       1.51356E-04       1.58489E-04       1.54922E-04       7.13300E-06       2.15289E-08       3.01821E-03       4.67589E-07       3.09096E-07
       1.58489E-04       1.65959E-04       1.62224E-04       7.47000E-06       2.30821E-08       3.08997E-03       5.01267E-07       3.32178E-07
       1.65959E-04       1.73780E-04       1.69870E-04       7.82100E-06       2.47602E-08       3.16586E-03       5.37783E-07       3.56938E-07
       1.73780E-04       1.81970E-04       1.77875E-04       8.19000E-06       2.65263E-08       3.23887E-03       5.76113E-07       3.83464E-07
       1.81970E-04       1.90546E-04       1.86258E-04       8.57600E-06       2.83726E-08       3.30837E-03       6.16211E-07       4.11837E-07
       1.90546E-04       1.99526E-04       1.95036E-04       8.98000E-06       3.03625E-08       3.38113E-03       6.59441E-07       4.42199E-07
       1.99526E-04       2.08930E-04       2.04228E-04       9.40399E-06       3.25096E-08       3.45700E-03       7.06016E-07       4.74709E-07
       2.08930E-04       2.18776E-04       2.13853E-04       9.84601E-06       3.48269E-08       3.53716E-03       7.56432E-07       5.09536E-07
       2.18776E-04       2.29087E-04       2.23932E-04       1.03110E-05       3.73288E-08       3.62029E-03       8.10696E-07       5.46865E-07
       2.29087E-04       2.39883E-04       2.34485E-04       1.07960E-05       4.00317E-08       3.70802E-03       8.69474E-07       5.86896E-07
       2.39883E-04       2.51189E-04       2.45536E-04       1.13060E-05       4.29531E-08       3.79914E-03       9.32826E-07       6.29849E-07
       2.51189E-04       2.63027E-04       2.57108E-04       1.18380E-05       4.61099E-08       3.89507E-03       1.00145E-06       6.75959E-07
       2.63027E-04       2.75423E-04       2.69225E-04       1.23960E-05       4.94028E-08       3.98539E-03       1.07297E-06       7.25362E-07
       2.75423E-04       2.88403E-04       2.81913E-04       1.29800E-05       5.28816E-08       4.07408E-03       1.14854E-06       7.78244E-07
       2.88403E-04       3.01995E-04       2.95199E-04       1.35920E-05       5.66351E-08       4.16680E-03       1.23004E-06       8.34879E-07
       3.01995E-04       3.16228E-04       3.09111E-04       1.42330E-05       6.06875E-08       4.26386E-03       1.31801E-06       8.95566E-07
       3.16228E-04       3.31131E-04       3.23680E-04       1.49030E-05       6.50639E-08       4.36582E-03       1.41313E-06       9.60630E-07
       3.31131E-04       3.46737E-04       3.38934E-04       1.56060E-05       6.97937E-08       4.47224E-03       1.51579E-06       1.03042E-06
       3.46737E-04       3.63078E-04       3.54908E-04       1.63410E-05       7.48717E-08       4.58183E-03       1.62613E-06       1.10530E-06
       3.63078E-04       3.80189E-04       3.71634E-04       1.71110E-05       8.03102E-08       4.69349E-03       1.74426E-06       1.18561E-06
       3.80189E-04       3.98107E-04       3.89148E-04       1.79180E-05       8.61888E-08       4.81018E-03       1.87187E-06       1.27179E-06
       3.98107E-04       4.16869E-04       4.07488E-04       1.87620E-05       9.25460E-08       4.93263E-03       2.00999E-06       1.36434E-06
       4.16869E-04       4.36516E-04       4.26692E-04       1.96470E-05       9.94243E-08       5.06053E-03       2.15929E-06       1.46376E-06
       4.36516E-04       4.57088E-04       4.46802E-04       2.05720E-05       1.06870E-07       5.19493E-03       2.32110E-06       1.57064E-06
       4.57088E-04       4.78630E-04       4.67859E-04       2.15420E-05       1.14933E-07       5.33528E-03       2.49616E-06       1.68557E-06
       4.78630E-04       5.01187E-04       4.89909E-04       2.25570E-05       1.23667E-07       5.48242E-03       2.68589E-06       1.80923E-06
       5.01187E-04       5.24808E-04       5.12998E-04       2.36210E-05       1.33130E-07       5.63607E-03       2.89129E-06       1.94236E-06
       5.24808E-04       5.49541E-04       5.37175E-04       2.47330E-05       1.43074E-07       5.78472E-03       3.10740E-06       2.08544E-06
       5.49541E-04       5.75440E-04       5.62491E-04       2.58990E-05       1.53600E-07       5.93074E-03       3.33599E-06       2.23904E-06
       5.75440E-04       6.02560E-04       5.89000E-04       2.71200E-05       1.64989E-07       6.08367E-03       3.58328E-06       2.40403E-06
       6.02560E-04       6.30957E-04       6.16758E-04       2.83970E-05       1.77314E-07       6.24413E-03       3.85112E-06       2.58134E-06
       6.30957E-04       6.60693E-04       6.45825E-04       2.97360E-05       1.90659E-07       6.41173E-03       4.14085E-06       2.77200E-06
       6.60693E-04       6.91831E-04       6.76262E-04       3.11380E-05       2.05115E-07       6.58729E-03       4.45473E-06       2.97712E-06
       6.91831E-04       7.24436E-04       7.08133E-04       3.26050E-05       2.20422E-07       6.76038E-03       4.78725E-06       3.19754E-06
       7.24436E-04       7.58578E-04       7.41507E-04       3.41420E-05       2.36344E-07       6.92239E-03       5.13300E-06       3.43388E-06
       7.58578E-04       7.94328E-04       7.76453E-04       3.57500E-05       2.53531E-07       7.09179E-03       5.50644E-06       3.68741E-06
       7.94328E-04       8.31764E-04       8.13046E-04       3.74360E-05       2.72114E-07       7.26877E-03       5.90985E-06       3.95953E-06
       8.31764E-04       8.70964E-04       8.51364E-04       3.92000E-05       2.92210E-07       7.45434E-03       6.34635E-06       4.25174E-06
       8.70964E-04       9.12011E-04       8.91487E-04       4.10470E-05       3.13955E-07       7.64868E-03       6.81870E-06       4.56569E-06
       9.12011E-04       9.54993E-04       9.33502E-04       4.29820E-05       3.37496E-07       7.85203E-03       7.32988E-06       4.90319E-06
       9.54993E-04       1.00000E-03       9.77497E-04       4.50070E-05       3.62988E-07       8.06514E-03       7.88365E-06       5.26618E-06
       1.00000E-03       1.04713E-03       1.02356E-03       4.71300E-05       3.90605E-07       8.28782E-03       8.48313E-06       5.65678E-06
       1.04713E-03       1.09648E-03       1.07180E-03       4.93500E-05       4.19545E-07       8.50142E-03       9.11186E-06       6.07633E-06
       1.09648E-03       1.14815E-03       1.12231E-03       5.16700E-05       4.49988E-07       8.70887E-03       9.77410E-06       6.52631E-06
       1.14815E-03       1.20226E-03       1.17520E-03       5.41100E-05       4.82868E-07       8.92383E-03       1.04873E-05       7.00918E-06
       1.20226E-03       1.25892E-03       1.23059E-03       5.66600E-05       5.18446E-07       9.15013E-03       1.12601E-05       7.52763E-06
       1.25892E-03       1.31826E-03       1.28859E-03       5.93400E-05       5.56935E-07       9.38550E-03       1.20941E-05       8.08456E-06
       1.31826E-03       1.38038E-03       1.34932E-03       6.21200E-05       5.98576E-07       9.63581E-03       1.30018E-05       8.68314E-06
       1.38038E-03       1.44544E-03       1.41291E-03       6.50599E-05       6.42801E-07       9.88014E-03       1.39597E-05       9.32594E-06
       1.44544E-03       1.51356E-03       1.47950E-03       6.81201E-05       6.88699E-07       1.01101E-02       1.49578E-05       1.00146E-05
       1.51356E-03       1.58489E-03       1.54923E-03       7.13300E-05       7.38204E-07       1.03491E-02       1.60331E-05       1.07528E-05
       1.58489E-03       1.65959E-03       1.62224E-03       7.47000E-05       7.91681E-07       1.05981E-02       1.71927E-05       1.15445E-05
       1.65959E-03       1.73780E-03       1.69870E-03       7.82101E-05       8.49477E-07       1.08615E-02       1.84503E-05       1.23940E-05
       1.73780E-03       1.81970E-03       1.77875E-03       8.18999E-05       9.11974E-07       1.11352E-02       1.98068E-05       1.33060E-05
       1.81970E-03       1.90546E-03       1.86258E-03       8.57600E-05       9.79588E-07       1.14224E-02       2.12752E-05       1.42856E-05
       1.90546E-03       1.99526E-03       1.95036E-03       8.98001E-05       1.05275E-06       1.17233E-02       2.28647E-05       1.53383E-05
       1.99526E-03       2.08930E-03       2.04228E-03       9.40400E-05       1.13198E-06       1.20372E-02       2.45833E-05       1.64703E-05
       2.08930E-03       2.18776E-03       2.13853E-03       9.84600E-05       1.21528E-06       1.23429E-02       2.63956E-05       1.76856E-05
       2.18776E-03       2.29087E-03       2.23932E-03       1.03110E-04       1.30259E-06       1.26330E-02       2.82893E-05       1.89882E-05
       2.29087E-03       2.39883E-03       2.34485E-03       1.07960E-04       1.39690E-06       1.29391E-02       3.03402E-05       2.03851E-05
       2.39883E-03       2.51189E-03       2.45536E-03       1.13060E-04       1.49884E-06       1.32570E-02       3.25508E-05       2.18839E-05
       2.51189E-03       2.63027E-03       2.57108E-03       1.18380E-04       1.60908E-06       1.35925E-02       3.49474E-05       2.34930E-05
       2.63027E-03       2.75423E-03       2.69225E-03       1.23960E-04       1.72832E-06       1.39426E-02       3.75369E-05       2.52213E-05
       2.75423E-03       2.88403E-03       2.81913E-03       1.29800E-04       1.85519E-06       1.42926E-02       4.02928E-05       2.70765E-05
       2.88403E-03       3.01995E-03       2.95199E-03       1.35920E-04       1.98672E-06       1.46169E-02       4.31489E-05       2.90632E-05
       3.01995E-03       3.16228E-03       3.09112E-03       1.42330E-04       2.12841E-06       1.49540E-02       4.62246E-05       3.11916E-05
       3.16228E-03       3.31131E-03       3.23679E-03       1.49030E-04       2.28138E-06       1.53082E-02       4.95495E-05       3.34730E-05
       3.31131E-03       3.46737E-03       3.38934E-03       1.56060E-04       2.44668E-06       1.56778E-02       5.31374E-05       3.59197E-05
       3.46737E-03       3.63078E-03       3.54907E-03       1.63410E-04       2.62531E-06       1.60658E-02       5.70186E-05       3.85450E-05
       3.63078E-03       3.80189E-03       3.71633E-03       1.71110E-04       2.81846E-06       1.64716E-02       6.12142E-05       4.13635E-05
       3.80189E-03       3.98107E-03       3.89148E-03       1.79180E-04       3.02744E-06       1.68961E-02       6.57508E-05       4.43909E-05
       3.98107E-03       4.16869E-03       4.07488E-03       1.87620E-04       3.25360E-06       1.73414E-02       7.06642E-05       4.76445E-05
       4.16869E-03       4.36516E-03       4.26693E-03       1.96470E-04       3.48714E-06       1.77489E-02       7.57333E-05       5.11316E-05
       4.36516E-03       4.57088E-03       4.46802E-03       2.05720E-04       3.72450E-06       1.81048E-02       8.08924E-05       5.48561E-05
       4.57088E-03       4.78630E-03       4.67859E-03       2.15420E-04       3.97990E-06       1.84751E-02       8.64374E-05       5.88360E-05
       4.78630E-03       5.01187E-03       4.89909E-03       2.25570E-04       4.25504E-06       1.88635E-02       9.24139E-05       6.30911E-05
       5.01187E-03       5.24807E-03       5.12997E-03       2.36200E-04       4.55163E-06       1.92703E-02       9.88559E-05       6.76427E-05
       5.24807E-03       5.49541E-03       5.37174E-03       2.47340E-04       4.87142E-06       1.96952E-02       1.05798E-04       7.25141E-05
       5.49541E-03       5.75440E-03       5.62491E-03       2.58990E-04       5.21173E-06       2.01233E-02       1.13192E-04       7.77259E-05
       5.75440E-03       6.02560E-03       5.89000E-03       2.71200E-04       5.56420E-06       2.05169E-02       1.20845E-04       8.32901E-05
       6.02560E-03       6.30957E-03       6.16759E-03       2.83970E-04       5.94239E-06       2.09262E-02       1.29064E-04       8.92325E-05
       6.30957E-03       6.60693E-03       6.45825E-03       2.97360E-04       6.34965E-06       2.13534E-02       1.37905E-04       9.55821E-05
       6.60693E-03       6.91831E-03       6.76262E-03       3.11380E-04       6.78837E-06       2.18009E-02       1.47431E-04       1.02370E-04
       6.91831E-03       7.24436E-03       7.08133E-03       3.26050E-04       7.26119E-06       2.22702E-02       1.57703E-04       1.09632E-04
       7.24436E-03       7.58578E-03       7.41507E-03       3.41420E-04       7.77106E-06       2.27610E-02       1.68774E-04       1.17403E-04
       7.58578E-03       7.94328E-03       7.76453E-03       3.57500E-04       8.32112E-06       2.32759E-02       1.80726E-04       1.25724E-04
       7.94328E-03       8.31764E-03       8.13046E-03       3.74360E-04       8.91488E-06       2.38137E-02       1.93616E-04       1.34639E-04
       8.31764E-03       8.70964E-03       8.51364E-03       3.92000E-04       9.54213E-06       2.43422E-02       2.07240E-04       1.44181E-04
       8.70964E-03       9.12011E-03       8.91487E-03       4.10471E-04       1.01969E-05       2.48420E-02       2.21463E-04       1.54378E-04
       9.12011E-03       9.54993E-03       9.33502E-03       4.29819E-04       1.09019E-05       2.53640E-02       2.36774E-04       1.65280E-04
       9.54993E-03       1.00000E-02       9.77496E-03       4.50070E-04       1.16618E-05       2.59111E-02       2.53280E-04       1.76942E-04
       1.00000E-02       1.04713E-02       1.02357E-02       4.71300E-04       1.24814E-05       2.64829E-02       2.71069E-04       1.89423E-04
       1.04713E-02       1.09648E-02       1.07180E-02       4.93500E-04       1.33651E-05       2.70823E-02       2.90270E-04       2.02788E-04
       1.09648E-02       1.14815E-02       1.12232E-02       5.16700E-04       1.43104E-05       2.76958E-02       3.10834E-04       2.17098E-04
       1.14815E-02       1.20226E-02       1.17521E-02       5.41100E-04       1.52956E-05       2.82676E-02       3.32202E-04       2.32394E-04
       1.20226E-02       1.25892E-02       1.23059E-02       5.66601E-04       1.63543E-05       2.88639E-02       3.55197E-04       2.48748E-04
       1.25892E-02       1.31826E-02       1.28859E-02       5.93399E-04       1.74954E-05       2.94833E-02       3.79919E-04       2.66244E-04
       1.31826E-02       1.38038E-02       1.34932E-02       6.21200E-04       1.87255E-05       3.01441E-02       4.06740E-04       2.84969E-04
       1.38038E-02       1.44544E-02       1.41291E-02       6.50601E-04       2.00535E-05       3.08231E-02       4.35502E-04       3.05023E-04
       1.44544E-02       1.51356E-02       1.47950E-02       6.81199E-04       2.14863E-05       3.15418E-02       4.66661E-04       3.26509E-04
       1.51356E-02       1.58489E-02       1.54923E-02       7.13301E-04       2.30341E-05       3.22923E-02       5.00280E-04       3.49543E-04
       1.58489E-02       1.65959E-02       1.62224E-02       7.47000E-04       2.47065E-05       3.30743E-02       5.36545E-04       3.74250E-04
       1.65959E-02       1.73780E-02       1.69870E-02       7.82100E-04       2.64735E-05       3.38493E-02       5.74996E-04       4.00723E-04
       1.73780E-02       1.81970E-02       1.77875E-02       8.19000E-04       2.83046E-05       3.45599E-02       6.14735E-04       4.29028E-04
       1.81970E-02       1.90546E-02       1.86258E-02       8.57600E-04       3.02760E-05       3.53032E-02       6.57551E-04       4.59304E-04
       1.90546E-02       1.99526E-02       1.95036E-02       8.98000E-04       3.24017E-05       3.60820E-02       7.03729E-04       4.91705E-04
       1.99526E-02       2.08930E-02       2.04228E-02       9.40400E-04       3.46954E-05       3.68943E-02       7.53485E-04       5.26401E-04
       2.08930E-02       2.18776E-02       2.13853E-02       9.84600E-04       3.71711E-05       3.77525E-02       8.07348E-04       5.63572E-04
       2.18776E-02       2.29087E-02       2.23931E-02       1.03110E-03       3.98073E-05       3.86066E-02       8.64524E-04       6.03379E-04
       2.29087E-02       2.39883E-02       2.34485E-02       1.07960E-03       4.24909E-05       3.93579E-02       9.22885E-04       6.45870E-04
       2.39883E-02       2.51189E-02       2.45536E-02       1.13060E-03       4.53578E-05       4.01184E-02       9.85051E-04       6.91228E-04
       2.51189E-02       2.63027E-02       2.57108E-02       1.18380E-03       4.84439E-05       4.09224E-02       1.05215E-03       7.39672E-04
       2.63027E-02       2.75423E-02       2.69225E-02       1.23960E-03       5.17663E-05       4.17605E-02       1.12430E-03       7.91438E-04
       2.75423E-02       2.88403E-02       2.81913E-02       1.29800E-03       5.53456E-05       4.26392E-02       1.20205E-03       8.46784E-04
       2.88403E-02       3.01995E-02       2.95199E-02       1.35920E-03       5.92035E-05       4.35576E-02       1.28582E-03       9.05987E-04
       3.01995E-02       3.16228E-02       3.09112E-02       1.42330E-03       6.33640E-05       4.45191E-02       1.37614E-03       9.69351E-04
       3.16228E-02       3.31131E-02       3.23680E-02       1.49030E-03       6.78525E-05       4.55294E-02       1.47369E-03       1.03720E-03
       3.31131E-02       3.46737E-02       3.38934E-02       1.56060E-03       7.26144E-05       4.65299E-02       1.57706E-03       1.10982E-03
       3.46737E-02       3.63078E-02       3.54908E-02       1.63410E-03       7.75612E-05       4.74641E-02       1.68454E-03       1.18738E-03
       3.63078E-02       3.80189E-02       3.71633E-02       1.71110E-03       8.28798E-05       4.84366E-02       1.80007E-03       1.27026E-03
       3.80189E-02       3.98107E-02       3.89148E-02       1.79180E-03       8.86101E-05       4.94531E-02       1.92446E-03       1.35887E-03
       3.98107E-02       4.16869E-02       4.07488E-02       1.87620E-03       9.47860E-05       5.05202E-02       2.05864E-03       1.45366E-03
       4.16869E-02       4.36516E-02       4.26693E-02       1.96470E-03       1.01446E-04       5.16342E-02       2.20319E-03       1.55510E-03
       4.36516E-02       4.57088E-02       4.46802E-02       2.05720E-03       1.08530E-04       5.27563E-02       2.35716E-03       1.66363E-03
       4.57088E-02       4.78630E-02       4.67859E-02       2.15420E-03       1.15630E-04       5.36766E-02       2.51131E-03       1.77926E-03
       4.78630E-02       5.01187E-02       4.89908E-02       2.25570E-03       1.23168E-04       5.46031E-02       2.67505E-03       1.90243E-03
       5.01187E-02       5.24808E-02       5.12998E-02       2.36210E-03       1.31266E-04       5.55717E-02       2.85081E-03       2.03370E-03
       5.24808E-02       5.49541E-02       5.37174E-02       2.47330E-03       1.39964E-04       5.65898E-02       3.03986E-03       2.17366E-03
       5.49541E-02       5.75440E-02       5.62491E-02       2.58990E-03       1.49314E-04       5.76526E-02       3.24290E-03       2.32297E-03
       5.75440E-02       6.02560E-02       5.89000E-02       2.71200E-03       1.59373E-04       5.87660E-02       3.46132E-03       2.48235E-03
       6.02560E-02       6.30957E-02       6.16758E-02       2.83970E-03       1.70195E-04       5.99342E-02       3.69649E-03       2.65254E-03
       6.30957E-02       6.60693E-02       6.45825E-02       2.97360E-03       1.81849E-04       6.11544E-02       3.94951E-03       2.83439E-03
       6.60693E-02       6.91831E-02       6.76262E-02       3.11380E-03       1.94192E-04       6.23650E-02       4.21751E-03       3.02858E-03
       6.91831E-02       7.24436E-02       7.08134E-02       3.26050E-03       2.06922E-04       6.34633E-02       4.49405E-03       3.23550E-03
       7.24436E-02       7.58578E-02       7.41507E-02       3.41420E-03       2.20561E-04       6.46011E-02       4.79022E-03       3.45607E-03
       7.58578E-02       7.94328E-02       7.76453E-02       3.57500E-03       2.35218E-04       6.57953E-02       5.10870E-03       3.69128E-03
       7.94328E-02       8.31764E-02       8.13046E-02       3.74360E-03       2.50978E-04       6.70418E-02       5.45081E-03       3.94226E-03
       8.31764E-02       8.70964E-02       8.51364E-02       3.92000E-03       2.67931E-04       6.83497E-02       5.81904E-03       4.21019E-03
       8.70964E-02       9.12011E-02       8.91488E-02       4.10470E-03       2.86082E-04       6.96962E-02       6.21333E-03       4.49627E-03
       9.12011E-02       9.54993E-02       9.33502E-02       4.29820E-03       3.05010E-04       7.09624E-02       6.62436E-03       4.80129E-03
       9.54993E-02       1.00000E-01       9.77497E-02       4.50070E-03       3.25234E-04       7.22629E-02       7.06367E-03       5.12652E-03
       1.00000E-01       1.04713E-01       1.02357E-01       4.71300E-03       3.46979E-04       7.36217E-02       7.53566E-03       5.47350E-03
       1.04713E-01       1.09648E-01       1.07180E-01       4.93500E-03       3.70356E-04       7.50468E-02       8.04355E-03       5.84385E-03
       1.09648E-01       1.14815E-01       1.12231E-01       5.16700E-03       3.95974E-04       7.66351E-02       8.60088E-03       6.23983E-03
       1.14815E-01       1.20226E-01       1.17520E-01       5.41100E-03       4.25200E-04       7.85806E-02       9.23483E-03       6.66503E-03
       1.20226E-01       1.25892E-01       1.23059E-01       5.66600E-03       4.57816E-04       8.08006E-02       9.94325E-03       7.12284E-03
       1.25892E-01       1.31826E-01       1.28859E-01       5.93400E-03       4.96988E-04       8.37525E-02       1.07923E-02       7.61983E-03
       1.31826E-01       1.38038E-01       1.34932E-01       6.21200E-03       5.39773E-04       8.68920E-02       1.17245E-02       8.15960E-03
       1.38038E-01       1.44544E-01       1.41291E-01       6.50600E-03       5.85049E-04       8.99246E-02       1.27055E-02       8.74465E-03
       1.44544E-01       1.51356E-01       1.47950E-01       6.81200E-03       6.34237E-04       9.31058E-02       1.37750E-02       9.37889E-03
       1.51356E-01       1.58489E-01       1.54923E-01       7.13300E-03       6.87843E-04       9.64311E-02       1.49393E-02       1.00667E-02
       1.58489E-01       1.65959E-01       1.62224E-01       7.47000E-03       7.46260E-04       9.99010E-02       1.62063E-02       1.08130E-02
       1.65959E-01       1.73780E-01       1.69869E-01       7.82100E-03       8.09934E-04       1.03559E-01       1.75915E-02       1.16229E-02
       1.73780E-01       1.81970E-01       1.77875E-01       8.19000E-03       8.78969E-04       1.07322E-01       1.90899E-02       1.25019E-02
       1.81970E-01       1.90546E-01       1.86258E-01       8.57600E-03       9.51093E-04       1.10902E-01       2.06563E-02       1.34530E-02
       1.90546E-01       1.99526E-01       1.95036E-01       8.98000E-03       1.02882E-03       1.14568E-01       2.23449E-02       1.44818E-02
       1.99526E-01       2.08930E-01       2.04228E-01       9.40400E-03       1.11341E-03       1.18397E-01       2.41800E-02       1.55952E-02
       2.08930E-01       2.18776E-01       2.13853E-01       9.84600E-03       1.20546E-03       1.22432E-01       2.61824E-02       1.68007E-02
       2.18776E-01       2.29087E-01       2.23931E-01       1.03110E-02       1.30496E-03       1.26560E-01       2.83407E-02       1.81056E-02
       2.29087E-01       2.39883E-01       2.34485E-01       1.07960E-02       1.41021E-03       1.30624E-01       3.06293E-02       1.95159E-02
       2.39883E-01       2.51189E-01       2.45536E-01       1.13060E-02       1.52407E-03       1.34802E-01       3.30987E-02       2.10399E-02
       2.51189E-01       2.63027E-01       2.57108E-01       1.18380E-02       1.68001E-03       1.41916E-01       3.64878E-02       2.27199E-02
       2.63027E-01       2.75423E-01       2.69225E-01       1.23960E-02       2.02237E-03       1.63147E-01       4.39232E-02       2.47423E-02
       2.75423E-01       2.88403E-01       2.81913E-01       1.29800E-02       2.44953E-03       1.88716E-01       5.32014E-02       2.71918E-02
       2.88403E-01       3.01995E-01       2.95199E-01       1.35920E-02       2.93079E-03       2.15626E-01       6.36526E-02       3.01226E-02
       3.01995E-01       3.16228E-01       3.09112E-01       1.42330E-02       3.46880E-03       2.43716E-01       7.53353E-02       3.35914E-02
       3.16228E-01       3.31131E-01       3.23680E-01       1.49030E-02       4.04963E-03       2.71733E-01       8.79543E-02       3.76411E-02
       3.31131E-01       3.46737E-01       3.38934E-01       1.56060E-02       4.68970E-03       3.00506E-01       1.01852E-01       4.23308E-02
       3.46737E-01       3.63078E-01       3.54908E-01       1.63410E-02       5.39982E-03       3.30446E-01       1.17278E-01       4.77306E-02
       3.63078E-01       3.80189E-01       3.71633E-01       1.71110E-02       6.15647E-03       3.59796E-01       1.33712E-01       5.38871E-02
       3.80189E-01       3.98107E-01       3.89148E-01       1.79180E-02       6.98755E-03       3.89974E-01       1.51757E-01       6.08746E-02
       3.98107E-01       4.16869E-01       4.07488E-01       1.87620E-02       7.90993E-03       4.21593E-01       1.71794E-01       6.87845E-02
       4.16869E-01       4.36516E-01       4.26692E-01       1.96470E-02       8.93301E-03       4.54675E-01       1.94007E-01       7.77175E-02
       4.36516E-01       4.57088E-01       4.46802E-01       2.05720E-02       1.00436E-02       4.88215E-01       2.18135E-01       8.77611E-02
       4.57088E-01       4.78630E-01       4.67859E-01       2.15420E-02       1.12281E-02       5.21221E-01       2.43858E-01       9.89892E-02
       4.78630E-01       5.01187E-01       4.89909E-01       2.25570E-02       1.25358E-02       5.55740E-01       2.72262E-01       1.11525E-01
       5.01187E-01       5.24808E-01       5.12998E-01       2.36210E-02       1.39798E-02       5.91836E-01       3.03610E-01       1.25505E-01
       5.24808E-01       5.49541E-01       5.37174E-01       2.47330E-02       1.55155E-02       6.27319E-01       3.36980E-01       1.41020E-01
       5.49541E-01       5.75440E-01       5.62490E-01       2.58990E-02       1.71610E-02       6.62611E-01       3.72712E-01       1.58181E-01
       5.75440E-01       6.02560E-01       5.89000E-01       2.71200E-02       1.89722E-02       6.99565E-01       4.12044E-01       1.77153E-01
       6.02560E-01       6.30957E-01       6.16758E-01       2.83970E-02       2.09654E-02       7.38295E-01       4.55350E-01       1.98119E-01
       6.30957E-01       6.60693E-01       6.45825E-01       2.97360E-02       2.31587E-02       7.78809E-01       5.02974E-01       2.21277E-01
       6.60693E-01       6.91831E-01       6.76262E-01       3.11380E-02       2.55718E-02       8.21242E-01       5.55375E-01       2.46849E-01
       6.91831E-01       7.24436E-01       7.08133E-01       3.26050E-02       2.82368E-02       8.66026E-01       6.13262E-01       2.75086E-01
       7.24436E-01       7.58578E-01       7.41507E-01       3.41420E-02       3.11768E-02       9.13152E-01       6.77109E-01       3.06263E-01
       7.58578E-01       7.94328E-01       7.76453E-01       3.57500E-02       3.47939E-02       9.73256E-01       7.55688E-01       3.41057E-01
       7.94328E-01       8.31764E-01       8.13046E-01       3.74360E-02       4.98846E-02       1.33253E+00       1.08341E+00       3.90941E-01
       8.31764E-01       8.70964E-01       8.51364E-01       3.92000E-02       3.87828E-02       9.89358E-01       8.42304E-01       4.29724E-01
       8.70964E-01       9.12011E-01       8.91487E-01       4.10470E-02       3.77474E-02       9.19614E-01       8.19825E-01       4.67472E-01
       9.12011E-01       9.54993E-01       9.33502E-01       4.29820E-02       3.71460E-02       8.64222E-01       8.06753E-01       5.04618E-01
       9.54993E-01       1.00000E+00       9.77497E-01       4.50070E-02       3.66305E-02       8.13885E-01       7.95570E-01       5.41248E-01
       1.00000E+00       1.04713E+00       1.02357E+00       4.71300E-02       3.60066E-02       7.63984E-01       7.81987E-01       5.77255E-01
       1.04713E+00       1.09648E+00       1.07181E+00       4.93500E-02       3.53121E-02       7.15544E-01       7.66924E-01       6.12567E-01
       1.09648E+00       1.14815E+00       1.12231E+00       5.16700E-02       3.43858E-02       6.65489E-01       7.46888E-01       6.46953E-01
       1.14815E+00       1.20226E+00       1.17520E+00       5.41100E-02       3.31641E-02       6.12902E-01       7.20286E-01       6.80117E-01
       1.20226E+00       1.25892E+00       1.23059E+00       5.66600E-02       3.16123E-02       5.57929E-01       6.86582E-01       7.11729E-01
       1.25892E+00       1.31826E+00       1.28859E+00       5.93400E-02       2.96865E-02       5.00278E-01       6.44653E-01       7.41416E-01
       1.31826E+00       1.38038E+00       1.34932E+00       6.21200E-02       2.73721E-02       4.40633E-01       5.94555E-01       7.68788E-01
       1.38038E+00       1.44544E+00       1.41291E+00       6.50600E-02       2.48710E-02       3.82277E-01       5.40124E-01       7.93659E-01
       1.44544E+00       1.51356E+00       1.47950E+00       6.81200E-02       2.19551E-02       3.22300E-01       4.76843E-01       8.15614E-01
       1.51356E+00       1.58489E+00       1.54923E+00       7.13300E-02       1.86082E-02       2.60874E-01       4.04153E-01       8.34222E-01
       1.58489E+00       1.65959E+00       1.62224E+00       7.47000E-02       1.48292E-02       1.98517E-01       3.22043E-01       8.49051E-01
       1.65959E+00       1.73780E+00       1.69869E+00       7.82100E-02       1.13791E-02       1.45495E-01       2.47151E-01       8.60430E-01
       1.73780E+00       1.81970E+00       1.77875E+00       8.19000E-02       1.07881E-02       1.31723E-01       2.34303E-01       8.71218E-01
       1.81970E+00       1.90546E+00       1.86258E+00       8.57600E-02       1.03971E-02       1.21235E-01       2.25809E-01       8.81615E-01
       1.90546E+00       1.99526E+00       1.95036E+00       8.98000E-02       9.90071E-03       1.10253E-01       2.15033E-01       8.91516E-01
       1.99526E+00       2.08930E+00       2.04228E+00       9.40400E-02       9.28597E-03       9.87449E-02       2.01665E-01       9.00802E-01
       2.08930E+00       2.18776E+00       2.13853E+00       9.84600E-02       8.62972E-03       8.76469E-02       1.87436E-01       9.09432E-01
       2.18776E+00       2.29087E+00       2.23932E+00       1.03110E-01       8.41731E-03       8.16343E-02       1.82805E-01       9.17849E-01
       2.29087E+00       2.39883E+00       2.34485E+00       1.07960E-01       8.24589E-03       7.63792E-02       1.79098E-01       9.26095E-01
       2.39883E+00       2.51189E+00       2.45536E+00       1.13060E-01       8.01159E-03       7.08614E-02       1.73990E-01       9.34107E-01
       2.51189E+00       2.63027E+00       2.57108E+00       1.18380E-01       7.68629E-03       6.49290E-02       1.66938E-01       9.41793E-01
       2.63027E+00       2.75423E+00       2.69225E+00       1.23960E-01       7.24889E-03       5.84777E-02       1.57436E-01       9.49042E-01
       2.75423E+00       2.88403E+00       2.81913E+00       1.29800E-01       6.71436E-03       5.17285E-02       1.45829E-01       9.55756E-01
       2.88403E+00       3.01995E+00       2.95199E+00       1.35920E-01       6.13917E-03       4.51675E-02       1.33334E-01       9.61895E-01
       3.01995E+00       3.16228E+00       3.09111E+00       1.42330E-01       5.50107E-03       3.86501E-02       1.19472E-01       9.67396E-01
       3.16228E+00       3.31131E+00       3.23679E+00       1.49030E-01       4.83617E-03       3.24510E-02       1.05037E-01       9.72233E-01
       3.31131E+00       3.46737E+00       3.38934E+00       1.56060E-01       4.26304E-03       2.73167E-02       9.25855E-02       9.76496E-01
       3.46737E+00       3.63078E+00       3.54908E+00       1.63410E-01       3.69350E-03       2.26027E-02       8.02186E-02       9.80189E-01
       3.63078E+00       3.80189E+00       3.71633E+00       1.71110E-01       3.24989E-03       1.89930E-02       7.05842E-02       9.83439E-01
       3.80189E+00       3.98107E+00       3.89148E+00       1.79180E-01       2.85827E-03       1.59520E-02       6.20767E-02       9.86297E-01
       3.98107E+00       4.16869E+00       4.07488E+00       1.87620E-01       2.53229E-03       1.34969E-02       5.49982E-02       9.88830E-01
       4.16869E+00       4.36516E+00       4.26692E+00       1.96470E-01       2.25387E-03       1.14718E-02       4.89494E-02       9.91084E-01
       4.36516E+00       4.57088E+00       4.46802E+00       2.05720E-01       1.98743E-03       9.66085E-03       4.31649E-02       9.93071E-01
       4.57088E+00       4.78630E+00       4.67859E+00       2.15420E-01       1.72405E-03       8.00319E-03       3.74436E-02       9.94795E-01
       4.78630E+00       5.00000E+00       4.89315E+00       2.13700E-01       1.38589E-03       6.48522E-03       3.17332E-02       9.96181E-01
       5.00000E+00       5.20000E+00       5.10000E+00       2.00000E-01       1.03390E-03       5.16951E-03       2.63645E-02       9.97215E-01
       5.20000E+00       5.40000E+00       5.30000E+00       2.00000E-01       8.09775E-04       4.04887E-03       2.14590E-02       9.98025E-01
       5.40000E+00       5.60000E+00       5.50000E+00       2.00000E-01       6.15642E-04       3.07821E-03       1.69302E-02       9.98640E-01
       5.60000E+00       5.80000E+00       5.70000E+00       2.00000E-01       4.53637E-04       2.26818E-03       1.29286E-02       9.99094E-01
       5.80000E+00       6.00000E+00       5.90000E+00       2.00000E-01       3.23979E-04       1.61989E-03       9.55737E-03       9.99418E-01
       6.00000E+00       6.20000E+00       6.10000E+00       2.00000E-01       2.26910E-04       1.13455E-03       6.92076E-03       9.99645E-01
       6.20000E+00       6.40000E+00       6.30000E+00       2.00000E-01       1.58411E-04       7.92056E-04       4.98995E-03       9.99803E-01
       6.40000E+00       6.60000E+00       6.50000E+00       2.00000E-01       1.08327E-04       5.41633E-04       3.52061E-03       9.99911E-01
       6.60000E+00       6.80000E+00       6.70000E+00       2.00000E-01       6.76640E-05       3.38320E-04       2.26674E-03       9.99979E-01
       6.80000E+00       7.00000E+00       6.90000E+00       2.00000E-01       2.09581E-05       1.04790E-04       7.23054E-04       1.00000E+00

 Sum =                                                                         1.00000E+00
 Renormalization bin#   997 =                                                  9.21854E-02 barn        2.42000E+07        2.44000E+07        2.43000E+07
 Avg. Energy     bin#   997 =                                                  1.15280E+00 MeV         2.42000E+07        2.44000E+07
