"        MT=  4 recoil spectrum "
" Initial neutron energy corresponds to the group:"
   9.00000E+00    9.20000E+00       0.00000E+00           444           886           443



          Low               High              Mid              Energy           Number             dn/de            E*dn/de          Cumulative
         Energy            Energy            Energy             Width          Fraction                               Sum   
         [MeV]             [MeV]             [MeV]              [MeV]

       5.70000E-06       5.72500E-06       5.71250E-06       2.50001E-08       0.00000E+00       0.00000E+00       0.00000E+00       0.00000E+00
       5.72500E-06       5.75000E-06       5.73750E-06       2.50001E-08       1.18182E-12       4.72726E-05       2.71227E-10       1.18182E-12
       5.75000E-06       5.77500E-06       5.76250E-06       2.50001E-08       1.18690E-12       4.74758E-05       2.73580E-10       2.36872E-12
       5.77500E-06       5.80000E-06       5.78750E-06       2.50001E-08       1.19210E-12       4.76838E-05       2.75970E-10       3.56082E-12
       5.80000E-06       5.82500E-06       5.81250E-06       2.49996E-08       1.19718E-12       4.78879E-05       2.78348E-10       4.75800E-12
       5.82500E-06       5.85000E-06       5.83750E-06       2.50001E-08       1.20238E-12       4.80949E-05       2.80754E-10       5.96038E-12
       5.85000E-06       5.87500E-06       5.86250E-06       2.50001E-08       1.20758E-12       4.83029E-05       2.83176E-10       7.16795E-12
       5.87500E-06       5.90000E-06       5.88750E-06       2.50001E-08       1.21266E-12       4.85061E-05       2.85580E-10       8.38061E-12
       5.90000E-06       5.92500E-06       5.91250E-06       2.50001E-08       1.21785E-12       4.87140E-05       2.88022E-10       9.59846E-12
       5.92500E-06       5.95000E-06       5.93750E-06       2.49996E-08       1.22294E-12       4.89181E-05       2.90451E-10       1.08214E-11
       5.95000E-06       5.97500E-06       5.96250E-06       2.50001E-08       1.22813E-12       4.91252E-05       2.92909E-10       1.20495E-11
       5.97500E-06       6.00000E-06       5.98750E-06       2.50001E-08       1.23333E-12       4.93331E-05       2.95382E-10       1.32829E-11
       6.00000E-06       6.02500E-06       6.01250E-06       2.50001E-08       1.23841E-12       4.95363E-05       2.97837E-10       1.45213E-11
       6.02500E-06       6.05000E-06       6.03750E-06       2.50001E-08       1.24361E-12       4.97442E-05       3.00331E-10       1.57649E-11
       6.05000E-06       6.07500E-06       6.06250E-06       2.49996E-08       1.24869E-12       4.99484E-05       3.02812E-10       1.70136E-11
       6.07500E-06       6.10000E-06       6.08750E-06       2.50001E-08       1.25389E-12       5.01554E-05       3.05321E-10       1.82675E-11
       6.10000E-06       6.12500E-06       6.11250E-06       2.50001E-08       1.25897E-12       5.03586E-05       3.07817E-10       1.95264E-11
       6.12500E-06       6.15000E-06       6.13750E-06       2.50001E-08       1.26417E-12       5.05665E-05       3.10352E-10       2.07906E-11
       6.15000E-06       6.17500E-06       6.16250E-06       2.50001E-08       1.26937E-12       5.07745E-05       3.12898E-10       2.20600E-11
       6.17500E-06       6.20000E-06       6.18750E-06       2.49996E-08       1.27445E-12       5.09787E-05       3.15430E-10       2.33344E-11
       6.20000E-06       6.22500E-06       6.21250E-06       2.50001E-08       1.27965E-12       5.11856E-05       3.17991E-10       2.46141E-11
       6.22500E-06       6.25000E-06       6.23750E-06       2.50001E-08       1.28473E-12       5.13888E-05       3.20538E-10       2.58988E-11
       6.25000E-06       6.27500E-06       6.26250E-06       2.50001E-08       1.28992E-12       5.15968E-05       3.23125E-10       2.71887E-11
       6.27500E-06       6.30000E-06       6.28750E-06       2.50001E-08       1.29512E-12       5.18047E-05       3.25722E-10       2.84838E-11
       6.30000E-06       6.32500E-06       6.31250E-06       2.49996E-08       1.30020E-12       5.20089E-05       3.28306E-10       2.97840E-11
       6.32500E-06       6.35000E-06       6.33750E-06       2.50001E-08       1.30540E-12       5.22159E-05       3.30918E-10       3.10894E-11
       6.35000E-06       6.37500E-06       6.36250E-06       2.50001E-08       1.31048E-12       5.24191E-05       3.33516E-10       3.23999E-11
       6.37500E-06       6.40000E-06       6.38750E-06       2.50001E-08       1.31568E-12       5.26270E-05       3.36155E-10       3.37156E-11
       6.40000E-06       6.42500E-06       6.41250E-06       2.50001E-08       1.32076E-12       5.28302E-05       3.38774E-10       3.50364E-11
       6.42500E-06       6.45000E-06       6.43750E-06       2.49996E-08       1.32596E-12       5.30392E-05       3.41440E-10       3.63623E-11
       6.45000E-06       6.47500E-06       6.46250E-06       2.50001E-08       1.33116E-12       5.32461E-05       3.44103E-10       3.76935E-11
       6.47500E-06       6.50000E-06       6.48750E-06       2.50001E-08       1.33624E-12       5.34493E-05       3.46752E-10       3.90297E-11
       6.50000E-06       6.52500E-06       6.51250E-06       2.50001E-08       1.34144E-12       5.36572E-05       3.49443E-10       4.03712E-11
       6.52500E-06       6.55000E-06       6.53750E-06       2.50001E-08       1.34652E-12       5.38605E-05       3.52113E-10       4.17177E-11
       6.55000E-06       6.57500E-06       6.56250E-06       2.49996E-08       1.35171E-12       5.40694E-05       3.54831E-10       4.30694E-11
       6.57500E-06       6.60000E-06       6.58750E-06       2.50001E-08       1.35691E-12       5.42763E-05       3.57545E-10       4.44263E-11
       6.60000E-06       6.62500E-06       6.61250E-06       2.50001E-08       1.36199E-12       5.44795E-05       3.60246E-10       4.57883E-11
       6.62500E-06       6.65000E-06       6.63750E-06       2.50001E-08       1.36719E-12       5.46875E-05       3.62988E-10       4.71555E-11
       6.65000E-06       6.67500E-06       6.66250E-06       2.50001E-08       1.37227E-12       5.48907E-05       3.65709E-10       4.85278E-11
       6.67500E-06       6.70000E-06       6.68750E-06       2.49996E-08       1.37747E-12       5.50997E-05       3.68479E-10       4.99052E-11
       6.70000E-06       6.72500E-06       6.71250E-06       2.50001E-08       1.38267E-12       5.53066E-05       3.71245E-10       5.12879E-11
       6.72500E-06       6.75000E-06       6.73750E-06       2.50001E-08       1.38775E-12       5.55098E-05       3.73997E-10       5.26756E-11
       6.75000E-06       6.77500E-06       6.76250E-06       2.50001E-08       1.39295E-12       5.57177E-05       3.76791E-10       5.40686E-11
       6.77500E-06       6.80000E-06       6.78750E-06       2.50001E-08       1.39803E-12       5.59209E-05       3.79563E-10       5.54666E-11
       6.80000E-06       6.82500E-06       6.81250E-06       2.49996E-08       1.40323E-12       5.61299E-05       3.82385E-10       5.68699E-11
       6.82500E-06       6.85000E-06       6.83750E-06       2.50001E-08       1.40831E-12       5.63321E-05       3.85171E-10       5.82782E-11
       6.85000E-06       6.87500E-06       6.86250E-06       2.50001E-08       1.41351E-12       5.65400E-05       3.88006E-10       5.96917E-11
       6.87500E-06       6.90000E-06       6.88750E-06       2.50001E-08       1.41870E-12       5.67479E-05       3.90851E-10       6.11104E-11
       6.90000E-06       6.92500E-06       6.91250E-06       2.50001E-08       1.42378E-12       5.69512E-05       3.93675E-10       6.25342E-11
       6.92500E-06       6.95000E-06       6.93750E-06       2.49996E-08       1.42898E-12       5.71602E-05       3.96549E-10       6.39631E-11
       6.95000E-06       6.97500E-06       6.96250E-06       2.50001E-08       1.43406E-12       5.73623E-05       3.99385E-10       6.53972E-11
       6.97500E-06       7.00000E-06       6.98750E-06       2.50001E-08       1.43926E-12       5.75702E-05       4.02272E-10       6.68365E-11
       7.00000E-06       7.02500E-06       7.01250E-06       2.50001E-08       1.44446E-12       5.77782E-05       4.05169E-10       6.82809E-11
       7.02500E-06       7.05000E-06       7.03750E-06       2.50001E-08       1.44954E-12       5.79814E-05       4.08044E-10       6.97305E-11
       7.05000E-06       7.07500E-06       7.06250E-06       2.49996E-08       1.45474E-12       5.81904E-05       4.10970E-10       7.11852E-11
       7.07500E-06       7.10000E-06       7.08750E-06       2.50001E-08       1.45982E-12       5.83925E-05       4.13857E-10       7.26450E-11
       7.10000E-06       7.12500E-06       7.11250E-06       2.50001E-08       1.46502E-12       5.86005E-05       4.16796E-10       7.41100E-11
       7.12500E-06       7.15000E-06       7.13750E-06       2.50001E-08       1.47010E-12       5.88037E-05       4.19711E-10       7.55801E-11
       7.15000E-06       7.17500E-06       7.16250E-06       2.50001E-08       1.47530E-12       5.90116E-05       4.22671E-10       7.70554E-11
       7.17500E-06       7.20000E-06       7.18750E-06       2.49996E-08       1.48049E-12       5.92207E-05       4.25649E-10       7.85359E-11
       7.20000E-06       7.22500E-06       7.21250E-06       2.50001E-08       1.48558E-12       5.94228E-05       4.28587E-10       8.00215E-11
       7.22500E-06       7.25000E-06       7.23750E-06       2.50001E-08       1.49077E-12       5.96307E-05       4.31577E-10       8.15123E-11
       7.25000E-06       7.27500E-06       7.26250E-06       2.50001E-08       1.49585E-12       5.98339E-05       4.34544E-10       8.30081E-11
       7.27500E-06       7.30000E-06       7.28750E-06       2.50001E-08       1.50105E-12       6.00419E-05       4.37555E-10       8.45092E-11
       7.30000E-06       7.32500E-06       7.31250E-06       2.49996E-08       1.50625E-12       6.02509E-05       4.40585E-10       8.60154E-11
       7.32500E-06       7.35000E-06       7.33750E-06       2.50001E-08       1.51133E-12       6.04530E-05       4.43574E-10       8.75268E-11
       7.35000E-06       7.37500E-06       7.36250E-06       2.50001E-08       1.51653E-12       6.06609E-05       4.46616E-10       8.90433E-11
       7.37500E-06       7.40000E-06       7.38750E-06       2.50001E-08       1.52161E-12       6.08642E-05       4.49634E-10       9.05649E-11
       7.40000E-06       7.42500E-06       7.41250E-06       2.50001E-08       1.52681E-12       6.10721E-05       4.52697E-10       9.20917E-11
       7.42500E-06       7.45000E-06       7.43750E-06       2.49996E-08       1.53189E-12       6.12765E-05       4.55744E-10       9.36236E-11
       7.45000E-06       7.47500E-06       7.46250E-06       2.50001E-08       1.53709E-12       6.14832E-05       4.58819E-10       9.51607E-11
       7.47500E-06       7.50000E-06       7.48750E-06       2.50001E-08       1.54229E-12       6.16912E-05       4.61913E-10       9.67030E-11
       7.50000E-06       7.52500E-06       7.51250E-06       2.50001E-08       1.54737E-12       6.18944E-05       4.64982E-10       9.82503E-11
       7.52500E-06       7.55000E-06       7.53750E-06       2.50001E-08       1.55256E-12       6.21023E-05       4.68096E-10       9.98029E-11
       7.55000E-06       7.57500E-06       7.56250E-06       2.49996E-08       1.55764E-12       6.23067E-05       4.71195E-10       1.01361E-10
       7.57500E-06       7.60000E-06       7.58750E-06       2.50001E-08       1.56284E-12       6.25135E-05       4.74321E-10       1.02923E-10
       7.60000E-06       7.62500E-06       7.61250E-06       2.50001E-08       1.56804E-12       6.27214E-05       4.77467E-10       1.04491E-10
       7.62500E-06       7.65000E-06       7.63750E-06       2.50001E-08       1.57312E-12       6.29246E-05       4.80587E-10       1.06065E-10
       7.65000E-06       7.67500E-06       7.66250E-06       2.50001E-08       1.57832E-12       6.31326E-05       4.83753E-10       1.07643E-10
       7.67500E-06       7.70000E-06       7.68750E-06       2.49996E-08       1.58340E-12       6.33370E-05       4.86903E-10       1.09226E-10
       7.70000E-06       7.72500E-06       7.71250E-06       2.50001E-08       1.58860E-12       6.35437E-05       4.90081E-10       1.10815E-10
       7.72500E-06       7.75000E-06       7.73750E-06       2.50001E-08       1.59368E-12       6.37469E-05       4.93242E-10       1.12409E-10
       7.75000E-06       7.77500E-06       7.76250E-06       2.50001E-08       1.59888E-12       6.39549E-05       4.96450E-10       1.14007E-10
       7.77500E-06       7.80000E-06       7.78750E-06       2.50001E-08       1.60408E-12       6.41628E-05       4.99668E-10       1.15612E-10
       7.80000E-06       7.82500E-06       7.81250E-06       2.49996E-08       1.60916E-12       6.43672E-05       5.02869E-10       1.17221E-10
       7.82500E-06       7.85000E-06       7.83750E-06       2.50001E-08       1.61435E-12       6.45739E-05       5.06098E-10       1.18835E-10
       7.85000E-06       7.87500E-06       7.86250E-06       2.50001E-08       1.61944E-12       6.47772E-05       5.09310E-10       1.20454E-10
       7.87500E-06       7.90000E-06       7.88750E-06       2.50001E-08       1.62463E-12       6.49851E-05       5.12570E-10       1.22079E-10
       7.90000E-06       7.92500E-06       7.91250E-06       2.50001E-08       1.62983E-12       6.51930E-05       5.15840E-10       1.23709E-10
       7.92500E-06       7.95000E-06       7.93750E-06       2.49996E-08       1.63491E-12       6.53975E-05       5.19093E-10       1.25344E-10
       7.95000E-06       7.97500E-06       7.96250E-06       2.50001E-08       1.64011E-12       6.56042E-05       5.22373E-10       1.26984E-10
       7.97500E-06       8.00000E-06       7.98750E-06       2.50001E-08       1.64519E-12       6.58074E-05       5.25637E-10       1.28629E-10
       8.00000E-06       8.02500E-06       8.01250E-06       2.49996E-08       1.65039E-12       6.60166E-05       5.28958E-10       1.30280E-10
       8.02500E-06       8.05000E-06       8.03750E-06       2.50006E-08       1.65547E-12       6.62173E-05       5.32221E-10       1.31935E-10
       8.05000E-06       8.07500E-06       8.06250E-06       2.49996E-08       1.66067E-12       6.64277E-05       5.35574E-10       1.33596E-10
       8.07500E-06       8.10000E-06       8.08750E-06       2.50006E-08       1.66587E-12       6.66331E-05       5.38895E-10       1.35262E-10
       8.10000E-06       8.12500E-06       8.11250E-06       2.49996E-08       1.67095E-12       6.68389E-05       5.42231E-10       1.36932E-10
       8.12500E-06       8.15000E-06       8.13750E-06       2.49996E-08       1.67615E-12       6.70468E-05       5.45594E-10       1.38609E-10
       8.15000E-06       8.17500E-06       8.16250E-06       2.50006E-08       1.68123E-12       6.72475E-05       5.48908E-10       1.40290E-10
       8.17500E-06       8.20000E-06       8.18750E-06       2.49996E-08       1.68642E-12       6.74580E-05       5.52312E-10       1.41976E-10
       8.20000E-06       8.22500E-06       8.21250E-06       2.50006E-08       1.69162E-12       6.76634E-05       5.55685E-10       1.43668E-10
       8.22500E-06       8.25000E-06       8.23750E-06       2.49996E-08       1.69670E-12       6.78692E-05       5.59072E-10       1.45365E-10
       8.25000E-06       8.27500E-06       8.26250E-06       2.49996E-08       1.70190E-12       6.80771E-05       5.62487E-10       1.47066E-10
       8.27500E-06       8.30000E-06       8.28750E-06       2.50006E-08       1.70698E-12       6.82777E-05       5.65851E-10       1.48773E-10
       8.30000E-06       8.32500E-06       8.31250E-06       2.49996E-08       1.71218E-12       6.84882E-05       5.69309E-10       1.50486E-10
       8.32500E-06       8.35000E-06       8.33750E-06       2.50006E-08       1.71738E-12       6.86936E-05       5.72733E-10       1.52203E-10
       8.35000E-06       8.37500E-06       8.36250E-06       2.49996E-08       1.72246E-12       6.88994E-05       5.76171E-10       1.53925E-10
       8.37500E-06       8.40000E-06       8.38750E-06       2.49996E-08       1.72766E-12       6.91073E-05       5.79638E-10       1.55653E-10
       8.40000E-06       8.42500E-06       8.41250E-06       2.50006E-08       1.73274E-12       6.93079E-05       5.83053E-10       1.57386E-10
       8.42500E-06       8.45000E-06       8.43750E-06       2.49996E-08       1.73794E-12       6.95185E-05       5.86562E-10       1.59124E-10
       8.45000E-06       8.47500E-06       8.46250E-06       2.50006E-08       1.74302E-12       6.97191E-05       5.89997E-10       1.60867E-10
       8.47500E-06       8.50000E-06       8.48750E-06       2.49996E-08       1.74821E-12       6.99297E-05       5.93528E-10       1.62615E-10
       8.50000E-06       8.52500E-06       8.51250E-06       2.49996E-08       1.75341E-12       7.01376E-05       5.97046E-10       1.64368E-10
       8.52500E-06       8.55000E-06       8.53750E-06       2.50006E-08       1.75849E-12       7.03381E-05       6.00512E-10       1.66127E-10
       8.55000E-06       8.57500E-06       8.56250E-06       2.49996E-08       1.76369E-12       7.05488E-05       6.04074E-10       1.67891E-10
       8.57500E-06       8.60000E-06       8.58750E-06       2.50006E-08       1.76877E-12       7.07493E-05       6.07559E-10       1.69659E-10
       8.60000E-06       8.62500E-06       8.61250E-06       2.49996E-08       1.77397E-12       7.09599E-05       6.11142E-10       1.71433E-10
       8.62500E-06       8.65000E-06       8.63750E-06       2.49996E-08       1.77917E-12       7.11679E-05       6.14712E-10       1.73213E-10
       8.65000E-06       8.67500E-06       8.66250E-06       2.50006E-08       1.78425E-12       7.13683E-05       6.18228E-10       1.74997E-10
       8.67500E-06       8.70000E-06       8.68750E-06       2.49996E-08       1.78945E-12       7.15790E-05       6.21843E-10       1.76786E-10
       8.70000E-06       8.72500E-06       8.71250E-06       2.50006E-08       1.79453E-12       7.17795E-05       6.25379E-10       1.78581E-10
       8.72500E-06       8.75000E-06       8.73750E-06       2.49996E-08       1.79973E-12       7.19902E-05       6.29014E-10       1.80381E-10
       8.75000E-06       8.77500E-06       8.76250E-06       2.49996E-08       1.80481E-12       7.21934E-05       6.32595E-10       1.82185E-10
       8.77500E-06       8.80000E-06       8.78750E-06       2.50006E-08       1.81001E-12       7.23986E-05       6.36202E-10       1.83995E-10
       8.80000E-06       8.82500E-06       8.81250E-06       2.49996E-08       1.81520E-12       7.26093E-05       6.39869E-10       1.85811E-10
       8.82500E-06       8.85000E-06       8.83750E-06       2.50006E-08       1.82028E-12       7.28097E-05       6.43456E-10       1.87631E-10
       8.85000E-06       8.87500E-06       8.86250E-06       2.49996E-08       1.82548E-12       7.30204E-05       6.47144E-10       1.89456E-10
       8.87500E-06       8.90000E-06       8.88750E-06       2.49996E-08       1.83056E-12       7.32236E-05       6.50775E-10       1.91287E-10
       8.90000E-06       8.92500E-06       8.91250E-06       2.50006E-08       1.83576E-12       7.34288E-05       6.54434E-10       1.93123E-10
       8.92500E-06       8.95000E-06       8.93750E-06       2.49996E-08       1.84096E-12       7.36395E-05       6.58153E-10       1.94964E-10
       8.95000E-06       8.97500E-06       8.96250E-06       2.50006E-08       1.84604E-12       7.38399E-05       6.61790E-10       1.96810E-10
       8.97500E-06       9.00000E-06       8.98750E-06       2.49996E-08       1.85124E-12       7.40507E-05       6.65530E-10       1.98661E-10
       9.00000E-06       9.02500E-06       9.01250E-06       2.49996E-08       1.85632E-12       7.42539E-05       6.69213E-10       2.00517E-10
       9.02500E-06       9.05000E-06       9.03750E-06       2.50006E-08       1.86152E-12       7.44590E-05       6.72923E-10       2.02379E-10
       9.05000E-06       9.07500E-06       9.06250E-06       2.49996E-08       1.86660E-12       7.46651E-05       6.76652E-10       2.04245E-10
       9.07500E-06       9.10000E-06       9.08750E-06       2.50006E-08       1.87180E-12       7.48701E-05       6.80382E-10       2.06117E-10
       9.10000E-06       9.12500E-06       9.11250E-06       2.49996E-08       1.87699E-12       7.50809E-05       6.84175E-10       2.07994E-10
       9.12500E-06       9.15000E-06       9.13750E-06       2.49996E-08       1.88208E-12       7.52842E-05       6.87909E-10       2.09876E-10
       9.15000E-06       9.17500E-06       9.16250E-06       2.50006E-08       1.88727E-12       7.54892E-05       6.91670E-10       2.11763E-10
       9.17500E-06       9.20000E-06       9.18750E-06       2.49996E-08       1.89235E-12       7.56953E-05       6.95451E-10       2.13656E-10
       9.20000E-06       9.22500E-06       9.21250E-06       2.50006E-08       1.89755E-12       7.59003E-05       6.99232E-10       2.15553E-10
       9.22500E-06       9.25000E-06       9.23750E-06       2.49996E-08       1.90275E-12       7.61112E-05       7.03077E-10       2.17456E-10
       9.25000E-06       9.27500E-06       9.26250E-06       2.49996E-08       1.90783E-12       7.63144E-05       7.06862E-10       2.19364E-10
       9.27500E-06       9.30000E-06       9.28750E-06       2.50006E-08       1.91303E-12       7.65194E-05       7.10674E-10       2.21277E-10
       9.30000E-06       9.32500E-06       9.31250E-06       2.49996E-08       1.91811E-12       7.67256E-05       7.14507E-10       2.23195E-10
       9.32500E-06       9.35000E-06       9.33750E-06       2.50006E-08       1.92331E-12       7.69306E-05       7.18339E-10       2.25118E-10
       9.35000E-06       9.37500E-06       9.36250E-06       2.49996E-08       1.92839E-12       7.71367E-05       7.22192E-10       2.27047E-10
       9.37500E-06       9.40000E-06       9.38750E-06       2.49996E-08       1.93359E-12       7.73447E-05       7.26073E-10       2.28980E-10
       9.40000E-06       9.42500E-06       9.41250E-06       2.50006E-08       1.93879E-12       7.75496E-05       7.29936E-10       2.30919E-10
       9.42500E-06       9.45000E-06       9.43750E-06       2.49996E-08       1.94387E-12       7.77558E-05       7.33821E-10       2.32863E-10
       9.45000E-06       9.47500E-06       9.46250E-06       2.50006E-08       1.94906E-12       7.79608E-05       7.37704E-10       2.34812E-10
       9.47500E-06       9.50000E-06       9.48750E-06       2.49996E-08       1.95414E-12       7.81670E-05       7.41609E-10       2.36766E-10
       9.50000E-06       9.52500E-06       9.51250E-06       2.49996E-08       1.95934E-12       7.83749E-05       7.45541E-10       2.38726E-10
       9.52500E-06       9.55000E-06       9.53750E-06       2.50006E-08       1.96454E-12       7.85798E-05       7.49455E-10       2.40690E-10
       9.55000E-06       9.57500E-06       9.56250E-06       2.49996E-08       1.96962E-12       7.87861E-05       7.53392E-10       2.42660E-10
       9.57500E-06       9.60000E-06       9.58750E-06       2.50006E-08       1.97482E-12       7.89910E-05       7.57326E-10       2.44635E-10
       9.60000E-06       9.62500E-06       9.61250E-06       2.49996E-08       1.97990E-12       7.91972E-05       7.61283E-10       2.46614E-10
       9.62500E-06       9.65000E-06       9.63750E-06       2.49996E-08       1.98510E-12       7.94052E-05       7.65267E-10       2.48600E-10
       9.65000E-06       9.67500E-06       9.66250E-06       2.50006E-08       1.99018E-12       7.96053E-05       7.69187E-10       2.50590E-10
       9.67500E-06       9.70000E-06       9.68750E-06       2.49996E-08       1.99538E-12       7.98163E-05       7.73221E-10       2.52585E-10
       9.70000E-06       9.72500E-06       9.71250E-06       2.50006E-08       2.00058E-12       8.00212E-05       7.77206E-10       2.54586E-10
       9.72500E-06       9.75000E-06       9.73750E-06       2.49996E-08       2.00566E-12       8.02275E-05       7.81215E-10       2.56591E-10
       9.75000E-06       9.77500E-06       9.76250E-06       2.49996E-08       2.01085E-12       8.04354E-05       7.85251E-10       2.58602E-10
       9.77500E-06       9.80000E-06       9.78750E-06       2.50006E-08       2.01593E-12       8.06356E-05       7.89220E-10       2.60618E-10
       9.80000E-06       9.82500E-06       9.81250E-06       2.49996E-08       2.02113E-12       8.08466E-05       7.93307E-10       2.62639E-10
       9.82500E-06       9.85000E-06       9.83750E-06       2.50006E-08       2.02633E-12       8.10514E-05       7.97343E-10       2.64666E-10
       9.85000E-06       9.87500E-06       9.86250E-06       2.49996E-08       2.03141E-12       8.12577E-05       8.01404E-10       2.66697E-10
       9.87500E-06       9.90000E-06       9.88750E-06       2.49996E-08       2.03661E-12       8.14657E-05       8.05492E-10       2.68734E-10
       9.90000E-06       9.92500E-06       9.91250E-06       2.50006E-08       2.04169E-12       8.16658E-05       8.09512E-10       2.70775E-10
       9.92500E-06       9.95000E-06       9.93750E-06       2.49996E-08       2.04689E-12       8.18768E-05       8.13651E-10       2.72822E-10
       9.95000E-06       9.97500E-06       9.96250E-06       2.50006E-08       2.05209E-12       8.20816E-05       8.17738E-10       2.74874E-10
       9.97500E-06       1.00000E-05       9.98750E-06       2.49996E-08       2.05717E-12       8.22880E-05       8.21851E-10       2.76931E-10
       1.00000E-05       1.04713E-05       1.02356E-05       4.71300E-07       3.97445E-11       8.43295E-05       8.63167E-10       3.16676E-10
       1.04713E-05       1.09648E-05       1.07180E-05       4.93500E-07       4.35784E-11       8.83047E-05       9.46454E-10       3.60254E-10
       1.09648E-05       1.14815E-05       1.12232E-05       5.16700E-07       4.77832E-11       9.24777E-05       1.03789E-09       4.08037E-10
       1.14815E-05       1.20226E-05       1.17521E-05       5.41101E-07       5.23921E-11       9.68251E-05       1.13789E-09       4.60430E-10
       1.20226E-05       1.25892E-05       1.23059E-05       5.66600E-07       5.74476E-11       1.01390E-04       1.24770E-09       5.17877E-10
       1.25892E-05       1.31826E-05       1.28859E-05       5.93400E-07       6.29910E-11       1.06153E-04       1.36787E-09       5.80868E-10
       1.31826E-05       1.38038E-05       1.34932E-05       6.21200E-07       6.90673E-11       1.11184E-04       1.50022E-09       6.49935E-10
       1.38038E-05       1.44544E-05       1.41291E-05       6.50600E-07       7.57319E-11       1.16403E-04       1.64467E-09       7.25667E-10
       1.44544E-05       1.51356E-05       1.47950E-05       6.81200E-07       8.30369E-11       1.21898E-04       1.80348E-09       8.08704E-10
       1.51356E-05       1.58489E-05       1.54922E-05       7.13300E-07       9.10485E-11       1.27644E-04       1.97749E-09       8.99753E-10
       1.58489E-05       1.65959E-05       1.62224E-05       7.47000E-07       9.96436E-11       1.33392E-04       2.16394E-09       9.99396E-10
       1.65959E-05       1.73780E-05       1.69869E-05       7.82101E-07       1.07126E-10       1.36972E-04       2.32674E-09       1.10652E-09
       1.73780E-05       1.81970E-05       1.77875E-05       8.19000E-07       1.14602E-10       1.39929E-04       2.48899E-09       1.22112E-09
       1.81970E-05       1.90546E-05       1.86258E-05       8.57599E-07       1.22672E-10       1.43041E-04       2.66425E-09       1.34380E-09
       1.90546E-05       1.99526E-05       1.95036E-05       8.98001E-07       1.31367E-10       1.46288E-04       2.85315E-09       1.47516E-09
       1.99526E-05       2.08930E-05       2.04228E-05       9.40399E-07       1.40760E-10       1.49681E-04       3.05690E-09       1.61592E-09
       2.08930E-05       2.18776E-05       2.13853E-05       9.84600E-07       1.50909E-10       1.53269E-04       3.27770E-09       1.76683E-09
       2.18776E-05       2.29087E-05       2.23932E-05       1.03110E-06       1.61861E-10       1.56979E-04       3.51525E-09       1.92869E-09
       2.29087E-05       2.39883E-05       2.34485E-05       1.07960E-06       1.73711E-10       1.60903E-04       3.77294E-09       2.10240E-09
       2.39883E-05       2.51189E-05       2.45536E-05       1.13060E-06       1.86400E-10       1.64868E-04       4.04810E-09       2.28880E-09
       2.51189E-05       2.63027E-05       2.57108E-05       1.18380E-06       1.99550E-10       1.68567E-04       4.33399E-09       2.48835E-09
       2.63027E-05       2.75423E-05       2.69225E-05       1.23960E-06       2.13644E-10       1.72350E-04       4.64008E-09       2.70200E-09
       2.75423E-05       2.88403E-05       2.81913E-05       1.29800E-06       2.28862E-10       1.76319E-04       4.97065E-09       2.93086E-09
       2.88403E-05       3.01995E-05       2.95199E-05       1.35920E-06       2.45284E-10       1.80462E-04       5.32723E-09       3.17614E-09
       3.01995E-05       3.16228E-05       3.09111E-05       1.42330E-06       2.63030E-10       1.84802E-04       5.71246E-09       3.43917E-09
       3.16228E-05       3.31131E-05       3.23679E-05       1.49030E-06       2.82134E-10       1.89314E-04       6.12770E-09       3.72131E-09
       3.31131E-05       3.46737E-05       3.38934E-05       1.56060E-06       3.01971E-10       1.93497E-04       6.55826E-09       4.02328E-09
       3.46737E-05       3.63078E-05       3.54907E-05       1.63410E-06       3.23036E-10       1.97684E-04       7.01597E-09       4.34631E-09
       3.63078E-05       3.80189E-05       3.71634E-05       1.71110E-06       3.45756E-10       2.02066E-04       7.50946E-09       4.69207E-09
       3.80189E-05       3.98107E-05       3.89148E-05       1.79180E-06       3.70271E-10       2.06648E-04       8.04166E-09       5.06234E-09
       3.98107E-05       4.16869E-05       4.07488E-05       1.87620E-06       3.96736E-10       2.11457E-04       8.61662E-09       5.45908E-09
       4.16869E-05       4.36516E-05       4.26692E-05       1.96470E-06       4.25316E-10       2.16479E-04       9.23699E-09       5.88439E-09
       4.36516E-05       4.57088E-05       4.46802E-05       2.05720E-06       4.56199E-10       2.21757E-04       9.90816E-09       6.34059E-09
       4.57088E-05       4.78630E-05       4.67859E-05       2.15420E-06       4.89588E-10       2.27271E-04       1.06331E-08       6.83018E-09
       4.78630E-05       5.01187E-05       4.89908E-05       2.25570E-06       5.25398E-10       2.32920E-04       1.14110E-08       7.35558E-09
       5.01187E-05       5.24808E-05       5.12998E-05       2.36210E-06       5.62496E-10       2.38134E-04       1.22162E-08       7.91807E-09
       5.24808E-05       5.49541E-05       5.37174E-05       2.47330E-06       6.02217E-10       2.43487E-04       1.30795E-08       8.52029E-09
       5.49541E-05       5.75440E-05       5.62490E-05       2.58990E-06       6.45080E-10       2.49076E-04       1.40103E-08       9.16537E-09
       5.75440E-05       6.02560E-05       5.89000E-05       2.71200E-06       6.91358E-10       2.54925E-04       1.50151E-08       9.85673E-09
       6.02560E-05       6.30957E-05       6.16758E-05       2.83970E-06       7.41346E-10       2.61065E-04       1.61014E-08       1.05981E-08
       6.30957E-05       6.60693E-05       6.45825E-05       2.97360E-06       7.95245E-10       2.67435E-04       1.72716E-08       1.13933E-08
       6.60693E-05       6.91831E-05       6.76262E-05       3.11380E-06       8.51234E-10       2.73375E-04       1.84873E-08       1.22446E-08
       6.91831E-05       7.24436E-05       7.08134E-05       3.26051E-06       9.10615E-10       2.79286E-04       1.97772E-08       1.31552E-08
       7.24436E-05       7.58578E-05       7.41507E-05       3.41420E-06       9.74638E-10       2.85466E-04       2.11675E-08       1.41298E-08
       7.58578E-05       7.94328E-05       7.76453E-05       3.57500E-06       1.04372E-09       2.91950E-04       2.26685E-08       1.51735E-08
       7.94328E-05       8.31764E-05       8.13046E-05       3.74360E-06       1.11829E-09       2.98721E-04       2.42874E-08       1.62918E-08
       8.31764E-05       8.70964E-05       8.51364E-05       3.92000E-06       1.19883E-09       3.05825E-04       2.60368E-08       1.74907E-08
       8.70964E-05       9.12011E-05       8.91488E-05       4.10471E-06       1.28585E-09       3.13262E-04       2.79269E-08       1.87765E-08
       9.12011E-05       9.54993E-05       9.33502E-05       4.29820E-06       1.37992E-09       3.21046E-04       2.99697E-08       2.01564E-08
       9.54993E-05       1.00000E-04       9.77497E-05       4.50070E-06       1.48098E-09       3.29055E-04       3.21650E-08       2.16374E-08
       1.00000E-04       1.04713E-04       1.02356E-04       4.71300E-06       1.58570E-09       3.36453E-04       3.44382E-08       2.32231E-08
       1.04713E-04       1.09648E-04       1.07181E-04       4.93501E-06       1.69760E-09       3.43992E-04       3.68692E-08       2.49207E-08
       1.09648E-04       1.14815E-04       1.12232E-04       5.16700E-06       1.81844E-09       3.51934E-04       3.94980E-08       2.67391E-08
       1.14815E-04       1.20226E-04       1.17520E-04       5.41100E-06       1.94882E-09       3.60158E-04       4.23260E-08       2.86880E-08
       1.20226E-04       1.25892E-04       1.23059E-04       5.66600E-06       2.08973E-09       3.68819E-04       4.53865E-08       3.07777E-08
       1.25892E-04       1.31826E-04       1.28859E-04       5.93401E-06       2.24172E-09       3.77776E-04       4.86798E-08       3.30194E-08
       1.31826E-04       1.38038E-04       1.34932E-04       6.21199E-06       2.39947E-09       3.86265E-04       5.21195E-08       3.54189E-08
       1.38038E-04       1.44544E-04       1.41291E-04       6.50601E-06       2.56626E-09       3.94445E-04       5.57315E-08       3.79851E-08
       1.44544E-04       1.51356E-04       1.47950E-04       6.81200E-06       2.74600E-09       4.03112E-04       5.96404E-08       4.07311E-08
       1.51356E-04       1.58489E-04       1.54922E-04       7.13300E-06       2.93995E-09       4.12162E-04       6.38531E-08       4.36711E-08
       1.58489E-04       1.65959E-04       1.62224E-04       7.47000E-06       3.14924E-09       4.21586E-04       6.83913E-08       4.68203E-08
       1.65959E-04       1.73780E-04       1.69870E-04       7.82100E-06       3.37521E-09       4.31558E-04       7.33085E-08       5.01955E-08
       1.73780E-04       1.81970E-04       1.77875E-04       8.19000E-06       3.61931E-09       4.41919E-04       7.86063E-08       5.38149E-08
       1.81970E-04       1.90546E-04       1.86258E-04       8.57600E-06       3.88315E-09       4.52792E-04       8.43362E-08       5.76980E-08
       1.90546E-04       1.99526E-04       1.95036E-04       8.98000E-06       4.16678E-09       4.64007E-04       9.04981E-08       6.18648E-08
       1.99526E-04       2.08930E-04       2.04228E-04       9.40399E-06       4.46002E-09       4.74269E-04       9.68590E-08       6.63248E-08
       2.08930E-04       2.18776E-04       2.13853E-04       9.84601E-06       4.77259E-09       4.84723E-04       1.03660E-07       7.10974E-08
       2.18776E-04       2.29087E-04       2.23932E-04       1.03110E-05       5.10972E-09       4.95560E-04       1.10971E-07       7.62071E-08
       2.29087E-04       2.39883E-04       2.34485E-04       1.07960E-05       5.47358E-09       5.07001E-04       1.18884E-07       8.16807E-08
       2.39883E-04       2.51189E-04       2.45536E-04       1.13060E-05       5.86646E-09       5.18880E-04       1.27404E-07       8.75472E-08
       2.51189E-04       2.63027E-04       2.57108E-04       1.18380E-05       6.29041E-09       5.31374E-04       1.36620E-07       9.38376E-08
       2.63027E-04       2.75423E-04       2.69225E-04       1.23960E-05       6.73242E-09       5.43112E-04       1.46219E-07       1.00570E-07
       2.75423E-04       2.88403E-04       2.81913E-04       1.29800E-05       7.19893E-09       5.54617E-04       1.56354E-07       1.07769E-07
       2.88403E-04       3.01995E-04       2.95199E-04       1.35920E-05       7.70181E-09       5.66644E-04       1.67273E-07       1.15471E-07
       3.01995E-04       3.16228E-04       3.09111E-04       1.42330E-05       8.24422E-09       5.79233E-04       1.79047E-07       1.23715E-07
       3.16228E-04       3.31131E-04       3.23680E-04       1.49030E-05       8.82945E-09       5.92461E-04       1.91767E-07       1.32544E-07
       3.31131E-04       3.46737E-04       3.38934E-04       1.56060E-05       9.46134E-09       6.06264E-04       2.05483E-07       1.42006E-07
       3.46737E-04       3.63078E-04       3.54908E-04       1.63410E-05       1.01437E-08       6.20752E-04       2.20310E-07       1.52149E-07
       3.63078E-04       3.80189E-04       3.71634E-04       1.71110E-05       1.08811E-08       6.35911E-04       2.36326E-07       1.63031E-07
       3.80189E-04       3.98107E-04       3.89148E-04       1.79180E-05       1.16750E-08       6.51581E-04       2.53562E-07       1.74706E-07
       3.98107E-04       4.16869E-04       4.07488E-04       1.87620E-05       1.24987E-08       6.66173E-04       2.71457E-07       1.87204E-07
       4.16869E-04       4.36516E-04       4.26692E-04       1.96470E-05       1.33761E-08       6.80820E-04       2.90501E-07       2.00580E-07
       4.36516E-04       4.57088E-04       4.46802E-04       2.05720E-05       1.43227E-08       6.96221E-04       3.11073E-07       2.14903E-07
       4.57088E-04       4.78630E-04       4.67859E-04       2.15420E-05       1.53443E-08       7.12297E-04       3.33254E-07       2.30247E-07
       4.78630E-04       5.01187E-04       4.89909E-04       2.25570E-05       1.64474E-08       7.29149E-04       3.57216E-07       2.46695E-07
       5.01187E-04       5.24808E-04       5.12998E-04       2.36210E-05       1.76383E-08       7.46724E-04       3.83067E-07       2.64333E-07
       5.24808E-04       5.49541E-04       5.37175E-04       2.47330E-05       1.88828E-08       7.63464E-04       4.10113E-07       2.83216E-07
       5.49541E-04       5.75440E-04       5.62491E-04       2.58990E-05       2.01931E-08       7.79688E-04       4.38567E-07       3.03409E-07
       5.75440E-04       6.02560E-04       5.89000E-04       2.71200E-05       2.16058E-08       7.96675E-04       4.69242E-07       3.25015E-07
       6.02560E-04       6.30957E-04       6.16758E-04       2.83970E-05       2.31294E-08       8.14504E-04       5.02352E-07       3.48144E-07
       6.30957E-04       6.60693E-04       6.45825E-04       2.97360E-05       2.47738E-08       8.33124E-04       5.38052E-07       3.72918E-07
       6.60693E-04       6.91831E-04       6.76262E-04       3.11380E-05       2.65491E-08       8.52626E-04       5.76599E-07       3.99467E-07
       6.91831E-04       7.24436E-04       7.08133E-04       3.26050E-05       2.84666E-08       8.73075E-04       6.18254E-07       4.27934E-07
       7.24436E-04       7.58578E-04       7.41507E-04       3.41420E-05       3.05388E-08       8.94462E-04       6.63250E-07       4.58472E-07
       7.58578E-04       7.94328E-04       7.76453E-04       3.57500E-05       3.27720E-08       9.16698E-04       7.11773E-07       4.91244E-07
       7.94328E-04       8.31764E-04       8.13046E-04       3.74360E-05       3.50921E-08       9.37391E-04       7.62142E-07       5.26337E-07
       8.31764E-04       8.70964E-04       8.51364E-04       3.92000E-05       3.75583E-08       9.58120E-04       8.15709E-07       5.63895E-07
       8.70964E-04       9.12011E-04       8.91487E-04       4.10470E-05       4.02192E-08       9.79833E-04       8.73509E-07       6.04114E-07
       9.12011E-04       9.54993E-04       9.33502E-04       4.29820E-05       4.30916E-08       1.00255E-03       9.35882E-07       6.47206E-07
       9.54993E-04       1.00000E-03       9.77497E-04       4.50070E-05       4.61933E-08       1.02636E-03       1.00326E-06       6.93399E-07
       1.00000E-03       1.04713E-03       1.02356E-03       4.71300E-05       4.95435E-08       1.05121E-03       1.07598E-06       7.42942E-07
       1.04713E-03       1.09648E-03       1.07180E-03       4.93500E-05       5.30519E-08       1.07501E-03       1.15221E-06       7.95994E-07
       1.09648E-03       1.14815E-03       1.12231E-03       5.16700E-05       5.67410E-08       1.09814E-03       1.23246E-06       8.52735E-07
       1.14815E-03       1.20226E-03       1.17520E-03       5.41100E-05       6.07148E-08       1.12206E-03       1.31865E-06       9.13450E-07
       1.20226E-03       1.25892E-03       1.23059E-03       5.66600E-05       6.50041E-08       1.14727E-03       1.41181E-06       9.78454E-07
       1.25892E-03       1.31826E-03       1.28859E-03       5.93400E-05       6.96331E-08       1.17346E-03       1.51211E-06       1.04809E-06
       1.31826E-03       1.38038E-03       1.34932E-03       6.21200E-05       7.46289E-08       1.20137E-03       1.62103E-06       1.12272E-06
       1.38038E-03       1.44544E-03       1.41291E-03       6.50599E-05       8.00284E-08       1.23007E-03       1.73798E-06       1.20274E-06
       1.44544E-03       1.51356E-03       1.47950E-03       6.81201E-05       8.58613E-08       1.26044E-03       1.86482E-06       1.28861E-06
       1.51356E-03       1.58489E-03       1.54923E-03       7.13300E-05       9.21563E-08       1.29197E-03       2.00156E-06       1.38076E-06
       1.58489E-03       1.65959E-03       1.62224E-03       7.47000E-05       9.87209E-08       1.32157E-03       2.14390E-06       1.47948E-06
       1.65959E-03       1.73780E-03       1.69870E-03       7.82101E-05       1.05693E-07       1.35140E-03       2.29562E-06       1.58518E-06
       1.73780E-03       1.81970E-03       1.77875E-03       8.18999E-05       1.13218E-07       1.38239E-03       2.45893E-06       1.69839E-06
       1.81970E-03       1.90546E-03       1.86258E-03       8.57600E-05       1.21344E-07       1.41492E-03       2.63540E-06       1.81974E-06
       1.90546E-03       1.99526E-03       1.95036E-03       8.98001E-05       1.30120E-07       1.44899E-03       2.82606E-06       1.94986E-06
       1.99526E-03       2.08930E-03       2.04228E-03       9.40400E-05       1.39603E-07       1.48451E-03       3.03178E-06       2.08946E-06
       2.08930E-03       2.18776E-03       2.13853E-03       9.84600E-05       1.49562E-07       1.51901E-03       3.24845E-06       2.23902E-06
       2.18776E-03       2.29087E-03       2.23932E-03       1.03110E-04       1.59996E-07       1.55170E-03       3.47476E-06       2.39902E-06
       2.29087E-03       2.39883E-03       2.34485E-03       1.07960E-04       1.71249E-07       1.58622E-03       3.71946E-06       2.57027E-06
       2.39883E-03       2.51189E-03       2.45536E-03       1.13060E-04       1.83388E-07       1.62205E-03       3.98271E-06       2.75366E-06
       2.51189E-03       2.63027E-03       2.57108E-03       1.18380E-04       1.96494E-07       1.65986E-03       4.26763E-06       2.95015E-06
       2.63027E-03       2.75423E-03       2.69225E-03       1.23960E-04       2.10647E-07       1.69932E-03       4.57498E-06       3.16080E-06
       2.75423E-03       2.88403E-03       2.81913E-03       1.29800E-04       2.25939E-07       1.74067E-03       4.90717E-06       3.38674E-06
       2.88403E-03       3.01995E-03       2.95199E-03       1.35920E-04       2.42467E-07       1.78390E-03       5.26605E-06       3.62920E-06
       3.01995E-03       3.16228E-03       3.09112E-03       1.42330E-04       2.60315E-07       1.82895E-03       5.65350E-06       3.88952E-06
       3.16228E-03       3.31131E-03       3.23679E-03       1.49030E-04       2.78915E-07       1.87153E-03       6.05777E-06       4.16843E-06
       3.31131E-03       3.46737E-03       3.38934E-03       1.56060E-04       7.53659E-07       4.82929E-03       1.63681E-05       4.92209E-06
       3.46737E-03       3.63078E-03       3.54907E-03       1.63410E-04       3.36894E-05       2.06165E-01       7.31695E-04       3.86115E-05
       3.63078E-03       3.80189E-03       3.71633E-03       1.71110E-04       4.47556E-05       2.61561E-01       9.72048E-04       8.33671E-05
       3.80189E-03       3.98107E-03       3.89148E-03       1.79180E-04       4.68944E-05       2.61717E-01       1.01846E-03       1.30262E-04
       3.98107E-03       4.16869E-03       4.07488E-03       1.87620E-04       4.91381E-05       2.61902E-01       1.06722E-03       1.79400E-04
       4.16869E-03       4.36516E-03       4.26693E-03       1.96470E-04       5.14940E-05       2.62096E-01       1.11834E-03       2.30894E-04
       4.36516E-03       4.57088E-03       4.46802E-03       2.05720E-04       5.39720E-05       2.62357E-01       1.17222E-03       2.84866E-04
       4.57088E-03       4.78630E-03       4.67859E-03       2.15420E-04       5.65568E-05       2.62542E-01       1.22833E-03       3.41422E-04
       4.78630E-03       5.01187E-03       4.89909E-03       2.25570E-04       5.92679E-05       2.62747E-01       1.28722E-03       4.00690E-04
       5.01187E-03       5.24807E-03       5.12997E-03       2.36200E-04       6.21303E-05       2.63041E-01       1.34939E-03       4.62821E-04
       5.24807E-03       5.49541E-03       5.37174E-03       2.47340E-04       6.51123E-05       2.63250E-01       1.41411E-03       5.27933E-04
       5.49541E-03       5.75440E-03       5.62491E-03       2.58990E-04       6.82469E-05       2.63512E-01       1.48223E-03       5.96180E-04
       5.75440E-03       6.02560E-03       5.89000E-03       2.71200E-04       7.15434E-05       2.63803E-01       1.55380E-03       6.67723E-04
       6.02560E-03       6.30957E-03       6.16759E-03       2.83970E-04       7.49899E-05       2.64077E-01       1.62872E-03       7.42713E-04
       6.30957E-03       6.60693E-03       6.45825E-03       2.97360E-04       7.86182E-05       2.64387E-01       1.70748E-03       8.21331E-04
       6.60693E-03       6.91831E-03       6.76262E-03       3.11380E-04       8.24268E-05       2.64715E-01       1.79016E-03       9.03758E-04
       6.91831E-03       7.24436E-03       7.08133E-03       3.26050E-04       8.64260E-05       2.65070E-01       1.87705E-03       9.90184E-04
       7.24436E-03       7.58578E-03       7.41507E-03       3.41420E-04       9.06167E-05       2.65411E-01       1.96804E-03       1.08080E-03
       7.58578E-03       7.94328E-03       7.76453E-03       3.57500E-04       9.50107E-05       2.65764E-01       2.06353E-03       1.17581E-03
       7.94328E-03       8.31764E-03       8.13046E-03       3.74360E-04       9.96402E-05       2.66162E-01       2.16402E-03       1.27545E-03
       8.31764E-03       8.70964E-03       8.51364E-03       3.92000E-04       1.04495E-04       2.66569E-01       2.26947E-03       1.37995E-03
       8.70964E-03       9.12011E-03       8.91487E-03       4.10471E-04       1.09597E-04       2.67003E-01       2.38030E-03       1.48954E-03
       9.12011E-03       9.54993E-03       9.33502E-03       4.29819E-04       1.14954E-04       2.67446E-01       2.49662E-03       1.60450E-03
       9.54993E-03       1.00000E-02       9.77496E-03       4.50070E-04       1.20580E-04       2.67915E-01       2.61886E-03       1.72508E-03
       1.00000E-02       1.04713E-02       1.02357E-02       4.71300E-04       1.26491E-04       2.68388E-01       2.74712E-03       1.85157E-03
       1.04713E-02       1.09648E-02       1.07180E-02       4.93500E-04       1.32718E-04       2.68932E-01       2.88243E-03       1.98429E-03
       1.09648E-02       1.14815E-02       1.12232E-02       5.16700E-04       1.39263E-04       2.69523E-01       3.02490E-03       2.12355E-03
       1.14815E-02       1.20226E-02       1.17521E-02       5.41100E-04       1.46140E-04       2.70080E-01       3.17399E-03       2.26969E-03
       1.20226E-02       1.25892E-02       1.23059E-02       5.66601E-04       1.53378E-04       2.70698E-01       3.33119E-03       2.42307E-03
       1.25892E-02       1.31826E-02       1.28859E-02       5.93399E-04       1.60987E-04       2.71296E-01       3.49590E-03       2.58405E-03
       1.31826E-02       1.38038E-02       1.34932E-02       6.21200E-04       1.69008E-04       2.72067E-01       3.67105E-03       2.75306E-03
       1.38038E-02       1.44544E-02       1.41291E-02       6.50601E-04       1.77438E-04       2.72729E-01       3.85342E-03       2.93050E-03
       1.44544E-02       1.51356E-02       1.47950E-02       6.81199E-04       1.86316E-04       2.73511E-01       4.04660E-03       3.11682E-03
       1.51356E-02       1.58489E-02       1.54923E-02       7.13301E-04       1.95671E-04       2.74317E-01       4.24979E-03       3.31249E-03
       1.58489E-02       1.65959E-02       1.62224E-02       7.47000E-04       2.05530E-04       2.75141E-01       4.46345E-03       3.51802E-03
       1.65959E-02       1.73780E-02       1.69870E-02       7.82100E-04       2.15912E-04       2.76068E-01       4.68955E-03       3.73393E-03
       1.73780E-02       1.81970E-02       1.77875E-02       8.19000E-04       2.26858E-04       2.76994E-01       4.92703E-03       3.96079E-03
       1.81970E-02       1.90546E-02       1.86258E-02       8.57600E-04       2.38402E-04       2.77988E-01       5.17774E-03       4.19919E-03
       1.90546E-02       1.99526E-02       1.95036E-02       8.98000E-04       2.50574E-04       2.79036E-01       5.44220E-03       4.44976E-03
       1.99526E-02       2.08930E-02       2.04228E-02       9.40400E-04       2.63441E-04       2.80137E-01       5.72119E-03       4.71320E-03
       2.08930E-02       2.18776E-02       2.13853E-02       9.84600E-04       2.77012E-04       2.81345E-01       6.01665E-03       4.99022E-03
       2.18776E-02       2.29087E-02       2.23931E-02       1.03110E-03       2.91343E-04       2.82556E-01       6.32731E-03       5.28156E-03
       2.29087E-02       2.39883E-02       2.34485E-02       1.07960E-03       3.06502E-04       2.83903E-01       6.65709E-03       5.58806E-03
       2.39883E-02       2.51189E-02       2.45536E-02       1.13060E-03       3.22516E-04       2.85261E-01       7.00418E-03       5.91058E-03
       2.51189E-02       2.63027E-02       2.57108E-02       1.18380E-03       3.39443E-04       2.86740E-01       7.37232E-03       6.25002E-03
       2.63027E-02       2.75423E-02       2.69225E-02       1.23960E-03       3.57347E-04       2.88276E-01       7.76111E-03       6.60737E-03
       2.75423E-02       2.88403E-02       2.81913E-02       1.29800E-03       3.76291E-04       2.89901E-01       8.17268E-03       6.98366E-03
       2.88403E-02       3.01995E-02       2.95199E-02       1.35920E-03       4.58422E-04       3.37274E-01       9.95629E-03       7.44208E-03
       3.01995E-02       3.16228E-02       3.09112E-02       1.42330E-03       5.76016E-04       4.04705E-01       1.25099E-02       8.01810E-03
       3.16228E-02       3.31131E-02       3.23680E-02       1.49030E-03       6.06179E-04       4.06749E-01       1.31656E-02       8.62428E-03
       3.31131E-02       3.46737E-02       3.38934E-02       1.56060E-03       6.38078E-04       4.08868E-01       1.38579E-02       9.26235E-03
       3.46737E-02       3.63078E-02       3.54908E-02       1.63410E-03       7.09046E-04       4.33906E-01       1.53996E-02       9.97140E-03
       3.63078E-02       3.80189E-02       3.71633E-02       1.71110E-03       8.22265E-04       4.80548E-01       1.78588E-02       1.07937E-02
       3.80189E-02       3.98107E-02       3.89148E-02       1.79180E-03       8.63793E-04       4.82081E-01       1.87601E-02       1.16575E-02
       3.98107E-02       4.16869E-02       4.07488E-02       1.87620E-03       9.07484E-04       4.83682E-01       1.97095E-02       1.25649E-02
       4.16869E-02       4.36516E-02       4.26693E-02       1.96470E-03       9.53595E-04       4.85363E-01       2.07101E-02       1.35185E-02
       4.36516E-02       4.57088E-02       4.46802E-02       2.05720E-03       1.00227E-03       4.87200E-01       2.17682E-02       1.45208E-02
       4.57088E-02       4.78630E-02       4.67859E-02       2.15420E-03       1.05367E-03       4.89122E-01       2.28840E-02       1.55745E-02
       4.78630E-02       5.01187E-02       4.89908E-02       2.25570E-03       1.10795E-03       4.91180E-01       2.40633E-02       1.66824E-02
       5.01187E-02       5.24808E-02       5.12998E-02       2.36210E-03       1.16533E-03       4.93345E-01       2.53085E-02       1.78478E-02
       5.24808E-02       5.49541E-02       5.37174E-02       2.47330E-03       1.22594E-03       4.95671E-01       2.66262E-02       1.90737E-02
       5.49541E-02       5.75440E-02       5.62491E-02       2.58990E-03       1.29003E-03       4.98099E-01       2.80176E-02       2.03637E-02
       5.75440E-02       6.02560E-02       5.89000E-02       2.71200E-03       1.35780E-03       5.00662E-01       2.94890E-02       2.17215E-02
       6.02560E-02       6.30957E-02       6.16758E-02       2.83970E-03       1.42945E-03       5.03381E-01       3.10464E-02       2.31510E-02
       6.30957E-02       6.60693E-02       6.45825E-02       2.97360E-03       1.52898E-03       5.14186E-01       3.32074E-02       2.46800E-02
       6.60693E-02       6.91831E-02       6.76262E-02       3.11380E-03       1.84347E-03       5.92032E-01       4.00369E-02       2.65234E-02
       6.91831E-02       7.24436E-02       7.08134E-02       3.26050E-03       1.99521E-03       6.11933E-01       4.33330E-02       2.85186E-02
       7.24436E-02       7.58578E-02       7.41507E-02       3.41420E-03       2.10175E-03       6.15592E-01       4.56466E-02       3.06204E-02
       7.58578E-02       7.94328E-02       7.76453E-02       3.57500E-03       2.22322E-03       6.21879E-01       4.82860E-02       3.28436E-02
       7.94328E-02       8.31764E-02       8.13046E-02       3.74360E-03       2.47159E-03       6.60217E-01       5.36787E-02       3.53152E-02
       8.31764E-02       8.70964E-02       8.51364E-02       3.92000E-03       2.73466E-03       6.97617E-01       5.93926E-02       3.80499E-02
       8.70964E-02       9.12011E-02       8.91488E-02       4.10470E-03       3.56116E-03       8.67580E-01       7.73437E-02       4.16110E-02
       9.12011E-02       9.54993E-02       9.33502E-02       4.29820E-03       3.93143E-03       9.14671E-01       8.53847E-02       4.55424E-02
       9.54993E-02       1.00000E-01       9.77497E-02       4.50070E-03       4.13421E-03       9.18570E-01       8.97898E-02       4.96767E-02
       1.00000E-01       1.04713E-01       1.02357E-01       4.71300E-03       4.34829E-03       9.22617E-01       9.44359E-02       5.40249E-02
       1.04713E-01       1.09648E-01       1.07180E-01       4.93500E-03       4.64386E-03       9.41005E-01       1.00857E-01       5.86688E-02
       1.09648E-01       1.14815E-01       1.12231E-01       5.16700E-03       5.55670E-03       1.07542E+00       1.20696E-01       6.42255E-02
       1.14815E-01       1.20226E-01       1.17520E-01       5.41100E-03       6.28771E-03       1.16202E+00       1.36561E-01       7.05132E-02
       1.20226E-01       1.25892E-01       1.23059E-01       5.66600E-03       6.60638E-03       1.16597E+00       1.43483E-01       7.71196E-02
       1.25892E-01       1.31826E-01       1.28859E-01       5.93400E-03       6.95069E-03       1.17133E+00       1.50937E-01       8.40703E-02
       1.31826E-01       1.38038E-01       1.34932E-01       6.21200E-03       7.54163E-03       1.21404E+00       1.63813E-01       9.16119E-02
       1.38038E-01       1.44544E-01       1.41291E-01       6.50600E-03       8.37478E-03       1.28724E+00       1.81875E-01       9.99867E-02
       1.44544E-01       1.51356E-01       1.47950E-01       6.81200E-03       9.26733E-03       1.36044E+00       2.01277E-01       1.09254E-01
       1.51356E-01       1.58489E-01       1.54923E-01       7.13300E-03       9.94624E-03       1.39440E+00       2.16024E-01       1.19200E-01
       1.58489E-01       1.65959E-01       1.62224E-01       7.47000E-03       1.04348E-02       1.39689E+00       2.26609E-01       1.29635E-01
       1.65959E-01       1.73780E-01       1.69869E-01       7.82100E-03       1.11258E-02       1.42255E+00       2.41648E-01       1.40761E-01
       1.73780E-01       1.81970E-01       1.77875E-01       8.19000E-03       1.22621E-02       1.49721E+00       2.66315E-01       1.53023E-01
       1.81970E-01       1.90546E-01       1.86258E-01       8.57600E-03       1.36107E-02       1.58707E+00       2.95604E-01       1.66634E-01
       1.90546E-01       1.99526E-01       1.95036E-01       8.98000E-03       1.49359E-02       1.66324E+00       3.24391E-01       1.81570E-01
       1.99526E-01       2.08930E-01       2.04228E-01       9.40400E-03       1.59788E-02       1.69915E+00       3.47015E-01       1.97548E-01
       2.08930E-01       2.18776E-01       2.13853E-01       9.84600E-03       1.67771E-02       1.70395E+00       3.64395E-01       2.14325E-01
       2.18776E-01       2.29087E-01       2.23931E-01       1.03110E-02       1.75401E-02       1.70110E+00       3.80931E-01       2.31866E-01
       2.29087E-01       2.39883E-01       2.34485E-01       1.07960E-02       1.83307E-02       1.69792E+00       3.98137E-01       2.50196E-01
       2.39883E-01       2.51189E-01       2.45536E-01       1.13060E-02       1.91496E-02       1.69376E+00       4.15878E-01       2.69346E-01
       2.51189E-01       2.63027E-01       2.57108E-01       1.18380E-02       1.99976E-02       1.68927E+00       4.34325E-01       2.89343E-01
       2.63027E-01       2.75423E-01       2.69225E-01       1.23960E-02       2.08751E-02       1.68402E+00       4.53381E-01       3.10219E-01
       2.75423E-01       2.88403E-01       2.81913E-01       1.29800E-02       2.17838E-02       1.67826E+00       4.73123E-01       3.32002E-01
       2.88403E-01       3.01995E-01       2.95199E-01       1.35920E-02       2.27383E-02       1.67291E+00       4.93843E-01       3.54741E-01
       3.01995E-01       3.16228E-01       3.09112E-01       1.42330E-02       2.38063E-02       1.67261E+00       5.17024E-01       3.78547E-01
       3.16228E-01       3.31131E-01       3.23680E-01       1.49030E-02       2.46706E-02       1.65541E+00       5.35822E-01       4.03217E-01
       3.31131E-01       3.46737E-01       3.38934E-01       1.56060E-02       2.56773E-02       1.64535E+00       5.57665E-01       4.28895E-01
       3.46737E-01       3.63078E-01       3.54908E-01       1.63410E-02       2.67240E-02       1.63540E+00       5.80415E-01       4.55619E-01
       3.63078E-01       3.80189E-01       3.71633E-01       1.71110E-02       2.78125E-02       1.62542E+00       6.04060E-01       4.83431E-01
       3.80189E-01       3.98107E-01       3.89148E-01       1.79180E-02       2.89492E-02       1.61565E+00       6.28726E-01       5.12381E-01
       3.98107E-01       4.16869E-01       4.07488E-01       1.87620E-02       3.01408E-02       1.60648E+00       6.54622E-01       5.42521E-01
       4.16869E-01       4.36516E-01       4.26692E-01       1.96470E-02       3.10095E-02       1.57833E+00       6.73462E-01       5.73531E-01
       4.36516E-01       4.57088E-01       4.46802E-01       2.05720E-02       3.09820E-02       1.50603E+00       6.72896E-01       6.04513E-01
       4.57088E-01       4.78630E-01       4.67859E-01       2.15420E-02       2.98046E-02       1.38356E+00       6.47311E-01       6.34317E-01
       4.78630E-01       5.01187E-01       4.89909E-01       2.25570E-02       2.89620E-02       1.28395E+00       6.29017E-01       6.63279E-01
       5.01187E-01       5.24808E-01       5.12998E-01       2.36210E-02       2.91116E-02       1.23245E+00       6.32242E-01       6.92391E-01
       5.24808E-01       5.49541E-01       5.37174E-01       2.47330E-02       2.79038E-02       1.12820E+00       6.06040E-01       7.20295E-01
       5.49541E-01       5.75440E-01       5.62490E-01       2.58990E-02       2.68985E-02       1.03859E+00       5.84197E-01       7.47193E-01
       5.75440E-01       6.02560E-01       5.89000E-01       2.71200E-02       2.59156E-02       9.55591E-01       5.62843E-01       7.73109E-01
       6.02560E-01       6.30957E-01       6.16758E-01       2.83970E-02       2.29399E-02       8.07830E-01       4.98236E-01       7.96049E-01
       6.30957E-01       6.60693E-01       6.45825E-01       2.97360E-02       2.19874E-02       7.39419E-01       4.77535E-01       8.18036E-01
       6.60693E-01       6.91831E-01       6.76262E-01       3.11380E-02       1.75337E-02       5.63095E-01       3.80800E-01       8.35570E-01
       6.91831E-01       7.24436E-01       7.08133E-01       3.26050E-02       1.66739E-02       5.11392E-01       3.62134E-01       8.52244E-01
       7.24436E-01       7.58578E-01       7.41507E-01       3.41420E-02       1.53815E-02       4.50517E-01       3.34061E-01       8.67625E-01
       7.58578E-01       7.94328E-01       7.76453E-01       3.57500E-02       1.66434E-02       4.65550E-01       3.61478E-01       8.84269E-01
       7.94328E-01       8.31764E-01       8.13046E-01       3.74360E-02       1.83638E-02       4.90539E-01       3.98831E-01       9.02633E-01
       8.31764E-01       8.70964E-01       8.51364E-01       3.92000E-02       1.78345E-02       4.54961E-01       3.87338E-01       9.20467E-01
       8.70964E-01       9.12011E-01       8.91487E-01       4.10470E-02       1.53462E-02       3.73870E-01       3.33300E-01       9.35813E-01
       9.12011E-01       9.54993E-01       9.33502E-01       4.29820E-02       1.59098E-02       3.70150E-01       3.45536E-01       9.51723E-01
       9.54993E-01       1.00000E+00       9.77497E-01       4.50070E-02       1.63002E-02       3.62170E-01       3.54020E-01       9.68023E-01
       1.00000E+00       1.04713E+00       1.02357E+00       4.71300E-02       1.57260E-02       3.33673E-01       3.41536E-01       9.83749E-01
       1.04713E+00       1.09648E+00       1.07181E+00       4.93500E-02       1.27621E-02       2.58603E-01       2.77172E-01       9.96511E-01
       1.09648E+00       1.14815E+00       1.12231E+00       5.16700E-02       1.02510E-03       1.98395E-02       2.22661E-02       9.97536E-01
       1.14815E+00       1.20226E+00       1.17520E+00       5.41100E-02       2.75344E-04       5.08860E-03       5.98015E-03       9.97812E-01
       1.20226E+00       1.25892E+00       1.23059E+00       5.66600E-02       2.64924E-04       4.67567E-03       5.75384E-03       9.98077E-01
       1.25892E+00       1.31826E+00       1.28859E+00       5.93400E-02       2.51805E-04       4.24342E-03       5.46803E-03       9.98329E-01
       1.31826E+00       1.38038E+00       1.34932E+00       6.21200E-02       2.35798E-04       3.79585E-03       5.12181E-03       9.98564E-01
       1.38038E+00       1.44544E+00       1.41291E+00       6.50600E-02       2.16717E-04       3.33104E-03       4.70646E-03       9.98781E-01
       1.44544E+00       1.51356E+00       1.47950E+00       6.81200E-02       1.96130E-04       2.87919E-03       4.25976E-03       9.98977E-01
       1.51356E+00       1.58489E+00       1.54923E+00       7.13300E-02       1.74046E-04       2.44002E-03       3.78014E-03       9.99151E-01
       1.58489E+00       1.65959E+00       1.62224E+00       7.47000E-02       1.52279E-04       2.03854E-03       3.30701E-03       9.99304E-01
       1.65959E+00       1.73780E+00       1.69869E+00       7.82100E-02       1.31596E-04       1.68260E-03       2.85823E-03       9.99435E-01
       1.73780E+00       1.81970E+00       1.77875E+00       8.19000E-02       1.12847E-04       1.37786E-03       2.45088E-03       9.99548E-01
       1.81970E+00       1.90546E+00       1.86258E+00       8.57600E-02       9.74519E-05       1.13633E-03       2.11651E-03       9.99646E-01
       1.90546E+00       1.99526E+00       1.95036E+00       8.98000E-02       8.56961E-05       9.54299E-04       1.86123E-03       9.99731E-01
       1.99526E+00       2.08930E+00       2.04228E+00       9.40400E-02       7.54899E-05       8.02742E-04       1.63942E-03       9.99807E-01
       2.08930E+00       2.18776E+00       2.13853E+00       9.84600E-02       6.51342E-05       6.61530E-04       1.41470E-03       9.99872E-01
       2.18776E+00       2.29087E+00       2.23932E+00       1.03110E-01       5.34350E-05       5.18233E-04       1.16049E-03       9.99925E-01
       2.29087E+00       2.39883E+00       2.34485E+00       1.07960E-01       3.99815E-05       3.70336E-04       8.68383E-04       9.99965E-01
       2.39883E+00       2.51189E+00       2.45536E+00       1.13060E-01       2.55909E-05       2.26348E-04       5.55766E-04       9.99991E-01
       2.51189E+00       2.63027E+00       2.57108E+00       1.18380E-01       9.18442E-06       7.75842E-05       1.99475E-04       1.00000E+00

 Sum =                                                                         1.00000E+00
 Renormalization bin#   921 =                                                  8.46406E-01 barn        9.00000E+06        9.20000E+06        9.10000E+06
 Avg. Energy     bin#   921 =                                                  4.35377E-01 MeV         9.00000E+06        9.20000E+06
