"        MT= 91 recoil spectrum "
" Initial neutron energy corresponds to the group:"
   1.96000E+01    1.98000E+01       0.00000E+00           371           904           534



          Low               High              Mid              Energy           Number             dn/de            E*dn/de          Cumulative
         Energy            Energy            Energy             Width          Fraction                               Sum   
         [MeV]             [MeV]             [MeV]              [MeV]

       3.87500E-06       3.90000E-06       3.88750E-06       2.50001E-08       0.00000E+00       0.00000E+00       0.00000E+00       0.00000E+00
       3.90000E-06       3.92500E-06       3.91250E-06       2.49999E-08       7.41667E-12       2.96668E-04       1.16072E-09       7.41667E-12
       3.92500E-06       3.95000E-06       3.93750E-06       2.50001E-08       7.46406E-12       2.98561E-04       1.17558E-09       1.48807E-11
       3.95000E-06       3.97500E-06       3.96250E-06       2.49999E-08       7.51218E-12       3.00489E-04       1.19069E-09       2.23929E-11
       3.97500E-06       4.00000E-06       3.98750E-06       2.50001E-08       7.55957E-12       3.02382E-04       1.20575E-09       2.99525E-11
       4.00000E-06       4.02500E-06       4.01250E-06       2.50001E-08       7.60695E-12       3.04277E-04       1.22091E-09       3.75594E-11
       4.02500E-06       4.05000E-06       4.03750E-06       2.50001E-08       7.65434E-12       3.06172E-04       1.23617E-09       4.52138E-11
       4.05000E-06       4.07500E-06       4.06250E-06       2.49996E-08       7.70173E-12       3.08074E-04       1.25155E-09       5.29155E-11
       4.07500E-06       4.10000E-06       4.08750E-06       2.50001E-08       7.74911E-12       3.09963E-04       1.26698E-09       6.06646E-11
       4.10000E-06       4.12500E-06       4.11250E-06       2.50001E-08       7.79650E-12       3.11859E-04       1.28252E-09       6.84611E-11
       4.12500E-06       4.15000E-06       4.13750E-06       2.50001E-08       7.84388E-12       3.13754E-04       1.29816E-09       7.63050E-11
       4.15000E-06       4.17500E-06       4.16250E-06       2.50001E-08       7.89127E-12       3.15650E-04       1.31389E-09       8.41963E-11
       4.17500E-06       4.20000E-06       4.18750E-06       2.49996E-08       7.93866E-12       3.17551E-04       1.32975E-09       9.21349E-11
       4.20000E-06       4.22500E-06       4.21250E-06       2.50001E-08       7.98604E-12       3.19440E-04       1.34564E-09       1.00121E-10
       4.22500E-06       4.25000E-06       4.23750E-06       2.50001E-08       8.03343E-12       3.21336E-04       1.36166E-09       1.08154E-10
       4.25000E-06       4.27500E-06       4.26250E-06       2.50001E-08       8.08082E-12       3.23231E-04       1.37777E-09       1.16235E-10
       4.27500E-06       4.30000E-06       4.28750E-06       2.50001E-08       8.12820E-12       3.25127E-04       1.39398E-09       1.24363E-10
       4.30000E-06       4.32500E-06       4.31250E-06       2.49996E-08       8.17559E-12       3.27029E-04       1.41031E-09       1.32539E-10
       4.32500E-06       4.35000E-06       4.33750E-06       2.50001E-08       8.22297E-12       3.28918E-04       1.42668E-09       1.40762E-10
       4.35000E-06       4.37500E-06       4.36250E-06       2.50001E-08       8.27036E-12       3.30813E-04       1.44317E-09       1.49032E-10
       4.37500E-06       4.40000E-06       4.38750E-06       2.50001E-08       8.31775E-12       3.32709E-04       1.45976E-09       1.57350E-10
       4.40000E-06       4.42500E-06       4.41250E-06       2.50001E-08       8.36513E-12       3.34604E-04       1.47644E-09       1.65715E-10
       4.42500E-06       4.45000E-06       4.43750E-06       2.49996E-08       8.41252E-12       3.36506E-04       1.49324E-09       1.74128E-10
       4.45000E-06       4.47500E-06       4.46250E-06       2.50001E-08       8.45990E-12       3.38395E-04       1.51009E-09       1.82588E-10
       4.47500E-06       4.50000E-06       4.48750E-06       2.50001E-08       8.50729E-12       3.40290E-04       1.52705E-09       1.91095E-10
       4.50000E-06       4.52500E-06       4.51250E-06       2.50001E-08       8.55468E-12       3.42186E-04       1.54411E-09       1.99650E-10
       4.52500E-06       4.55000E-06       4.53750E-06       2.50001E-08       8.60206E-12       3.44081E-04       1.56127E-09       2.08252E-10
       4.55000E-06       4.57500E-06       4.56250E-06       2.49996E-08       8.64945E-12       3.45983E-04       1.57855E-09       2.16901E-10
       4.57500E-06       4.60000E-06       4.58750E-06       2.50001E-08       8.69684E-12       3.47872E-04       1.59586E-09       2.25598E-10
       4.60000E-06       4.62500E-06       4.61250E-06       2.50001E-08       8.74422E-12       3.49768E-04       1.61330E-09       2.34342E-10
       4.62500E-06       4.65000E-06       4.63750E-06       2.50001E-08       8.79161E-12       3.51663E-04       1.63084E-09       2.43134E-10
       4.65000E-06       4.67500E-06       4.66250E-06       2.50001E-08       8.83899E-12       3.53558E-04       1.64847E-09       2.51973E-10
       4.67500E-06       4.70000E-06       4.68750E-06       2.49996E-08       8.88638E-12       3.55461E-04       1.66622E-09       2.60859E-10
       4.70000E-06       4.72500E-06       4.71250E-06       2.50001E-08       8.93377E-12       3.57349E-04       1.68401E-09       2.69793E-10
       4.72500E-06       4.75000E-06       4.73750E-06       2.50001E-08       8.98115E-12       3.59245E-04       1.70192E-09       2.78774E-10
       4.75000E-06       4.77500E-06       4.76250E-06       2.50001E-08       9.02854E-12       3.61140E-04       1.71993E-09       2.87803E-10
       4.77500E-06       4.80000E-06       4.78750E-06       2.50001E-08       9.07592E-12       3.63036E-04       1.73803E-09       2.96879E-10
       4.80000E-06       4.82500E-06       4.81250E-06       2.49996E-08       9.12331E-12       3.64938E-04       1.75626E-09       3.06002E-10
       4.82500E-06       4.85000E-06       4.83750E-06       2.50001E-08       9.17070E-12       3.66826E-04       1.77452E-09       3.15173E-10
       4.85000E-06       4.87500E-06       4.86250E-06       2.50001E-08       9.21808E-12       3.68722E-04       1.79291E-09       3.24391E-10
       4.87500E-06       4.90000E-06       4.88750E-06       2.50001E-08       9.26547E-12       3.70617E-04       1.81139E-09       3.33656E-10
       4.90000E-06       4.92500E-06       4.91250E-06       2.50001E-08       9.31285E-12       3.72513E-04       1.82997E-09       3.42969E-10
       4.92500E-06       4.95000E-06       4.93750E-06       2.49996E-08       9.36024E-12       3.74415E-04       1.84868E-09       3.52329E-10
       4.95000E-06       4.97500E-06       4.96250E-06       2.50001E-08       9.40763E-12       3.76304E-04       1.86741E-09       3.61737E-10
       4.97500E-06       5.00000E-06       4.98750E-06       2.50001E-08       9.45501E-12       3.78199E-04       1.88627E-09       3.71192E-10
       5.00000E-06       5.02500E-06       5.01250E-06       2.50001E-08       9.50240E-12       3.80095E-04       1.90522E-09       3.80694E-10
       5.02500E-06       5.05000E-06       5.03750E-06       2.50001E-08       9.54979E-12       3.81990E-04       1.92427E-09       3.90244E-10
       5.05000E-06       5.07500E-06       5.06250E-06       2.49996E-08       9.59717E-12       3.83893E-04       1.94346E-09       3.99841E-10
       5.07500E-06       5.10000E-06       5.08750E-06       2.50001E-08       9.64456E-12       3.85781E-04       1.96266E-09       4.09486E-10
       5.10000E-06       5.12500E-06       5.11250E-06       2.50001E-08       9.69194E-12       3.87676E-04       1.98200E-09       4.19178E-10
       5.12500E-06       5.15000E-06       5.13750E-06       2.50001E-08       9.73933E-12       3.89572E-04       2.00142E-09       4.28917E-10
       5.15000E-06       5.17500E-06       5.16250E-06       2.50001E-08       9.78672E-12       3.91467E-04       2.02095E-09       4.38704E-10
       5.17500E-06       5.20000E-06       5.18750E-06       2.49996E-08       9.83410E-12       3.93370E-04       2.04061E-09       4.48538E-10
       5.20000E-06       5.22500E-06       5.21250E-06       2.50001E-08       9.88149E-12       3.95258E-04       2.06028E-09       4.58419E-10
       5.22500E-06       5.25000E-06       5.23750E-06       2.50001E-08       9.92887E-12       3.97153E-04       2.08009E-09       4.68348E-10
       5.25000E-06       5.27500E-06       5.26250E-06       2.50001E-08       9.97626E-12       3.99049E-04       2.09999E-09       4.78324E-10
       5.27500E-06       5.30000E-06       5.28750E-06       2.50001E-08       1.00236E-11       4.00944E-04       2.11999E-09       4.88348E-10
       5.30000E-06       5.32500E-06       5.31250E-06       2.49996E-08       1.00710E-11       4.02847E-04       2.14013E-09       4.98419E-10
       5.32500E-06       5.35000E-06       5.33750E-06       2.50001E-08       1.01184E-11       4.04735E-04       2.16027E-09       5.08538E-10
       5.35000E-06       5.37500E-06       5.36250E-06       2.50001E-08       1.01658E-11       4.06631E-04       2.18056E-09       5.18703E-10
       5.37500E-06       5.40000E-06       5.38750E-06       2.50001E-08       1.02132E-11       4.08526E-04       2.20093E-09       5.28917E-10
       5.40000E-06       5.42500E-06       5.41250E-06       2.50001E-08       1.02606E-11       4.10422E-04       2.22141E-09       5.39177E-10
       5.42500E-06       5.45000E-06       5.43750E-06       2.49996E-08       1.03080E-11       4.12325E-04       2.24202E-09       5.49485E-10
       5.45000E-06       5.47500E-06       5.46250E-06       2.50001E-08       1.03553E-11       4.14212E-04       2.26263E-09       5.59840E-10
       5.47500E-06       5.50000E-06       5.48750E-06       2.50001E-08       1.04027E-11       4.16108E-04       2.28339E-09       5.70243E-10
       5.50000E-06       5.52500E-06       5.51250E-06       2.50001E-08       1.04501E-11       4.18003E-04       2.30424E-09       5.80693E-10
       5.52500E-06       5.55000E-06       5.53750E-06       2.50001E-08       1.04975E-11       4.19899E-04       2.32519E-09       5.91191E-10
       5.55000E-06       5.57500E-06       5.56250E-06       2.49996E-08       1.05449E-11       4.21802E-04       2.34627E-09       6.01736E-10
       5.57500E-06       5.60000E-06       5.58750E-06       2.50001E-08       1.05923E-11       4.23690E-04       2.36737E-09       6.12328E-10
       5.60000E-06       5.62500E-06       5.61250E-06       2.50001E-08       1.06397E-11       4.25585E-04       2.38860E-09       6.22968E-10
       5.62500E-06       5.65000E-06       5.63750E-06       2.50001E-08       1.06871E-11       4.27480E-04       2.40992E-09       6.33655E-10
       5.65000E-06       5.67500E-06       5.66250E-06       2.50001E-08       1.07344E-11       4.29376E-04       2.43134E-09       6.44389E-10
       5.67500E-06       5.70000E-06       5.68750E-06       2.49996E-08       1.07818E-11       4.31280E-04       2.45290E-09       6.55171E-10
       5.70000E-06       5.72500E-06       5.71250E-06       2.50001E-08       1.08292E-11       4.33167E-04       2.47447E-09       6.66000E-10
       5.72500E-06       5.75000E-06       5.73750E-06       2.50001E-08       1.08766E-11       4.35062E-04       2.49617E-09       6.76877E-10
       5.75000E-06       5.77500E-06       5.76250E-06       2.50001E-08       1.09240E-11       4.36958E-04       2.51797E-09       6.87801E-10
       5.77500E-06       5.80000E-06       5.78750E-06       2.50001E-08       1.09714E-11       4.38853E-04       2.53986E-09       6.98772E-10
       5.80000E-06       5.82500E-06       5.81250E-06       2.49996E-08       1.10188E-11       4.40757E-04       2.56190E-09       7.09791E-10
       5.82500E-06       5.85000E-06       5.83750E-06       2.50001E-08       1.10661E-11       4.42644E-04       2.58393E-09       7.20857E-10
       5.85000E-06       5.87500E-06       5.86250E-06       2.50001E-08       1.11135E-11       4.44539E-04       2.60611E-09       7.31971E-10
       5.87500E-06       5.90000E-06       5.88750E-06       2.50001E-08       1.11609E-11       4.46435E-04       2.62839E-09       7.43132E-10
       5.90000E-06       5.92500E-06       5.91250E-06       2.50001E-08       1.12083E-11       4.48330E-04       2.65075E-09       7.54340E-10
       5.92500E-06       5.95000E-06       5.93750E-06       2.49996E-08       1.12557E-11       4.50234E-04       2.67327E-09       7.65595E-10
       5.95000E-06       5.97500E-06       5.96250E-06       2.50001E-08       1.13031E-11       4.52121E-04       2.69577E-09       7.76899E-10
       5.97500E-06       6.00000E-06       5.98750E-06       2.50001E-08       1.13505E-11       4.54017E-04       2.71842E-09       7.88249E-10
       6.00000E-06       6.02500E-06       6.01250E-06       2.50001E-08       1.13978E-11       4.55912E-04       2.74117E-09       7.99647E-10
       6.02500E-06       6.05000E-06       6.03750E-06       2.50001E-08       1.14452E-11       4.57807E-04       2.76401E-09       8.11092E-10
       6.05000E-06       6.07500E-06       6.06250E-06       2.49996E-08       1.14926E-11       4.59712E-04       2.78700E-09       8.22585E-10
       6.07500E-06       6.10000E-06       6.08750E-06       2.50001E-08       1.15400E-11       4.61598E-04       2.80998E-09       8.34125E-10
       6.10000E-06       6.12500E-06       6.11250E-06       2.50001E-08       1.15874E-11       4.63494E-04       2.83311E-09       8.45712E-10
       6.12500E-06       6.15000E-06       6.13750E-06       2.50001E-08       1.16348E-11       4.65389E-04       2.85633E-09       8.57347E-10
       6.15000E-06       6.17500E-06       6.16250E-06       2.50001E-08       1.16822E-11       4.67285E-04       2.87964E-09       8.69029E-10
       6.17500E-06       6.20000E-06       6.18750E-06       2.49996E-08       1.17295E-11       4.69189E-04       2.90311E-09       8.80759E-10
       6.20000E-06       6.22500E-06       6.21250E-06       2.50001E-08       1.17769E-11       4.71076E-04       2.92656E-09       8.92535E-10
       6.22500E-06       6.25000E-06       6.23750E-06       2.50001E-08       1.18243E-11       4.72971E-04       2.95016E-09       9.04360E-10
       6.25000E-06       6.27500E-06       6.26250E-06       2.50001E-08       1.18717E-11       4.74866E-04       2.97385E-09       9.16232E-10
       6.27500E-06       6.30000E-06       6.28750E-06       2.50001E-08       1.19191E-11       4.76762E-04       2.99764E-09       9.28151E-10
       6.30000E-06       6.32500E-06       6.31250E-06       2.49996E-08       1.19665E-11       4.78666E-04       3.02158E-09       9.40117E-10
       6.32500E-06       6.35000E-06       6.33750E-06       2.50001E-08       1.20139E-11       4.80553E-04       3.04550E-09       9.52131E-10
       6.35000E-06       6.37500E-06       6.36250E-06       2.50001E-08       1.20613E-11       4.82448E-04       3.06958E-09       9.64192E-10
       6.37500E-06       6.40000E-06       6.38750E-06       2.50001E-08       1.21086E-11       4.84344E-04       3.09374E-09       9.76301E-10
       6.40000E-06       6.42500E-06       6.41250E-06       2.50001E-08       1.21560E-11       4.86239E-04       3.11801E-09       9.88457E-10
       6.42500E-06       6.45000E-06       6.43750E-06       2.49996E-08       1.22034E-11       4.88144E-04       3.14243E-09       1.00066E-09
       6.45000E-06       6.47500E-06       6.46250E-06       2.50001E-08       1.22508E-11       4.90030E-04       3.16682E-09       1.01291E-09
       6.47500E-06       6.50000E-06       6.48750E-06       2.50001E-08       1.22982E-11       4.91925E-04       3.19137E-09       1.02521E-09
       6.50000E-06       6.52500E-06       6.51250E-06       2.50001E-08       1.23456E-11       4.93821E-04       3.21601E-09       1.03755E-09
       6.52500E-06       6.55000E-06       6.53750E-06       2.50001E-08       1.23930E-11       4.95716E-04       3.24075E-09       1.04995E-09
       6.55000E-06       6.57500E-06       6.56250E-06       2.49996E-08       1.24403E-11       4.97621E-04       3.26564E-09       1.06239E-09
       6.57500E-06       6.60000E-06       6.58750E-06       2.50001E-08       1.24877E-11       4.99507E-04       3.29050E-09       1.07488E-09
       6.60000E-06       6.62500E-06       6.61250E-06       2.50001E-08       1.25359E-11       5.01432E-04       3.31572E-09       1.08741E-09
       6.62500E-06       6.65000E-06       6.63750E-06       2.50001E-08       1.25832E-11       5.03328E-04       3.34084E-09       1.09999E-09
       6.65000E-06       6.67500E-06       6.66250E-06       2.50001E-08       1.26306E-11       5.05223E-04       3.36605E-09       1.11263E-09
       6.67500E-06       6.70000E-06       6.68750E-06       2.49996E-08       1.26780E-11       5.07128E-04       3.39142E-09       1.12530E-09
       6.70000E-06       6.72500E-06       6.71250E-06       2.50001E-08       1.27254E-11       5.09014E-04       3.41676E-09       1.13803E-09
       6.72500E-06       6.75000E-06       6.73750E-06       2.50001E-08       1.27728E-11       5.10909E-04       3.44225E-09       1.15080E-09
       6.75000E-06       6.77500E-06       6.76250E-06       2.50001E-08       1.28202E-11       5.12805E-04       3.46784E-09       1.16362E-09
       6.77500E-06       6.80000E-06       6.78750E-06       2.50001E-08       1.28676E-11       5.14700E-04       3.49353E-09       1.17649E-09
       6.80000E-06       6.82500E-06       6.81250E-06       2.49996E-08       1.29149E-11       5.16606E-04       3.51938E-09       1.18940E-09
       6.82500E-06       6.85000E-06       6.83750E-06       2.50001E-08       1.29623E-11       5.18491E-04       3.54518E-09       1.20237E-09
       6.85000E-06       6.87500E-06       6.86250E-06       2.50001E-08       1.30097E-11       5.20387E-04       3.57115E-09       1.21538E-09
       6.87500E-06       6.90000E-06       6.88750E-06       2.50001E-08       1.30571E-11       5.22282E-04       3.59722E-09       1.22843E-09
       6.90000E-06       6.92500E-06       6.91250E-06       2.50001E-08       1.31045E-11       5.24177E-04       3.62338E-09       1.24154E-09
       6.92500E-06       6.95000E-06       6.93750E-06       2.49996E-08       1.31519E-11       5.26083E-04       3.64970E-09       1.25469E-09
       6.95000E-06       6.97500E-06       6.96250E-06       2.50001E-08       1.31993E-11       5.27968E-04       3.67598E-09       1.26789E-09
       6.97500E-06       7.00000E-06       6.98750E-06       2.50001E-08       1.32466E-11       5.29864E-04       3.70242E-09       1.28114E-09
       7.00000E-06       7.02500E-06       7.01250E-06       2.50001E-08       1.32940E-11       5.31759E-04       3.72896E-09       1.29443E-09
       7.02500E-06       7.05000E-06       7.03750E-06       2.50001E-08       1.33414E-11       5.33655E-04       3.75559E-09       1.30777E-09
       7.05000E-06       7.07500E-06       7.06250E-06       2.49996E-08       1.33888E-11       5.35560E-04       3.78239E-09       1.32116E-09
       7.07500E-06       7.10000E-06       7.08750E-06       2.50001E-08       1.34362E-11       5.37445E-04       3.80914E-09       1.33460E-09
       7.10000E-06       7.12500E-06       7.11250E-06       2.50001E-08       1.34836E-11       5.39341E-04       3.83606E-09       1.34808E-09
       7.12500E-06       7.15000E-06       7.13750E-06       2.50001E-08       1.35310E-11       5.41236E-04       3.86307E-09       1.36161E-09
       7.15000E-06       7.17500E-06       7.16250E-06       2.50001E-08       1.35783E-11       5.43132E-04       3.89018E-09       1.37519E-09
       7.17500E-06       7.20000E-06       7.18750E-06       2.49996E-08       1.36257E-11       5.45038E-04       3.91746E-09       1.38881E-09
       7.20000E-06       7.22500E-06       7.21250E-06       2.50001E-08       1.36731E-11       5.46923E-04       3.94468E-09       1.40249E-09
       7.22500E-06       7.25000E-06       7.23750E-06       2.50001E-08       1.37205E-11       5.48818E-04       3.97207E-09       1.41621E-09
       7.25000E-06       7.27500E-06       7.26250E-06       2.50001E-08       1.37679E-11       5.50714E-04       3.99956E-09       1.42998E-09
       7.27500E-06       7.30000E-06       7.28750E-06       2.50001E-08       1.38153E-11       5.52609E-04       4.02714E-09       1.44379E-09
       7.30000E-06       7.32500E-06       7.31250E-06       2.49996E-08       1.38627E-11       5.54515E-04       4.05489E-09       1.45765E-09
       7.32500E-06       7.35000E-06       7.33750E-06       2.50001E-08       1.39101E-11       5.56400E-04       4.08258E-09       1.47156E-09
       7.35000E-06       7.37500E-06       7.36250E-06       2.50001E-08       1.39574E-11       5.58295E-04       4.11045E-09       1.48552E-09
       7.37500E-06       7.40000E-06       7.38750E-06       2.50001E-08       1.40048E-11       5.60191E-04       4.13841E-09       1.49953E-09
       7.40000E-06       7.42500E-06       7.41250E-06       2.50001E-08       1.40522E-11       5.62086E-04       4.16646E-09       1.51358E-09
       7.42500E-06       7.45000E-06       7.43750E-06       2.49996E-08       1.40996E-11       5.63992E-04       4.19469E-09       1.52768E-09
       7.45000E-06       7.47500E-06       7.46250E-06       2.50001E-08       1.41470E-11       5.65877E-04       4.22286E-09       1.54183E-09
       7.47500E-06       7.50000E-06       7.48750E-06       2.50001E-08       1.41944E-11       5.67772E-04       4.25120E-09       1.55602E-09
       7.50000E-06       7.52500E-06       7.51250E-06       2.50001E-08       1.42418E-11       5.69668E-04       4.27963E-09       1.57026E-09
       7.52500E-06       7.55000E-06       7.53750E-06       2.50001E-08       1.42891E-11       5.71563E-04       4.30816E-09       1.58455E-09
       7.55000E-06       7.57500E-06       7.56250E-06       2.49996E-08       1.43365E-11       5.73470E-04       4.33687E-09       1.59889E-09
       7.57500E-06       7.60000E-06       7.58750E-06       2.50001E-08       1.43839E-11       5.75354E-04       4.36550E-09       1.61327E-09
       7.60000E-06       7.62500E-06       7.61250E-06       2.50001E-08       1.44313E-11       5.77250E-04       4.39431E-09       1.62770E-09
       7.62500E-06       7.65000E-06       7.63750E-06       2.50001E-08       1.44787E-11       5.79145E-04       4.42322E-09       1.64218E-09
       7.65000E-06       7.67500E-06       7.66250E-06       2.50001E-08       1.45261E-11       5.81041E-04       4.45222E-09       1.65671E-09
       7.67500E-06       7.70000E-06       7.68750E-06       2.49996E-08       1.45735E-11       5.82947E-04       4.48141E-09       1.67128E-09
       7.70000E-06       7.72500E-06       7.71250E-06       2.50001E-08       1.46208E-11       5.84831E-04       4.51051E-09       1.68590E-09
       7.72500E-06       7.75000E-06       7.73750E-06       2.50001E-08       1.46682E-11       5.86727E-04       4.53980E-09       1.70057E-09
       7.75000E-06       7.77500E-06       7.76250E-06       2.50001E-08       1.47156E-11       5.88622E-04       4.56918E-09       1.71529E-09
       7.77500E-06       7.80000E-06       7.78750E-06       2.50001E-08       1.47630E-11       5.90518E-04       4.59866E-09       1.73005E-09
       7.80000E-06       7.82500E-06       7.81250E-06       2.49996E-08       1.48104E-11       5.92424E-04       4.62832E-09       1.74486E-09
       7.82500E-06       7.85000E-06       7.83750E-06       2.50001E-08       1.48578E-11       5.94309E-04       4.65789E-09       1.75972E-09
       7.85000E-06       7.87500E-06       7.86250E-06       2.50001E-08       1.49052E-11       5.96204E-04       4.68765E-09       1.77462E-09
       7.87500E-06       7.90000E-06       7.88750E-06       2.50001E-08       1.49525E-11       5.98099E-04       4.71751E-09       1.78957E-09
       7.90000E-06       7.92500E-06       7.91250E-06       2.50001E-08       1.49999E-11       5.99995E-04       4.74746E-09       1.80457E-09
       7.92500E-06       7.95000E-06       7.93750E-06       2.49996E-08       1.50473E-11       6.01902E-04       4.77760E-09       1.81962E-09
       7.95000E-06       7.97500E-06       7.96250E-06       2.50001E-08       1.50947E-11       6.03786E-04       4.80764E-09       1.83472E-09
       7.97500E-06       8.00000E-06       7.98750E-06       2.50001E-08       1.51421E-11       6.05681E-04       4.83788E-09       1.84986E-09
       8.00000E-06       8.02500E-06       8.01250E-06       2.49996E-08       1.51895E-11       6.07588E-04       4.86830E-09       1.86505E-09
       8.02500E-06       8.05000E-06       8.03750E-06       2.50006E-08       1.52369E-11       6.09460E-04       4.89854E-09       1.88028E-09
       8.05000E-06       8.07500E-06       8.06250E-06       2.49996E-08       1.52842E-11       6.11379E-04       4.92924E-09       1.89557E-09
       8.07500E-06       8.10000E-06       8.08750E-06       2.50006E-08       1.53316E-11       6.13251E-04       4.95967E-09       1.91090E-09
       8.10000E-06       8.12500E-06       8.11250E-06       2.49996E-08       1.53790E-11       6.15170E-04       4.99057E-09       1.92628E-09
       8.12500E-06       8.15000E-06       8.13750E-06       2.49996E-08       1.54264E-11       6.17066E-04       5.02137E-09       1.94171E-09
       8.15000E-06       8.17500E-06       8.16250E-06       2.50006E-08       1.54738E-11       6.18938E-04       5.05208E-09       1.95718E-09
       8.17500E-06       8.20000E-06       8.18750E-06       2.49996E-08       1.55212E-11       6.20857E-04       5.08326E-09       1.97270E-09
       8.20000E-06       8.22500E-06       8.21250E-06       2.50006E-08       1.55686E-11       6.22728E-04       5.11416E-09       1.98827E-09
       8.22500E-06       8.25000E-06       8.23750E-06       2.49996E-08       1.56160E-11       6.24648E-04       5.14554E-09       2.00389E-09
       8.25000E-06       8.27500E-06       8.26250E-06       2.49996E-08       1.56633E-11       6.26543E-04       5.17681E-09       2.01955E-09
       8.27500E-06       8.30000E-06       8.28750E-06       2.50006E-08       1.57107E-11       6.28415E-04       5.20798E-09       2.03526E-09
       8.30000E-06       8.32500E-06       8.31250E-06       2.49996E-08       1.57581E-11       6.30334E-04       5.23965E-09       2.05102E-09
       8.32500E-06       8.35000E-06       8.33750E-06       2.50006E-08       1.58055E-11       6.32205E-04       5.27101E-09       2.06682E-09
       8.35000E-06       8.37500E-06       8.36250E-06       2.49996E-08       1.58529E-11       6.34125E-04       5.30287E-09       2.08268E-09
       8.37500E-06       8.40000E-06       8.38750E-06       2.49996E-08       1.59003E-11       6.36020E-04       5.33462E-09       2.09858E-09
       8.40000E-06       8.42500E-06       8.41250E-06       2.50006E-08       1.59477E-11       6.37892E-04       5.36626E-09       2.11452E-09
       8.42500E-06       8.45000E-06       8.43750E-06       2.49996E-08       1.59950E-11       6.39811E-04       5.39841E-09       2.13052E-09
       8.45000E-06       8.47500E-06       8.46250E-06       2.50006E-08       1.60424E-11       6.41682E-04       5.43024E-09       2.14656E-09
       8.47500E-06       8.50000E-06       8.48750E-06       2.49996E-08       1.60898E-11       6.43602E-04       5.46257E-09       2.16265E-09
       8.50000E-06       8.52500E-06       8.51250E-06       2.49996E-08       1.61372E-11       6.45498E-04       5.49480E-09       2.17879E-09
       8.52500E-06       8.55000E-06       8.53750E-06       2.50006E-08       1.61846E-11       6.47368E-04       5.52691E-09       2.19497E-09
       8.55000E-06       8.57500E-06       8.56250E-06       2.49996E-08       1.62320E-11       6.49289E-04       5.55954E-09       2.21120E-09
       8.57500E-06       8.60000E-06       8.58750E-06       2.50006E-08       1.62794E-11       6.51159E-04       5.59183E-09       2.22748E-09
       8.60000E-06       8.62500E-06       8.61250E-06       2.49996E-08       1.63267E-11       6.53080E-04       5.62465E-09       2.24381E-09
       8.62500E-06       8.65000E-06       8.63750E-06       2.49996E-08       1.63741E-11       6.54975E-04       5.65735E-09       2.26019E-09
       8.65000E-06       8.67500E-06       8.66250E-06       2.50006E-08       1.64215E-11       6.56846E-04       5.68992E-09       2.27661E-09
       8.67500E-06       8.70000E-06       8.68750E-06       2.49996E-08       1.64689E-11       6.58766E-04       5.72303E-09       2.29308E-09
       8.70000E-06       8.72500E-06       8.71250E-06       2.50006E-08       1.65163E-11       6.60636E-04       5.75579E-09       2.30959E-09
       8.72500E-06       8.75000E-06       8.73750E-06       2.49996E-08       1.65637E-11       6.62557E-04       5.78909E-09       2.32616E-09
       8.75000E-06       8.77500E-06       8.76250E-06       2.49996E-08       1.66111E-11       6.64453E-04       5.82227E-09       2.34277E-09
       8.77500E-06       8.80000E-06       8.78750E-06       2.50006E-08       1.66584E-11       6.66323E-04       5.85531E-09       2.35943E-09
       8.80000E-06       8.82500E-06       8.81250E-06       2.49996E-08       1.67058E-11       6.68243E-04       5.88890E-09       2.37613E-09
       8.82500E-06       8.85000E-06       8.83750E-06       2.50006E-08       1.67532E-11       6.70113E-04       5.92213E-09       2.39288E-09
       8.85000E-06       8.87500E-06       8.86250E-06       2.49996E-08       1.68006E-11       6.72034E-04       5.95590E-09       2.40968E-09
       8.87500E-06       8.90000E-06       8.88750E-06       2.49996E-08       1.68480E-11       6.73930E-04       5.98955E-09       2.42653E-09
       8.90000E-06       8.92500E-06       8.91250E-06       2.50006E-08       1.68954E-11       6.75800E-04       6.02306E-09       2.44343E-09
       8.92500E-06       8.95000E-06       8.93750E-06       2.49996E-08       1.69428E-11       6.77721E-04       6.05713E-09       2.46037E-09
       8.95000E-06       8.97500E-06       8.96250E-06       2.50006E-08       1.69901E-11       6.79590E-04       6.09083E-09       2.47736E-09
       8.97500E-06       9.00000E-06       8.98750E-06       2.49996E-08       1.70375E-11       6.81512E-04       6.12509E-09       2.49440E-09
       9.00000E-06       9.02500E-06       9.01250E-06       2.49996E-08       1.70849E-11       6.83407E-04       6.15921E-09       2.51148E-09
       9.02500E-06       9.05000E-06       9.03750E-06       2.50006E-08       1.71323E-11       6.85277E-04       6.19319E-09       2.52862E-09
       9.05000E-06       9.07500E-06       9.06250E-06       2.49996E-08       1.71797E-11       6.87198E-04       6.22773E-09       2.54580E-09
       9.07500E-06       9.10000E-06       9.08750E-06       2.50006E-08       1.72271E-11       6.89067E-04       6.26190E-09       2.56302E-09
       9.10000E-06       9.12500E-06       9.11250E-06       2.49996E-08       1.72745E-11       6.90989E-04       6.29664E-09       2.58030E-09
       9.12500E-06       9.15000E-06       9.13750E-06       2.49996E-08       1.73219E-11       6.92885E-04       6.33123E-09       2.59762E-09
       9.15000E-06       9.17500E-06       9.16250E-06       2.50006E-08       1.73692E-11       6.94754E-04       6.36568E-09       2.61499E-09
       9.17500E-06       9.20000E-06       9.18750E-06       2.49996E-08       1.74166E-11       6.96676E-04       6.40071E-09       2.63240E-09
       9.20000E-06       9.22500E-06       9.21250E-06       2.50006E-08       1.74640E-11       6.98544E-04       6.43534E-09       2.64987E-09
       9.22500E-06       9.25000E-06       9.23750E-06       2.49996E-08       1.75114E-11       7.00467E-04       6.47056E-09       2.66738E-09
       9.25000E-06       9.27500E-06       9.26250E-06       2.49996E-08       1.75595E-11       7.02392E-04       6.50590E-09       2.68494E-09
       9.27500E-06       9.30000E-06       9.28750E-06       2.50006E-08       1.76069E-11       7.04260E-04       6.54082E-09       2.70255E-09
       9.30000E-06       9.32500E-06       9.31250E-06       2.49996E-08       1.76543E-11       7.06183E-04       6.57633E-09       2.72020E-09
       9.32500E-06       9.35000E-06       9.33750E-06       2.50006E-08       1.77017E-11       7.08051E-04       6.61143E-09       2.73790E-09
       9.35000E-06       9.37500E-06       9.36250E-06       2.49996E-08       1.77491E-11       7.09974E-04       6.64713E-09       2.75565E-09
       9.37500E-06       9.40000E-06       9.38750E-06       2.49996E-08       1.77965E-11       7.11869E-04       6.68267E-09       2.77345E-09
       9.40000E-06       9.42500E-06       9.41250E-06       2.50006E-08       1.78438E-11       7.13737E-04       6.71805E-09       2.79129E-09
       9.42500E-06       9.45000E-06       9.43750E-06       2.49996E-08       1.78912E-11       7.15660E-04       6.75404E-09       2.80918E-09
       9.45000E-06       9.47500E-06       9.46250E-06       2.50006E-08       1.79386E-11       7.17528E-04       6.78961E-09       2.82712E-09
       9.47500E-06       9.50000E-06       9.48750E-06       2.49996E-08       1.79860E-11       7.19451E-04       6.82579E-09       2.84511E-09
       9.50000E-06       9.52500E-06       9.51250E-06       2.49996E-08       1.80334E-11       7.21346E-04       6.86181E-09       2.86314E-09
       9.52500E-06       9.55000E-06       9.53750E-06       2.50006E-08       1.80808E-11       7.23214E-04       6.89766E-09       2.88122E-09
       9.55000E-06       9.57500E-06       9.56250E-06       2.49996E-08       1.81282E-11       7.25137E-04       6.93413E-09       2.89935E-09
       9.57500E-06       9.60000E-06       9.58750E-06       2.50006E-08       1.81755E-11       7.27005E-04       6.97016E-09       2.91753E-09
       9.60000E-06       9.62500E-06       9.61250E-06       2.49996E-08       1.82229E-11       7.28928E-04       7.00682E-09       2.93575E-09
       9.62500E-06       9.65000E-06       9.63750E-06       2.49996E-08       1.82703E-11       7.30824E-04       7.04331E-09       2.95402E-09
       9.65000E-06       9.67500E-06       9.66250E-06       2.50006E-08       1.83177E-11       7.32691E-04       7.07963E-09       2.97234E-09
       9.67500E-06       9.70000E-06       9.68750E-06       2.49996E-08       1.83651E-11       7.34615E-04       7.11658E-09       2.99070E-09
       9.70000E-06       9.72500E-06       9.71250E-06       2.50006E-08       1.84125E-11       7.36482E-04       7.15308E-09       3.00911E-09
       9.72500E-06       9.75000E-06       9.73750E-06       2.49996E-08       1.84599E-11       7.38406E-04       7.19022E-09       3.02757E-09
       9.75000E-06       9.77500E-06       9.76250E-06       2.49996E-08       1.85072E-11       7.40301E-04       7.22719E-09       3.04608E-09
       9.77500E-06       9.80000E-06       9.78750E-06       2.50006E-08       1.85546E-11       7.42168E-04       7.26397E-09       3.06464E-09
       9.80000E-06       9.82500E-06       9.81250E-06       2.49996E-08       1.86020E-11       7.44092E-04       7.30140E-09       3.08324E-09
       9.82500E-06       9.85000E-06       9.83750E-06       2.50006E-08       1.86494E-11       7.45959E-04       7.33837E-09       3.10189E-09
       9.85000E-06       9.87500E-06       9.86250E-06       2.49996E-08       1.86968E-11       7.47883E-04       7.37600E-09       3.12058E-09
       9.87500E-06       9.90000E-06       9.88750E-06       2.49996E-08       1.87442E-11       7.49778E-04       7.41343E-09       3.13933E-09
       9.90000E-06       9.92500E-06       9.91250E-06       2.50006E-08       1.87916E-11       7.51645E-04       7.45068E-09       3.15812E-09
       9.92500E-06       9.95000E-06       9.93750E-06       2.49996E-08       1.88389E-11       7.53569E-04       7.48860E-09       3.17696E-09
       9.95000E-06       9.97500E-06       9.96250E-06       2.50006E-08       1.88863E-11       7.55436E-04       7.52603E-09       3.19584E-09
       9.97500E-06       1.00000E-05       9.98750E-06       2.49996E-08       1.89337E-11       7.57360E-04       7.56414E-09       3.21478E-09
       1.00000E-05       1.04713E-05       1.02356E-05       4.71300E-07       3.65799E-10       7.76148E-04       7.94438E-09       3.58058E-09
       1.04713E-05       1.09648E-05       1.07180E-05       4.93500E-07       4.01079E-10       8.12724E-04       8.71082E-09       3.98166E-09
       1.09648E-05       1.14815E-05       1.12232E-05       5.16700E-07       4.39788E-10       8.51147E-04       9.55256E-09       4.42144E-09
       1.14815E-05       1.20226E-05       1.17521E-05       5.41101E-07       4.82198E-10       8.91144E-04       1.04728E-08       4.90364E-09
       1.20226E-05       1.25892E-05       1.23059E-05       5.66600E-07       5.28733E-10       9.33168E-04       1.14835E-08       5.43238E-09
       1.25892E-05       1.31826E-05       1.28859E-05       5.93400E-07       5.79747E-10       9.76992E-04       1.25894E-08       6.01212E-09
       1.31826E-05       1.38038E-05       1.34932E-05       6.21200E-07       6.35670E-10       1.02329E-03       1.38075E-08       6.64779E-09
       1.38038E-05       1.44544E-05       1.41291E-05       6.50600E-07       6.97006E-10       1.07133E-03       1.51369E-08       7.34480E-09
       1.44544E-05       1.51356E-05       1.47950E-05       6.81200E-07       7.64249E-10       1.12192E-03       1.65988E-08       8.10905E-09
       1.51356E-05       1.58489E-05       1.54922E-05       7.13300E-07       8.37994E-10       1.17481E-03       1.82005E-08       8.94704E-09
       1.58489E-05       1.65959E-05       1.62224E-05       7.47000E-07       9.18847E-10       1.23005E-03       1.99544E-08       9.86589E-09
       1.65959E-05       1.73780E-05       1.69869E-05       7.82101E-07       1.00747E-09       1.28816E-03       2.18820E-08       1.08734E-08
       1.73780E-05       1.81970E-05       1.77875E-05       8.19000E-07       1.10469E-09       1.34883E-03       2.39922E-08       1.19781E-08
       1.81970E-05       1.90546E-05       1.86258E-05       8.57599E-07       1.21123E-09       1.41235E-03       2.63062E-08       1.31893E-08
       1.90546E-05       1.99526E-05       1.95036E-05       8.98001E-07       1.32807E-09       1.47892E-03       2.88442E-08       1.45174E-08
       1.99526E-05       2.08930E-05       2.04228E-05       9.40399E-07       1.45624E-09       1.54853E-03       3.16253E-08       1.59736E-08
       2.08930E-05       2.18776E-05       2.13853E-05       9.84600E-07       1.59676E-09       1.62174E-03       3.46814E-08       1.75704E-08
       2.18776E-05       2.29087E-05       2.23932E-05       1.03110E-06       1.75077E-09       1.69796E-03       3.80227E-08       1.93211E-08
       2.29087E-05       2.39883E-05       2.34485E-05       1.07960E-06       1.91973E-09       1.77819E-03       4.16958E-08       2.12409E-08
       2.39883E-05       2.51189E-05       2.45536E-05       1.13060E-06       2.10491E-09       1.86176E-03       4.57129E-08       2.33458E-08
       2.51189E-05       2.63027E-05       2.57108E-05       1.18380E-06       2.30800E-09       1.94965E-03       5.01272E-08       2.56538E-08
       2.63027E-05       2.75423E-05       2.69225E-05       1.23960E-06       2.53064E-09       2.04150E-03       5.49623E-08       2.81844E-08
       2.75423E-05       2.88403E-05       2.81913E-05       1.29800E-06       2.77483E-09       2.13777E-03       6.02666E-08       3.09592E-08
       2.88403E-05       3.01995E-05       2.95199E-05       1.35920E-06       3.04256E-09       2.23849E-03       6.60801E-08       3.40018E-08
       3.01995E-05       3.16228E-05       3.09111E-05       1.42330E-06       3.33606E-09       2.34389E-03       7.24522E-08       3.73378E-08
       3.16228E-05       3.31131E-05       3.23679E-05       1.49030E-06       3.65791E-09       2.45449E-03       7.94467E-08       4.09958E-08
       3.31131E-05       3.46737E-05       3.38934E-05       1.56060E-06       4.01087E-09       2.57008E-03       8.71087E-08       4.50066E-08
       3.46737E-05       3.63078E-05       3.54907E-05       1.63410E-06       4.37529E-09       2.67749E-03       9.50262E-08       4.93819E-08
       3.63078E-05       3.80189E-05       3.71634E-05       1.71110E-06       4.68789E-09       2.73969E-03       1.01816E-07       5.40698E-08
       3.80189E-05       3.98107E-05       3.89148E-05       1.79180E-06       5.01582E-09       2.79932E-03       1.08935E-07       5.90856E-08
       3.98107E-05       4.16869E-05       4.07488E-05       1.87620E-06       5.36951E-09       2.86191E-03       1.16619E-07       6.44552E-08
       4.16869E-05       4.36516E-05       4.26692E-05       1.96470E-06       5.75120E-09       2.92727E-03       1.24904E-07       7.02063E-08
       4.36516E-05       4.57088E-05       4.46802E-05       2.05720E-06       6.16331E-09       2.99597E-03       1.33860E-07       7.63697E-08
       4.57088E-05       4.78630E-05       4.67859E-05       2.15420E-06       6.60837E-09       3.06767E-03       1.43524E-07       8.29780E-08
       4.78630E-05       5.01187E-05       4.89908E-05       2.25570E-06       7.08941E-09       3.14289E-03       1.53973E-07       9.00674E-08
       5.01187E-05       5.24808E-05       5.12998E-05       2.36210E-06       7.60947E-09       3.22148E-03       1.65261E-07       9.76769E-08
       5.24808E-05       5.49541E-05       5.37174E-05       2.47330E-06       8.16071E-09       3.29952E-03       1.77242E-07       1.05838E-07
       5.49541E-05       5.75440E-05       5.62490E-05       2.58990E-06       8.73452E-09       3.37254E-03       1.89702E-07       1.14572E-07
       5.75440E-05       6.02560E-05       5.89000E-05       2.71200E-06       9.35284E-09       3.44868E-03       2.03127E-07       1.23925E-07
       6.02560E-05       6.30957E-05       6.16758E-05       2.83970E-06       1.00201E-08       3.52858E-03       2.17628E-07       1.33945E-07
       6.30957E-05       6.60693E-05       6.45825E-05       2.97360E-06       1.07408E-08       3.61206E-03       2.33276E-07       1.44686E-07
       6.60693E-05       6.91831E-05       6.76262E-05       3.11380E-06       1.15194E-08       3.69947E-03       2.50181E-07       1.56205E-07
       6.91831E-05       7.24436E-05       7.08134E-05       3.26051E-06       1.23525E-08       3.78853E-03       2.68279E-07       1.68558E-07
       7.24436E-05       7.58578E-05       7.41507E-05       3.41420E-06       1.32144E-08       3.87041E-03       2.86994E-07       1.81772E-07
       7.58578E-05       7.94328E-05       7.76453E-05       3.57500E-06       1.41383E-08       3.95478E-03       3.07070E-07       1.95910E-07
       7.94328E-05       8.31764E-05       8.13046E-05       3.74360E-06       1.51349E-08       4.04288E-03       3.28704E-07       2.11045E-07
       8.31764E-05       8.70964E-05       8.51364E-05       3.92000E-06       1.62103E-08       4.13529E-03       3.52064E-07       2.27256E-07
       8.70964E-05       9.12011E-05       8.91488E-05       4.10471E-06       1.73714E-08       4.23207E-03       3.77283E-07       2.44627E-07
       9.12011E-05       9.54993E-05       9.33502E-05       4.29820E-06       1.86255E-08       4.33333E-03       4.04517E-07       2.63253E-07
       9.54993E-05       1.00000E-04       9.77497E-05       4.50070E-06       1.99807E-08       4.43945E-03       4.33955E-07       2.83233E-07
       1.00000E-04       1.04713E-04       1.02356E-04       4.71300E-06       2.14459E-08       4.55038E-03       4.65761E-07       3.04679E-07
       1.04713E-04       1.09648E-04       1.07181E-04       4.93501E-06       2.30023E-08       4.66106E-03       4.99574E-07       3.27682E-07
       1.09648E-04       1.14815E-04       1.12232E-04       5.16700E-06       2.46208E-08       4.76501E-03       5.34784E-07       3.52302E-07
       1.14815E-04       1.20226E-04       1.17520E-04       5.41100E-06       2.63623E-08       4.87199E-03       5.72559E-07       3.78665E-07
       1.20226E-04       1.25892E-04       1.23059E-04       5.66600E-06       2.82431E-08       4.98466E-03       6.13407E-07       4.06908E-07
       1.25892E-04       1.31826E-04       1.28859E-04       5.93401E-06       3.02740E-08       5.10177E-03       6.57410E-07       4.37182E-07
       1.31826E-04       1.38038E-04       1.34932E-04       6.21199E-06       3.24670E-08       5.22651E-03       7.05224E-07       4.69649E-07
       1.38038E-04       1.44544E-04       1.41291E-04       6.50601E-06       3.48190E-08       5.35181E-03       7.56163E-07       5.04468E-07
       1.44544E-04       1.51356E-04       1.47950E-04       6.81200E-06       3.72504E-08       5.46835E-03       8.09042E-07       5.41718E-07
       1.51356E-04       1.58489E-04       1.54922E-04       7.13300E-06       3.98545E-08       5.58734E-03       8.65605E-07       5.81573E-07
       1.58489E-04       1.65959E-04       1.62224E-04       7.47000E-06       4.26630E-08       5.71124E-03       9.26501E-07       6.24235E-07
       1.65959E-04       1.73780E-04       1.69870E-04       7.82100E-06       4.56934E-08       5.84240E-03       9.92446E-07       6.69929E-07
       1.73780E-04       1.81970E-04       1.77875E-04       8.19000E-06       4.89650E-08       5.97863E-03       1.06345E-06       7.18894E-07
       1.81970E-04       1.90546E-04       1.86258E-04       8.57600E-06       5.24989E-08       6.12160E-03       1.14020E-06       7.71393E-07
       1.90546E-04       1.99526E-04       1.95036E-04       8.98000E-06       5.63170E-08       6.27138E-03       1.22315E-06       8.27710E-07
       1.99526E-04       2.08930E-04       2.04228E-04       9.40399E-06       6.04457E-08       6.42767E-03       1.31271E-06       8.88156E-07
       2.08930E-04       2.18776E-04       2.13853E-04       9.84601E-06       6.48428E-08       6.58569E-03       1.40837E-06       9.52998E-07
       2.18776E-04       2.29087E-04       2.23932E-04       1.03110E-05       6.94054E-08       6.73119E-03       1.50733E-06       1.02240E-06
       2.29087E-04       2.39883E-04       2.34485E-04       1.07960E-05       7.43148E-08       6.88355E-03       1.61409E-06       1.09672E-06
       2.39883E-04       2.51189E-04       2.45536E-04       1.13060E-05       7.96139E-08       7.04174E-03       1.72900E-06       1.17633E-06
       2.51189E-04       2.63027E-04       2.57108E-04       1.18380E-05       8.53372E-08       7.20875E-03       1.85343E-06       1.26167E-06
       2.63027E-04       2.75423E-04       2.69225E-04       1.23960E-05       9.15189E-08       7.38294E-03       1.98767E-06       1.35319E-06
       2.75423E-04       2.88403E-04       2.81913E-04       1.29800E-05       9.81663E-08       7.56288E-03       2.13207E-06       1.45135E-06
       2.88403E-04       3.01995E-04       2.95199E-04       1.35920E-05       1.05122E-07       7.73410E-03       2.28310E-06       1.55648E-06
       3.01995E-04       3.16228E-04       3.09111E-04       1.42330E-05       1.12581E-07       7.90982E-03       2.44502E-06       1.66906E-06
       3.16228E-04       3.31131E-04       3.23680E-04       1.49030E-05       1.20632E-07       8.09450E-03       2.62002E-06       1.78969E-06
       3.31131E-04       3.46737E-04       3.38934E-04       1.56060E-05       1.29330E-07       8.28721E-03       2.80882E-06       1.91902E-06
       3.46737E-04       3.63078E-04       3.54908E-04       1.63410E-05       1.38727E-07       8.48948E-03       3.01298E-06       2.05775E-06
       3.63078E-04       3.80189E-04       3.71634E-04       1.71110E-05       1.48885E-07       8.70113E-03       3.23363E-06       2.20663E-06
       3.80189E-04       3.98107E-04       3.89148E-04       1.79180E-05       1.59873E-07       8.92246E-03       3.47216E-06       2.36650E-06
       3.98107E-04       4.16869E-04       4.07488E-04       1.87620E-05       1.71759E-07       9.15463E-03       3.73040E-06       2.53826E-06
       4.16869E-04       4.36516E-04       4.26692E-04       1.96470E-05       1.84469E-07       9.38917E-03       4.00629E-06       2.72273E-06
       4.36516E-04       4.57088E-04       4.46802E-04       2.05720E-05       1.97701E-07       9.61018E-03       4.29385E-06       2.92043E-06
       4.57088E-04       4.78630E-04       4.67859E-04       2.15420E-05       2.11943E-07       9.83861E-03       4.60308E-06       3.13238E-06
       4.78630E-04       5.01187E-04       4.89909E-04       2.25570E-05       2.27333E-07       1.00781E-02       4.93737E-06       3.35971E-06
       5.01187E-04       5.24808E-04       5.12998E-04       2.36210E-05       2.43970E-07       1.03285E-02       5.29851E-06       3.60368E-06
       5.24808E-04       5.49541E-04       5.37175E-04       2.47330E-05       2.61961E-07       1.05915E-02       5.68951E-06       3.86564E-06
       5.49541E-04       5.75440E-04       5.62491E-04       2.58990E-05       2.81316E-07       1.08620E-02       6.10980E-06       4.14696E-06
       5.75440E-04       6.02560E-04       5.89000E-04       2.71200E-05       3.01339E-07       1.11113E-02       6.54456E-06       4.44829E-06
       6.02560E-04       6.30957E-04       6.16758E-04       2.83970E-05       3.22720E-07       1.13646E-02       7.00921E-06       4.77101E-06
       6.30957E-04       6.60693E-04       6.45825E-04       2.97360E-05       3.45805E-07       1.16292E-02       7.51040E-06       5.11682E-06
       6.60693E-04       6.91831E-04       6.76262E-04       3.11380E-05       3.70737E-07       1.19063E-02       8.05175E-06       5.48756E-06
       6.91831E-04       7.24436E-04       7.08133E-04       3.26050E-05       3.97675E-07       1.21968E-02       8.63694E-06       5.88523E-06
       7.24436E-04       7.58578E-04       7.41507E-04       3.41420E-05       4.26797E-07       1.25006E-02       9.26931E-06       6.31203E-06
       7.58578E-04       7.94328E-04       7.76453E-04       3.57500E-05       4.58293E-07       1.28194E-02       9.95366E-06       6.77032E-06
       7.94328E-04       8.31764E-04       8.13046E-04       3.74360E-05       4.92374E-07       1.31524E-02       1.06935E-05       7.26270E-06
       8.31764E-04       8.70964E-04       8.51364E-04       3.92000E-05       5.28834E-07       1.34907E-02       1.14855E-05       7.79153E-06
       8.70964E-04       9.12011E-04       8.91487E-04       4.10470E-05       5.66593E-07       1.38035E-02       1.23057E-05       8.35812E-06
       9.12011E-04       9.54993E-04       9.33502E-04       4.29820E-05       6.07170E-07       1.41262E-02       1.31868E-05       8.96529E-06
       9.54993E-04       1.00000E-03       9.77497E-04       4.50070E-05       6.50997E-07       1.44643E-02       1.41388E-05       9.61629E-06
       1.00000E-03       1.04713E-03       1.02356E-03       4.71300E-05       6.98364E-07       1.48178E-02       1.51670E-05       1.03147E-05
       1.04713E-03       1.09648E-03       1.07180E-03       4.93500E-05       7.49552E-07       1.51885E-02       1.62791E-05       1.10642E-05
       1.09648E-03       1.14815E-03       1.12231E-03       5.16700E-05       8.04705E-07       1.55739E-02       1.74788E-05       1.18689E-05
       1.14815E-03       1.20226E-03       1.17520E-03       5.41100E-05       8.61769E-07       1.59262E-02       1.87166E-05       1.27307E-05
       1.20226E-03       1.25892E-03       1.23059E-03       5.66600E-05       9.22630E-07       1.62836E-02       2.00385E-05       1.36533E-05
       1.25892E-03       1.31826E-03       1.28859E-03       5.93400E-05       9.88304E-07       1.66550E-02       2.14614E-05       1.46416E-05
       1.31826E-03       1.38038E-03       1.34932E-03       6.21200E-05       1.05918E-06       1.70506E-02       2.30067E-05       1.57008E-05
       1.38038E-03       1.44544E-03       1.41291E-03       6.50599E-05       1.13579E-06       1.74575E-02       2.46659E-05       1.68366E-05
       1.44544E-03       1.51356E-03       1.47950E-03       6.81201E-05       1.21854E-06       1.78881E-02       2.64655E-05       1.80551E-05
       1.51356E-03       1.58489E-03       1.54923E-03       7.13300E-05       1.30804E-06       1.83379E-02       2.84095E-05       1.93632E-05
       1.58489E-03       1.65959E-03       1.62224E-03       7.47000E-05       1.40485E-06       1.88066E-02       3.05088E-05       2.07680E-05
       1.65959E-03       1.73780E-03       1.69870E-03       7.82101E-05       1.50859E-06       1.92889E-02       3.27660E-05       2.22766E-05
       1.73780E-03       1.81970E-03       1.77875E-03       8.18999E-05       1.61599E-06       1.97313E-02       3.50971E-05       2.38926E-05
       1.81970E-03       1.90546E-03       1.86258E-03       8.57600E-05       1.73125E-06       2.01872E-02       3.76002E-05       2.56239E-05
       1.90546E-03       1.99526E-03       1.95036E-03       8.98001E-05       1.85569E-06       2.06647E-02       4.03036E-05       2.74795E-05
       1.99526E-03       2.08930E-03       2.04228E-03       9.40400E-05       1.99017E-06       2.11630E-02       4.32208E-05       2.94697E-05
       2.08930E-03       2.18776E-03       2.13853E-03       9.84600E-05       2.13551E-06       2.16891E-02       4.63828E-05       3.16052E-05
       2.18776E-03       2.29087E-03       2.23932E-03       1.03110E-04       2.29213E-06       2.22299E-02       4.97797E-05       3.38974E-05
       2.29087E-03       2.39883E-03       2.34485E-03       1.07960E-04       2.45443E-06       2.27346E-02       5.33093E-05       3.63518E-05
       2.39883E-03       2.51189E-03       2.45536E-03       1.13060E-04       2.62704E-06       2.32359E-02       5.70524E-05       3.89788E-05
       2.51189E-03       2.63027E-03       2.57108E-03       1.18380E-04       2.81331E-06       2.37651E-02       6.11019E-05       4.17921E-05
       2.63027E-03       2.75423E-03       2.69225E-03       1.23960E-04       3.01436E-06       2.43172E-02       6.54679E-05       4.48065E-05
       2.75423E-03       2.88403E-03       2.81913E-03       1.29800E-04       3.23148E-06       2.48959E-02       7.01846E-05       4.80380E-05
       2.88403E-03       3.01995E-03       2.95199E-03       1.35920E-04       3.46608E-06       2.55009E-02       7.52784E-05       5.15041E-05
       3.01995E-03       3.16228E-03       3.09112E-03       1.42330E-04       3.71969E-06       2.61342E-02       8.07839E-05       5.52237E-05
       3.16228E-03       3.31131E-03       3.23679E-03       1.49030E-04       3.99393E-06       2.67995E-02       8.67445E-05       5.92177E-05
       3.31131E-03       3.46737E-03       3.38934E-03       1.56060E-04       4.28685E-06       2.74692E-02       9.31026E-05       6.35045E-05
       3.46737E-03       3.63078E-03       3.54907E-03       1.63410E-04       4.58138E-06       2.80361E-02       9.95023E-05       6.80859E-05
       3.63078E-03       3.80189E-03       3.71633E-03       1.71110E-04       4.89469E-06       2.86055E-02       1.06308E-04       7.29806E-05
       3.80189E-03       3.98107E-03       3.89148E-03       1.79180E-04       5.23219E-06       2.92007E-02       1.13634E-04       7.82128E-05
       3.98107E-03       4.16869E-03       4.07488E-03       1.87620E-04       5.59588E-06       2.98256E-02       1.21536E-04       8.38087E-05
       4.16869E-03       4.36516E-03       4.26693E-03       1.96470E-04       5.98801E-06       3.04779E-02       1.30047E-04       8.97967E-05
       4.36516E-03       4.57088E-03       4.46802E-03       2.05720E-04       6.41009E-06       3.11593E-02       1.39221E-04       9.62068E-05
       4.57088E-03       4.78630E-03       4.67859E-03       2.15420E-04       6.84850E-06       3.17914E-02       1.48739E-04       1.03055E-04
       4.78630E-03       5.01187E-03       4.89909E-03       2.25570E-04       7.31338E-06       3.24217E-02       1.58837E-04       1.10369E-04
       5.01187E-03       5.24807E-03       5.12997E-03       2.36200E-04       7.81397E-06       3.30821E-02       1.69710E-04       1.18183E-04
       5.24807E-03       5.49541E-03       5.37174E-03       2.47340E-04       8.35306E-06       3.37715E-02       1.81412E-04       1.26536E-04
       5.49541E-03       5.75440E-03       5.62491E-03       2.58990E-04       8.93414E-06       3.44961E-02       1.94037E-04       1.35470E-04
       5.75440E-03       6.02560E-03       5.89000E-03       2.71200E-04       9.56067E-06       3.52532E-02       2.07641E-04       1.45030E-04
       6.02560E-03       6.30957E-03       6.16759E-03       2.83970E-04       1.02364E-05       3.60476E-02       2.22327E-04       1.55267E-04
       6.30957E-03       6.60693E-03       6.45825E-03       2.97360E-04       1.09659E-05       3.68774E-02       2.38164E-04       1.66233E-04
       6.60693E-03       6.91831E-03       6.76262E-03       3.11380E-04       1.17488E-05       3.77314E-02       2.55163E-04       1.77982E-04
       6.91831E-03       7.24436E-03       7.08133E-03       3.26050E-04       1.25601E-05       3.85219E-02       2.72787E-04       1.90542E-04
       7.24436E-03       7.58578E-03       7.41507E-03       3.41420E-04       1.34270E-05       3.93270E-02       2.91612E-04       2.03969E-04
       7.58578E-03       7.94328E-03       7.76453E-03       3.57500E-04       1.43613E-05       4.01713E-02       3.11912E-04       2.18330E-04
       7.94328E-03       8.31764E-03       8.13046E-03       3.74360E-04       1.53688E-05       4.10536E-02       3.33784E-04       2.33699E-04
       8.31764E-03       8.70964E-03       8.51364E-03       3.92000E-04       1.64556E-05       4.19785E-02       3.57390E-04       2.50154E-04
       8.70964E-03       9.12011E-03       8.91487E-03       4.10471E-04       1.76262E-05       4.29415E-02       3.82818E-04       2.67781E-04
       9.12011E-03       9.54993E-03       9.33502E-03       4.29819E-04       1.88332E-05       4.38165E-02       4.09028E-04       2.86614E-04
       9.54993E-03       1.00000E-02       9.77496E-03       4.50070E-04       2.01039E-05       4.46684E-02       4.36632E-04       3.06718E-04
       1.00000E-02       1.04713E-02       1.02357E-02       4.71300E-04       2.14718E-05       4.55586E-02       4.66322E-04       3.28189E-04
       1.04713E-02       1.09648E-02       1.07180E-02       4.93500E-04       2.29439E-05       4.64922E-02       4.98306E-04       3.51133E-04
       1.09648E-02       1.14815E-02       1.12232E-02       5.16700E-04       2.45310E-05       4.74762E-02       5.32833E-04       3.75664E-04
       1.14815E-02       1.20226E-02       1.17521E-02       5.41100E-04       2.62404E-05       4.84945E-02       5.69910E-04       4.01905E-04
       1.20226E-02       1.25892E-02       1.23059E-02       5.66601E-04       2.80848E-05       4.95672E-02       6.09969E-04       4.29989E-04
       1.25892E-02       1.31826E-02       1.28859E-02       5.93399E-04       3.00747E-05       5.06821E-02       6.53084E-04       4.60064E-04
       1.31826E-02       1.38038E-02       1.34932E-02       6.21200E-04       3.22074E-05       5.18470E-02       6.99582E-04       4.92272E-04
       1.38038E-02       1.44544E-02       1.41291E-02       6.50601E-04       3.43862E-05       5.28530E-02       7.46765E-04       5.26658E-04
       1.44544E-02       1.51356E-02       1.47950E-02       6.81199E-04       3.66973E-05       5.38716E-02       7.97031E-04       5.63355E-04
       1.51356E-02       1.58489E-02       1.54923E-02       7.13301E-04       3.91849E-05       5.49346E-02       8.51061E-04       6.02540E-04
       1.58489E-02       1.65959E-02       1.62224E-02       7.47000E-04       4.18627E-05       5.60411E-02       9.09121E-04       6.44403E-04
       1.65959E-02       1.73780E-02       1.69870E-02       7.82100E-04       4.47466E-05       5.72134E-02       9.71881E-04       6.89149E-04
       1.73780E-02       1.81970E-02       1.77875E-02       8.19000E-04       4.78499E-05       5.84248E-02       1.03923E-03       7.36999E-04
       1.81970E-02       1.90546E-02       1.86258E-02       8.57600E-04       5.10367E-05       5.95111E-02       1.10844E-03       7.88036E-04
       1.90546E-02       1.99526E-02       1.95036E-02       8.98000E-04       5.43660E-05       6.05412E-02       1.18077E-03       8.42402E-04
       1.99526E-02       2.08930E-02       2.04228E-02       9.40400E-04       5.79424E-05       6.16146E-02       1.25834E-03       9.00344E-04
       2.08930E-02       2.18776E-02       2.13853E-02       9.84600E-04       6.17848E-05       6.27512E-02       1.34195E-03       9.62129E-04
       2.18776E-02       2.29087E-02       2.23931E-02       1.03110E-03       6.59150E-05       6.39269E-02       1.43152E-03       1.02804E-03
       2.29087E-02       2.39883E-02       2.34485E-02       1.07960E-03       7.03576E-05       6.51700E-02       1.52814E-03       1.09840E-03
       2.39883E-02       2.51189E-02       2.45536E-02       1.13060E-03       7.51388E-05       6.64593E-02       1.63181E-03       1.17354E-03
       2.51189E-02       2.63027E-02       2.57108E-02       1.18380E-03       8.02869E-05       6.78214E-02       1.74374E-03       1.25383E-03
       2.63027E-02       2.75423E-02       2.69225E-02       1.23960E-03       8.58118E-05       6.92253E-02       1.86372E-03       1.33964E-03
       2.75423E-02       2.88403E-02       2.81913E-02       1.29800E-03       9.15441E-05       7.05270E-02       1.98825E-03       1.43118E-03
       2.88403E-02       3.01995E-02       2.95199E-02       1.35920E-03       9.76384E-05       7.18352E-02       2.12057E-03       1.52882E-03
       3.01995E-02       3.16228E-02       3.09112E-02       1.42330E-03       1.04192E-04       7.32043E-02       2.26283E-03       1.63301E-03
       3.16228E-02       3.31131E-02       3.23680E-02       1.49030E-03       1.11242E-04       7.46439E-02       2.41607E-03       1.74426E-03
       3.31131E-02       3.46737E-02       3.38934E-02       1.56060E-03       1.18833E-04       7.61455E-02       2.58083E-03       1.86309E-03
       3.46737E-02       3.63078E-02       3.54908E-02       1.63410E-03       1.26995E-04       7.77154E-02       2.75818E-03       1.99008E-03
       3.63078E-02       3.80189E-02       3.71633E-02       1.71110E-03       1.35239E-04       7.90361E-02       2.93725E-03       2.12532E-03
       3.80189E-02       3.98107E-02       3.89148E-02       1.79180E-03       1.43686E-04       8.01907E-02       3.12061E-03       2.26901E-03
       3.98107E-02       4.16869E-02       4.07488E-02       1.87620E-03       1.52731E-04       8.14043E-02       3.31713E-03       2.42174E-03
       4.16869E-02       4.36516E-02       4.26693E-02       1.96470E-03       1.62421E-04       8.26695E-02       3.52745E-03       2.58416E-03
       4.36516E-02       4.57088E-02       4.46802E-02       2.05720E-03       1.72810E-04       8.40025E-02       3.75325E-03       2.75697E-03
       4.57088E-02       4.78630E-02       4.67859E-02       2.15420E-03       1.83951E-04       8.53917E-02       3.99513E-03       2.94092E-03
       4.78630E-02       5.01187E-02       4.89908E-02       2.25570E-03       1.95905E-04       8.68491E-02       4.25481E-03       3.13682E-03
       5.01187E-02       5.24808E-02       5.12998E-02       2.36210E-03       2.08743E-04       8.83715E-02       4.53344E-03       3.34557E-03
       5.24808E-02       5.49541E-02       5.37174E-02       2.47330E-03       2.22486E-04       8.99551E-02       4.83216E-03       3.56805E-03
       5.49541E-02       5.75440E-02       5.62491E-02       2.58990E-03       2.36617E-04       9.13614E-02       5.13899E-03       3.80467E-03
       5.75440E-02       6.02560E-02       5.89000E-02       2.71200E-03       2.51528E-04       9.27462E-02       5.46275E-03       4.05620E-03
       6.02560E-02       6.30957E-02       6.16758E-02       2.83970E-03       2.67503E-04       9.42011E-02       5.80993E-03       4.32370E-03
       6.30957E-02       6.60693E-02       6.45825E-02       2.97360E-03       2.84629E-04       9.57188E-02       6.18176E-03       4.60833E-03
       6.60693E-02       6.91831E-02       6.76262E-02       3.11380E-03       3.02999E-04       9.73082E-02       6.58058E-03       4.91133E-03
       6.91831E-02       7.24436E-02       7.08134E-02       3.26050E-03       3.22705E-04       9.89742E-02       7.00870E-03       5.23403E-03
       7.24436E-02       7.58578E-02       7.41507E-02       3.41420E-03       3.43371E-04       1.00572E-01       7.45745E-03       5.57741E-03
       7.58578E-02       7.94328E-02       7.76453E-02       3.57500E-03       3.65105E-04       1.02127E-01       7.92970E-03       5.94251E-03
       7.94328E-02       8.31764E-02       8.13046E-02       3.74360E-03       3.88400E-04       1.03750E-01       8.43539E-03       6.33091E-03
       8.31764E-02       8.70964E-02       8.51364E-02       3.92000E-03       4.13379E-04       1.05454E-01       8.97795E-03       6.74429E-03
       8.70964E-02       9.12011E-02       8.91488E-02       4.10470E-03       4.40242E-04       1.07253E-01       9.56148E-03       7.18453E-03
       9.12011E-02       9.54993E-02       9.33502E-02       4.29820E-03       4.70676E-04       1.09505E-01       1.02224E-02       7.65521E-03
       9.54993E-02       1.00000E-01       9.77497E-02       4.50070E-03       5.04383E-04       1.12068E-01       1.09546E-02       8.15959E-03
       1.00000E-01       1.04713E-01       1.02357E-01       4.71300E-03       5.44550E-04       1.15542E-01       1.18265E-02       8.70414E-03
       1.04713E-01       1.09648E-01       1.07180E-01       4.93500E-03       5.90537E-04       1.19663E-01       1.28255E-02       9.29468E-03
       1.09648E-01       1.14815E-01       1.12231E-01       5.16700E-03       6.39282E-04       1.23724E-01       1.38857E-02       9.93396E-03
       1.14815E-01       1.20226E-01       1.17520E-01       5.41100E-03       6.91681E-04       1.27829E-01       1.50225E-02       1.06256E-02
       1.20226E-01       1.25892E-01       1.23059E-01       5.66600E-03       7.48730E-04       1.32144E-01       1.62616E-02       1.13744E-02
       1.25892E-01       1.31826E-01       1.28859E-01       5.93400E-03       8.10821E-04       1.36640E-01       1.76073E-02       1.21852E-02
       1.31826E-01       1.38038E-01       1.34932E-01       6.21200E-03       8.78406E-04       1.41405E-01       1.90800E-02       1.30636E-02
       1.38038E-01       1.44544E-01       1.41291E-01       6.50600E-03       9.52017E-04       1.46329E-01       2.06750E-02       1.40156E-02
       1.44544E-01       1.51356E-01       1.47950E-01       6.81200E-03       1.02999E-03       1.51202E-01       2.23704E-02       1.50456E-02
       1.51356E-01       1.58489E-01       1.54923E-01       7.13300E-03       1.11258E-03       1.55977E-01       2.41643E-02       1.61582E-02
       1.58489E-01       1.65959E-01       1.62224E-01       7.47000E-03       1.20232E-03       1.60953E-01       2.61104E-02       1.73605E-02
       1.65959E-01       1.73780E-01       1.69869E-01       7.82100E-03       1.29988E-03       1.66204E-01       2.82330E-02       1.86604E-02
       1.73780E-01       1.81970E-01       1.77875E-01       8.19000E-03       1.40592E-03       1.71663E-01       3.05346E-02       2.00663E-02
       1.81970E-01       1.90546E-01       1.86258E-01       8.57600E-03       1.51866E-03       1.77082E-01       3.29830E-02       2.15850E-02
       1.90546E-01       1.99526E-01       1.95036E-01       8.98000E-03       1.63955E-03       1.82578E-01       3.56093E-02       2.32245E-02
       1.99526E-01       2.08930E-01       2.04228E-01       9.40400E-03       1.77234E-03       1.88467E-01       3.84903E-02       2.49969E-02
       2.08930E-01       2.18776E-01       2.13853E-01       9.84600E-03       2.02373E-03       2.05538E-01       4.39549E-02       2.70206E-02
       2.18776E-01       2.29087E-01       2.23931E-01       1.03110E-02       2.39539E-03       2.32314E-01       5.20224E-02       2.94160E-02
       2.29087E-01       2.39883E-01       2.34485E-01       1.07960E-02       2.82096E-03       2.61296E-01       6.12701E-02       3.22369E-02
       2.39883E-01       2.51189E-01       2.45536E-01       1.13060E-02       3.29673E-03       2.91591E-01       7.15961E-02       3.55337E-02
       2.51189E-01       2.63027E-01       2.57108E-01       1.18380E-02       3.81807E-03       3.22527E-01       8.29242E-02       3.93517E-02
       2.63027E-01       2.75423E-01       2.69225E-01       1.23960E-02       4.38169E-03       3.53476E-01       9.51646E-02       4.37334E-02
       2.75423E-01       2.88403E-01       2.81913E-01       1.29800E-02       5.00834E-03       3.85851E-01       1.08776E-01       4.87418E-02
       2.88403E-01       3.01995E-01       2.95199E-01       1.35920E-02       5.68598E-03       4.18333E-01       1.23491E-01       5.44278E-02
       3.01995E-01       3.16228E-01       3.09112E-01       1.42330E-02       6.41449E-03       4.50677E-01       1.39310E-01       6.08422E-02
       3.16228E-01       3.31131E-01       3.23680E-01       1.49030E-02       7.22143E-03       4.84562E-01       1.56843E-01       6.80637E-02
       3.31131E-01       3.46737E-01       3.38934E-01       1.56060E-02       8.11517E-03       5.20003E-01       1.76247E-01       7.61788E-02
       3.46737E-01       3.63078E-01       3.54908E-01       1.63410E-02       9.09925E-03       5.56835E-01       1.97625E-01       8.52781E-02
       3.63078E-01       3.80189E-01       3.71633E-01       1.71110E-02       1.01423E-02       5.92733E-01       2.20280E-01       9.54204E-02
       3.80189E-01       3.98107E-01       3.89148E-01       1.79180E-02       1.12816E-02       6.29624E-01       2.45017E-01       1.06702E-01
       3.98107E-01       4.16869E-01       4.07488E-01       1.87620E-02       1.25384E-02       6.68285E-01       2.72318E-01       1.19240E-01
       4.16869E-01       4.36516E-01       4.26692E-01       1.96470E-02       1.39050E-02       7.07742E-01       3.01988E-01       1.33145E-01
       4.36516E-01       4.57088E-01       4.46802E-01       2.05720E-02       1.53423E-02       7.45785E-01       3.33218E-01       1.48488E-01
       4.57088E-01       4.78630E-01       4.67859E-01       2.15420E-02       1.69157E-02       7.85241E-01       3.67382E-01       1.65403E-01
       4.78630E-01       5.01187E-01       4.89909E-01       2.25570E-02       1.86452E-02       8.26581E-01       4.04949E-01       1.84048E-01
       5.01187E-01       5.24808E-01       5.12998E-01       2.36210E-02       2.05463E-02       8.69833E-01       4.46222E-01       2.04595E-01
       5.24808E-01       5.49541E-01       5.37174E-01       2.47330E-02       2.26355E-02       9.15193E-01       4.91618E-01       2.27230E-01
       5.49541E-01       5.75440E-01       5.62490E-01       2.58990E-02       2.49340E-02       9.62739E-01       5.41532E-01       2.52164E-01
       5.75440E-01       6.02560E-01       5.89000E-01       2.71200E-02       2.74693E-02       1.01288E+00       5.96586E-01       2.79634E-01
       6.02560E-01       6.30957E-01       6.16758E-01       2.83970E-02       3.02903E-02       1.06667E+00       6.57878E-01       3.09924E-01
       6.30957E-01       6.60693E-01       6.45825E-01       2.97360E-02       3.84018E-02       1.29142E+00       8.34034E-01       3.48326E-01
       6.60693E-01       6.91831E-01       6.76262E-01       3.11380E-02       4.13591E-02       1.32825E+00       8.98247E-01       3.89685E-01
       6.91831E-01       7.24436E-01       7.08133E-01       3.26050E-02       3.48754E-02       1.06963E+00       7.57443E-01       4.24560E-01
       7.24436E-01       7.58578E-01       7.41507E-01       3.41420E-02       3.44596E-02       1.00930E+00       7.48404E-01       4.59020E-01
       7.58578E-01       7.94328E-01       7.76453E-01       3.57500E-02       3.40227E-02       9.51684E-01       7.38938E-01       4.93042E-01
       7.94328E-01       8.31764E-01       8.13046E-01       3.74360E-02       3.36062E-02       8.97696E-01       7.29869E-01       5.26649E-01
       8.31764E-01       8.70964E-01       8.51364E-01       3.92000E-02       3.31037E-02       8.44483E-01       7.18962E-01       5.59752E-01
       8.70964E-01       9.12011E-01       8.91487E-01       4.10470E-02       3.24706E-02       7.91059E-01       7.05219E-01       5.92223E-01
       9.12011E-01       9.54993E-01       9.33502E-01       4.29820E-02       3.15961E-02       7.35101E-01       6.86218E-01       6.23819E-01
       9.54993E-01       1.00000E+00       9.77497E-01       4.50070E-02       3.04482E-02       6.76521E-01       6.61297E-01       6.54267E-01
       1.00000E+00       1.04713E+00       1.02357E+00       4.71300E-02       2.89922E-02       6.15153E-01       6.29649E-01       6.83259E-01
       1.04713E+00       1.09648E+00       1.07181E+00       4.93500E-02       2.71882E-02       5.50927E-01       5.90486E-01       7.10448E-01
       1.09648E+00       1.14815E+00       1.12231E+00       5.16700E-02       2.51525E-02       4.86791E-01       5.46333E-01       7.35600E-01
       1.14815E+00       1.20226E+00       1.17520E+00       5.41100E-02       2.28762E-02       4.22773E-01       4.96845E-01       7.58476E-01
       1.20226E+00       1.25892E+00       1.23059E+00       5.66600E-02       2.01853E-02       3.56253E-01       4.38402E-01       7.78662E-01
       1.25892E+00       1.31826E+00       1.28859E+00       5.93400E-02       1.71666E-02       2.89292E-01       3.72779E-01       7.95828E-01
       1.31826E+00       1.38038E+00       1.34932E+00       6.21200E-02       1.37600E-02       2.21506E-01       2.98883E-01       8.09588E-01
       1.38038E+00       1.44544E+00       1.41291E+00       6.50600E-02       1.23794E-02       1.90277E-01       2.68844E-01       8.21968E-01
       1.44544E+00       1.51356E+00       1.47950E+00       6.81200E-02       1.20692E-02       1.77176E-01       2.62132E-01       8.34037E-01
       1.51356E+00       1.58489E+00       1.54923E+00       7.13300E-02       1.16586E-02       1.63446E-01       2.53215E-01       8.45695E-01
       1.58489E+00       1.65959E+00       1.62224E+00       7.47000E-02       1.11340E-02       1.49049E-01       2.41793E-01       8.56829E-01
       1.65959E+00       1.73780E+00       1.69869E+00       7.82100E-02       1.04865E-02       1.34081E-01       2.27763E-01       8.67316E-01
       1.73780E+00       1.81970E+00       1.77875E+00       8.19000E-02       1.01688E-02       1.24161E-01       2.20851E-01       8.77485E-01
       1.81970E+00       1.90546E+00       1.86258E+00       8.57600E-02       1.01705E-02       1.18593E-01       2.20889E-01       8.87655E-01
       1.90546E+00       1.99526E+00       1.95036E+00       8.98000E-02       1.01269E-02       1.12771E-01       2.19945E-01       8.97782E-01
       1.99526E+00       2.08930E+00       2.04228E+00       9.40400E-02       1.00187E-02       1.06536E-01       2.17577E-01       9.07801E-01
       2.08930E+00       2.18776E+00       2.13853E+00       9.84600E-02       9.76910E-03       9.92189E-02       2.12183E-01       9.17570E-01
       2.18776E+00       2.29087E+00       2.23932E+00       1.03110E-01       9.42170E-03       9.13752E-02       2.04618E-01       9.26992E-01
       2.29087E+00       2.39883E+00       2.34485E+00       1.07960E-01       8.96849E-03       8.30723E-02       1.94792E-01       9.35960E-01
       2.39883E+00       2.51189E+00       2.45536E+00       1.13060E-01       8.37083E-03       7.40389E-02       1.81792E-01       9.44331E-01
       2.51189E+00       2.63027E+00       2.57108E+00       1.18380E-01       7.65604E-03       6.46735E-02       1.66281E-01       9.51987E-01
       2.63027E+00       2.75423E+00       2.69225E+00       1.23960E-01       6.94493E-03       5.60255E-02       1.50835E-01       9.58932E-01
       2.75423E+00       2.88403E+00       2.81913E+00       1.29800E-01       6.16496E-03       4.74959E-02       1.33897E-01       9.65097E-01
       2.88403E+00       3.01995E+00       2.95199E+00       1.35920E-01       5.48701E-03       4.03694E-02       1.19170E-01       9.70584E-01
       3.01995E+00       3.16228E+00       3.09111E+00       1.42330E-01       4.82075E-03       3.38702E-02       1.04697E-01       9.75405E-01
       3.16228E+00       3.31131E+00       3.23679E+00       1.49030E-01       4.28560E-03       2.87566E-02       9.30793E-02       9.79690E-01
       3.31131E+00       3.46737E+00       3.38934E+00       1.56060E-01       3.80808E-03       2.44014E-02       8.27046E-02       9.83498E-01
       3.46737E+00       3.63078E+00       3.54908E+00       1.63410E-01       3.39401E-03       2.07699E-02       7.37139E-02       9.86892E-01
       3.63078E+00       3.80189E+00       3.71633E+00       1.71110E-01       3.01477E-03       1.76189E-02       6.54778E-02       9.89907E-01
       3.80189E+00       3.98107E+00       3.89148E+00       1.79180E-01       2.62946E-03       1.46749E-02       5.71072E-02       9.92537E-01
       3.98107E+00       4.16869E+00       4.07488E+00       1.87620E-01       2.21676E-03       1.18152E-02       4.81454E-02       9.94753E-01
       4.16869E+00       4.36516E+00       4.26692E+00       1.96470E-01       1.77203E-03       9.01932E-03       3.84848E-02       9.96525E-01
       4.36516E+00       4.57088E+00       4.46802E+00       2.05720E-01       1.31750E-03       6.40436E-03       2.86148E-02       9.97843E-01
       4.57088E+00       4.78630E+00       4.67859E+00       2.15420E-01       9.08385E-04       4.21681E-03       1.97287E-02       9.98751E-01
       4.78630E+00       5.00000E+00       4.89315E+00       2.13700E-01       5.74729E-04       2.68942E-03       1.31597E-02       9.99326E-01
       5.00000E+00       5.20000E+00       5.10000E+00       2.00000E-01       3.45431E-04       1.72715E-03       8.80849E-03       9.99671E-01
       5.20000E+00       5.40000E+00       5.30000E+00       2.00000E-01       2.15896E-04       1.07948E-03       5.72125E-03       9.99887E-01
       5.40000E+00       5.60000E+00       5.50000E+00       2.00000E-01       1.09311E-04       5.46555E-04       3.00605E-03       9.99997E-01
       5.60000E+00       5.80000E+00       5.70000E+00       2.00000E-01       3.31031E-06       1.65516E-05       9.43439E-05       1.00000E+00

 Sum =                                                                         1.00000E+00
 Renormalization bin#   974 =                                                  1.35061E-01 barn        1.96000E+07        1.98000E+07        1.97000E+07
 Avg. Energy     bin#   974 =                                                  1.01873E+00 MeV         1.96000E+07        1.98000E+07
