"        MT= 91 recoil spectrum "
" Initial neutron energy corresponds to the group:"
   2.68000E+01    2.70000E+01       0.00000E+00           615           914           300



          Low               High              Mid              Energy           Number             dn/de            E*dn/de          Cumulative
         Energy            Energy            Energy             Width          Fraction                               Sum   
         [MeV]             [MeV]             [MeV]              [MeV]

       9.97500E-06       1.00000E-05       9.98750E-06       2.49996E-08       0.00000E+00       0.00000E+00       0.00000E+00       0.00000E+00
       1.00000E-05       1.04713E-05       1.02356E-05       4.71300E-07       1.18296E-10       2.51000E-04       2.56915E-09       1.18296E-10
       1.04713E-05       1.09648E-05       1.07180E-05       4.93500E-07       1.29702E-10       2.62821E-04       2.81693E-09       2.47998E-10
       1.09648E-05       1.14815E-05       1.12232E-05       5.16700E-07       1.42227E-10       2.75261E-04       3.08929E-09       3.90226E-10
       1.14815E-05       1.20226E-05       1.17521E-05       5.41101E-07       1.55943E-10       2.88195E-04       3.38689E-09       5.46168E-10
       1.20226E-05       1.25892E-05       1.23059E-05       5.66600E-07       1.70991E-10       3.01784E-04       3.71373E-09       7.17159E-10
       1.25892E-05       1.31826E-05       1.28859E-05       5.93400E-07       1.87488E-10       3.15956E-04       4.07138E-09       9.04648E-10
       1.31826E-05       1.38038E-05       1.34932E-05       6.21200E-07       2.05577E-10       3.30936E-04       4.46539E-09       1.11022E-09
       1.38038E-05       1.44544E-05       1.41291E-05       6.50600E-07       2.25413E-10       3.46469E-04       4.89530E-09       1.33564E-09
       1.44544E-05       1.51356E-05       1.47950E-05       6.81200E-07       2.47151E-10       3.62817E-04       5.36787E-09       1.58279E-09
       1.51356E-05       1.58489E-05       1.54922E-05       7.13300E-07       2.70998E-10       3.79921E-04       5.88583E-09       1.85379E-09
       1.58489E-05       1.65959E-05       1.62224E-05       7.47000E-07       2.97148E-10       3.97788E-04       6.45308E-09       2.15093E-09
       1.65959E-05       1.73780E-05       1.69869E-05       7.82101E-07       3.25808E-10       4.16581E-04       7.07643E-09       2.47674E-09
       1.73780E-05       1.81970E-05       1.77875E-05       8.19000E-07       3.57250E-10       4.36203E-04       7.75896E-09       2.83399E-09
       1.81970E-05       1.90546E-05       1.86258E-05       8.57599E-07       3.91707E-10       4.56748E-04       8.50730E-09       3.22570E-09
       1.90546E-05       1.99526E-05       1.95036E-05       8.98001E-07       4.29502E-10       4.78287E-04       9.32832E-09       3.65520E-09
       1.99526E-05       2.08930E-05       2.04228E-05       9.40399E-07       4.70947E-10       5.00794E-04       1.02276E-08       4.12615E-09
       2.08930E-05       2.18776E-05       2.13853E-05       9.84600E-07       5.16376E-10       5.24452E-04       1.12156E-08       4.64252E-09
       2.18776E-05       2.29087E-05       2.23932E-05       1.03110E-06       5.66192E-10       5.49113E-04       1.22964E-08       5.20872E-09
       2.29087E-05       2.39883E-05       2.34485E-05       1.07960E-06       6.20821E-10       5.75047E-04       1.34840E-08       5.82954E-09
       2.39883E-05       2.51189E-05       2.45536E-05       1.13060E-06       6.80716E-10       6.02084E-04       1.47833E-08       6.51025E-09
       2.51189E-05       2.63027E-05       2.57108E-05       1.18380E-06       7.46395E-10       6.30508E-04       1.62109E-08       7.25665E-09
       2.63027E-05       2.75423E-05       2.69225E-05       1.23960E-06       8.18402E-10       6.60215E-04       1.77746E-08       8.07505E-09
       2.75423E-05       2.88403E-05       2.81913E-05       1.29800E-06       8.97356E-10       6.91338E-04       1.94897E-08       8.97241E-09
       2.88403E-05       3.01995E-05       2.95199E-05       1.35920E-06       9.83932E-10       7.23906E-04       2.13696E-08       9.95634E-09
       3.01995E-05       3.16228E-05       3.09111E-05       1.42330E-06       1.07887E-09       7.58003E-04       2.34307E-08       1.10352E-08
       3.16228E-05       3.31131E-05       3.23679E-05       1.49030E-06       1.18294E-09       7.93759E-04       2.56923E-08       1.22181E-08
       3.31131E-05       3.46737E-05       3.38934E-05       1.56060E-06       1.29702E-09       8.31104E-04       2.81689E-08       1.35152E-08
       3.46737E-05       3.63078E-05       3.54907E-05       1.63410E-06       1.42227E-09       8.70369E-04       3.08901E-08       1.49374E-08
       3.63078E-05       3.80189E-05       3.71634E-05       1.71110E-06       1.55943E-09       9.11359E-04       3.38691E-08       1.64969E-08
       3.80189E-05       3.98107E-05       3.89148E-05       1.79180E-06       1.70991E-09       9.54298E-04       3.71363E-08       1.82068E-08
       3.98107E-05       4.16869E-05       4.07488E-05       1.87620E-06       1.87488E-09       9.99298E-04       4.07202E-08       2.00817E-08
       4.16869E-05       4.36516E-05       4.26692E-05       1.96470E-06       2.05577E-09       1.04636E-03       4.46472E-08       2.21374E-08
       4.36516E-05       4.57088E-05       4.46802E-05       2.05720E-06       2.25400E-09       1.09566E-03       4.89545E-08       2.43914E-08
       4.57088E-05       4.78630E-05       4.67859E-05       2.15420E-06       2.47151E-09       1.14730E-03       5.36774E-08       2.68629E-08
       4.78630E-05       5.01187E-05       4.89908E-05       2.25570E-06       2.68578E-09       1.19066E-03       5.83317E-08       2.95487E-08
       5.01187E-05       5.24808E-05       5.12998E-05       2.36210E-06       2.87366E-09       1.21657E-03       6.24096E-08       3.24224E-08
       5.24808E-05       5.49541E-05       5.37174E-05       2.47330E-06       3.07499E-09       1.24327E-03       6.67855E-08       3.54974E-08
       5.49541E-05       5.75440E-05       5.62490E-05       2.58990E-06       3.29224E-09       1.27119E-03       7.15030E-08       3.87896E-08
       5.75440E-05       6.02560E-05       5.89000E-05       2.71200E-06       3.52670E-09       1.30040E-03       7.65938E-08       4.23163E-08
       6.02560E-05       6.30957E-05       6.16758E-05       2.83970E-06       3.77979E-09       1.33105E-03       8.20937E-08       4.60961E-08
       6.30957E-05       6.60693E-05       6.45825E-05       2.97360E-06       4.05319E-09       1.36306E-03       8.80298E-08       5.01493E-08
       6.60693E-05       6.91831E-05       6.76262E-05       3.11380E-06       4.34872E-09       1.39660E-03       9.44465E-08       5.44980E-08
       6.91831E-05       7.24436E-05       7.08134E-05       3.26051E-06       4.66819E-09       1.43174E-03       1.01386E-07       5.91662E-08
       7.24436E-05       7.58578E-05       7.41507E-05       3.41420E-06       5.00318E-09       1.46540E-03       1.08661E-07       6.41694E-08
       7.58578E-05       7.94328E-05       7.76453E-05       3.57500E-06       5.35513E-09       1.49794E-03       1.16308E-07       6.95245E-08
       7.94328E-05       8.31764E-05       8.13046E-05       3.74360E-06       5.73476E-09       1.53189E-03       1.24549E-07       7.52593E-08
       8.31764E-05       8.70964E-05       8.51364E-05       3.92000E-06       6.14468E-09       1.56752E-03       1.33453E-07       8.14039E-08
       8.70964E-05       9.12011E-05       8.91488E-05       4.10471E-06       6.58732E-09       1.60482E-03       1.43068E-07       8.79913E-08
       9.12011E-05       9.54993E-05       9.33502E-05       4.29820E-06       7.06569E-09       1.64387E-03       1.53456E-07       9.50569E-08
       9.54993E-05       1.00000E-04       9.77497E-05       4.50070E-06       7.57329E-09       1.68269E-03       1.64482E-07       1.02630E-07
       1.00000E-04       1.04713E-04       1.02356E-04       4.71300E-06       8.10043E-09       1.71874E-03       1.75924E-07       1.10731E-07
       1.04713E-04       1.09648E-04       1.07181E-04       4.93501E-06       8.66755E-09       1.75634E-03       1.88246E-07       1.19398E-07
       1.09648E-04       1.14815E-04       1.12232E-04       5.16700E-06       9.27983E-09       1.79598E-03       2.01566E-07       1.28678E-07
       1.14815E-04       1.20226E-04       1.17520E-04       5.41100E-06       9.93999E-09       1.83700E-03       2.15885E-07       1.38618E-07
       1.20226E-04       1.25892E-04       1.23059E-04       5.66600E-06       1.06533E-08       1.88022E-03       2.31378E-07       1.49271E-07
       1.25892E-04       1.31826E-04       1.28859E-04       5.93401E-06       1.14239E-08       1.92515E-03       2.48073E-07       1.60695E-07
       1.31826E-04       1.38038E-04       1.34932E-04       6.21199E-06       1.22561E-08       1.97297E-03       2.66217E-07       1.72951E-07
       1.38038E-04       1.44544E-04       1.41291E-04       6.50601E-06       1.31564E-08       2.02219E-03       2.85718E-07       1.86108E-07
       1.44544E-04       1.51356E-04       1.47950E-04       6.81200E-06       1.41028E-08       2.07029E-03       3.06299E-07       2.00211E-07
       1.51356E-04       1.58489E-04       1.54922E-04       7.13300E-06       1.50947E-08       2.11618E-03       3.27844E-07       2.15305E-07
       1.58489E-04       1.65959E-04       1.62224E-04       7.47000E-06       1.61646E-08       2.16394E-03       3.51043E-07       2.31470E-07
       1.65959E-04       1.73780E-04       1.69870E-04       7.82100E-06       1.73196E-08       2.21450E-03       3.76175E-07       2.48789E-07
       1.73780E-04       1.81970E-04       1.77875E-04       8.19000E-06       1.85668E-08       2.26701E-03       4.03244E-07       2.67356E-07
       1.81970E-04       1.90546E-04       1.86258E-04       8.57600E-06       1.99145E-08       2.32212E-03       4.32514E-07       2.87271E-07
       1.90546E-04       1.99526E-04       1.95036E-04       8.98000E-06       2.13479E-08       2.37728E-03       4.63654E-07       3.08619E-07
       1.99526E-04       2.08930E-04       2.04228E-04       9.40399E-06       2.28344E-08       2.42816E-03       4.95898E-07       3.31453E-07
       2.08930E-04       2.18776E-04       2.13853E-04       9.84601E-06       2.44333E-08       2.48154E-03       5.30685E-07       3.55886E-07
       2.18776E-04       2.29087E-04       2.23932E-04       1.03110E-05       2.61578E-08       2.53688E-03       5.68088E-07       3.82044E-07
       2.29087E-04       2.39883E-04       2.34485E-04       1.07960E-05       2.80190E-08       2.59531E-03       6.08562E-07       4.10063E-07
       2.39883E-04       2.51189E-04       2.45536E-04       1.13060E-05       3.00284E-08       2.65597E-03       6.52137E-07       4.40091E-07
       2.51189E-04       2.63027E-04       2.57108E-04       1.18380E-05       3.21995E-08       2.72001E-03       6.99336E-07       4.72291E-07
       2.63027E-04       2.75423E-04       2.69225E-04       1.23960E-05       3.45453E-08       2.78681E-03       7.50280E-07       5.06836E-07
       2.75423E-04       2.88403E-04       2.81913E-04       1.29800E-05       3.70817E-08       2.85683E-03       8.05377E-07       5.43918E-07
       2.88403E-04       3.01995E-04       2.95199E-04       1.35920E-05       3.97562E-08       2.92498E-03       8.63450E-07       5.83674E-07
       3.01995E-04       3.16228E-04       3.09111E-04       1.42330E-05       4.25520E-08       2.98967E-03       9.24141E-07       6.26226E-07
       3.16228E-04       3.31131E-04       3.23680E-04       1.49030E-05       4.55669E-08       3.05756E-03       9.89671E-07       6.71793E-07
       3.31131E-04       3.46737E-04       3.38934E-04       1.56060E-05       4.88222E-08       3.12842E-03       1.06033E-06       7.20615E-07
       3.46737E-04       3.63078E-04       3.54908E-04       1.63410E-05       5.23369E-08       3.20280E-03       1.13670E-06       7.72952E-07
       3.63078E-04       3.80189E-04       3.71634E-04       1.71110E-05       5.61346E-08       3.28062E-03       1.21919E-06       8.29087E-07
       3.80189E-04       3.98107E-04       3.89148E-04       1.79180E-05       6.02420E-08       3.36209E-03       1.30835E-06       8.89329E-07
       3.98107E-04       4.16869E-04       4.07488E-04       1.87620E-05       6.46907E-08       3.44797E-03       1.40501E-06       9.54019E-07
       4.16869E-04       4.36516E-04       4.26692E-04       1.96470E-05       6.95051E-08       3.53770E-03       1.50951E-06       1.02352E-06
       4.36516E-04       4.57088E-04       4.46802E-04       2.05720E-05       7.47171E-08       3.63198E-03       1.62278E-06       1.09824E-06
       4.57088E-04       4.78630E-04       4.67859E-04       2.15420E-05       8.03612E-08       3.73045E-03       1.74532E-06       1.17860E-06
       4.78630E-04       5.01187E-04       4.89909E-04       2.25570E-05       8.64760E-08       3.83366E-03       1.87814E-06       1.26508E-06
       5.01187E-04       5.24808E-04       5.12998E-04       2.36210E-05       9.31042E-08       3.94159E-03       2.02203E-06       1.35818E-06
       5.24808E-04       5.49541E-04       5.37175E-04       2.47330E-05       1.00290E-07       4.05491E-03       2.17819E-06       1.45847E-06
       5.49541E-04       5.75440E-04       5.62491E-04       2.58990E-05       1.08085E-07       4.17333E-03       2.34746E-06       1.56656E-06
       5.75440E-04       6.02560E-04       5.89000E-04       2.71200E-05       1.16360E-07       4.29056E-03       2.52714E-06       1.68292E-06
       6.02560E-04       6.30957E-04       6.16758E-04       2.83970E-05       1.25027E-07       4.40284E-03       2.71549E-06       1.80795E-06
       6.30957E-04       6.60693E-04       6.45825E-04       2.97360E-05       1.34405E-07       4.51996E-03       2.91910E-06       1.94235E-06
       6.60693E-04       6.91831E-04       6.76262E-04       3.11380E-05       1.44561E-07       4.64260E-03       3.13962E-06       2.08691E-06
       6.91831E-04       7.24436E-04       7.08133E-04       3.26050E-05       1.55565E-07       4.77120E-03       3.37865E-06       2.24248E-06
       7.24436E-04       7.58578E-04       7.41507E-04       3.41420E-05       1.67490E-07       4.90567E-03       3.63759E-06       2.40997E-06
       7.58578E-04       7.94328E-04       7.76453E-04       3.57500E-05       1.80253E-07       5.04204E-03       3.91490E-06       2.59022E-06
       7.94328E-04       8.31764E-04       8.13046E-04       3.74360E-05       1.93444E-07       5.16734E-03       4.20128E-06       2.78366E-06
       8.31764E-04       8.70964E-04       8.51364E-04       3.92000E-05       2.07642E-07       5.29700E-03       4.50967E-06       2.99131E-06
       8.70964E-04       9.12011E-04       8.91487E-04       4.10470E-05       2.22999E-07       5.43276E-03       4.84324E-06       3.21431E-06
       9.12011E-04       9.54993E-04       9.33502E-04       4.29820E-05       2.39618E-07       5.57484E-03       5.20412E-06       3.45392E-06
       9.54993E-04       1.00000E-03       9.77497E-04       4.50070E-05       2.57608E-07       5.72374E-03       5.59493E-06       3.71153E-06
       1.00000E-03       1.04713E-03       1.02356E-03       4.71300E-05       2.77097E-07       5.87942E-03       6.01797E-06       3.98863E-06
       1.04713E-03       1.09648E-03       1.07180E-03       4.93500E-05       2.98202E-07       6.04260E-03       6.47649E-06       4.28683E-06
       1.09648E-03       1.14815E-03       1.12231E-03       5.16700E-05       3.21094E-07       6.21432E-03       6.97443E-06       4.60793E-06
       1.14815E-03       1.20226E-03       1.17520E-03       5.41100E-05       3.45365E-07       6.38266E-03       7.50093E-06       4.95329E-06
       1.20226E-03       1.25892E-03       1.23059E-03       5.66600E-05       3.70630E-07       6.54130E-03       8.04966E-06       5.32392E-06
       1.25892E-03       1.31826E-03       1.28859E-03       5.93400E-05       3.97918E-07       6.70573E-03       8.64094E-06       5.72184E-06
       1.31826E-03       1.38038E-03       1.34932E-03       6.21200E-05       4.27426E-07       6.88065E-03       9.28419E-06       6.14927E-06
       1.38038E-03       1.44544E-03       1.41291E-03       6.50599E-05       4.59379E-07       7.06086E-03       9.97635E-06       6.60864E-06
       1.44544E-03       1.51356E-03       1.47950E-03       6.81201E-05       4.93961E-07       7.25133E-03       1.07283E-05       7.10261E-06
       1.51356E-03       1.58489E-03       1.54923E-03       7.13300E-05       5.31032E-07       7.44473E-03       1.15336E-05       7.63364E-06
       1.58489E-03       1.65959E-03       1.62224E-03       7.47000E-05       5.69338E-07       7.62167E-03       1.23642E-05       8.20298E-06
       1.65959E-03       1.73780E-03       1.69870E-03       7.82101E-05       6.10482E-07       7.80567E-03       1.32595E-05       8.81346E-06
       1.73780E-03       1.81970E-03       1.77875E-03       8.18999E-05       6.54946E-07       7.99691E-03       1.42245E-05       9.46840E-06
       1.81970E-03       1.90546E-03       1.86258E-03       8.57600E-05       7.03023E-07       8.19756E-03       1.52686E-05       1.01714E-05
       1.90546E-03       1.99526E-03       1.95036E-03       8.98001E-05       7.55018E-07       8.40777E-03       1.63982E-05       1.09264E-05
       1.99526E-03       2.08930E-03       2.04228E-03       9.40400E-05       8.11298E-07       8.62715E-03       1.76191E-05       1.17377E-05
       2.08930E-03       2.18776E-03       2.13853E-03       9.84600E-05       8.72221E-07       8.85864E-03       1.89445E-05       1.26100E-05
       2.18776E-03       2.29087E-03       2.23932E-03       1.03110E-04       9.38196E-07       9.09897E-03       2.03755E-05       1.35482E-05
       2.29087E-03       2.39883E-03       2.34485E-03       1.07960E-04       1.00836E-06       9.34015E-03       2.19013E-05       1.45565E-05
       2.39883E-03       2.51189E-03       2.45536E-03       1.13060E-04       1.08124E-06       9.56343E-03       2.34817E-05       1.56378E-05
       2.51189E-03       2.63027E-03       2.57108E-03       1.18380E-04       1.15987E-06       9.79781E-03       2.51910E-05       1.67976E-05
       2.63027E-03       2.75423E-03       2.69225E-03       1.23960E-04       1.24486E-06       1.00424E-02       2.70367E-05       1.80425E-05
       2.75423E-03       2.88403E-03       2.81913E-03       1.29800E-04       1.33678E-06       1.02988E-02       2.90336E-05       1.93793E-05
       2.88403E-03       3.01995E-03       2.95199E-03       1.35920E-04       1.43623E-06       1.05668E-02       3.11930E-05       2.08155E-05
       3.01995E-03       3.16228E-03       3.09112E-03       1.42330E-04       1.54297E-06       1.08408E-02       3.35101E-05       2.23585E-05
       3.16228E-03       3.31131E-03       3.23679E-03       1.49030E-04       1.65326E-06       1.10935E-02       3.59073E-05       2.40117E-05
       3.31131E-03       3.46737E-03       3.38934E-03       1.56060E-04       1.77155E-06       1.13517E-02       3.84749E-05       2.57833E-05
       3.46737E-03       3.63078E-03       3.54907E-03       1.63410E-04       1.89927E-06       1.16228E-02       4.12500E-05       2.76826E-05
       3.63078E-03       3.80189E-03       3.71633E-03       1.71110E-04       2.03730E-06       1.19064E-02       4.42480E-05       2.97199E-05
       3.80189E-03       3.98107E-03       3.89148E-03       1.79180E-04       2.18651E-06       1.22029E-02       4.74872E-05       3.19064E-05
       3.98107E-03       4.16869E-03       4.07488E-03       1.87620E-04       2.34787E-06       1.25140E-02       5.09930E-05       3.42542E-05
       4.16869E-03       4.36516E-03       4.26693E-03       1.96470E-04       2.52248E-06       1.28390E-02       5.47829E-05       3.67767E-05
       4.36516E-03       4.57088E-03       4.46802E-03       2.05720E-04       2.71150E-06       1.31806E-02       5.88911E-05       3.94882E-05
       4.57088E-03       4.78630E-03       4.67859E-03       2.15420E-04       2.91042E-06       1.35104E-02       6.32098E-05       4.23986E-05
       4.78630E-03       5.01187E-03       4.89909E-03       2.25570E-04       3.10955E-06       1.37853E-02       6.75353E-05       4.55082E-05
       5.01187E-03       5.24807E-03       5.12997E-03       2.36200E-04       3.32305E-06       1.40688E-02       7.21725E-05       4.88312E-05
       5.24807E-03       5.49541E-03       5.37174E-03       2.47340E-04       3.55301E-06       1.43649E-02       7.71644E-05       5.23842E-05
       5.49541E-03       5.75440E-03       5.62491E-03       2.58990E-04       3.80092E-06       1.46759E-02       8.25507E-05       5.61852E-05
       5.75440E-03       6.02560E-03       5.89000E-03       2.71200E-04       4.06829E-06       1.50011E-02       8.83563E-05       6.02534E-05
       6.02560E-03       6.30957E-03       6.16759E-03       2.83970E-04       4.35478E-06       1.53354E-02       9.45821E-05       6.46082E-05
       6.30957E-03       6.60693E-03       6.45825E-03       2.97360E-04       4.65067E-06       1.56398E-02       1.01006E-04       6.92589E-05
       6.60693E-03       6.91831E-03       6.76262E-03       3.11380E-04       4.96659E-06       1.59503E-02       1.07866E-04       7.42255E-05
       6.91831E-03       7.24436E-03       7.08133E-03       3.26050E-04       5.30670E-06       1.62757E-02       1.15254E-04       7.95322E-05
       7.24436E-03       7.58578E-03       7.41507E-03       3.41420E-04       5.67307E-06       1.66161E-02       1.23210E-04       8.52053E-05
       7.58578E-03       7.94328E-03       7.76453E-03       3.57500E-04       6.06792E-06       1.69732E-02       1.31789E-04       9.12732E-05
       7.94328E-03       8.31764E-03       8.13046E-03       3.74360E-04       6.49372E-06       1.73462E-02       1.41033E-04       9.77669E-05
       8.31764E-03       8.70964E-03       8.51364E-03       3.92000E-04       6.95304E-06       1.77373E-02       1.51009E-04       1.04720E-04
       8.70964E-03       9.12011E-03       8.91487E-03       4.10471E-04       7.44880E-06       1.81470E-02       1.61778E-04       1.12169E-04
       9.12011E-03       9.54993E-03       9.33502E-03       4.29819E-04       7.97746E-06       1.85600E-02       1.73258E-04       1.20146E-04
       9.54993E-03       1.00000E-02       9.77496E-03       4.50070E-04       8.52584E-06       1.89434E-02       1.85171E-04       1.28672E-04
       1.00000E-02       1.04713E-02       1.02357E-02       4.71300E-04       9.11490E-06       1.93399E-02       1.97957E-04       1.37787E-04
       1.04713E-02       1.09648E-02       1.07180E-02       4.93500E-04       9.74946E-06       1.97557E-02       2.11743E-04       1.47536E-04
       1.09648E-02       1.14815E-02       1.12232E-02       5.16700E-04       1.04342E-05       2.01939E-02       2.26639E-04       1.57971E-04
       1.14815E-02       1.20226E-02       1.17521E-02       5.41100E-04       1.11724E-05       2.06475E-02       2.42651E-04       1.69143E-04
       1.20226E-02       1.25892E-02       1.23059E-02       5.66601E-04       1.19673E-05       2.11212E-02       2.59915E-04       1.81110E-04
       1.25892E-02       1.31826E-02       1.28859E-02       5.93399E-04       1.28059E-05       2.15805E-02       2.78084E-04       1.93916E-04
       1.31826E-02       1.38038E-02       1.34932E-02       6.21200E-04       1.37053E-05       2.20626E-02       2.97695E-04       2.07621E-04
       1.38038E-02       1.44544E-02       1.41291E-02       6.50601E-04       1.46762E-05       2.25580E-02       3.18724E-04       2.22298E-04
       1.44544E-02       1.51356E-02       1.47950E-02       6.81199E-04       1.57238E-05       2.30825E-02       3.41506E-04       2.38021E-04
       1.51356E-02       1.58489E-02       1.54923E-02       7.13301E-04       1.68555E-05       2.36302E-02       3.66085E-04       2.54877E-04
       1.58489E-02       1.65959E-02       1.62224E-02       7.47000E-04       1.80779E-05       2.42007E-02       3.92594E-04       2.72955E-04
       1.65959E-02       1.73780E-02       1.69870E-02       7.82100E-04       1.93994E-05       2.48043E-02       4.21349E-04       2.92354E-04
       1.73780E-02       1.81970E-02       1.77875E-02       8.19000E-04       2.08283E-05       2.54314E-02       4.52360E-04       3.13183E-04
       1.81970E-02       1.90546E-02       1.86258E-02       8.57600E-04       2.23569E-05       2.60692E-02       4.85559E-04       3.35539E-04
       1.90546E-02       1.99526E-02       1.95036E-02       8.98000E-04       2.39405E-05       2.66599E-02       5.19963E-04       3.59480E-04
       1.99526E-02       2.08930E-02       2.04228E-02       9.40400E-04       2.56427E-05       2.72678E-02       5.56886E-04       3.85123E-04
       2.08930E-02       2.18776E-02       2.13853E-02       9.84600E-04       2.74803E-05       2.79101E-02       5.96867E-04       4.12603E-04
       2.18776E-02       2.29087E-02       2.23931E-02       1.03110E-03       2.94649E-05       2.85762E-02       6.39911E-04       4.42068E-04
       2.29087E-02       2.39883E-02       2.34485E-02       1.07960E-03       3.16097E-05       2.92791E-02       6.86550E-04       4.73678E-04
       2.39883E-02       2.51189E-02       2.45536E-02       1.13060E-03       3.39155E-05       2.99978E-02       7.36553E-04       5.07593E-04
       2.51189E-02       2.63027E-02       2.57108E-02       1.18380E-03       3.62691E-05       3.06379E-02       7.87725E-04       5.43862E-04
       2.63027E-02       2.75423E-02       2.69225E-02       1.23960E-03       3.87652E-05       3.12723E-02       8.41929E-04       5.82627E-04
       2.75423E-02       2.88403E-02       2.81913E-02       1.29800E-03       4.14549E-05       3.19375E-02       9.00359E-04       6.24082E-04
       2.88403E-02       3.01995E-02       2.95199E-02       1.35920E-03       4.43544E-05       3.26327E-02       9.63315E-04       6.68437E-04
       3.01995E-02       3.16228E-02       3.09112E-02       1.42330E-03       4.74820E-05       3.33605E-02       1.03121E-03       7.15919E-04
       3.16228E-02       3.31131E-02       3.23680E-02       1.49030E-03       5.08570E-05       3.41253E-02       1.10457E-03       7.66776E-04
       3.31131E-02       3.46737E-02       3.38934E-02       1.56060E-03       5.45011E-05       3.49233E-02       1.18367E-03       8.21277E-04
       3.46737E-02       3.63078E-02       3.54908E-02       1.63410E-03       5.84369E-05       3.57608E-02       1.26918E-03       8.79714E-04
       3.63078E-02       3.80189E-02       3.71633E-02       1.71110E-03       6.26493E-05       3.66135E-02       1.36068E-03       9.42363E-04
       3.80189E-02       3.98107E-02       3.89148E-02       1.79180E-03       6.70071E-05       3.73965E-02       1.45528E-03       1.00937E-03
       3.98107E-02       4.16869E-02       4.07488E-02       1.87620E-03       7.16784E-05       3.82040E-02       1.55677E-03       1.08105E-03
       4.16869E-02       4.36516E-02       4.26693E-02       1.96470E-03       7.67159E-05       3.90471E-02       1.66611E-03       1.15776E-03
       4.36516E-02       4.57088E-02       4.46802E-02       2.05720E-03       8.21512E-05       3.99335E-02       1.78424E-03       1.23992E-03
       4.57088E-02       4.78630E-02       4.67859E-02       2.15420E-03       8.80178E-05       4.08587E-02       1.91161E-03       1.32793E-03
       4.78630E-02       5.01187E-02       4.89908E-02       2.25570E-03       9.43245E-05       4.18161E-02       2.04861E-03       1.42226E-03
       5.01187E-02       5.24808E-02       5.12998E-02       2.36210E-03       1.00736E-04       4.26468E-02       2.18777E-03       1.52299E-03
       5.24808E-02       5.49541E-02       5.37174E-02       2.47330E-03       1.07499E-04       4.34637E-02       2.33476E-03       1.63049E-03
       5.49541E-02       5.75440E-02       5.62491E-02       2.58990E-03       1.14775E-04       4.43164E-02       2.49276E-03       1.74527E-03
       5.75440E-02       6.02560E-02       5.89000E-02       2.71200E-03       1.22608E-04       4.52094E-02       2.66283E-03       1.86788E-03
       6.02560E-02       6.30957E-02       6.16758E-02       2.83970E-03       1.31043E-04       4.61466E-02       2.84613E-03       1.99892E-03
       6.30957E-02       6.60693E-02       6.45825E-02       2.97360E-03       1.40132E-04       4.71255E-02       3.04348E-03       2.13905E-03
       6.60693E-02       6.91831E-02       6.76262E-02       3.11380E-03       1.49931E-04       4.81505E-02       3.25623E-03       2.28898E-03
       6.91831E-02       7.24436E-02       7.08134E-02       3.26050E-03       1.60500E-04       4.92255E-02       3.48583E-03       2.44948E-03
       7.24436E-02       7.58578E-02       7.41507E-02       3.41420E-03       1.71810E-04       5.03222E-02       3.73143E-03       2.62129E-03
       7.58578E-02       7.94328E-02       7.76453E-02       3.57500E-03       1.83462E-04       5.13180E-02       3.98460E-03       2.80475E-03
       7.94328E-02       8.31764E-02       8.13046E-02       3.74360E-03       1.95912E-04       5.23324E-02       4.25487E-03       3.00067E-03
       8.31764E-02       8.70964E-02       8.51364E-02       3.92000E-03       2.09314E-04       5.33965E-02       4.54598E-03       3.20998E-03
       8.70964E-02       9.12011E-02       8.91488E-02       4.10470E-03       2.23752E-04       5.45110E-02       4.85959E-03       3.43373E-03
       9.12011E-02       9.54993E-02       9.33502E-02       4.29820E-03       2.39311E-04       5.56771E-02       5.19747E-03       3.67304E-03
       9.54993E-02       1.00000E-01       9.77497E-02       4.50070E-03       2.56058E-04       5.68929E-02       5.56126E-03       3.92910E-03
       1.00000E-01       1.04713E-01       1.02357E-01       4.71300E-03       2.73582E-04       5.80483E-02       5.94162E-03       4.20268E-03
       1.04713E-01       1.09648E-01       1.07180E-01       4.93500E-03       2.92222E-04       5.92141E-02       6.34660E-03       4.49490E-03
       1.09648E-01       1.14815E-01       1.12231E-01       5.16700E-03       3.12311E-04       6.04434E-02       6.78365E-03       4.80721E-03
       1.14815E-01       1.20226E-01       1.17520E-01       5.41100E-03       3.33939E-04       6.17148E-02       7.25276E-03       5.14115E-03
       1.20226E-01       1.25892E-01       1.23059E-01       5.66600E-03       3.57455E-04       6.30876E-02       7.76350E-03       5.49861E-03
       1.25892E-01       1.31826E-01       1.28859E-01       5.93400E-03       3.84406E-04       6.47802E-02       8.34751E-03       5.88301E-03
       1.31826E-01       1.38038E-01       1.34932E-01       6.21200E-03       4.14259E-04       6.66869E-02       8.99819E-03       6.29727E-03
       1.38038E-01       1.44544E-01       1.41291E-01       6.50600E-03       4.49984E-04       6.91644E-02       9.77231E-03       6.74726E-03
       1.44544E-01       1.51356E-01       1.47950E-01       6.81200E-03       4.89773E-04       7.18986E-02       1.06374E-02       7.23703E-03
       1.51356E-01       1.58489E-01       1.54923E-01       7.13300E-03       5.31821E-04       7.45579E-02       1.15507E-02       7.76885E-03
       1.58489E-01       1.65959E-01       1.62224E-01       7.47000E-03       5.77381E-04       7.72934E-02       1.25388E-02       8.34623E-03
       1.65959E-01       1.73780E-01       1.69869E-01       7.82100E-03       6.27063E-04       8.01768E-02       1.36196E-02       8.97329E-03
       1.73780E-01       1.81970E-01       1.77875E-01       8.19000E-03       6.81254E-04       8.31812E-02       1.47959E-02       9.65455E-03
       1.81970E-01       1.90546E-01       1.86258E-01       8.57600E-03       7.40379E-04       8.63315E-02       1.60799E-02       1.03949E-02
       1.90546E-01       1.99526E-01       1.95036E-01       8.98000E-03       8.04786E-04       8.96198E-02       1.74791E-02       1.11997E-02
       1.99526E-01       2.08930E-01       2.04228E-01       9.40400E-03       8.72359E-04       9.27647E-02       1.89451E-02       1.20721E-02
       2.08930E-01       2.18776E-01       2.13853E-01       9.84600E-03       9.44623E-04       9.59398E-02       2.05170E-02       1.30167E-02
       2.18776E-01       2.29087E-01       2.23931E-01       1.03110E-02       1.02329E-03       9.92424E-02       2.22235E-02       1.40400E-02
       2.29087E-01       2.39883E-01       2.34485E-01       1.07960E-02       1.10896E-03       1.02719E-01       2.40862E-02       1.51489E-02
       2.39883E-01       2.51189E-01       2.45536E-01       1.13060E-02       1.20201E-03       1.06316E-01       2.61044E-02       1.63509E-02
       2.51189E-01       2.63027E-01       2.57108E-01       1.18380E-02       1.30048E-03       1.09856E-01       2.82449E-02       1.76514E-02
       2.63027E-01       2.75423E-01       2.69225E-01       1.23960E-02       1.40669E-03       1.13480E-01       3.05515E-02       1.90581E-02
       2.75423E-01       2.88403E-01       2.81913E-01       1.29800E-02       1.53499E-03       1.18258E-01       3.33384E-02       2.05931E-02
       2.88403E-01       3.01995E-01       2.95199E-01       1.35920E-02       1.85139E-03       1.36211E-01       4.02095E-02       2.24445E-02
       3.01995E-01       3.16228E-01       3.09112E-01       1.42330E-02       2.27962E-03       1.60164E-01       4.95087E-02       2.47241E-02
       3.16228E-01       3.31131E-01       3.23680E-01       1.49030E-02       2.76486E-03       1.85524E-01       6.00503E-02       2.74890E-02
       3.31131E-01       3.46737E-01       3.38934E-01       1.56060E-02       3.30933E-03       2.12055E-01       7.18727E-02       3.07983E-02
       3.46737E-01       3.63078E-01       3.54908E-01       1.63410E-02       3.90193E-03       2.38782E-01       8.47454E-02       3.47002E-02
       3.63078E-01       3.80189E-01       3.71633E-01       1.71110E-02       4.54991E-03       2.65906E-01       9.88195E-02       3.92502E-02
       3.80189E-01       3.98107E-01       3.89148E-01       1.79180E-02       5.27247E-03       2.94256E-01       1.14509E-01       4.45226E-02
       3.98107E-01       4.16869E-01       4.07488E-01       1.87620E-02       6.04753E-03       3.22329E-01       1.31345E-01       5.05702E-02
       4.16869E-01       4.36516E-01       4.26692E-01       1.96470E-02       6.89187E-03       3.50785E-01       1.49677E-01       5.74620E-02
       4.36516E-01       4.57088E-01       4.46802E-01       2.05720E-02       7.83001E-03       3.80615E-01       1.70060E-01       6.52920E-02
       4.57088E-01       4.78630E-01       4.67859E-01       2.15420E-02       8.87150E-03       4.11823E-01       1.92675E-01       7.41635E-02
       4.78630E-01       5.01187E-01       4.89909E-01       2.25570E-02       1.00135E-02       4.43919E-01       2.17480E-01       8.41770E-02
       5.01187E-01       5.24808E-01       5.12998E-01       2.36210E-02       1.12259E-02       4.75250E-01       2.43802E-01       9.54029E-02
       5.24808E-01       5.49541E-01       5.37174E-01       2.47330E-02       1.25609E-02       5.07858E-01       2.72808E-01       1.07964E-01
       5.49541E-01       5.75440E-01       5.62490E-01       2.58990E-02       1.40365E-02       5.41972E-01       3.04854E-01       1.22000E-01
       5.75440E-01       6.02560E-01       5.89000E-01       2.71200E-02       1.56266E-02       5.76203E-01       3.39383E-01       1.37627E-01
       6.02560E-01       6.30957E-01       6.16758E-01       2.83970E-02       1.73112E-02       6.09613E-01       3.75984E-01       1.54938E-01
       6.30957E-01       6.60693E-01       6.45825E-01       2.97360E-02       1.91651E-02       6.44508E-01       4.16239E-01       1.74103E-01
       6.60693E-01       6.91831E-01       6.76262E-01       3.11380E-02       2.12066E-02       6.81053E-01       4.60570E-01       1.95310E-01
       6.91831E-01       7.24436E-01       7.08133E-01       3.26050E-02       2.34540E-02       7.19339E-01       5.09388E-01       2.18764E-01
       7.24436E-01       7.58578E-01       7.41507E-01       3.41420E-02       2.59277E-02       7.59409E-01       5.63107E-01       2.44692E-01
       7.58578E-01       7.94328E-01       7.76453E-01       3.57500E-02       2.86584E-02       8.01634E-01       6.22431E-01       2.73350E-01
       7.94328E-01       8.31764E-01       8.13046E-01       3.74360E-02       3.16778E-02       8.46185E-01       6.87987E-01       3.05028E-01
       8.31764E-01       8.70964E-01       8.51364E-01       3.92000E-02       3.51693E-02       8.97175E-01       7.63823E-01       3.40197E-01
       8.70964E-01       9.12011E-01       8.91487E-01       4.10470E-02       5.06864E-02       1.23484E+00       1.10084E+00       3.90884E-01
       9.12011E-01       9.54993E-01       9.33502E-01       4.29820E-02       4.17478E-02       9.71286E-01       9.06697E-01       4.32631E-01
       9.54993E-01       1.00000E+00       9.77497E-01       4.50070E-02       3.92698E-02       8.72527E-01       8.52892E-01       4.71901E-01
       1.00000E+00       1.04713E+00       1.02357E+00       4.71300E-02       3.86309E-02       8.19667E-01       8.38982E-01       5.10532E-01
       1.04713E+00       1.09648E+00       1.07181E+00       4.93500E-02       3.80297E-02       7.70613E-01       8.25947E-01       5.48562E-01
       1.09648E+00       1.14815E+00       1.12231E+00       5.16700E-02       3.73647E-02       7.23140E-01       8.11591E-01       5.85926E-01
       1.14815E+00       1.20226E+00       1.17520E+00       5.41100E-02       3.66167E-02       6.76708E-01       7.95270E-01       6.22543E-01
       1.20226E+00       1.25892E+00       1.23059E+00       5.66600E-02       3.56577E-02       6.29328E-01       7.74445E-01       6.58201E-01
       1.25892E+00       1.31826E+00       1.28859E+00       5.93400E-02       3.43942E-02       5.79613E-01       7.46883E-01       6.92595E-01
       1.31826E+00       1.38038E+00       1.34932E+00       6.21200E-02       3.27861E-02       5.27787E-01       7.12154E-01       7.25381E-01
       1.38038E+00       1.44544E+00       1.41291E+00       6.50600E-02       3.07921E-02       4.73288E-01       6.68713E-01       7.56173E-01
       1.44544E+00       1.51356E+00       1.47950E+00       6.81200E-02       2.83705E-02       4.16479E-01       6.16180E-01       7.84544E-01
       1.51356E+00       1.58489E+00       1.54923E+00       7.13300E-02       2.57230E-02       3.60620E-01       5.58682E-01       8.10267E-01
       1.58489E+00       1.65959E+00       1.62224E+00       7.47000E-02       2.26996E-02       3.03876E-01       4.92960E-01       8.32966E-01
       1.65959E+00       1.73780E+00       1.69869E+00       7.82100E-02       1.91863E-02       2.45318E-01       4.16720E-01       8.52153E-01
       1.73780E+00       1.81970E+00       1.77875E+00       8.19000E-02       1.52550E-02       1.86264E-01       3.31317E-01       8.67408E-01
       1.81970E+00       1.90546E+00       1.86258E+00       8.57600E-02       1.11486E-02       1.29998E-01       2.42132E-01       8.78556E-01
       1.90546E+00       1.99526E+00       1.95036E+00       8.98000E-02       1.00941E-02       1.12407E-01       2.19234E-01       8.88650E-01
       1.99526E+00       2.08930E+00       2.04228E+00       9.40400E-02       9.70412E-03       1.03191E-01       2.10746E-01       8.98355E-01
       2.08930E+00       2.18776E+00       2.13853E+00       9.84600E-02       9.21212E-03       9.35621E-02       2.00085E-01       9.07567E-01
       2.18776E+00       2.29087E+00       2.23932E+00       1.03110E-01       8.60526E-03       8.34571E-02       1.86887E-01       9.16172E-01
       2.29087E+00       2.39883E+00       2.34485E+00       1.07960E-01       7.89810E-03       7.31576E-02       1.71544E-01       9.24070E-01
       2.39883E+00       2.51189E+00       2.45536E+00       1.13060E-01       7.55516E-03       6.68244E-02       1.64078E-01       9.31625E-01
       2.51189E+00       2.63027E+00       2.57108E+00       1.18380E-01       7.32973E-03       6.19170E-02       1.59194E-01       9.38955E-01
       2.63027E+00       2.75423E+00       2.69225E+00       1.23960E-01       7.03750E-03       5.67724E-02       1.52845E-01       9.45993E-01
       2.75423E+00       2.88403E+00       2.81913E+00       1.29800E-01       6.67060E-03       5.13914E-02       1.44879E-01       9.52663E-01
       2.88403E+00       3.01995E+00       2.95199E+00       1.35920E-01       6.22076E-03       4.57678E-02       1.35106E-01       9.58884E-01
       3.01995E+00       3.16228E+00       3.09111E+00       1.42330E-01       5.67614E-03       3.98801E-02       1.23274E-01       9.64560E-01
       3.16228E+00       3.31131E+00       3.23679E+00       1.49030E-01       5.10034E-03       3.42236E-02       1.10775E-01       9.69660E-01
       3.31131E+00       3.46737E+00       3.38934E+00       1.56060E-01       4.53255E-03       2.90436E-02       9.84387E-02       9.74193E-01
       3.46737E+00       3.63078E+00       3.54908E+00       1.63410E-01       3.91338E-03       2.39482E-02       8.49941E-02       9.78106E-01
       3.63078E+00       3.80189E+00       3.71633E+00       1.71110E-01       3.43197E-03       2.00571E-02       7.45389E-02       9.81538E-01
       3.80189E+00       3.98107E+00       3.89148E+00       1.79180E-01       2.94375E-03       1.64290E-02       6.39331E-02       9.84482E-01
       3.98107E+00       4.16869E+00       4.07488E+00       1.87620E-01       2.59016E-03       1.38054E-02       5.62552E-02       9.87072E-01
       4.16869E+00       4.36516E+00       4.26692E+00       1.96470E-01       2.26241E-03       1.15153E-02       4.91349E-02       9.89335E-01
       4.36516E+00       4.57088E+00       4.46802E+00       2.05720E-01       2.00450E-03       9.74380E-03       4.35355E-02       9.91339E-01
       4.57088E+00       4.78630E+00       4.67859E+00       2.15420E-01       1.77158E-03       8.22383E-03       3.84759E-02       9.93111E-01
       4.78630E+00       5.00000E+00       4.89315E+00       2.13700E-01       1.47239E-03       6.88996E-03       3.37136E-02       9.94583E-01
       5.00000E+00       5.20000E+00       5.10000E+00       2.00000E-01       1.15309E-03       5.76547E-03       2.94039E-02       9.95736E-01
       5.20000E+00       5.40000E+00       5.30000E+00       2.00000E-01       9.59033E-04       4.79517E-03       2.54144E-02       9.96695E-01
       5.40000E+00       5.60000E+00       5.50000E+00       2.00000E-01       7.83763E-04       3.91882E-03       2.15535E-02       9.97479E-01
       5.60000E+00       5.80000E+00       5.70000E+00       2.00000E-01       6.30907E-04       3.15453E-03       1.79808E-02       9.98110E-01
       5.80000E+00       6.00000E+00       5.90000E+00       2.00000E-01       5.01845E-04       2.50923E-03       1.48044E-02       9.98612E-01
       6.00000E+00       6.20000E+00       6.10000E+00       2.00000E-01       3.92214E-04       1.96107E-03       1.19625E-02       9.99004E-01
       6.20000E+00       6.40000E+00       6.30000E+00       2.00000E-01       3.01233E-04       1.50616E-03       9.48883E-03       9.99305E-01
       6.40000E+00       6.60000E+00       6.50000E+00       2.00000E-01       2.27648E-04       1.13824E-03       7.39855E-03       9.99533E-01
       6.60000E+00       6.80000E+00       6.70000E+00       2.00000E-01       1.67871E-04       8.39357E-04       5.62369E-03       9.99701E-01
       6.80000E+00       7.00000E+00       6.90000E+00       2.00000E-01       1.20152E-04       6.00759E-04       4.14523E-03       9.99821E-01
       7.00000E+00       7.20000E+00       7.10000E+00       2.00000E-01       8.44993E-05       4.22496E-04       2.99972E-03       9.99905E-01
       7.20000E+00       7.40000E+00       7.30000E+00       2.00000E-01       5.65551E-05       2.82776E-04       2.06426E-03       9.99962E-01
       7.40000E+00       7.60000E+00       7.50000E+00       2.00000E-01       3.38280E-05       1.69140E-04       1.26855E-03       9.99996E-01
       7.60000E+00       7.80000E+00       7.70000E+00       2.00000E-01       4.52434E-06       2.26217E-05       1.74187E-04       1.00000E+00

 Sum =                                                                         1.00000E+00
 Renormalization bin#  1010 =                                                  7.72848E-02 barn        2.68000E+07        2.70000E+07        2.69000E+07
 Avg. Energy     bin#  1010 =                                                  1.22724E+00 MeV         2.68000E+07        2.70000E+07
