"        MT=  4 recoil spectrum "
" Initial neutron energy corresponds to the group:"
   1.32000E+01    1.34000E+01       0.00000E+00           256           894           639



          Low               High              Mid              Energy           Number             dn/de            E*dn/de          Cumulative
         Energy            Energy            Energy             Width          Fraction                               Sum   
         [MeV]             [MeV]             [MeV]              [MeV]

       1.00000E-06       1.02500E-06       1.01250E-06       2.50000E-08       0.00000E+00       0.00000E+00       0.00000E+00       0.00000E+00
       1.02500E-06       1.05000E-06       1.03750E-06       2.50000E-08       1.59093E-12       6.36372E-05       6.60236E-11       1.59093E-12
       1.05000E-06       1.07500E-06       1.06250E-06       2.50001E-08       1.62936E-12       6.51743E-05       6.92477E-11       3.22029E-12
       1.07500E-06       1.10000E-06       1.08750E-06       2.50000E-08       1.66764E-12       6.67057E-05       7.25424E-11       4.88793E-12
       1.10000E-06       1.12500E-06       1.11250E-06       2.50000E-08       1.70592E-12       6.82367E-05       7.59134E-11       6.59385E-12
       1.12500E-06       1.15000E-06       1.13750E-06       2.50000E-08       1.74435E-12       6.97741E-05       7.93681E-11       8.33820E-12
       1.15000E-06       1.17500E-06       1.16250E-06       2.50000E-08       1.78263E-12       7.13052E-05       8.28923E-11       1.01208E-11
       1.17500E-06       1.20000E-06       1.18750E-06       2.50001E-08       1.82090E-12       7.28359E-05       8.64926E-11       1.19417E-11
       1.20000E-06       1.22500E-06       1.21250E-06       2.50000E-08       1.85934E-12       7.43736E-05       9.01780E-11       1.38011E-11
       1.22500E-06       1.25000E-06       1.23750E-06       2.50000E-08       1.89762E-12       7.59047E-05       9.39321E-11       1.56987E-11
       1.25000E-06       1.27500E-06       1.26250E-06       2.50000E-08       1.93605E-12       7.74421E-05       9.77706E-11       1.76347E-11
       1.27500E-06       1.30000E-06       1.28750E-06       2.50000E-08       1.97433E-12       7.89732E-05       1.01678E-10       1.96091E-11
       1.30000E-06       1.32500E-06       1.31250E-06       2.50001E-08       2.01260E-12       8.05039E-05       1.05661E-10       2.16217E-11
       1.32500E-06       1.35000E-06       1.33750E-06       2.50000E-08       2.05104E-12       8.20416E-05       1.09731E-10       2.36727E-11
       1.35000E-06       1.37500E-06       1.36250E-06       2.50000E-08       2.08932E-12       8.35727E-05       1.13868E-10       2.57620E-11
       1.37500E-06       1.40000E-06       1.38750E-06       2.50000E-08       2.12775E-12       8.51101E-05       1.18090E-10       2.78898E-11
       1.40000E-06       1.42500E-06       1.41250E-06       2.50000E-08       2.16603E-12       8.66411E-05       1.22381E-10       3.00558E-11
       1.42500E-06       1.45000E-06       1.43750E-06       2.50001E-08       2.20430E-12       8.81718E-05       1.26747E-10       3.22601E-11
       1.45000E-06       1.47500E-06       1.46250E-06       2.50000E-08       2.24274E-12       8.97096E-05       1.31200E-10       3.45028E-11
       1.47500E-06       1.50000E-06       1.48750E-06       2.50000E-08       2.28101E-12       9.12407E-05       1.35720E-10       3.67839E-11
       1.50000E-06       1.52500E-06       1.51250E-06       2.50000E-08       2.31929E-12       9.27717E-05       1.40317E-10       3.91031E-11
       1.52500E-06       1.55000E-06       1.53750E-06       2.50000E-08       2.35773E-12       9.43091E-05       1.45000E-10       4.14609E-11
       1.55000E-06       1.57500E-06       1.56250E-06       2.50001E-08       2.39600E-12       9.58397E-05       1.49750E-10       4.38569E-11
       1.57500E-06       1.60000E-06       1.58750E-06       2.50000E-08       2.43444E-12       9.73776E-05       1.54587E-10       4.62913E-11
       1.60000E-06       1.62500E-06       1.61250E-06       2.50000E-08       2.47271E-12       9.89086E-05       1.59490E-10       4.87640E-11
       1.62500E-06       1.65000E-06       1.63750E-06       2.50000E-08       2.51099E-12       1.00440E-04       1.64470E-10       5.12750E-11
       1.65000E-06       1.67500E-06       1.66250E-06       2.50000E-08       2.54942E-12       1.01977E-04       1.69537E-10       5.38244E-11
       1.67500E-06       1.70000E-06       1.68750E-06       2.50001E-08       2.58770E-12       1.03508E-04       1.74669E-10       5.64121E-11
       1.70000E-06       1.72500E-06       1.71250E-06       2.50000E-08       2.62598E-12       1.05039E-04       1.79880E-10       5.90381E-11
       1.72500E-06       1.75000E-06       1.73750E-06       2.50000E-08       2.66441E-12       1.06577E-04       1.85177E-10       6.17025E-11
       1.75000E-06       1.77500E-06       1.76250E-06       2.50000E-08       2.70269E-12       1.08108E-04       1.90540E-10       6.44052E-11
       1.77500E-06       1.80000E-06       1.78750E-06       2.50000E-08       2.74112E-12       1.09645E-04       1.95991E-10       6.71464E-11
       1.80000E-06       1.82500E-06       1.81250E-06       2.50001E-08       2.77940E-12       1.11176E-04       2.01506E-10       6.99258E-11
       1.82500E-06       1.85000E-06       1.83750E-06       2.50000E-08       2.81768E-12       1.12707E-04       2.07099E-10       7.27434E-11
       1.85000E-06       1.87500E-06       1.86250E-06       2.50000E-08       2.85611E-12       1.14245E-04       2.12781E-10       7.55995E-11
       1.87500E-06       1.90000E-06       1.88750E-06       2.50000E-08       2.89439E-12       1.15776E-04       2.18527E-10       7.84939E-11
       1.90000E-06       1.92500E-06       1.91250E-06       2.50000E-08       2.93267E-12       1.17307E-04       2.24349E-10       8.14266E-11
       1.92500E-06       1.95000E-06       1.93750E-06       2.50001E-08       2.97110E-12       1.18844E-04       2.30259E-10       8.43977E-11
       1.95000E-06       1.97500E-06       1.96250E-06       2.50000E-08       3.00938E-12       1.20375E-04       2.36236E-10       8.74071E-11
       1.97500E-06       2.00000E-06       1.98750E-06       2.50000E-08       3.04781E-12       1.21913E-04       2.42301E-10       9.04549E-11
       2.00000E-06       2.02500E-06       2.01250E-06       2.50001E-08       3.08609E-12       1.23443E-04       2.48429E-10       9.35410E-11
       2.02500E-06       2.05000E-06       2.03750E-06       2.49999E-08       3.12436E-12       1.24975E-04       2.54637E-10       9.66653E-11
       2.05000E-06       2.07500E-06       2.06250E-06       2.50001E-08       3.16280E-12       1.26511E-04       2.60930E-10       9.98281E-11
       2.07500E-06       2.10000E-06       2.08750E-06       2.49999E-08       3.20108E-12       1.28044E-04       2.67291E-10       1.03029E-10
       2.10000E-06       2.12500E-06       2.11250E-06       2.50001E-08       3.23951E-12       1.29580E-04       2.73738E-10       1.06269E-10
       2.12500E-06       2.15000E-06       2.13750E-06       2.50001E-08       3.27779E-12       1.31111E-04       2.80250E-10       1.09547E-10
       2.15000E-06       2.17500E-06       2.16250E-06       2.49999E-08       3.31606E-12       1.32643E-04       2.86841E-10       1.12863E-10
       2.17500E-06       2.20000E-06       2.18750E-06       2.50001E-08       3.35450E-12       1.34179E-04       2.93517E-10       1.16217E-10
       2.20000E-06       2.22500E-06       2.21250E-06       2.49999E-08       3.39277E-12       1.35712E-04       3.00262E-10       1.19610E-10
       2.22500E-06       2.25000E-06       2.23750E-06       2.50001E-08       3.43105E-12       1.37242E-04       3.07078E-10       1.23041E-10
       2.25000E-06       2.27500E-06       2.26250E-06       2.50001E-08       3.46949E-12       1.38779E-04       3.13987E-10       1.26510E-10
       2.27500E-06       2.30000E-06       2.28750E-06       2.49999E-08       3.50776E-12       1.40311E-04       3.20962E-10       1.30018E-10
       2.30000E-06       2.32500E-06       2.31250E-06       2.50001E-08       3.54620E-12       1.41847E-04       3.28022E-10       1.33564E-10
       2.32500E-06       2.35000E-06       2.33750E-06       2.49999E-08       3.58447E-12       1.43380E-04       3.35150E-10       1.37149E-10
       2.35000E-06       2.37500E-06       2.36250E-06       2.50001E-08       3.62275E-12       1.44909E-04       3.42349E-10       1.40772E-10
       2.37500E-06       2.40000E-06       2.38750E-06       2.50001E-08       3.66119E-12       1.46447E-04       3.49642E-10       1.44433E-10
       2.40000E-06       2.42500E-06       2.41250E-06       2.49999E-08       3.69946E-12       1.47979E-04       3.57000E-10       1.48132E-10
       2.42500E-06       2.45000E-06       2.43750E-06       2.50001E-08       3.73774E-12       1.49509E-04       3.64428E-10       1.51870E-10
       2.45000E-06       2.47500E-06       2.46250E-06       2.49999E-08       3.77617E-12       1.51048E-04       3.71955E-10       1.55646E-10
       2.47500E-06       2.50000E-06       2.48750E-06       2.50001E-08       3.81445E-12       1.52577E-04       3.79536E-10       1.59461E-10
       2.50000E-06       2.52500E-06       2.51250E-06       2.50001E-08       3.85288E-12       1.54115E-04       3.87213E-10       1.63313E-10
       2.52500E-06       2.55000E-06       2.53750E-06       2.49999E-08       3.89116E-12       1.55647E-04       3.94955E-10       1.67205E-10
       2.55000E-06       2.57500E-06       2.56250E-06       2.50001E-08       3.92944E-12       1.57177E-04       4.02766E-10       1.71134E-10
       2.57500E-06       2.60000E-06       2.58750E-06       2.49999E-08       3.96787E-12       1.58716E-04       4.10677E-10       1.75102E-10
       2.60000E-06       2.62500E-06       2.61250E-06       2.50001E-08       4.00615E-12       1.60245E-04       4.18641E-10       1.79108E-10
       2.62500E-06       2.65000E-06       2.63750E-06       2.50001E-08       4.04443E-12       1.61776E-04       4.26685E-10       1.83153E-10
       2.65000E-06       2.67500E-06       2.66250E-06       2.49999E-08       4.08286E-12       1.63315E-04       4.34827E-10       1.87235E-10
       2.67500E-06       2.70000E-06       2.68750E-06       2.50001E-08       4.12114E-12       1.64845E-04       4.43021E-10       1.91357E-10
       2.70000E-06       2.72500E-06       2.71250E-06       2.49999E-08       4.15957E-12       1.66384E-04       4.51316E-10       1.95516E-10
       2.72500E-06       2.75000E-06       2.73750E-06       2.50001E-08       4.19785E-12       1.67913E-04       4.59663E-10       1.99714E-10
       2.75000E-06       2.77500E-06       2.76250E-06       2.50001E-08       4.23612E-12       1.69444E-04       4.68090E-10       2.03950E-10
       2.77500E-06       2.80000E-06       2.78750E-06       2.49999E-08       4.27456E-12       1.70983E-04       4.76616E-10       2.08225E-10
       2.80000E-06       2.82500E-06       2.81250E-06       2.50001E-08       4.31284E-12       1.72513E-04       4.85192E-10       2.12537E-10
       2.82500E-06       2.85000E-06       2.83750E-06       2.49999E-08       4.35111E-12       1.74045E-04       4.93854E-10       2.16889E-10
       2.85000E-06       2.87500E-06       2.86250E-06       2.50001E-08       4.38955E-12       1.75581E-04       5.02601E-10       2.21278E-10
       2.87500E-06       2.90000E-06       2.88750E-06       2.50001E-08       4.42782E-12       1.77112E-04       5.11412E-10       2.25706E-10
       2.90000E-06       2.92500E-06       2.91250E-06       2.49999E-08       4.46626E-12       1.78651E-04       5.20322E-10       2.30172E-10
       2.92500E-06       2.95000E-06       2.93750E-06       2.50001E-08       4.50453E-12       1.80181E-04       5.29281E-10       2.34677E-10
       2.95000E-06       2.97500E-06       2.96250E-06       2.49999E-08       4.54281E-12       1.81714E-04       5.38326E-10       2.39220E-10
       2.97500E-06       3.00000E-06       2.98750E-06       2.50001E-08       4.58125E-12       1.83249E-04       5.47457E-10       2.43801E-10
       3.00000E-06       3.02500E-06       3.01250E-06       2.50001E-08       4.61952E-12       1.84780E-04       5.56650E-10       2.48420E-10
       3.02500E-06       3.05000E-06       3.03750E-06       2.49999E-08       4.65796E-12       1.86319E-04       5.65945E-10       2.53078E-10
       3.05000E-06       3.07500E-06       3.06250E-06       2.50001E-08       4.69623E-12       1.87849E-04       5.75286E-10       2.57775E-10
       3.07500E-06       3.10000E-06       3.08750E-06       2.49999E-08       4.73451E-12       1.89382E-04       5.84715E-10       2.62509E-10
       3.10000E-06       3.12500E-06       3.11250E-06       2.50001E-08       4.77295E-12       1.90917E-04       5.94229E-10       2.67282E-10
       3.12500E-06       3.15000E-06       3.13750E-06       2.50001E-08       4.81122E-12       1.92448E-04       6.03806E-10       2.72093E-10
       3.15000E-06       3.17500E-06       3.16250E-06       2.49999E-08       4.84950E-12       1.93981E-04       6.13465E-10       2.76943E-10
       3.17500E-06       3.20000E-06       3.18750E-06       2.50001E-08       4.88793E-12       1.95517E-04       6.23209E-10       2.81831E-10
       3.20000E-06       3.22500E-06       3.21250E-06       2.49999E-08       4.92621E-12       1.97050E-04       6.33022E-10       2.86757E-10
       3.22500E-06       3.25000E-06       3.23750E-06       2.50001E-08       4.96464E-12       1.98585E-04       6.42919E-10       2.91721E-10
       3.25000E-06       3.27500E-06       3.26250E-06       2.50001E-08       5.00292E-12       2.00116E-04       6.52879E-10       2.96724E-10
       3.27500E-06       3.30000E-06       3.28750E-06       2.49999E-08       5.04120E-12       2.01649E-04       6.62921E-10       3.01766E-10
       3.30000E-06       3.32500E-06       3.31250E-06       2.50001E-08       5.07963E-12       2.03185E-04       6.73049E-10       3.06845E-10
       3.32500E-06       3.35000E-06       3.33750E-06       2.49999E-08       5.11791E-12       2.04718E-04       6.83245E-10       3.11963E-10
       3.35000E-06       3.37500E-06       3.36250E-06       2.50001E-08       5.15619E-12       2.06247E-04       6.93504E-10       3.17119E-10
       3.37500E-06       3.40000E-06       3.38750E-06       2.50001E-08       5.19462E-12       2.07784E-04       7.03868E-10       3.22314E-10
       3.40000E-06       3.42500E-06       3.41250E-06       2.49999E-08       5.23290E-12       2.09317E-04       7.14295E-10       3.27547E-10
       3.42500E-06       3.45000E-06       3.43750E-06       2.50001E-08       5.27133E-12       2.10852E-04       7.24805E-10       3.32818E-10
       3.45000E-06       3.47500E-06       3.46250E-06       2.49999E-08       5.30961E-12       2.12386E-04       7.35385E-10       3.38128E-10
       3.47500E-06       3.50000E-06       3.48750E-06       2.50001E-08       5.34788E-12       2.13915E-04       7.46027E-10       3.43476E-10
       3.50000E-06       3.52500E-06       3.51250E-06       2.50001E-08       5.38632E-12       2.15452E-04       7.56775E-10       3.48862E-10
       3.52500E-06       3.55000E-06       3.53750E-06       2.49999E-08       5.42460E-12       2.16985E-04       7.67585E-10       3.54287E-10
       3.55000E-06       3.57500E-06       3.56250E-06       2.50001E-08       5.46287E-12       2.18514E-04       7.78456E-10       3.59749E-10
       3.57500E-06       3.60000E-06       3.58750E-06       2.49999E-08       5.50131E-12       2.20054E-04       7.89442E-10       3.65251E-10
       3.60000E-06       3.62500E-06       3.61250E-06       2.50001E-08       5.53958E-12       2.21582E-04       8.00467E-10       3.70790E-10
       3.62500E-06       3.65000E-06       3.63750E-06       2.50001E-08       5.57802E-12       2.23120E-04       8.11598E-10       3.76368E-10
       3.65000E-06       3.67500E-06       3.66250E-06       2.49999E-08       5.61630E-12       2.24653E-04       8.22792E-10       3.81985E-10
       3.67500E-06       3.70000E-06       3.68750E-06       2.50001E-08       5.65457E-12       2.26182E-04       8.34046E-10       3.87639E-10
       3.70000E-06       3.72500E-06       3.71250E-06       2.49999E-08       5.69301E-12       2.27722E-04       8.45416E-10       3.93332E-10
       3.72500E-06       3.75000E-06       3.73750E-06       2.50001E-08       5.73128E-12       2.29250E-04       8.56823E-10       3.99064E-10
       3.75000E-06       3.77500E-06       3.76250E-06       2.50001E-08       5.76972E-12       2.30788E-04       8.68339E-10       4.04833E-10
       3.77500E-06       3.80000E-06       3.78750E-06       2.49999E-08       5.80799E-12       2.32321E-04       8.79916E-10       4.10641E-10
       3.80000E-06       3.82500E-06       3.81250E-06       2.50001E-08       5.84627E-12       2.33850E-04       8.91553E-10       4.16487E-10
       3.82500E-06       3.85000E-06       3.83750E-06       2.49999E-08       5.88471E-12       2.35390E-04       9.03307E-10       4.22372E-10
       3.85000E-06       3.87500E-06       3.86250E-06       2.50001E-08       5.92298E-12       2.36918E-04       9.15097E-10       4.28295E-10
       3.87500E-06       3.90000E-06       3.88750E-06       2.50001E-08       5.96126E-12       2.38449E-04       9.26972E-10       4.34256E-10
       3.90000E-06       3.92500E-06       3.91250E-06       2.49999E-08       5.99969E-12       2.39989E-04       9.38957E-10       4.40256E-10
       3.92500E-06       3.95000E-06       3.93750E-06       2.50001E-08       6.03797E-12       2.41518E-04       9.50977E-10       4.46294E-10
       3.95000E-06       3.97500E-06       3.96250E-06       2.49999E-08       6.07640E-12       2.43058E-04       9.63116E-10       4.52371E-10
       3.97500E-06       4.00000E-06       3.98750E-06       2.50001E-08       6.11468E-12       2.44586E-04       9.75288E-10       4.58485E-10
       4.00000E-06       4.02500E-06       4.01250E-06       2.50001E-08       6.15296E-12       2.46117E-04       9.87546E-10       4.64638E-10
       4.02500E-06       4.05000E-06       4.03750E-06       2.50001E-08       6.19139E-12       2.47655E-04       9.99906E-10       4.70830E-10
       4.05000E-06       4.07500E-06       4.06250E-06       2.49996E-08       6.22967E-12       2.49191E-04       1.01234E-09       4.77059E-10
       4.07500E-06       4.10000E-06       4.08750E-06       2.50001E-08       6.26795E-12       2.50717E-04       1.02481E-09       4.83327E-10
       4.10000E-06       4.12500E-06       4.11250E-06       2.50001E-08       6.30638E-12       2.52254E-04       1.03740E-09       4.89634E-10
       4.12500E-06       4.15000E-06       4.13750E-06       2.50001E-08       6.34466E-12       2.53785E-04       1.05004E-09       4.95978E-10
       4.15000E-06       4.17500E-06       4.16250E-06       2.50001E-08       6.38309E-12       2.55323E-04       1.06278E-09       5.02361E-10
       4.17500E-06       4.20000E-06       4.18750E-06       2.49996E-08       6.42137E-12       2.56859E-04       1.07560E-09       5.08783E-10
       4.20000E-06       4.22500E-06       4.21250E-06       2.50001E-08       6.45965E-12       2.58385E-04       1.08845E-09       5.15242E-10
       4.22500E-06       4.25000E-06       4.23750E-06       2.50001E-08       6.49808E-12       2.59922E-04       1.10142E-09       5.21740E-10
       4.25000E-06       4.27500E-06       4.26250E-06       2.50001E-08       6.53636E-12       2.61453E-04       1.11444E-09       5.28277E-10
       4.27500E-06       4.30000E-06       4.28750E-06       2.50001E-08       6.57463E-12       2.62984E-04       1.12755E-09       5.34851E-10
       4.30000E-06       4.32500E-06       4.31250E-06       2.49996E-08       6.61307E-12       2.64527E-04       1.14077E-09       5.41465E-10
       4.32500E-06       4.35000E-06       4.33750E-06       2.50001E-08       6.65134E-12       2.66053E-04       1.15400E-09       5.48116E-10
       4.35000E-06       4.37500E-06       4.36250E-06       2.50001E-08       6.68978E-12       2.67590E-04       1.16736E-09       5.54806E-10
       4.37500E-06       4.40000E-06       4.38750E-06       2.50001E-08       6.72806E-12       2.69121E-04       1.18077E-09       5.61534E-10
       4.40000E-06       4.42500E-06       4.41250E-06       2.50001E-08       6.76633E-12       2.70652E-04       1.19425E-09       5.68300E-10
       4.42500E-06       4.45000E-06       4.43750E-06       2.49996E-08       6.80477E-12       2.72195E-04       1.20786E-09       5.75105E-10
       4.45000E-06       4.47500E-06       4.46250E-06       2.50001E-08       6.84304E-12       2.73721E-04       1.22148E-09       5.81948E-10
       4.47500E-06       4.50000E-06       4.48750E-06       2.50001E-08       6.88148E-12       2.75258E-04       1.23522E-09       5.88829E-10
       4.50000E-06       4.52500E-06       4.51250E-06       2.50001E-08       6.91975E-12       2.76789E-04       1.24901E-09       5.95749E-10
       4.52500E-06       4.55000E-06       4.53750E-06       2.50001E-08       6.95803E-12       2.78320E-04       1.26288E-09       6.02707E-10
       4.55000E-06       4.57500E-06       4.56250E-06       2.49996E-08       6.99647E-12       2.79863E-04       1.27687E-09       6.09704E-10
       4.57500E-06       4.60000E-06       4.58750E-06       2.50001E-08       7.03474E-12       2.81389E-04       1.29087E-09       6.16738E-10
       4.60000E-06       4.62500E-06       4.61250E-06       2.50001E-08       7.07302E-12       2.82920E-04       1.30497E-09       6.23811E-10
       4.62500E-06       4.65000E-06       4.63750E-06       2.50001E-08       7.11145E-12       2.84457E-04       1.31917E-09       6.30923E-10
       4.65000E-06       4.67500E-06       4.66250E-06       2.50001E-08       7.14973E-12       2.85988E-04       1.33342E-09       6.38073E-10
       4.67500E-06       4.70000E-06       4.68750E-06       2.49996E-08       7.18816E-12       2.87531E-04       1.34780E-09       6.45261E-10
       4.70000E-06       4.72500E-06       4.71250E-06       2.50001E-08       7.22644E-12       2.89057E-04       1.36218E-09       6.52487E-10
       4.72500E-06       4.75000E-06       4.73750E-06       2.50001E-08       7.26472E-12       2.90588E-04       1.37666E-09       6.59752E-10
       4.75000E-06       4.77500E-06       4.76250E-06       2.50001E-08       7.30315E-12       2.92125E-04       1.39125E-09       6.67055E-10
       4.77500E-06       4.80000E-06       4.78750E-06       2.50001E-08       7.34143E-12       2.93656E-04       1.40588E-09       6.74396E-10
       4.80000E-06       4.82500E-06       4.81250E-06       2.49996E-08       7.37971E-12       2.95193E-04       1.42062E-09       6.81776E-10
       4.82500E-06       4.85000E-06       4.83750E-06       2.50001E-08       7.41814E-12       2.96724E-04       1.43540E-09       6.89194E-10
       4.85000E-06       4.87500E-06       4.86250E-06       2.50001E-08       7.45642E-12       2.98256E-04       1.45027E-09       6.96651E-10
       4.87500E-06       4.90000E-06       4.88750E-06       2.50001E-08       7.49485E-12       2.99793E-04       1.46524E-09       7.04146E-10
       4.90000E-06       4.92500E-06       4.91250E-06       2.50001E-08       7.53313E-12       3.01324E-04       1.48025E-09       7.11679E-10
       4.92500E-06       4.95000E-06       4.93750E-06       2.49996E-08       7.57141E-12       3.02861E-04       1.49538E-09       7.19250E-10
       4.95000E-06       4.97500E-06       4.96250E-06       2.50001E-08       7.60984E-12       3.04392E-04       1.51055E-09       7.26860E-10
       4.97500E-06       5.00000E-06       4.98750E-06       2.50001E-08       7.64812E-12       3.05923E-04       1.52579E-09       7.34508E-10
       5.00000E-06       5.02500E-06       5.01250E-06       2.50001E-08       7.68639E-12       3.07455E-04       1.54112E-09       7.42194E-10
       5.02500E-06       5.05000E-06       5.03750E-06       2.50001E-08       7.72483E-12       3.08992E-04       1.55655E-09       7.49919E-10
       5.05000E-06       5.07500E-06       5.06250E-06       2.49996E-08       7.76310E-12       3.10529E-04       1.57205E-09       7.57682E-10
       5.07500E-06       5.10000E-06       5.08750E-06       2.50001E-08       7.80154E-12       3.12060E-04       1.58761E-09       7.65484E-10
       5.10000E-06       5.12500E-06       5.11250E-06       2.50001E-08       7.83982E-12       3.13591E-04       1.60324E-09       7.73324E-10
       5.12500E-06       5.15000E-06       5.13750E-06       2.50001E-08       7.87809E-12       3.15122E-04       1.61894E-09       7.81202E-10
       5.15000E-06       5.17500E-06       5.16250E-06       2.50001E-08       7.91653E-12       3.16660E-04       1.63476E-09       7.89118E-10
       5.17500E-06       5.20000E-06       5.18750E-06       2.49996E-08       7.95480E-12       3.18197E-04       1.65065E-09       7.97073E-10
       5.20000E-06       5.22500E-06       5.21250E-06       2.50001E-08       7.99308E-12       3.19722E-04       1.66655E-09       8.05066E-10
       5.22500E-06       5.25000E-06       5.23750E-06       2.50001E-08       8.03151E-12       3.21259E-04       1.68260E-09       8.13098E-10
       5.25000E-06       5.27500E-06       5.26250E-06       2.50001E-08       8.06979E-12       3.22790E-04       1.69868E-09       8.21168E-10
       5.27500E-06       5.30000E-06       5.28750E-06       2.50001E-08       8.10823E-12       3.24328E-04       1.71488E-09       8.29276E-10
       5.30000E-06       5.32500E-06       5.31250E-06       2.49996E-08       8.14650E-12       3.25865E-04       1.73116E-09       8.37422E-10
       5.32500E-06       5.35000E-06       5.33750E-06       2.50001E-08       8.18478E-12       3.27390E-04       1.74744E-09       8.45607E-10
       5.35000E-06       5.37500E-06       5.36250E-06       2.50001E-08       8.22321E-12       3.28927E-04       1.76387E-09       8.53830E-10
       5.37500E-06       5.40000E-06       5.38750E-06       2.50001E-08       8.26149E-12       3.30458E-04       1.78034E-09       8.62092E-10
       5.40000E-06       5.42500E-06       5.41250E-06       2.50001E-08       8.29992E-12       3.31996E-04       1.79693E-09       8.70392E-10
       5.42500E-06       5.45000E-06       5.43750E-06       2.49996E-08       8.33820E-12       3.33533E-04       1.81359E-09       8.78730E-10
       5.45000E-06       5.47500E-06       5.46250E-06       2.50001E-08       8.37648E-12       3.35058E-04       1.83025E-09       8.87106E-10
       5.47500E-06       5.50000E-06       5.48750E-06       2.50001E-08       8.41491E-12       3.36595E-04       1.84707E-09       8.95521E-10
       5.50000E-06       5.52500E-06       5.51250E-06       2.50001E-08       8.45319E-12       3.38126E-04       1.86392E-09       9.03974E-10
       5.52500E-06       5.55000E-06       5.53750E-06       2.50001E-08       8.49147E-12       3.39657E-04       1.88085E-09       9.12466E-10
       5.55000E-06       5.57500E-06       5.56250E-06       2.49996E-08       8.52990E-12       3.41201E-04       1.89793E-09       9.20996E-10
       5.57500E-06       5.60000E-06       5.58750E-06       2.50001E-08       8.56818E-12       3.42726E-04       1.91498E-09       9.29564E-10
       5.60000E-06       5.62500E-06       5.61250E-06       2.50001E-08       8.60661E-12       3.44263E-04       1.93218E-09       9.38171E-10
       5.62500E-06       5.65000E-06       5.63750E-06       2.50001E-08       8.64489E-12       3.45794E-04       1.94942E-09       9.46816E-10
       5.65000E-06       5.67500E-06       5.66250E-06       2.50001E-08       8.68317E-12       3.47325E-04       1.96673E-09       9.55499E-10
       5.67500E-06       5.70000E-06       5.68750E-06       2.49996E-08       8.72160E-12       3.48869E-04       1.98419E-09       9.64220E-10
       5.70000E-06       5.72500E-06       5.71250E-06       2.50001E-08       8.75988E-12       3.50394E-04       2.00162E-09       9.72980E-10
       5.72500E-06       5.75000E-06       5.73750E-06       2.50001E-08       8.79815E-12       3.51925E-04       2.01917E-09       9.81778E-10
       5.75000E-06       5.77500E-06       5.76250E-06       2.50001E-08       8.83659E-12       3.53462E-04       2.03683E-09       9.90615E-10
       5.77500E-06       5.80000E-06       5.78750E-06       2.50001E-08       8.87486E-12       3.54993E-04       2.05452E-09       9.99490E-10
       5.80000E-06       5.82500E-06       5.81250E-06       2.49996E-08       8.91330E-12       3.56537E-04       2.07237E-09       1.00840E-09
       5.82500E-06       5.85000E-06       5.83750E-06       2.50001E-08       8.95158E-12       3.58062E-04       2.09018E-09       1.01735E-09
       5.85000E-06       5.87500E-06       5.86250E-06       2.50001E-08       8.98985E-12       3.59593E-04       2.10811E-09       1.02634E-09
       5.87500E-06       5.90000E-06       5.88750E-06       2.50001E-08       9.02829E-12       3.61130E-04       2.12615E-09       1.03537E-09
       5.90000E-06       5.92500E-06       5.91250E-06       2.50001E-08       9.06656E-12       3.62661E-04       2.14423E-09       1.04444E-09
       5.92500E-06       5.95000E-06       5.93750E-06       2.49996E-08       9.10484E-12       3.64199E-04       2.16243E-09       1.05354E-09
       5.95000E-06       5.97500E-06       5.96250E-06       2.50001E-08       9.14327E-12       3.65730E-04       2.18066E-09       1.06269E-09
       5.97500E-06       6.00000E-06       5.98750E-06       2.50001E-08       9.18155E-12       3.67261E-04       2.19897E-09       1.07187E-09
       6.00000E-06       6.02500E-06       6.01250E-06       2.50001E-08       9.21999E-12       3.68798E-04       2.21740E-09       1.08109E-09
       6.02500E-06       6.05000E-06       6.03750E-06       2.50001E-08       9.25826E-12       3.70329E-04       2.23586E-09       1.09035E-09
       6.05000E-06       6.07500E-06       6.06250E-06       2.49996E-08       9.29654E-12       3.71867E-04       2.25445E-09       1.09964E-09
       6.07500E-06       6.10000E-06       6.08750E-06       2.50001E-08       9.33497E-12       3.73398E-04       2.27306E-09       1.10898E-09
       6.10000E-06       6.12500E-06       6.11250E-06       2.50001E-08       9.37325E-12       3.74929E-04       2.29175E-09       1.11835E-09
       6.12500E-06       6.15000E-06       6.13750E-06       2.50001E-08       9.41168E-12       3.76466E-04       2.31056E-09       1.12776E-09
       6.15000E-06       6.17500E-06       6.16250E-06       2.50001E-08       9.44996E-12       3.77997E-04       2.32941E-09       1.13721E-09
       6.17500E-06       6.20000E-06       6.18750E-06       2.49996E-08       9.48824E-12       3.79535E-04       2.34837E-09       1.14670E-09
       6.20000E-06       6.22500E-06       6.21250E-06       2.50001E-08       9.52667E-12       3.81065E-04       2.36737E-09       1.15623E-09
       6.22500E-06       6.25000E-06       6.23750E-06       2.50001E-08       9.56495E-12       3.82597E-04       2.38645E-09       1.16579E-09
       6.25000E-06       6.27500E-06       6.26250E-06       2.50001E-08       9.60323E-12       3.84128E-04       2.40560E-09       1.17540E-09
       6.27500E-06       6.30000E-06       6.28750E-06       2.50001E-08       9.64166E-12       3.85665E-04       2.42487E-09       1.18504E-09
       6.30000E-06       6.32500E-06       6.31250E-06       2.49996E-08       9.67994E-12       3.87203E-04       2.44422E-09       1.19472E-09
       6.32500E-06       6.35000E-06       6.33750E-06       2.50001E-08       9.71837E-12       3.88733E-04       2.46360E-09       1.20444E-09
       6.35000E-06       6.37500E-06       6.36250E-06       2.50001E-08       9.75665E-12       3.90264E-04       2.48306E-09       1.21419E-09
       6.37500E-06       6.40000E-06       6.38750E-06       2.50001E-08       9.79493E-12       3.91796E-04       2.50259E-09       1.22399E-09
       6.40000E-06       6.42500E-06       6.41250E-06       2.50001E-08       9.83336E-12       3.93333E-04       2.52225E-09       1.23382E-09
       6.42500E-06       6.45000E-06       6.43750E-06       2.49996E-08       9.87164E-12       3.94872E-04       2.54199E-09       1.24369E-09
       6.45000E-06       6.47500E-06       6.46250E-06       2.50001E-08       9.90991E-12       3.96395E-04       2.56170E-09       1.25360E-09
       6.47500E-06       6.50000E-06       6.48750E-06       2.50001E-08       9.94835E-12       3.97932E-04       2.58159E-09       1.26355E-09
       6.50000E-06       6.52500E-06       6.51250E-06       2.50001E-08       9.98663E-12       3.99463E-04       2.60151E-09       1.27354E-09
       6.52500E-06       6.55000E-06       6.53750E-06       2.50001E-08       1.00251E-11       4.01001E-04       2.62154E-09       1.28356E-09
       6.55000E-06       6.57500E-06       6.56250E-06       2.49996E-08       1.00633E-11       4.02540E-04       2.64167E-09       1.29363E-09
       6.57500E-06       6.60000E-06       6.58750E-06       2.50001E-08       1.01016E-11       4.04063E-04       2.66176E-09       1.30373E-09
       6.60000E-06       6.62500E-06       6.61250E-06       2.50001E-08       1.01400E-11       4.05600E-04       2.68203E-09       1.31387E-09
       6.62500E-06       6.65000E-06       6.63750E-06       2.50001E-08       1.01783E-11       4.07131E-04       2.70233E-09       1.32405E-09
       6.65000E-06       6.67500E-06       6.66250E-06       2.50001E-08       1.02166E-11       4.08662E-04       2.72271E-09       1.33426E-09
       6.67500E-06       6.70000E-06       6.68750E-06       2.49996E-08       1.02550E-11       4.10208E-04       2.74326E-09       1.34452E-09
       6.70000E-06       6.72500E-06       6.71250E-06       2.50001E-08       1.02933E-11       4.11731E-04       2.76374E-09       1.35481E-09
       6.72500E-06       6.75000E-06       6.73750E-06       2.50001E-08       1.03317E-11       4.13268E-04       2.78439E-09       1.36514E-09
       6.75000E-06       6.77500E-06       6.76250E-06       2.50001E-08       1.03700E-11       4.14799E-04       2.80508E-09       1.37551E-09
       6.77500E-06       6.80000E-06       6.78750E-06       2.50001E-08       1.04083E-11       4.16330E-04       2.82584E-09       1.38592E-09
       6.80000E-06       6.82500E-06       6.81250E-06       2.49996E-08       1.04467E-11       4.17876E-04       2.84678E-09       1.39637E-09
       6.82500E-06       6.85000E-06       6.83750E-06       2.50001E-08       1.04850E-11       4.19399E-04       2.86764E-09       1.40685E-09
       6.85000E-06       6.87500E-06       6.86250E-06       2.50001E-08       1.05233E-11       4.20930E-04       2.88863E-09       1.41738E-09
       6.87500E-06       6.90000E-06       6.88750E-06       2.50001E-08       1.05617E-11       4.22467E-04       2.90974E-09       1.42794E-09
       6.90000E-06       6.92500E-06       6.91250E-06       2.50001E-08       1.06000E-11       4.23998E-04       2.93089E-09       1.43854E-09
       6.92500E-06       6.95000E-06       6.93750E-06       2.49996E-08       1.06384E-11       4.25544E-04       2.95221E-09       1.44918E-09
       6.95000E-06       6.97500E-06       6.96250E-06       2.50001E-08       1.06767E-11       4.27067E-04       2.97345E-09       1.45985E-09
       6.97500E-06       7.00000E-06       6.98750E-06       2.50001E-08       1.07150E-11       4.28598E-04       2.99483E-09       1.47057E-09
       7.00000E-06       7.02500E-06       7.01250E-06       2.50001E-08       1.07534E-11       4.30135E-04       3.01632E-09       1.48132E-09
       7.02500E-06       7.05000E-06       7.03750E-06       2.50001E-08       1.07917E-11       4.31666E-04       3.03785E-09       1.49211E-09
       7.05000E-06       7.07500E-06       7.06250E-06       2.49996E-08       1.08301E-11       4.33212E-04       3.05956E-09       1.50294E-09
       7.07500E-06       7.10000E-06       7.08750E-06       2.50001E-08       1.08684E-11       4.34735E-04       3.08118E-09       1.51381E-09
       7.10000E-06       7.12500E-06       7.11250E-06       2.50001E-08       1.09067E-11       4.36266E-04       3.10294E-09       1.52472E-09
       7.12500E-06       7.15000E-06       7.13750E-06       2.50001E-08       1.09451E-11       4.37803E-04       3.12482E-09       1.53566E-09
       7.15000E-06       7.17500E-06       7.16250E-06       2.50001E-08       1.09834E-11       4.39334E-04       3.14673E-09       1.54665E-09
       7.17500E-06       7.20000E-06       7.18750E-06       2.49996E-08       1.10217E-11       4.40874E-04       3.16878E-09       1.55767E-09
       7.20000E-06       7.22500E-06       7.21250E-06       2.50001E-08       1.10601E-11       4.42403E-04       3.19083E-09       1.56873E-09
       7.22500E-06       7.25000E-06       7.23750E-06       2.50001E-08       1.10984E-11       4.43934E-04       3.21297E-09       1.57983E-09
       7.25000E-06       7.27500E-06       7.26250E-06       2.50001E-08       1.11368E-11       4.45471E-04       3.23523E-09       1.59096E-09
       7.27500E-06       7.30000E-06       7.28750E-06       2.50001E-08       1.11751E-11       4.47002E-04       3.25753E-09       1.60214E-09
       7.30000E-06       7.32500E-06       7.31250E-06       2.49996E-08       1.12134E-11       4.48542E-04       3.27996E-09       1.61335E-09
       7.32500E-06       7.35000E-06       7.33750E-06       2.50001E-08       1.12518E-11       4.50071E-04       3.30239E-09       1.62460E-09
       7.35000E-06       7.37500E-06       7.36250E-06       2.50001E-08       1.12901E-11       4.51602E-04       3.32492E-09       1.63589E-09
       7.37500E-06       7.40000E-06       7.38750E-06       2.50001E-08       1.13284E-11       4.53133E-04       3.34752E-09       1.64722E-09
       7.40000E-06       7.42500E-06       7.41250E-06       2.50001E-08       1.13668E-11       4.54670E-04       3.37024E-09       1.65859E-09
       7.42500E-06       7.45000E-06       7.43750E-06       2.49996E-08       1.14051E-11       4.56210E-04       3.39306E-09       1.66999E-09
       7.45000E-06       7.47500E-06       7.46250E-06       2.50001E-08       1.14435E-11       4.57738E-04       3.41587E-09       1.68144E-09
       7.47500E-06       7.50000E-06       7.48750E-06       2.50001E-08       1.14818E-11       4.59270E-04       3.43878E-09       1.69292E-09
       7.50000E-06       7.52500E-06       7.51250E-06       2.50001E-08       1.15201E-11       4.60801E-04       3.46176E-09       1.70444E-09
       7.52500E-06       7.55000E-06       7.53750E-06       2.50001E-08       1.15585E-11       4.62338E-04       3.48487E-09       1.71600E-09
       7.55000E-06       7.57500E-06       7.56250E-06       2.49996E-08       1.15968E-11       4.63878E-04       3.50808E-09       1.72760E-09
       7.57500E-06       7.60000E-06       7.58750E-06       2.50001E-08       1.16350E-11       4.65400E-04       3.53122E-09       1.73923E-09
       7.60000E-06       7.62500E-06       7.61250E-06       2.50001E-08       1.16735E-11       4.66937E-04       3.55456E-09       1.75090E-09
       7.62500E-06       7.65000E-06       7.63750E-06       2.50001E-08       1.17118E-11       4.68469E-04       3.57793E-09       1.76262E-09
       7.65000E-06       7.67500E-06       7.66250E-06       2.50001E-08       1.17502E-11       4.70006E-04       3.60142E-09       1.77437E-09
       7.67500E-06       7.70000E-06       7.68750E-06       2.49996E-08       1.17885E-11       4.71546E-04       3.62501E-09       1.78615E-09
       7.70000E-06       7.72500E-06       7.71250E-06       2.50001E-08       1.18267E-11       4.73068E-04       3.64854E-09       1.79798E-09
       7.72500E-06       7.75000E-06       7.73750E-06       2.50001E-08       1.18652E-11       4.74605E-04       3.67226E-09       1.80985E-09
       7.75000E-06       7.77500E-06       7.76250E-06       2.50001E-08       1.19035E-11       4.76137E-04       3.69601E-09       1.82175E-09
       7.77500E-06       7.80000E-06       7.78750E-06       2.50001E-08       1.19419E-11       4.77674E-04       3.71989E-09       1.83369E-09
       7.80000E-06       7.82500E-06       7.81250E-06       2.49996E-08       1.19802E-11       4.79214E-04       3.74386E-09       1.84567E-09
       7.82500E-06       7.85000E-06       7.83750E-06       2.50001E-08       1.20184E-11       4.80736E-04       3.76777E-09       1.85769E-09
       7.85000E-06       7.87500E-06       7.86250E-06       2.50001E-08       1.20569E-11       4.82273E-04       3.79187E-09       1.86975E-09
       7.87500E-06       7.90000E-06       7.88750E-06       2.50001E-08       1.20952E-11       4.83804E-04       3.81601E-09       1.88184E-09
       7.90000E-06       7.92500E-06       7.91250E-06       2.50001E-08       1.21334E-11       4.85336E-04       3.84022E-09       1.89398E-09
       7.92500E-06       7.95000E-06       7.93750E-06       2.49996E-08       1.21719E-11       4.86882E-04       3.86463E-09       1.90615E-09
       7.95000E-06       7.97500E-06       7.96250E-06       2.50001E-08       1.22101E-11       4.88404E-04       3.88892E-09       1.91836E-09
       7.97500E-06       8.00000E-06       7.98750E-06       2.50001E-08       1.22486E-11       4.89941E-04       3.91341E-09       1.93061E-09
       8.00000E-06       8.02500E-06       8.01250E-06       2.49996E-08       1.22869E-11       4.91482E-04       3.93800E-09       1.94289E-09
       8.02500E-06       8.05000E-06       8.03750E-06       2.50006E-08       1.23251E-11       4.92994E-04       3.96244E-09       1.95522E-09
       8.05000E-06       8.07500E-06       8.06250E-06       2.49996E-08       1.23636E-11       4.94550E-04       3.98731E-09       1.96758E-09
       8.07500E-06       8.10000E-06       8.08750E-06       2.50006E-08       1.24018E-11       4.96062E-04       4.01190E-09       1.97998E-09
       8.10000E-06       8.12500E-06       8.11250E-06       2.49996E-08       1.24401E-11       4.97612E-04       4.03688E-09       1.99242E-09
       8.12500E-06       8.15000E-06       8.13750E-06       2.49996E-08       1.24786E-11       4.99150E-04       4.06183E-09       2.00490E-09
       8.15000E-06       8.17500E-06       8.16250E-06       2.50006E-08       1.25168E-11       5.00662E-04       4.08665E-09       2.01742E-09
       8.17500E-06       8.20000E-06       8.18750E-06       2.49996E-08       1.25553E-11       5.02218E-04       4.11191E-09       2.02997E-09
       8.20000E-06       8.22500E-06       8.21250E-06       2.50006E-08       1.25935E-11       5.03730E-04       4.13688E-09       2.04257E-09
       8.22500E-06       8.25000E-06       8.23750E-06       2.49996E-08       1.26318E-11       5.05281E-04       4.16225E-09       2.05520E-09
       8.25000E-06       8.27500E-06       8.26250E-06       2.49996E-08       1.26703E-11       5.06818E-04       4.18758E-09       2.06787E-09
       8.27500E-06       8.30000E-06       8.28750E-06       2.50006E-08       1.27085E-11       5.08330E-04       4.21278E-09       2.08058E-09
       8.30000E-06       8.32500E-06       8.31250E-06       2.49996E-08       1.27468E-11       5.09880E-04       4.23838E-09       2.09333E-09
       8.32500E-06       8.35000E-06       8.33750E-06       2.50006E-08       1.27852E-11       5.11398E-04       4.26378E-09       2.10611E-09
       8.35000E-06       8.37500E-06       8.36250E-06       2.49996E-08       1.28235E-11       5.12949E-04       4.28953E-09       2.11893E-09
       8.37500E-06       8.40000E-06       8.38750E-06       2.49996E-08       1.28620E-11       5.14486E-04       4.31525E-09       2.13180E-09
       8.40000E-06       8.42500E-06       8.41250E-06       2.50006E-08       1.29002E-11       5.15997E-04       4.34083E-09       2.14470E-09
       8.42500E-06       8.45000E-06       8.43750E-06       2.49996E-08       1.29385E-11       5.17548E-04       4.36681E-09       2.15764E-09
       8.45000E-06       8.47500E-06       8.46250E-06       2.50006E-08       1.29769E-11       5.19066E-04       4.39259E-09       2.17061E-09
       8.47500E-06       8.50000E-06       8.48750E-06       2.49996E-08       1.30152E-11       5.20617E-04       4.41873E-09       2.18363E-09
       8.50000E-06       8.52500E-06       8.51250E-06       2.49996E-08       1.30535E-11       5.22148E-04       4.44478E-09       2.19668E-09
       8.52500E-06       8.55000E-06       8.53750E-06       2.50006E-08       1.30919E-11       5.23665E-04       4.47079E-09       2.20977E-09
       8.55000E-06       8.57500E-06       8.56250E-06       2.49996E-08       1.31302E-11       5.25216E-04       4.49716E-09       2.22290E-09
       8.57500E-06       8.60000E-06       8.58750E-06       2.50006E-08       1.31686E-11       5.26734E-04       4.52332E-09       2.23607E-09
       8.60000E-06       8.62500E-06       8.61250E-06       2.49996E-08       1.32069E-11       5.28285E-04       4.54985E-09       2.24928E-09
       8.62500E-06       8.65000E-06       8.63750E-06       2.49996E-08       1.32452E-11       5.29816E-04       4.57628E-09       2.26252E-09
       8.65000E-06       8.67500E-06       8.66250E-06       2.50006E-08       1.32836E-11       5.31333E-04       4.60267E-09       2.27581E-09
       8.67500E-06       8.70000E-06       8.68750E-06       2.49996E-08       1.33219E-11       5.32884E-04       4.62943E-09       2.28913E-09
       8.70000E-06       8.72500E-06       8.71250E-06       2.50006E-08       1.33603E-11       5.34401E-04       4.65597E-09       2.30249E-09
       8.72500E-06       8.75000E-06       8.73750E-06       2.49996E-08       1.33986E-11       5.35953E-04       4.68289E-09       2.31589E-09
       8.75000E-06       8.77500E-06       8.76250E-06       2.49996E-08       1.34369E-11       5.37484E-04       4.70970E-09       2.32933E-09
       8.77500E-06       8.80000E-06       8.78750E-06       2.50006E-08       1.34753E-11       5.39001E-04       4.73647E-09       2.34280E-09
       8.80000E-06       8.82500E-06       8.81250E-06       2.49996E-08       1.35136E-11       5.40552E-04       4.76362E-09       2.35631E-09
       8.82500E-06       8.85000E-06       8.83750E-06       2.50006E-08       1.35519E-11       5.42063E-04       4.79048E-09       2.36987E-09
       8.85000E-06       8.87500E-06       8.86250E-06       2.49996E-08       1.35903E-11       5.43621E-04       4.81784E-09       2.38346E-09
       8.87500E-06       8.90000E-06       8.88750E-06       2.49996E-08       1.36286E-11       5.45152E-04       4.84504E-09       2.39708E-09
       8.90000E-06       8.92500E-06       8.91250E-06       2.50006E-08       1.36670E-11       5.46669E-04       4.87218E-09       2.41075E-09
       8.92500E-06       8.95000E-06       8.93750E-06       2.49996E-08       1.37053E-11       5.48220E-04       4.89972E-09       2.42446E-09
       8.95000E-06       8.97500E-06       8.96250E-06       2.50006E-08       1.37436E-11       5.49731E-04       4.92696E-09       2.43820E-09
       8.97500E-06       9.00000E-06       8.98750E-06       2.49996E-08       1.37820E-11       5.51289E-04       4.95471E-09       2.45198E-09
       9.00000E-06       9.02500E-06       9.01250E-06       2.49996E-08       1.38203E-11       5.52820E-04       4.98229E-09       2.46580E-09
       9.02500E-06       9.05000E-06       9.03750E-06       2.50006E-08       1.38586E-11       5.54330E-04       5.00976E-09       2.47966E-09
       9.05000E-06       9.07500E-06       9.06250E-06       2.49996E-08       1.38970E-11       5.55889E-04       5.03774E-09       2.49356E-09
       9.07500E-06       9.10000E-06       9.08750E-06       2.50006E-08       1.39353E-11       5.57398E-04       5.06536E-09       2.50749E-09
       9.10000E-06       9.12500E-06       9.11250E-06       2.49996E-08       1.39737E-11       5.58957E-04       5.09350E-09       2.52147E-09
       9.12500E-06       9.15000E-06       9.13750E-06       2.49996E-08       1.40120E-11       5.60488E-04       5.12146E-09       2.53548E-09
       9.15000E-06       9.17500E-06       9.16250E-06       2.50006E-08       1.40503E-11       5.61998E-04       5.14930E-09       2.54953E-09
       9.17500E-06       9.20000E-06       9.18750E-06       2.49996E-08       1.40887E-11       5.63557E-04       5.17768E-09       2.56362E-09
       9.20000E-06       9.22500E-06       9.21250E-06       2.50006E-08       1.41270E-11       5.65066E-04       5.20567E-09       2.57775E-09
       9.22500E-06       9.25000E-06       9.23750E-06       2.49996E-08       1.41653E-11       5.66619E-04       5.23414E-09       2.59191E-09
       9.25000E-06       9.27500E-06       9.26250E-06       2.49996E-08       1.42037E-11       5.68156E-04       5.26255E-09       2.60611E-09
       9.27500E-06       9.30000E-06       9.28750E-06       2.50006E-08       1.42420E-11       5.69666E-04       5.29077E-09       2.62036E-09
       9.30000E-06       9.32500E-06       9.31250E-06       2.49996E-08       1.42804E-11       5.71225E-04       5.31953E-09       2.63464E-09
       9.32500E-06       9.35000E-06       9.33750E-06       2.50006E-08       1.43187E-11       5.72734E-04       5.34790E-09       2.64896E-09
       9.35000E-06       9.37500E-06       9.36250E-06       2.49996E-08       1.43570E-11       5.74287E-04       5.37676E-09       2.66331E-09
       9.37500E-06       9.40000E-06       9.38750E-06       2.49996E-08       1.43954E-11       5.75824E-04       5.40555E-09       2.67771E-09
       9.40000E-06       9.42500E-06       9.41250E-06       2.50006E-08       1.44337E-11       5.77333E-04       5.43415E-09       2.69214E-09
       9.42500E-06       9.45000E-06       9.43750E-06       2.49996E-08       1.44721E-11       5.78893E-04       5.46330E-09       2.70661E-09
       9.45000E-06       9.47500E-06       9.46250E-06       2.50006E-08       1.45104E-11       5.80402E-04       5.49205E-09       2.72112E-09
       9.47500E-06       9.50000E-06       9.48750E-06       2.49996E-08       1.45487E-11       5.81955E-04       5.52130E-09       2.73567E-09
       9.50000E-06       9.52500E-06       9.51250E-06       2.49996E-08       1.45871E-11       5.83492E-04       5.55047E-09       2.75026E-09
       9.52500E-06       9.55000E-06       9.53750E-06       2.50006E-08       1.46254E-11       5.85001E-04       5.57945E-09       2.76489E-09
       9.55000E-06       9.57500E-06       9.56250E-06       2.49996E-08       1.46636E-11       5.86555E-04       5.60893E-09       2.77955E-09
       9.57500E-06       9.60000E-06       9.58750E-06       2.50006E-08       1.47021E-11       5.88070E-04       5.63812E-09       2.79425E-09
       9.60000E-06       9.62500E-06       9.61250E-06       2.49996E-08       1.47404E-11       5.89623E-04       5.66775E-09       2.80899E-09
       9.62500E-06       9.65000E-06       9.63750E-06       2.49996E-08       1.47788E-11       5.91161E-04       5.69731E-09       2.82377E-09
       9.65000E-06       9.67500E-06       9.66250E-06       2.50006E-08       1.48171E-11       5.92669E-04       5.72666E-09       2.83859E-09
       9.67500E-06       9.70000E-06       9.68750E-06       2.49996E-08       1.48553E-11       5.94223E-04       5.75653E-09       2.85344E-09
       9.70000E-06       9.72500E-06       9.71250E-06       2.50006E-08       1.48938E-11       5.95737E-04       5.78610E-09       2.86834E-09
       9.72500E-06       9.75000E-06       9.73750E-06       2.49996E-08       1.49321E-11       5.97291E-04       5.81612E-09       2.88327E-09
       9.75000E-06       9.77500E-06       9.76250E-06       2.49996E-08       1.49703E-11       5.98822E-04       5.84600E-09       2.89824E-09
       9.77500E-06       9.80000E-06       9.78750E-06       2.50006E-08       1.50088E-11       6.00337E-04       5.87580E-09       2.91325E-09
       9.80000E-06       9.82500E-06       9.81250E-06       2.49996E-08       1.50470E-11       6.01891E-04       5.90605E-09       2.92829E-09
       9.82500E-06       9.85000E-06       9.83750E-06       2.50006E-08       1.50855E-11       6.03405E-04       5.93600E-09       2.94338E-09
       9.85000E-06       9.87500E-06       9.86250E-06       2.49996E-08       1.51238E-11       6.04959E-04       5.96641E-09       2.95850E-09
       9.87500E-06       9.90000E-06       9.88750E-06       2.49996E-08       1.51620E-11       6.06490E-04       5.99667E-09       2.97367E-09
       9.90000E-06       9.92500E-06       9.91250E-06       2.50006E-08       1.52005E-11       6.08005E-04       6.02684E-09       2.98887E-09
       9.92500E-06       9.95000E-06       9.93750E-06       2.49996E-08       1.52387E-11       6.09559E-04       6.05749E-09       3.00410E-09
       9.95000E-06       9.97500E-06       9.96250E-06       2.50006E-08       1.52770E-11       6.11067E-04       6.08775E-09       3.01938E-09
       9.97500E-06       1.00000E-05       9.98750E-06       2.49996E-08       1.53154E-11       6.12627E-04       6.11861E-09       3.03470E-09
       1.00000E-05       1.04713E-05       1.02356E-05       4.71300E-07       2.95897E-10       6.27832E-04       6.42626E-09       3.33059E-09
       1.04713E-05       1.09648E-05       1.07180E-05       4.93500E-07       3.24439E-10       6.57425E-04       7.04632E-09       3.65503E-09
       1.09648E-05       1.14815E-05       1.12232E-05       5.16700E-07       3.55738E-10       6.88481E-04       7.72693E-09       4.01077E-09
       1.14815E-05       1.20226E-05       1.17521E-05       5.41101E-07       3.90061E-10       7.20866E-04       8.47166E-09       4.40083E-09
       1.20226E-05       1.25892E-05       1.23059E-05       5.66600E-07       4.27692E-10       7.54840E-04       9.28898E-09       4.82853E-09
       1.25892E-05       1.31826E-05       1.28859E-05       5.93400E-07       4.68962E-10       7.90296E-04       1.01837E-08       5.29749E-09
       1.31826E-05       1.38038E-05       1.34932E-05       6.21200E-07       5.14201E-10       8.27755E-04       1.11691E-08       5.81169E-09
       1.38038E-05       1.44544E-05       1.41291E-05       6.50600E-07       5.63819E-10       8.66613E-04       1.22445E-08       6.37551E-09
       1.44544E-05       1.51356E-05       1.47950E-05       6.81200E-07       6.18194E-10       9.07507E-04       1.34266E-08       6.99370E-09
       1.51356E-05       1.58489E-05       1.54922E-05       7.13300E-07       6.77846E-10       9.50296E-04       1.47222E-08       7.67155E-09
       1.58489E-05       1.65959E-05       1.62224E-05       7.47000E-07       7.43247E-10       9.94977E-04       1.61409E-08       8.41479E-09
       1.65959E-05       1.73780E-05       1.69869E-05       7.82101E-07       8.14949E-10       1.04200E-03       1.77004E-08       9.22974E-09
       1.73780E-05       1.81970E-05       1.77875E-05       8.19000E-07       8.93582E-10       1.09107E-03       1.94073E-08       1.01233E-08
       1.81970E-05       1.90546E-05       1.86258E-05       8.57599E-07       9.79792E-10       1.14248E-03       2.12796E-08       1.11031E-08
       1.90546E-05       1.99526E-05       1.95036E-05       8.98001E-07       1.07430E-09       1.19633E-03       2.33327E-08       1.21774E-08
       1.99526E-05       2.08930E-05       2.04228E-05       9.40399E-07       1.17796E-09       1.25262E-03       2.55821E-08       1.33554E-08
       2.08930E-05       2.18776E-05       2.13853E-05       9.84600E-07       1.29161E-09       1.31182E-03       2.80536E-08       1.46470E-08
       2.18776E-05       2.29087E-05       2.23932E-05       1.03110E-06       1.41623E-09       1.37351E-03       3.07572E-08       1.60632E-08
       2.29087E-05       2.39883E-05       2.34485E-05       1.07960E-06       1.55186E-09       1.43745E-03       3.37059E-08       1.76151E-08
       2.39883E-05       2.51189E-05       2.45536E-05       1.13060E-06       1.67397E-09       1.48061E-03       3.63542E-08       1.92891E-08
       2.51189E-05       2.63027E-05       2.57108E-05       1.18380E-06       1.79162E-09       1.51345E-03       3.89120E-08       2.10807E-08
       2.63027E-05       2.75423E-05       2.69225E-05       1.23960E-06       1.91853E-09       1.54771E-03       4.16681E-08       2.29992E-08
       2.75423E-05       2.88403E-05       2.81913E-05       1.29800E-06       2.05553E-09       1.58361E-03       4.46440E-08       2.50547E-08
       2.88403E-05       3.01995E-05       2.95199E-05       1.35920E-06       2.20347E-09       1.62115E-03       4.78562E-08       2.72582E-08
       3.01995E-05       3.16228E-05       3.09111E-05       1.42330E-06       2.36332E-09       1.66045E-03       5.13263E-08       2.96215E-08
       3.16228E-05       3.31131E-05       3.23679E-05       1.49030E-06       2.53610E-09       1.70174E-03       5.50818E-08       3.21576E-08
       3.31131E-05       3.46737E-05       3.38934E-05       1.56060E-06       2.72298E-09       1.74483E-03       5.91381E-08       3.48806E-08
       3.46737E-05       3.63078E-05       3.54907E-05       1.63410E-06       2.92419E-09       1.78948E-03       6.35100E-08       3.78048E-08
       3.63078E-05       3.80189E-05       3.71634E-05       1.71110E-06       3.13315E-09       1.83107E-03       6.80488E-08       4.09380E-08
       3.80189E-05       3.98107E-05       3.89148E-05       1.79180E-06       3.35629E-09       1.87314E-03       7.28930E-08       4.42942E-08
       3.98107E-05       4.16869E-05       4.07488E-05       1.87620E-06       3.59720E-09       1.91728E-03       7.81268E-08       4.78914E-08
       4.16869E-05       4.36516E-05       4.26692E-05       1.96470E-06       3.85747E-09       1.96339E-03       8.37763E-08       5.17489E-08
       4.36516E-05       4.57088E-05       4.46802E-05       2.05720E-06       4.13876E-09       2.01184E-03       8.98895E-08       5.58877E-08
       4.57088E-05       4.78630E-05       4.67859E-05       2.15420E-06       4.44260E-09       2.06230E-03       9.64865E-08       6.03303E-08
       4.78630E-05       5.01187E-05       4.89908E-05       2.25570E-06       4.76012E-09       2.11026E-03       1.03384E-07       6.50904E-08
       5.01187E-05       5.24808E-05       5.12998E-05       2.36210E-06       5.09564E-09       2.15725E-03       1.10666E-07       7.01860E-08
       5.24808E-05       5.49541E-05       5.37174E-05       2.47330E-06       5.45763E-09       2.20662E-03       1.18534E-07       7.56437E-08
       5.49541E-05       5.75440E-05       5.62490E-05       2.58990E-06       5.84844E-09       2.25818E-03       1.27020E-07       8.14921E-08
       5.75440E-05       6.02560E-05       5.89000E-05       2.71200E-06       6.27062E-09       2.31218E-03       1.36187E-07       8.77627E-08
       6.02560E-05       6.30957E-05       6.16758E-05       2.83970E-06       6.72676E-09       2.36883E-03       1.46100E-07       9.44895E-08
       6.30957E-05       6.60693E-05       6.45825E-05       2.97360E-06       7.21995E-09       2.42802E-03       1.56807E-07       1.01709E-07
       6.60693E-05       6.91831E-05       6.76262E-05       3.11380E-06       7.75338E-09       2.49001E-03       1.68390E-07       1.09463E-07
       6.91831E-05       7.24436E-05       7.08134E-05       3.26051E-06       8.32853E-09       2.55437E-03       1.80883E-07       1.17791E-07
       7.24436E-05       7.58578E-05       7.41507E-05       3.41420E-06       8.92680E-09       2.61461E-03       1.93875E-07       1.26718E-07
       7.58578E-05       7.94328E-05       7.76453E-05       3.57500E-06       9.56468E-09       2.67544E-03       2.07735E-07       1.36283E-07
       7.94328E-05       8.31764E-05       8.13046E-05       3.74360E-06       1.02536E-08       2.73898E-03       2.22692E-07       1.46536E-07
       8.31764E-05       8.70964E-05       8.51364E-05       3.92000E-06       1.09980E-08       2.80561E-03       2.38860E-07       1.57534E-07
       8.70964E-05       9.12011E-05       8.91488E-05       4.10471E-06       1.18026E-08       2.87539E-03       2.56338E-07       1.69337E-07
       9.12011E-05       9.54993E-05       9.33502E-05       4.29820E-06       1.26724E-08       2.94830E-03       2.75224E-07       1.82009E-07
       9.54993E-05       1.00000E-04       9.77497E-05       4.50070E-06       1.35839E-08       3.01817E-03       2.95025E-07       1.95593E-07
       1.00000E-04       1.04713E-04       1.02356E-04       4.71300E-06       1.45454E-08       3.08624E-03       3.15896E-07       2.10139E-07
       1.04713E-04       1.09648E-04       1.07181E-04       4.93501E-06       1.55827E-08       3.15759E-03       3.38432E-07       2.25722E-07
       1.09648E-04       1.14815E-04       1.12232E-04       5.16700E-06       1.67037E-08       3.23276E-03       3.62817E-07       2.42425E-07
       1.14815E-04       1.20226E-04       1.17520E-04       5.41100E-06       1.79139E-08       3.31064E-03       3.89068E-07       2.60339E-07
       1.20226E-04       1.25892E-04       1.23059E-04       5.66600E-06       1.92225E-08       3.39261E-03       4.17491E-07       2.79562E-07
       1.25892E-04       1.31826E-04       1.28859E-04       5.93401E-06       2.06377E-08       3.47786E-03       4.48154E-07       3.00199E-07
       1.31826E-04       1.38038E-04       1.34932E-04       6.21199E-06       2.21681E-08       3.56860E-03       4.81518E-07       3.22367E-07
       1.38038E-04       1.44544E-04       1.41291E-04       6.50601E-06       2.38209E-08       3.66137E-03       5.17319E-07       3.46188E-07
       1.44544E-04       1.51356E-04       1.47950E-04       6.81200E-06       2.55431E-08       3.74972E-03       5.54771E-07       3.71731E-07
       1.51356E-04       1.58489E-04       1.54922E-04       7.13300E-06       2.73777E-08       3.83818E-03       5.94620E-07       3.99109E-07
       1.58489E-04       1.65959E-04       1.62224E-04       7.47000E-06       2.93593E-08       3.93029E-03       6.37587E-07       4.28468E-07
       1.65959E-04       1.73780E-04       1.69870E-04       7.82100E-06       3.15009E-08       4.02773E-03       6.84188E-07       4.59969E-07
       1.73780E-04       1.81970E-04       1.77875E-04       8.19000E-06       3.38165E-08       4.12900E-03       7.34446E-07       4.93786E-07
       1.81970E-04       1.90546E-04       1.86258E-04       8.57600E-06       3.63208E-08       4.23516E-03       7.88832E-07       5.30106E-07
       1.90546E-04       1.99526E-04       1.95036E-04       8.98000E-06       3.89482E-08       4.33721E-03       8.45913E-07       5.69055E-07
       1.99526E-04       2.08930E-04       2.04228E-04       9.40399E-06       4.17101E-08       4.43536E-03       9.05824E-07       6.10765E-07
       2.08930E-04       2.18776E-04       2.13853E-04       9.84601E-06       4.46908E-08       4.53897E-03       9.70673E-07       6.55455E-07
       2.18776E-04       2.29087E-04       2.23932E-04       1.03110E-05       4.79095E-08       4.64644E-03       1.04049E-06       7.03365E-07
       2.29087E-04       2.39883E-04       2.34485E-04       1.07960E-05       5.13875E-08       4.75987E-03       1.11612E-06       7.54752E-07
       2.39883E-04       2.51189E-04       2.45536E-04       1.13060E-05       5.51470E-08       4.87767E-03       1.19764E-06       8.09899E-07
       2.51189E-04       2.63027E-04       2.57108E-04       1.18380E-05       5.92134E-08       5.00197E-03       1.28605E-06       8.69113E-07
       2.63027E-04       2.75423E-04       2.69225E-04       1.23960E-05       6.36124E-08       5.13169E-03       1.38158E-06       9.32725E-07
       2.75423E-04       2.88403E-04       2.81913E-04       1.29800E-05       6.83649E-08       5.26694E-03       1.48482E-06       1.00109E-06
       2.88403E-04       3.01995E-04       2.95199E-04       1.35920E-05       7.33206E-08       5.39440E-03       1.59242E-06       1.07441E-06
       3.01995E-04       3.16228E-04       3.09111E-04       1.42330E-05       7.85843E-08       5.52128E-03       1.70669E-06       1.15299E-06
       3.16228E-04       3.31131E-04       3.23680E-04       1.49030E-05       8.42701E-08       5.65457E-03       1.83027E-06       1.23727E-06
       3.31131E-04       3.46737E-04       3.38934E-04       1.56060E-05       9.04163E-08       5.79369E-03       1.96368E-06       1.32768E-06
       3.46737E-04       3.63078E-04       3.54908E-04       1.63410E-05       9.70607E-08       5.93970E-03       2.10804E-06       1.42474E-06
       3.63078E-04       3.80189E-04       3.71634E-04       1.71110E-05       1.04247E-07       6.09241E-03       2.26414E-06       1.52899E-06
       3.80189E-04       3.98107E-04       3.89148E-04       1.79180E-05       1.11832E-07       6.24130E-03       2.42879E-06       1.64082E-06
       3.98107E-04       4.16869E-04       4.07488E-04       1.87620E-05       1.19811E-07       6.38584E-03       2.60215E-06       1.76063E-06
       4.16869E-04       4.36516E-04       4.26692E-04       1.96470E-05       1.28426E-07       6.53668E-03       2.78915E-06       1.88906E-06
       4.36516E-04       4.57088E-04       4.46802E-04       2.05720E-05       1.37734E-07       6.69522E-03       2.99144E-06       2.02679E-06
       4.57088E-04       4.78630E-04       4.67859E-04       2.15420E-05       1.47794E-07       6.86076E-03       3.20987E-06       2.17459E-06
       4.78630E-04       5.01187E-04       4.89909E-04       2.25570E-05       1.58672E-07       7.03428E-03       3.44615E-06       2.33326E-06
       5.01187E-04       5.24808E-04       5.12998E-04       2.36210E-05       1.70444E-07       7.21578E-03       3.70168E-06       2.50370E-06
       5.24808E-04       5.49541E-04       5.37175E-04       2.47330E-05       1.83181E-07       7.40631E-03       3.97848E-06       2.68688E-06
       5.49541E-04       5.75440E-04       5.62491E-04       2.58990E-05       1.96955E-07       7.60476E-03       4.27760E-06       2.88384E-06
       5.75440E-04       6.02560E-04       5.89000E-04       2.71200E-05       2.11405E-07       7.79515E-03       4.59135E-06       3.09524E-06
       6.02560E-04       6.30957E-04       6.16758E-04       2.83970E-05       2.26756E-07       7.98523E-03       4.92496E-06       3.32200E-06
       6.30957E-04       6.60693E-04       6.45825E-04       2.97360E-05       2.43352E-07       8.18375E-03       5.28527E-06       3.56535E-06
       6.60693E-04       6.91831E-04       6.76262E-04       3.11380E-05       2.61301E-07       8.39172E-03       5.67500E-06       3.82665E-06
       6.91831E-04       7.24436E-04       7.08133E-04       3.26050E-05       2.80720E-07       8.60974E-03       6.09684E-06       4.10737E-06
       7.24436E-04       7.58578E-04       7.41507E-04       3.41420E-05       3.01739E-07       8.83777E-03       6.55327E-06       4.40911E-06
       7.58578E-04       7.94328E-04       7.76453E-04       3.57500E-05       3.24003E-07       9.06302E-03       7.03701E-06       4.73312E-06
       7.94328E-04       8.31764E-04       8.13046E-04       3.74360E-05       3.47427E-07       9.28058E-03       7.54554E-06       5.08054E-06
       8.31764E-04       8.70964E-04       8.51364E-04       3.92000E-05       3.72730E-07       9.50840E-03       8.09511E-06       5.45327E-06
       8.70964E-04       9.12011E-04       8.91487E-04       4.10470E-05       4.00084E-07       9.74698E-03       8.68931E-06       5.85336E-06
       9.12011E-04       9.54993E-04       9.33502E-04       4.29820E-05       4.29675E-07       9.99663E-03       9.33188E-06       6.28303E-06
       9.54993E-04       1.00000E-03       9.77497E-04       4.50070E-05       4.61694E-07       1.02583E-02       1.00274E-05       6.74473E-06
       1.00000E-03       1.04713E-03       1.02356E-03       4.71300E-05       4.96364E-07       1.05318E-02       1.07800E-05       7.24109E-06
       1.04713E-03       1.09648E-03       1.07180E-03       4.93500E-05       5.33894E-07       1.08185E-02       1.15953E-05       7.77498E-06
       1.09648E-03       1.14815E-03       1.12231E-03       5.16700E-05       5.74555E-07       1.11197E-02       1.24798E-05       8.34954E-06
       1.14815E-03       1.20226E-03       1.17520E-03       5.41100E-05       6.17339E-07       1.14090E-02       1.34079E-05       8.96688E-06
       1.20226E-03       1.25892E-03       1.23059E-03       5.66600E-05       6.62811E-07       1.16980E-02       1.43955E-05       9.62969E-06
       1.25892E-03       1.31826E-03       1.28859E-03       5.93400E-05       7.12002E-07       1.19987E-02       1.54614E-05       1.03417E-05
       1.31826E-03       1.38038E-03       1.34932E-03       6.21200E-05       7.65221E-07       1.23184E-02       1.66215E-05       1.11069E-05
       1.38038E-03       1.44544E-03       1.41291E-03       6.50599E-05       8.22874E-07       1.26479E-02       1.78704E-05       1.19298E-05
       1.44544E-03       1.51356E-03       1.47950E-03       6.81201E-05       8.85299E-07       1.29961E-02       1.92278E-05       1.28151E-05
       1.51356E-03       1.58489E-03       1.54923E-03       7.13300E-05       9.51697E-07       1.33422E-02       2.06700E-05       1.37668E-05
       1.58489E-03       1.65959E-03       1.62224E-03       7.47000E-05       1.02157E-06       1.36757E-02       2.21852E-05       1.47884E-05
       1.65959E-03       1.73780E-03       1.69870E-03       7.82101E-05       1.09709E-06       1.40275E-02       2.38285E-05       1.58854E-05
       1.73780E-03       1.81970E-03       1.77875E-03       8.18999E-05       1.17882E-06       1.43934E-02       2.56022E-05       1.70643E-05
       1.81970E-03       1.90546E-03       1.86258E-03       8.57600E-05       1.26729E-06       1.47772E-02       2.75237E-05       1.83316E-05
       1.90546E-03       1.99526E-03       1.95036E-03       8.98001E-05       1.36310E-06       1.51792E-02       2.96050E-05       1.96947E-05
       1.99526E-03       2.08930E-03       2.04228E-03       9.40400E-05       1.46692E-06       1.55989E-02       3.18574E-05       2.11616E-05
       2.08930E-03       2.18776E-03       2.13853E-03       9.84600E-05       1.57946E-06       1.60417E-02       3.43056E-05       2.27410E-05
       2.18776E-03       2.29087E-03       2.23932E-03       1.03110E-04       1.73577E-06       1.68341E-02       3.76969E-05       2.44768E-05
       2.29087E-03       2.39883E-03       2.34485E-03       1.07960E-04       1.33521E-05       1.23677E-01       2.90003E-04       3.78289E-05
       2.39883E-03       2.51189E-03       2.45536E-03       1.13060E-04       1.63187E-05       1.44337E-01       3.54400E-04       5.41477E-05
       2.51189E-03       2.63027E-03       2.57108E-03       1.18380E-04       1.71277E-05       1.44684E-01       3.71994E-04       7.12754E-05
       2.63027E-03       2.75423E-03       2.69225E-03       1.23960E-04       1.79832E-05       1.45073E-01       3.90572E-04       8.92586E-05
       2.75423E-03       2.88403E-03       2.81913E-03       1.29800E-04       1.88783E-05       1.45442E-01       4.10019E-04       1.08137E-04
       2.88403E-03       3.01995E-03       2.95199E-03       1.35920E-04       1.98196E-05       1.45818E-01       4.30454E-04       1.27957E-04
       3.01995E-03       3.16228E-03       3.09112E-03       1.42330E-04       2.08132E-05       1.46232E-01       4.52020E-04       1.48770E-04
       3.16228E-03       3.31131E-03       3.23679E-03       1.49030E-04       2.18493E-05       1.46610E-01       4.74548E-04       1.70619E-04
       3.31131E-03       3.46737E-03       3.38934E-03       1.56060E-04       2.29423E-05       1.47009E-01       4.98264E-04       1.93561E-04
       3.46737E-03       3.63078E-03       3.54907E-03       1.63410E-04       2.40858E-05       1.47395E-01       5.23116E-04       2.17647E-04
       3.63078E-03       3.80189E-03       3.71633E-03       1.71110E-04       2.52999E-05       1.47857E-01       5.49488E-04       2.42947E-04
       3.80189E-03       3.98107E-03       3.89148E-03       1.79180E-04       2.65708E-05       1.48291E-01       5.77072E-04       2.69518E-04
       3.98107E-03       4.16869E-03       4.07488E-03       1.87620E-04       2.79188E-05       1.48805E-01       6.06364E-04       2.97437E-04
       4.16869E-03       4.36516E-03       4.26693E-03       1.96470E-04       2.93332E-05       1.49301E-01       6.37057E-04       3.26770E-04
       4.36516E-03       4.57088E-03       4.46802E-03       2.05720E-04       3.08266E-05       1.49847E-01       6.69522E-04       3.57596E-04
       4.57088E-03       4.78630E-03       4.67859E-03       2.15420E-04       3.23881E-05       1.50349E-01       7.03420E-04       3.89985E-04
       4.78630E-03       5.01187E-03       4.89909E-03       2.25570E-04       3.40300E-05       1.50862E-01       7.39085E-04       4.24015E-04
       5.01187E-03       5.24807E-03       5.12997E-03       2.36200E-04       3.57598E-05       1.51396E-01       7.76659E-04       4.59774E-04
       5.24807E-03       5.49541E-03       5.37174E-03       2.47340E-04       3.75831E-05       1.51949E-01       8.16230E-04       4.97357E-04
       5.49541E-03       5.75440E-03       5.62491E-03       2.58990E-04       3.95062E-05       1.52539E-01       8.58020E-04       5.36864E-04
       5.75440E-03       6.02560E-03       5.89000E-03       2.71200E-04       4.15381E-05       1.53164E-01       9.02135E-04       5.78402E-04
       6.02560E-03       6.30957E-03       6.16759E-03       2.83970E-04       4.36704E-05       1.53785E-01       9.48484E-04       6.22072E-04
       6.30957E-03       6.60693E-03       6.45825E-03       2.97360E-04       4.59069E-05       1.54381E-01       9.97033E-04       6.67979E-04
       6.60693E-03       6.91831E-03       6.76262E-03       3.11380E-04       4.82544E-05       1.54969E-01       1.04800E-03       7.16233E-04
       6.91831E-03       7.24436E-03       7.08133E-03       3.26050E-04       5.07346E-05       1.55604E-01       1.10188E-03       7.66968E-04
       7.24436E-03       7.58578E-03       7.41507E-03       3.41420E-04       5.33607E-05       1.56290E-01       1.15890E-03       8.20329E-04
       7.58578E-03       7.94328E-03       7.76453E-03       3.57500E-04       5.61278E-05       1.57001E-01       1.21904E-03       8.76456E-04
       7.94328E-03       8.31764E-03       8.13046E-03       3.74360E-04       5.90581E-05       1.57758E-01       1.28264E-03       9.35514E-04
       8.31764E-03       8.70964E-03       8.51364E-03       3.92000E-04       6.21504E-05       1.58547E-01       1.34981E-03       9.97665E-04
       8.70964E-03       9.12011E-03       8.91487E-03       4.10471E-04       6.54202E-05       1.59378E-01       1.42084E-03       1.06309E-03
       9.12011E-03       9.54993E-03       9.33502E-03       4.29819E-04       6.88589E-05       1.60204E-01       1.49551E-03       1.13194E-03
       9.54993E-03       1.00000E-02       9.77496E-03       4.50070E-04       7.24537E-05       1.60983E-01       1.57360E-03       1.20440E-03
       1.00000E-02       1.04713E-02       1.02357E-02       4.71300E-04       7.62677E-05       1.61824E-01       1.65638E-03       1.28067E-03
       1.04713E-02       1.09648E-02       1.07180E-02       4.93500E-04       8.02887E-05       1.62692E-01       1.74374E-03       1.36095E-03
       1.09648E-02       1.14815E-02       1.12232E-02       5.16700E-04       8.45632E-05       1.63660E-01       1.83678E-03       1.44552E-03
       1.14815E-02       1.20226E-02       1.17521E-02       5.41100E-04       8.90802E-05       1.64628E-01       1.93472E-03       1.53460E-03
       1.20226E-02       1.25892E-02       1.23059E-02       5.66601E-04       9.38514E-05       1.65639E-01       2.03834E-03       1.62845E-03
       1.25892E-02       1.31826E-02       1.28859E-02       5.93399E-04       9.88463E-05       1.66576E-01       2.14649E-03       1.72730E-03
       1.31826E-02       1.38038E-02       1.34932E-02       6.21200E-04       1.04144E-04       1.67650E-01       2.26213E-03       1.83144E-03
       1.38038E-02       1.44544E-02       1.41291E-02       6.50601E-04       1.09760E-04       1.68706E-01       2.38367E-03       1.94120E-03
       1.44544E-02       1.51356E-02       1.47950E-02       6.81199E-04       1.15723E-04       1.69881E-01       2.51339E-03       2.05692E-03
       1.51356E-02       1.58489E-02       1.54923E-02       7.13301E-04       1.22046E-04       1.71100E-01       2.65073E-03       2.17897E-03
       1.58489E-02       1.65959E-02       1.62224E-02       7.47000E-04       1.28767E-04       1.72379E-01       2.79641E-03       2.30774E-03
       1.65959E-02       1.73780E-02       1.69870E-02       7.82100E-04       1.35920E-04       1.73788E-01       2.95213E-03       2.44366E-03
       1.73780E-02       1.81970E-02       1.77875E-02       8.19000E-04       1.53071E-04       1.86900E-01       3.32448E-03       2.59673E-03
       1.81970E-02       1.90546E-02       1.86258E-02       8.57600E-04       1.74603E-04       2.03595E-01       3.79212E-03       2.77133E-03
       1.90546E-02       1.99526E-02       1.95036E-02       8.98000E-04       1.84160E-04       2.05078E-01       3.99976E-03       2.95549E-03
       1.99526E-02       2.08930E-02       2.04228E-02       9.40400E-04       1.94331E-04       2.06647E-01       4.22031E-03       3.14982E-03
       2.08930E-02       2.18776E-02       2.13853E-02       9.84600E-04       2.10042E-04       2.13327E-01       4.56207E-03       3.35986E-03
       2.18776E-02       2.29087E-02       2.23931E-02       1.03110E-03       2.23750E-04       2.17002E-01       4.85935E-03       3.58361E-03
       2.29087E-02       2.39883E-02       2.34485E-02       1.07960E-03       2.36283E-04       2.18862E-01       5.13198E-03       3.81990E-03
       2.39883E-02       2.51189E-02       2.45536E-02       1.13060E-03       2.49570E-04       2.20741E-01       5.42000E-03       4.06947E-03
       2.51189E-02       2.63027E-02       2.57108E-02       1.18380E-03       2.63510E-04       2.22597E-01       5.72315E-03       4.33298E-03
       2.63027E-02       2.75423E-02       2.69225E-02       1.23960E-03       2.78350E-04       2.24548E-01       6.04540E-03       4.61133E-03
       2.75423E-02       2.88403E-02       2.81913E-02       1.29800E-03       2.94168E-04       2.26631E-01       6.38903E-03       4.90549E-03
       2.88403E-02       3.01995E-02       2.95199E-02       1.35920E-03       3.11053E-04       2.28850E-01       6.75563E-03       5.21655E-03
       3.01995E-02       3.16228E-02       3.09112E-02       1.42330E-03       3.29099E-04       2.31223E-01       7.14736E-03       5.54565E-03
       3.16228E-02       3.31131E-02       3.23680E-02       1.49030E-03       3.48393E-04       2.33774E-01       7.56677E-03       5.89404E-03
       3.31131E-02       3.46737E-02       3.38934E-02       1.56060E-03       3.69046E-04       2.36478E-01       8.01503E-03       6.26309E-03
       3.46737E-02       3.63078E-02       3.54908E-02       1.63410E-03       3.92433E-04       2.40152E-01       8.52319E-03       6.65552E-03
       3.63078E-02       3.80189E-02       3.71633E-02       1.71110E-03       4.31471E-04       2.52160E-01       9.37112E-03       7.08699E-03
       3.80189E-02       3.98107E-02       3.89148E-02       1.79180E-03       4.58867E-04       2.56093E-01       9.96580E-03       7.54586E-03
       3.98107E-02       4.16869E-02       4.07488E-02       1.87620E-03       4.86694E-04       2.59404E-01       1.05704E-02       8.03255E-03
       4.16869E-02       4.36516E-02       4.26693E-02       1.96470E-03       5.23749E-04       2.66579E-01       1.13747E-02       8.55630E-03
       4.36516E-02       4.57088E-02       4.46802E-02       2.05720E-03       5.73007E-04       2.78537E-01       1.24451E-02       9.12931E-03
       4.57088E-02       4.78630E-02       4.67859E-02       2.15420E-03       6.69474E-04       3.10777E-01       1.45400E-02       9.79878E-03
       4.78630E-02       5.01187E-02       4.89908E-02       2.25570E-03       7.13423E-04       3.16276E-01       1.54946E-02       1.05122E-02
       5.01187E-02       5.24808E-02       5.12998E-02       2.36210E-03       7.57675E-04       3.20763E-01       1.64551E-02       1.12699E-02
       5.24808E-02       5.49541E-02       5.37174E-02       2.47330E-03       8.18289E-04       3.30849E-01       1.77724E-02       1.20882E-02
       5.49541E-02       5.75440E-02       5.62491E-02       2.58990E-03       9.14155E-04       3.52969E-01       1.98542E-02       1.30023E-02
       5.75440E-02       6.02560E-02       5.89000E-02       2.71200E-03       9.73818E-04       3.59078E-01       2.11497E-02       1.39761E-02
       6.02560E-02       6.30957E-02       6.16758E-02       2.83970E-03       1.04319E-03       3.67361E-01       2.26573E-02       1.50193E-02
       6.30957E-02       6.60693E-02       6.45825E-02       2.97360E-03       1.14175E-03       3.83961E-01       2.47972E-02       1.61611E-02
       6.60693E-02       6.91831E-02       6.76262E-02       3.11380E-03       1.24011E-03       3.98261E-01       2.69329E-02       1.74012E-02
       6.91831E-02       7.24436E-02       7.08134E-02       3.26050E-03       1.32362E-03       4.05957E-01       2.87472E-02       1.87248E-02
       7.24436E-02       7.58578E-02       7.41507E-02       3.41420E-03       1.45699E-03       4.26744E-01       3.16433E-02       2.01818E-02
       7.58578E-02       7.94328E-02       7.76453E-02       3.57500E-03       1.60176E-03       4.48045E-01       3.47886E-02       2.17836E-02
       7.94328E-02       8.31764E-02       8.13046E-02       3.74360E-03       1.71166E-03       4.57223E-01       3.71744E-02       2.34952E-02
       8.31764E-02       8.70964E-02       8.51364E-02       3.92000E-03       1.82498E-03       4.65555E-01       3.96357E-02       2.53202E-02
       8.70964E-02       9.12011E-02       8.91488E-02       4.10470E-03       1.94693E-03       4.74317E-01       4.22848E-02       2.72671E-02
       9.12011E-02       9.54993E-02       9.33502E-02       4.29820E-03       2.07822E-03       4.83509E-01       4.51356E-02       2.93453E-02
       9.54993E-02       1.00000E-01       9.77497E-02       4.50070E-03       2.21946E-03       4.93135E-01       4.82038E-02       3.15648E-02
       1.00000E-01       1.04713E-01       1.02357E-01       4.71300E-03       2.37117E-03       5.03113E-01       5.14969E-02       3.39360E-02
       1.04713E-01       1.09648E-01       1.07180E-01       4.93500E-03       2.53432E-03       5.13539E-01       5.50414E-02       3.64703E-02
       1.09648E-01       1.14815E-01       1.12231E-01       5.16700E-03       2.71000E-03       5.24483E-01       5.88635E-02       3.91803E-02
       1.14815E-01       1.20226E-01       1.17520E-01       5.41100E-03       2.89886E-03       5.35735E-01       6.29598E-02       4.20792E-02
       1.20226E-01       1.25892E-01       1.23059E-01       5.66600E-03       3.10213E-03       5.47500E-01       6.73748E-02       4.51813E-02
       1.25892E-01       1.31826E-01       1.28859E-01       5.93400E-03       3.32065E-03       5.59598E-01       7.21092E-02       4.85019E-02
       1.31826E-01       1.38038E-01       1.34932E-01       6.21200E-03       3.55540E-03       5.72343E-01       7.72274E-02       5.20573E-02
       1.38038E-01       1.44544E-01       1.41291E-01       6.50600E-03       3.80768E-03       5.85257E-01       8.26916E-02       5.58650E-02
       1.44544E-01       1.51356E-01       1.47950E-01       6.81200E-03       4.08444E-03       5.99595E-01       8.87100E-02       5.99495E-02
       1.51356E-01       1.58489E-01       1.54923E-01       7.13300E-03       4.39604E-03       6.16296E-01       9.54781E-02       6.43455E-02
       1.58489E-01       1.65959E-01       1.62224E-01       7.47000E-03       4.73240E-03       6.33521E-01       1.02772E-01       6.90779E-02
       1.65959E-01       1.73780E-01       1.69869E-01       7.82100E-03       5.09451E-03       6.51389E-01       1.10651E-01       7.41724E-02
       1.73780E-01       1.81970E-01       1.77875E-01       8.19000E-03       5.48411E-03       6.69611E-01       1.19107E-01       7.96565E-02
       1.81970E-01       1.90546E-01       1.86258E-01       8.57600E-03       5.90309E-03       6.88326E-01       1.28206E-01       8.55596E-02
       1.90546E-01       1.99526E-01       1.95036E-01       8.98000E-03       6.35491E-03       7.07674E-01       1.38022E-01       9.19145E-02
       1.99526E-01       2.08930E-01       2.04228E-01       9.40400E-03       6.85062E-03       7.28480E-01       1.48776E-01       9.87651E-02
       2.08930E-01       2.18776E-01       2.13853E-01       9.84600E-03       7.38582E-03       7.50134E-01       1.60418E-01       1.06151E-01
       2.18776E-01       2.29087E-01       2.23931E-01       1.03110E-02       7.96141E-03       7.72128E-01       1.72904E-01       1.14112E-01
       2.29087E-01       2.39883E-01       2.34485E-01       1.07960E-02       8.58047E-03       7.94783E-01       1.86365E-01       1.22693E-01
       2.39883E-01       2.51189E-01       2.45536E-01       1.13060E-02       9.23801E-03       8.17089E-01       2.00625E-01       1.31931E-01
       2.51189E-01       2.63027E-01       2.57108E-01       1.18380E-02       9.93436E-03       8.39193E-01       2.15763E-01       1.41865E-01
       2.63027E-01       2.75423E-01       2.69225E-01       1.23960E-02       1.06823E-02       8.61754E-01       2.32006E-01       1.52548E-01
       2.75423E-01       2.88403E-01       2.81913E-01       1.29800E-02       1.14852E-02       8.84841E-01       2.49448E-01       1.64033E-01
       2.88403E-01       3.01995E-01       2.95199E-01       1.35920E-02       1.23176E-02       9.06241E-01       2.67521E-01       1.76350E-01
       3.01995E-01       3.16228E-01       3.09112E-01       1.42330E-02       1.31949E-02       9.27064E-01       2.86566E-01       1.89545E-01
       3.16228E-01       3.31131E-01       3.23680E-01       1.49030E-02       1.41379E-02       9.48664E-01       3.07063E-01       2.03683E-01
       3.31131E-01       3.46737E-01       3.38934E-01       1.56060E-02       1.51537E-02       9.71016E-01       3.29110E-01       2.18837E-01
       3.46737E-01       3.63078E-01       3.54908E-01       1.63410E-02       1.62495E-02       9.94403E-01       3.52921E-01       2.35086E-01
       3.63078E-01       3.80189E-01       3.71633E-01       1.71110E-02       1.74346E-02       1.01891E+00       3.78662E-01       2.52521E-01
       3.80189E-01       3.98107E-01       3.89148E-01       1.79180E-02       1.87185E-02       1.04467E+00       4.06533E-01       2.71239E-01
       3.98107E-01       4.16869E-01       4.07488E-01       1.87620E-02       2.01128E-02       1.07200E+00       4.36826E-01       2.91352E-01
       4.16869E-01       4.36516E-01       4.26692E-01       1.96470E-02       2.18654E-02       1.11291E+00       4.74871E-01       3.13218E-01
       4.36516E-01       4.57088E-01       4.46802E-01       2.05720E-02       2.78797E-02       1.35523E+00       6.05517E-01       3.41097E-01
       4.57088E-01       4.78630E-01       4.67859E-01       2.15420E-02       2.36868E-02       1.09956E+00       5.14441E-01       3.64784E-01
       4.78630E-01       5.01187E-01       4.89909E-01       2.25570E-02       2.36942E-02       1.05041E+00       5.14606E-01       3.88478E-01
       5.01187E-01       5.24808E-01       5.12998E-01       2.36210E-02       2.38317E-02       1.00892E+00       5.17573E-01       4.12310E-01
       5.24808E-01       5.49541E-01       5.37174E-01       2.47330E-02       2.39055E-02       9.66543E-01       5.19202E-01       4.36216E-01
       5.49541E-01       5.75440E-01       5.62490E-01       2.58990E-02       2.39515E-02       9.24804E-01       5.20193E-01       4.60167E-01
       5.75440E-01       6.02560E-01       5.89000E-01       2.71200E-02       2.40756E-02       8.87742E-01       5.22880E-01       4.84243E-01
       6.02560E-01       6.30957E-01       6.16758E-01       2.83970E-02       2.41503E-02       8.50454E-01       5.24525E-01       5.08393E-01
       6.30957E-01       6.60693E-01       6.45825E-01       2.97360E-02       2.41493E-02       8.12123E-01       5.24490E-01       5.32542E-01
       6.60693E-01       6.91831E-01       6.76262E-01       3.11380E-02       2.40565E-02       7.72577E-01       5.22465E-01       5.56599E-01
       6.91831E-01       7.24436E-01       7.08133E-01       3.26050E-02       2.38520E-02       7.31543E-01       5.18030E-01       5.80451E-01
       7.24436E-01       7.58578E-01       7.41507E-01       3.41420E-02       2.35370E-02       6.89386E-01       5.11184E-01       6.03988E-01
       7.58578E-01       7.94328E-01       7.76453E-01       3.57500E-02       2.31999E-02       6.48948E-01       5.03877E-01       6.27188E-01
       7.94328E-01       8.31764E-01       8.13046E-01       3.74360E-02       2.27139E-02       6.06739E-01       4.93307E-01       6.49901E-01
       8.31764E-01       8.70964E-01       8.51364E-01       3.92000E-02       2.20250E-02       5.61862E-01       4.78349E-01       6.71926E-01
       8.70964E-01       9.12011E-01       8.91487E-01       4.10470E-02       2.10994E-02       5.14029E-01       4.58251E-01       6.93026E-01
       9.12011E-01       9.54993E-01       9.33502E-01       4.29820E-02       2.03674E-02       4.73859E-01       4.42348E-01       7.13393E-01
       9.54993E-01       1.00000E+00       9.77497E-01       4.50070E-02       2.05433E-02       4.56447E-01       4.46175E-01       7.33936E-01
       1.00000E+00       1.04713E+00       1.02357E+00       4.71300E-02       2.07081E-02       4.39383E-01       4.49737E-01       7.54645E-01
       1.04713E+00       1.09648E+00       1.07181E+00       4.93500E-02       2.08214E-02       4.21914E-01       4.52209E-01       7.75466E-01
       1.09648E+00       1.14815E+00       1.12231E+00       5.16700E-02       2.04486E-02       3.95754E-01       4.44161E-01       7.95915E-01
       1.14815E+00       1.20226E+00       1.17520E+00       5.41100E-02       1.89572E-02       3.50345E-01       4.11727E-01       8.14872E-01
       1.20226E+00       1.25892E+00       1.23059E+00       5.66600E-02       1.78925E-02       3.15787E-01       3.88604E-01       8.32764E-01
       1.25892E+00       1.31826E+00       1.28859E+00       5.93400E-02       1.64737E-02       2.77615E-01       3.57732E-01       8.49238E-01
       1.31826E+00       1.38038E+00       1.34932E+00       6.21200E-02       1.64532E-02       2.64861E-01       3.57382E-01       8.65691E-01
       1.38038E+00       1.44544E+00       1.41291E+00       6.50600E-02       1.70940E-02       2.62742E-01       3.71231E-01       8.82785E-01
       1.44544E+00       1.51356E+00       1.47950E+00       6.81200E-02       1.65737E-02       2.43302E-01       3.59965E-01       8.99359E-01
       1.51356E+00       1.58489E+00       1.54923E+00       7.13300E-02       1.57672E-02       2.21046E-01       3.42449E-01       9.15126E-01
       1.58489E+00       1.65959E+00       1.62224E+00       7.47000E-02       1.31182E-02       1.75612E-01       2.84884E-01       9.28244E-01
       1.65959E+00       1.73780E+00       1.69869E+00       7.82100E-02       9.27349E-03       1.18572E-01       2.01417E-01       9.37518E-01
       1.73780E+00       1.81970E+00       1.77875E+00       8.19000E-02       8.64131E-03       1.05511E-01       1.87677E-01       9.46159E-01
       1.81970E+00       1.90546E+00       1.86258E+00       8.57600E-02       8.03698E-03       9.37148E-02       1.74551E-01       9.54196E-01
       1.90546E+00       1.99526E+00       1.95036E+00       8.98000E-02       7.35164E-03       8.18668E-02       1.59670E-01       9.61548E-01
       1.99526E+00       2.08930E+00       2.04228E+00       9.40400E-02       6.60325E-03       7.02175E-02       1.43404E-01       9.68151E-01
       2.08930E+00       2.18776E+00       2.13853E+00       9.84600E-02       5.83605E-03       5.92733E-02       1.26758E-01       9.73987E-01
       2.18776E+00       2.29087E+00       2.23932E+00       1.03110E-01       5.04788E-03       4.89562E-02       1.09628E-01       9.79035E-01
       2.29087E+00       2.39883E+00       2.34485E+00       1.07960E-01       4.30420E-03       3.98685E-02       9.34857E-02       9.83339E-01
       2.39883E+00       2.51189E+00       2.45536E+00       1.13060E-01       3.60913E-03       3.19222E-02       7.83805E-02       9.86948E-01
       2.51189E+00       2.63027E+00       2.57108E+00       1.18380E-01       2.98346E-03       2.52024E-02       6.47975E-02       9.89932E-01
       2.63027E+00       2.75423E+00       2.69225E+00       1.23960E-01       2.45802E-03       1.98291E-02       5.33849E-02       9.92390E-01
       2.75423E+00       2.88403E+00       2.81913E+00       1.29800E-01       2.02573E-03       1.56065E-02       4.39968E-02       9.94415E-01
       2.88403E+00       3.01995E+00       2.95199E+00       1.35920E-01       1.67159E-03       1.22984E-02       3.63047E-02       9.96087E-01
       3.01995E+00       3.16228E+00       3.09111E+00       1.42330E-01       1.36636E-03       9.59995E-03       2.96745E-02       9.97453E-01
       3.16228E+00       3.31131E+00       3.23679E+00       1.49030E-01       1.08219E-03       7.26155E-03       2.35042E-02       9.98536E-01
       3.31131E+00       3.46737E+00       3.38934E+00       1.56060E-01       7.90575E-04       5.06584E-03       1.71699E-02       9.99326E-01
       3.46737E+00       3.63078E+00       3.54908E+00       1.63410E-01       4.83956E-04       2.96161E-03       1.05110E-02       9.99810E-01
       3.63078E+00       3.80189E+00       3.71633E+00       1.71110E-01       1.89965E-04       1.11019E-03       4.12584E-03       1.00000E+00

 Sum =                                                                         1.00000E+00
 Renormalization bin#   942 =                                                  6.34849E-01 barn        1.32000E+07        1.34000E+07        1.33000E+07
 Avg. Energy     bin#   942 =                                                  7.68431E-01 MeV         1.32000E+07        1.34000E+07
