"        MT=  4 recoil spectrum "
" Initial neutron energy corresponds to the group:"
   1.36000E+01    1.38000E+01       0.00000E+00           321           895           575



          Low               High              Mid              Energy           Number             dn/de            E*dn/de          Cumulative
         Energy            Energy            Energy             Width          Fraction                               Sum   
         [MeV]             [MeV]             [MeV]              [MeV]

       2.62500E-06       2.65000E-06       2.63750E-06       2.50001E-08       0.00000E+00       0.00000E+00       0.00000E+00       0.00000E+00
       2.65000E-06       2.67500E-06       2.66250E-06       2.49999E-08       1.73983E-12       6.95937E-05       1.85293E-10       1.73983E-12
       2.67500E-06       2.70000E-06       2.68750E-06       2.50001E-08       1.75621E-12       7.02482E-05       1.88792E-10       3.49604E-12
       2.70000E-06       2.72500E-06       2.71250E-06       2.49999E-08       1.77242E-12       7.08971E-05       1.92309E-10       5.26846E-12
       2.72500E-06       2.75000E-06       2.73750E-06       2.50001E-08       1.78880E-12       7.15516E-05       1.95873E-10       7.05726E-12
       2.75000E-06       2.77500E-06       2.76250E-06       2.50001E-08       1.80518E-12       7.22068E-05       1.99471E-10       8.86244E-12
       2.77500E-06       2.80000E-06       2.78750E-06       2.49999E-08       1.82156E-12       7.28627E-05       2.03105E-10       1.06840E-11
       2.80000E-06       2.82500E-06       2.81250E-06       2.50001E-08       1.83776E-12       7.35103E-05       2.06748E-10       1.25218E-11
       2.82500E-06       2.85000E-06       2.83750E-06       2.49999E-08       1.85414E-12       7.41661E-05       2.10446E-10       1.43759E-11
       2.85000E-06       2.87500E-06       2.86250E-06       2.50001E-08       1.87052E-12       7.48206E-05       2.14174E-10       1.62464E-11
       2.87500E-06       2.90000E-06       2.88750E-06       2.50001E-08       1.88690E-12       7.54758E-05       2.17936E-10       1.81333E-11
       2.90000E-06       2.92500E-06       2.91250E-06       2.49999E-08       1.90311E-12       7.61248E-05       2.21713E-10       2.00364E-11
       2.92500E-06       2.95000E-06       2.93750E-06       2.50001E-08       1.91949E-12       7.67792E-05       2.25539E-10       2.19559E-11
       2.95000E-06       2.97500E-06       2.96250E-06       2.49999E-08       1.93587E-12       7.74351E-05       2.29402E-10       2.38918E-11
       2.97500E-06       3.00000E-06       2.98750E-06       2.50001E-08       1.95225E-12       7.80896E-05       2.33293E-10       2.58440E-11
       3.00000E-06       3.02500E-06       3.01250E-06       2.50001E-08       1.96845E-12       7.87378E-05       2.37198E-10       2.78125E-11
       3.02500E-06       3.05000E-06       3.03750E-06       2.49999E-08       1.98483E-12       7.93938E-05       2.41159E-10       2.97973E-11
       3.05000E-06       3.07500E-06       3.06250E-06       2.50001E-08       2.00121E-12       8.00482E-05       2.45148E-10       3.17985E-11
       3.07500E-06       3.10000E-06       3.08750E-06       2.49999E-08       2.01759E-12       8.07041E-05       2.49174E-10       3.38161E-11
       3.10000E-06       3.12500E-06       3.11250E-06       2.50001E-08       2.03380E-12       8.13516E-05       2.53207E-10       3.58499E-11
       3.12500E-06       3.15000E-06       3.13750E-06       2.50001E-08       2.05018E-12       8.20068E-05       2.57296E-10       3.79001E-11
       3.15000E-06       3.17500E-06       3.16250E-06       2.49999E-08       2.06656E-12       8.26628E-05       2.61421E-10       3.99667E-11
       3.17500E-06       3.20000E-06       3.18750E-06       2.50001E-08       2.08294E-12       8.33171E-05       2.65573E-10       4.20496E-11
       3.20000E-06       3.22500E-06       3.21250E-06       2.49999E-08       2.09914E-12       8.39662E-05       2.69741E-10       4.41487E-11
       3.22500E-06       3.25000E-06       3.23750E-06       2.50001E-08       2.11552E-12       8.46206E-05       2.73959E-10       4.62643E-11
       3.25000E-06       3.27500E-06       3.26250E-06       2.50001E-08       2.13190E-12       8.52758E-05       2.78212E-10       4.83962E-11
       3.27500E-06       3.30000E-06       3.28750E-06       2.49999E-08       2.14828E-12       8.59318E-05       2.82501E-10       5.05445E-11
       3.30000E-06       3.32500E-06       3.31250E-06       2.50001E-08       2.16449E-12       8.65792E-05       2.86794E-10       5.27089E-11
       3.32500E-06       3.35000E-06       3.33750E-06       2.49999E-08       2.18087E-12       8.72352E-05       2.91148E-10       5.48898E-11
       3.35000E-06       3.37500E-06       3.36250E-06       2.50001E-08       2.19725E-12       8.78896E-05       2.95529E-10       5.70871E-11
       3.37500E-06       3.40000E-06       3.38750E-06       2.50001E-08       2.21363E-12       8.85447E-05       2.99945E-10       5.93007E-11
       3.40000E-06       3.42500E-06       3.41250E-06       2.49999E-08       2.22983E-12       8.91939E-05       3.04374E-10       6.15305E-11
       3.42500E-06       3.45000E-06       3.43750E-06       2.50001E-08       2.24621E-12       8.98482E-05       3.08853E-10       6.37767E-11
       3.45000E-06       3.47500E-06       3.46250E-06       2.49999E-08       2.26259E-12       9.05042E-05       3.13371E-10       6.60393E-11
       3.47500E-06       3.50000E-06       3.48750E-06       2.50001E-08       2.27897E-12       9.11585E-05       3.17915E-10       6.83183E-11
       3.50000E-06       3.52500E-06       3.51250E-06       2.50001E-08       2.29518E-12       9.18068E-05       3.22471E-10       7.06135E-11
       3.52500E-06       3.55000E-06       3.53750E-06       2.49999E-08       2.31156E-12       9.24629E-05       3.27087E-10       7.29250E-11
       3.55000E-06       3.57500E-06       3.56250E-06       2.50001E-08       2.32794E-12       9.31171E-05       3.31730E-10       7.52530E-11
       3.57500E-06       3.60000E-06       3.58750E-06       2.49999E-08       2.34432E-12       9.37732E-05       3.36411E-10       7.75973E-11
       3.60000E-06       3.62500E-06       3.61250E-06       2.50001E-08       2.36052E-12       9.44206E-05       3.41094E-10       7.99578E-11
       3.62500E-06       3.65000E-06       3.63750E-06       2.50001E-08       2.37690E-12       9.50758E-05       3.45838E-10       8.23347E-11
       3.65000E-06       3.67500E-06       3.66250E-06       2.49999E-08       2.39328E-12       9.57318E-05       3.50618E-10       8.47280E-11
       3.67500E-06       3.70000E-06       3.68750E-06       2.50001E-08       2.40966E-12       9.63861E-05       3.55424E-10       8.71377E-11
       3.70000E-06       3.72500E-06       3.71250E-06       2.49999E-08       2.42587E-12       9.70353E-05       3.60244E-10       8.95635E-11
       3.72500E-06       3.75000E-06       3.73750E-06       2.50001E-08       2.44225E-12       9.76895E-05       3.65115E-10       9.20058E-11
       3.75000E-06       3.77500E-06       3.76250E-06       2.50001E-08       2.45863E-12       9.83447E-05       3.70022E-10       9.44644E-11
       3.77500E-06       3.80000E-06       3.78750E-06       2.49999E-08       2.47501E-12       9.90008E-05       3.74966E-10       9.69394E-11
       3.80000E-06       3.82500E-06       3.81250E-06       2.50001E-08       2.49121E-12       9.96482E-05       3.79909E-10       9.94306E-11
       3.82500E-06       3.85000E-06       3.83750E-06       2.49999E-08       2.50759E-12       1.00304E-04       3.84918E-10       1.01938E-10
       3.85000E-06       3.87500E-06       3.86250E-06       2.50001E-08       2.52397E-12       1.00959E-04       3.89952E-10       1.04462E-10
       3.87500E-06       3.90000E-06       3.88750E-06       2.50001E-08       2.54035E-12       1.01614E-04       3.95023E-10       1.07003E-10
       3.90000E-06       3.92500E-06       3.91250E-06       2.49999E-08       2.55656E-12       1.02263E-04       4.00104E-10       1.09559E-10
       3.92500E-06       3.95000E-06       3.93750E-06       2.50001E-08       2.57294E-12       1.02917E-04       4.05236E-10       1.12132E-10
       3.95000E-06       3.97500E-06       3.96250E-06       2.49999E-08       2.58932E-12       1.03573E-04       4.10409E-10       1.14721E-10
       3.97500E-06       4.00000E-06       3.98750E-06       2.50001E-08       2.60570E-12       1.04227E-04       4.15607E-10       1.17327E-10
       4.00000E-06       4.02500E-06       4.01250E-06       2.50001E-08       2.62190E-12       1.04876E-04       4.20814E-10       1.19949E-10
       4.02500E-06       4.05000E-06       4.03750E-06       2.50001E-08       2.63828E-12       1.05531E-04       4.26081E-10       1.22587E-10
       4.05000E-06       4.07500E-06       4.06250E-06       2.49996E-08       2.65466E-12       1.06188E-04       4.31389E-10       1.25242E-10
       4.07500E-06       4.10000E-06       4.08750E-06       2.50001E-08       2.67104E-12       1.06841E-04       4.36714E-10       1.27913E-10
       4.10000E-06       4.12500E-06       4.11250E-06       2.50001E-08       2.68725E-12       1.07490E-04       4.42051E-10       1.30600E-10
       4.12500E-06       4.15000E-06       4.13750E-06       2.50001E-08       2.70363E-12       1.08145E-04       4.47449E-10       1.33304E-10
       4.15000E-06       4.17500E-06       4.16250E-06       2.50001E-08       2.72001E-12       1.08800E-04       4.52880E-10       1.36024E-10
       4.17500E-06       4.20000E-06       4.18750E-06       2.49996E-08       2.73639E-12       1.09457E-04       4.58352E-10       1.38760E-10
       4.20000E-06       4.22500E-06       4.21250E-06       2.50001E-08       2.75259E-12       1.10103E-04       4.63810E-10       1.41513E-10
       4.22500E-06       4.25000E-06       4.23750E-06       2.50001E-08       2.76897E-12       1.10758E-04       4.69339E-10       1.44282E-10
       4.25000E-06       4.27500E-06       4.26250E-06       2.50001E-08       2.78535E-12       1.11414E-04       4.74901E-10       1.47067E-10
       4.27500E-06       4.30000E-06       4.28750E-06       2.50001E-08       2.80173E-12       1.12069E-04       4.80495E-10       1.49869E-10
       4.30000E-06       4.32500E-06       4.31250E-06       2.49996E-08       2.81794E-12       1.12719E-04       4.86102E-10       1.52687E-10
       4.32500E-06       4.35000E-06       4.33750E-06       2.50001E-08       2.83432E-12       1.13372E-04       4.91752E-10       1.55521E-10
       4.35000E-06       4.37500E-06       4.36250E-06       2.50001E-08       2.85070E-12       1.14027E-04       4.97445E-10       1.58372E-10
       4.37500E-06       4.40000E-06       4.38750E-06       2.50001E-08       2.86708E-12       1.14683E-04       5.03170E-10       1.61239E-10
       4.40000E-06       4.42500E-06       4.41250E-06       2.50001E-08       2.88328E-12       1.15331E-04       5.08898E-10       1.64122E-10
       4.42500E-06       4.45000E-06       4.43750E-06       2.49996E-08       2.89966E-12       1.15988E-04       5.14698E-10       1.67022E-10
       4.45000E-06       4.47500E-06       4.46250E-06       2.50001E-08       2.91604E-12       1.16641E-04       5.20512E-10       1.69938E-10
       4.47500E-06       4.50000E-06       4.48750E-06       2.50001E-08       2.93242E-12       1.17296E-04       5.26368E-10       1.72870E-10
       4.50000E-06       4.52500E-06       4.51250E-06       2.50001E-08       2.94863E-12       1.17945E-04       5.32225E-10       1.75819E-10
       4.52500E-06       4.55000E-06       4.53750E-06       2.50001E-08       2.96501E-12       1.18600E-04       5.38147E-10       1.78784E-10
       4.55000E-06       4.57500E-06       4.56250E-06       2.49996E-08       2.98139E-12       1.19257E-04       5.44111E-10       1.81765E-10
       4.57500E-06       4.60000E-06       4.58750E-06       2.50001E-08       2.99777E-12       1.19910E-04       5.50088E-10       1.84763E-10
       4.60000E-06       4.62500E-06       4.61250E-06       2.50001E-08       3.01397E-12       1.20558E-04       5.56076E-10       1.87777E-10
       4.62500E-06       4.65000E-06       4.63750E-06       2.50001E-08       3.03035E-12       1.21214E-04       5.62128E-10       1.90807E-10
       4.65000E-06       4.67500E-06       4.66250E-06       2.50001E-08       3.04673E-12       1.21869E-04       5.68213E-10       1.93854E-10
       4.67500E-06       4.70000E-06       4.68750E-06       2.49996E-08       3.06311E-12       1.22526E-04       5.74342E-10       1.96917E-10
       4.70000E-06       4.72500E-06       4.71250E-06       2.50001E-08       3.07932E-12       1.23172E-04       5.80449E-10       1.99997E-10
       4.72500E-06       4.75000E-06       4.73750E-06       2.50001E-08       3.09570E-12       1.23827E-04       5.86633E-10       2.03092E-10
       4.75000E-06       4.77500E-06       4.76250E-06       2.50001E-08       3.11208E-12       1.24483E-04       5.92848E-10       2.06204E-10
       4.77500E-06       4.80000E-06       4.78750E-06       2.50001E-08       3.12846E-12       1.25138E-04       5.99097E-10       2.09333E-10
       4.80000E-06       4.82500E-06       4.81250E-06       2.49996E-08       3.14466E-12       1.25788E-04       6.05357E-10       2.12477E-10
       4.82500E-06       4.85000E-06       4.83750E-06       2.50001E-08       3.16104E-12       1.26441E-04       6.11660E-10       2.15639E-10
       4.85000E-06       4.87500E-06       4.86250E-06       2.50001E-08       3.17742E-12       1.27096E-04       6.18006E-10       2.18816E-10
       4.87500E-06       4.90000E-06       4.88750E-06       2.50001E-08       3.19380E-12       1.27752E-04       6.24386E-10       2.22010E-10
       4.90000E-06       4.92500E-06       4.91250E-06       2.50001E-08       3.21001E-12       1.28400E-04       6.30764E-10       2.25220E-10
       4.92500E-06       4.95000E-06       4.93750E-06       2.49996E-08       3.22639E-12       1.29057E-04       6.37221E-10       2.28446E-10
       4.95000E-06       4.97500E-06       4.96250E-06       2.50001E-08       3.24277E-12       1.29710E-04       6.43687E-10       2.31689E-10
       4.97500E-06       5.00000E-06       4.98750E-06       2.50001E-08       3.25915E-12       1.30365E-04       6.50197E-10       2.34948E-10
       5.00000E-06       5.02500E-06       5.01250E-06       2.50001E-08       3.27535E-12       1.31014E-04       6.56706E-10       2.38223E-10
       5.02500E-06       5.05000E-06       5.03750E-06       2.50001E-08       3.29173E-12       1.31669E-04       6.63282E-10       2.41515E-10
       5.05000E-06       5.07500E-06       5.06250E-06       2.49996E-08       3.30811E-12       1.32327E-04       6.69903E-10       2.44823E-10
       5.07500E-06       5.10000E-06       5.08750E-06       2.50001E-08       3.32449E-12       1.32979E-04       6.76531E-10       2.48148E-10
       5.10000E-06       5.12500E-06       5.11250E-06       2.50001E-08       3.34070E-12       1.33627E-04       6.83170E-10       2.51488E-10
       5.12500E-06       5.15000E-06       5.13750E-06       2.50001E-08       3.35708E-12       1.34283E-04       6.89877E-10       2.54845E-10
       5.15000E-06       5.17500E-06       5.16250E-06       2.50001E-08       3.37346E-12       1.34938E-04       6.96616E-10       2.58219E-10
       5.17500E-06       5.20000E-06       5.18750E-06       2.49996E-08       3.38984E-12       1.35596E-04       7.03402E-10       2.61609E-10
       5.20000E-06       5.22500E-06       5.21250E-06       2.50001E-08       3.40604E-12       1.36241E-04       7.10157E-10       2.65015E-10
       5.22500E-06       5.25000E-06       5.23750E-06       2.50001E-08       3.42242E-12       1.36896E-04       7.16995E-10       2.68437E-10
       5.25000E-06       5.27500E-06       5.26250E-06       2.50001E-08       3.43880E-12       1.37552E-04       7.23865E-10       2.71876E-10
       5.27500E-06       5.30000E-06       5.28750E-06       2.50001E-08       3.45518E-12       1.38207E-04       7.30768E-10       2.75331E-10
       5.30000E-06       5.32500E-06       5.31250E-06       2.49996E-08       3.47139E-12       1.38858E-04       7.37681E-10       2.78803E-10
       5.32500E-06       5.35000E-06       5.33750E-06       2.50001E-08       3.48777E-12       1.39510E-04       7.44636E-10       2.82290E-10
       5.35000E-06       5.37500E-06       5.36250E-06       2.50001E-08       3.50415E-12       1.40165E-04       7.51637E-10       2.85795E-10
       5.37500E-06       5.40000E-06       5.38750E-06       2.50001E-08       3.52053E-12       1.40821E-04       7.58671E-10       2.89315E-10
       5.40000E-06       5.42500E-06       5.41250E-06       2.50001E-08       3.53673E-12       1.41469E-04       7.65700E-10       2.92852E-10
       5.42500E-06       5.45000E-06       5.43750E-06       2.49996E-08       3.55311E-12       1.42127E-04       7.72814E-10       2.96405E-10
       5.45000E-06       5.47500E-06       5.46250E-06       2.50001E-08       3.56949E-12       1.42779E-04       7.79931E-10       2.99974E-10
       5.47500E-06       5.50000E-06       5.48750E-06       2.50001E-08       3.58587E-12       1.43434E-04       7.87096E-10       3.03560E-10
       5.50000E-06       5.52500E-06       5.51250E-06       2.50001E-08       3.60208E-12       1.44083E-04       7.94255E-10       3.07162E-10
       5.52500E-06       5.55000E-06       5.53750E-06       2.50001E-08       3.61846E-12       1.44738E-04       8.01485E-10       3.10781E-10
       5.55000E-06       5.57500E-06       5.56250E-06       2.49996E-08       3.63484E-12       1.45396E-04       8.08764E-10       3.14416E-10
       5.57500E-06       5.60000E-06       5.58750E-06       2.50001E-08       3.65122E-12       1.46048E-04       8.16044E-10       3.18067E-10
       5.60000E-06       5.62500E-06       5.61250E-06       2.50001E-08       3.66742E-12       1.46696E-04       8.23333E-10       3.21734E-10
       5.62500E-06       5.65000E-06       5.63750E-06       2.50001E-08       3.68380E-12       1.47352E-04       8.30694E-10       3.25418E-10
       5.65000E-06       5.67500E-06       5.66250E-06       2.50001E-08       3.70018E-12       1.48007E-04       8.38088E-10       3.29118E-10
       5.67500E-06       5.70000E-06       5.68750E-06       2.49996E-08       3.71639E-12       1.48658E-04       8.45491E-10       3.32835E-10
       5.70000E-06       5.72500E-06       5.71250E-06       2.50001E-08       3.73277E-12       1.49310E-04       8.52934E-10       3.36567E-10
       5.72500E-06       5.75000E-06       5.73750E-06       2.50001E-08       3.74915E-12       1.49965E-04       8.60426E-10       3.40317E-10
       5.75000E-06       5.77500E-06       5.76250E-06       2.50001E-08       3.76553E-12       1.50621E-04       8.67951E-10       3.44082E-10
       5.77500E-06       5.80000E-06       5.78750E-06       2.50001E-08       3.78173E-12       1.51269E-04       8.75468E-10       3.47864E-10
       5.80000E-06       5.82500E-06       5.81250E-06       2.49996E-08       3.79811E-12       1.51927E-04       8.83075E-10       3.51662E-10
       5.82500E-06       5.85000E-06       5.83750E-06       2.50001E-08       3.81449E-12       1.52579E-04       8.90681E-10       3.55476E-10
       5.85000E-06       5.87500E-06       5.86250E-06       2.50001E-08       3.83087E-12       1.53234E-04       8.98336E-10       3.59307E-10
       5.87500E-06       5.90000E-06       5.88750E-06       2.50001E-08       3.84708E-12       1.53883E-04       9.05984E-10       3.63154E-10
       5.90000E-06       5.92500E-06       5.91250E-06       2.50001E-08       3.86346E-12       1.54538E-04       9.13704E-10       3.67018E-10
       5.92500E-06       5.95000E-06       5.93750E-06       2.49996E-08       3.87984E-12       1.55196E-04       9.21476E-10       3.70898E-10
       5.95000E-06       5.97500E-06       5.96250E-06       2.50001E-08       3.89622E-12       1.55848E-04       9.29244E-10       3.74794E-10
       5.97500E-06       6.00000E-06       5.98750E-06       2.50001E-08       3.91242E-12       1.56496E-04       9.37022E-10       3.78706E-10
       6.00000E-06       6.02500E-06       6.01250E-06       2.50001E-08       3.92880E-12       1.57152E-04       9.44874E-10       3.82635E-10
       6.02500E-06       6.05000E-06       6.03750E-06       2.50001E-08       3.94518E-12       1.57807E-04       9.52758E-10       3.86580E-10
       6.05000E-06       6.07500E-06       6.06250E-06       2.49996E-08       3.96156E-12       1.58465E-04       9.60694E-10       3.90542E-10
       6.07500E-06       6.10000E-06       6.08750E-06       2.50001E-08       3.97777E-12       1.59110E-04       9.68583E-10       3.94520E-10
       6.10000E-06       6.12500E-06       6.11250E-06       2.50001E-08       3.99415E-12       1.59765E-04       9.76566E-10       3.98514E-10
       6.12500E-06       6.15000E-06       6.13750E-06       2.50001E-08       4.01053E-12       1.60421E-04       9.84581E-10       4.02524E-10
       6.15000E-06       6.17500E-06       6.16250E-06       2.50001E-08       4.02691E-12       1.61076E-04       9.92629E-10       4.06551E-10
       6.17500E-06       6.20000E-06       6.18750E-06       2.49996E-08       4.04311E-12       1.61727E-04       1.00069E-09       4.10594E-10
       6.20000E-06       6.22500E-06       6.21250E-06       2.50001E-08       4.05949E-12       1.62379E-04       1.00878E-09       4.14654E-10
       6.22500E-06       6.25000E-06       6.23750E-06       2.50001E-08       4.07587E-12       1.63034E-04       1.01693E-09       4.18730E-10
       6.25000E-06       6.27500E-06       6.26250E-06       2.50001E-08       4.09225E-12       1.63689E-04       1.02511E-09       4.22822E-10
       6.27500E-06       6.30000E-06       6.28750E-06       2.50001E-08       4.10846E-12       1.64338E-04       1.03327E-09       4.26930E-10
       6.30000E-06       6.32500E-06       6.31250E-06       2.49996E-08       4.12484E-12       1.64996E-04       1.04154E-09       4.31055E-10
       6.32500E-06       6.35000E-06       6.33750E-06       2.50001E-08       4.14122E-12       1.65648E-04       1.04979E-09       4.35197E-10
       6.35000E-06       6.37500E-06       6.36250E-06       2.50001E-08       4.15760E-12       1.66303E-04       1.05810E-09       4.39354E-10
       6.37500E-06       6.40000E-06       6.38750E-06       2.50001E-08       4.17380E-12       1.66952E-04       1.06640E-09       4.43528E-10
       6.40000E-06       6.42500E-06       6.41250E-06       2.50001E-08       4.19018E-12       1.67607E-04       1.07478E-09       4.47718E-10
       6.42500E-06       6.45000E-06       6.43750E-06       2.49996E-08       4.20656E-12       1.68265E-04       1.08321E-09       4.51925E-10
       6.45000E-06       6.47500E-06       6.46250E-06       2.50001E-08       4.22294E-12       1.68917E-04       1.09163E-09       4.56148E-10
       6.47500E-06       6.50000E-06       6.48750E-06       2.50001E-08       4.23915E-12       1.69565E-04       1.10005E-09       4.60387E-10
       6.50000E-06       6.52500E-06       6.51250E-06       2.50001E-08       4.25553E-12       1.70220E-04       1.10856E-09       4.64642E-10
       6.52500E-06       6.55000E-06       6.53750E-06       2.50001E-08       4.27191E-12       1.70876E-04       1.11710E-09       4.68914E-10
       6.55000E-06       6.57500E-06       6.56250E-06       2.49996E-08       4.28829E-12       1.71534E-04       1.12569E-09       4.73202E-10
       6.57500E-06       6.60000E-06       6.58750E-06       2.50001E-08       4.30449E-12       1.72179E-04       1.13423E-09       4.77507E-10
       6.60000E-06       6.62500E-06       6.61250E-06       2.50001E-08       4.32087E-12       1.72834E-04       1.14287E-09       4.81828E-10
       6.62500E-06       6.65000E-06       6.63750E-06       2.50001E-08       4.33725E-12       1.73489E-04       1.15154E-09       4.86165E-10
       6.65000E-06       6.67500E-06       6.66250E-06       2.50001E-08       4.35363E-12       1.74145E-04       1.16024E-09       4.90519E-10
       6.67500E-06       6.70000E-06       6.68750E-06       2.49996E-08       4.36984E-12       1.74796E-04       1.16895E-09       4.94889E-10
       6.70000E-06       6.72500E-06       6.71250E-06       2.50001E-08       4.38622E-12       1.75448E-04       1.17770E-09       4.99275E-10
       6.72500E-06       6.75000E-06       6.73750E-06       2.50001E-08       4.40260E-12       1.76103E-04       1.18650E-09       5.03677E-10
       6.75000E-06       6.77500E-06       6.76250E-06       2.50001E-08       4.41898E-12       1.76758E-04       1.19533E-09       5.08096E-10
       6.77500E-06       6.80000E-06       6.78750E-06       2.50001E-08       4.43518E-12       1.77407E-04       1.20415E-09       5.12532E-10
       6.80000E-06       6.82500E-06       6.81250E-06       2.49996E-08       4.45156E-12       1.78065E-04       1.21307E-09       5.16983E-10
       6.82500E-06       6.85000E-06       6.83750E-06       2.50001E-08       4.46794E-12       1.78717E-04       1.22198E-09       5.21451E-10
       6.85000E-06       6.87500E-06       6.86250E-06       2.50001E-08       4.48432E-12       1.79372E-04       1.23094E-09       5.25935E-10
       6.87500E-06       6.90000E-06       6.88750E-06       2.50001E-08       4.50053E-12       1.80020E-04       1.23989E-09       5.30436E-10
       6.90000E-06       6.92500E-06       6.91250E-06       2.50001E-08       4.51691E-12       1.80676E-04       1.24892E-09       5.34953E-10
       6.92500E-06       6.95000E-06       6.93750E-06       2.49996E-08       4.53329E-12       1.81334E-04       1.25801E-09       5.39486E-10
       6.95000E-06       6.97500E-06       6.96250E-06       2.50001E-08       4.54967E-12       1.81986E-04       1.26708E-09       5.44036E-10
       6.97500E-06       7.00000E-06       6.98750E-06       2.50001E-08       4.56587E-12       1.82634E-04       1.27616E-09       5.48601E-10
       7.00000E-06       7.02500E-06       7.01250E-06       2.50001E-08       4.58225E-12       1.83289E-04       1.28532E-09       5.53184E-10
       7.02500E-06       7.05000E-06       7.03750E-06       2.50001E-08       4.59863E-12       1.83945E-04       1.29451E-09       5.57782E-10
       7.05000E-06       7.07500E-06       7.06250E-06       2.49996E-08       4.61501E-12       1.84603E-04       1.30376E-09       5.62397E-10
       7.07500E-06       7.10000E-06       7.08750E-06       2.50001E-08       4.63122E-12       1.85248E-04       1.31295E-09       5.67029E-10
       7.10000E-06       7.12500E-06       7.11250E-06       2.50001E-08       4.64760E-12       1.85903E-04       1.32224E-09       5.71676E-10
       7.12500E-06       7.15000E-06       7.13750E-06       2.50001E-08       4.66398E-12       1.86558E-04       1.33156E-09       5.76340E-10
       7.15000E-06       7.17500E-06       7.16250E-06       2.50001E-08       4.68036E-12       1.87214E-04       1.34092E-09       5.81021E-10
       7.17500E-06       7.20000E-06       7.18750E-06       2.49996E-08       4.69656E-12       1.87865E-04       1.35028E-09       5.85717E-10
       7.20000E-06       7.22500E-06       7.21250E-06       2.50001E-08       4.71294E-12       1.88517E-04       1.35968E-09       5.90430E-10
       7.22500E-06       7.25000E-06       7.23750E-06       2.50001E-08       4.72932E-12       1.89172E-04       1.36913E-09       5.95160E-10
       7.25000E-06       7.27500E-06       7.26250E-06       2.50001E-08       4.74570E-12       1.89827E-04       1.37862E-09       5.99905E-10
       7.27500E-06       7.30000E-06       7.28750E-06       2.50001E-08       4.76191E-12       1.90476E-04       1.38809E-09       6.04667E-10
       7.30000E-06       7.32500E-06       7.31250E-06       2.49996E-08       4.77829E-12       1.91134E-04       1.39767E-09       6.09445E-10
       7.32500E-06       7.35000E-06       7.33750E-06       2.50001E-08       4.79467E-12       1.91786E-04       1.40723E-09       6.14240E-10
       7.35000E-06       7.37500E-06       7.36250E-06       2.50001E-08       4.81105E-12       1.92441E-04       1.41685E-09       6.19051E-10
       7.37500E-06       7.40000E-06       7.38750E-06       2.50001E-08       4.82725E-12       1.93089E-04       1.42645E-09       6.23878E-10
       7.40000E-06       7.42500E-06       7.41250E-06       2.50001E-08       4.84363E-12       1.93745E-04       1.43613E-09       6.28722E-10
       7.42500E-06       7.45000E-06       7.43750E-06       2.49996E-08       4.86001E-12       1.94403E-04       1.44588E-09       6.33582E-10
       7.45000E-06       7.47500E-06       7.46250E-06       2.50001E-08       4.87639E-12       1.95055E-04       1.45560E-09       6.38458E-10
       7.47500E-06       7.50000E-06       7.48750E-06       2.50001E-08       4.89260E-12       1.95703E-04       1.46533E-09       6.43351E-10
       7.50000E-06       7.52500E-06       7.51250E-06       2.50001E-08       4.90898E-12       1.96358E-04       1.47514E-09       6.48260E-10
       7.52500E-06       7.55000E-06       7.53750E-06       2.50001E-08       4.92536E-12       1.97014E-04       1.48499E-09       6.53185E-10
       7.55000E-06       7.57500E-06       7.56250E-06       2.49996E-08       4.94174E-12       1.97673E-04       1.49490E-09       6.58127E-10
       7.57500E-06       7.60000E-06       7.58750E-06       2.50001E-08       4.95794E-12       1.98317E-04       1.50473E-09       6.63085E-10
       7.60000E-06       7.62500E-06       7.61250E-06       2.50001E-08       4.97432E-12       1.98972E-04       1.51468E-09       6.68059E-10
       7.62500E-06       7.65000E-06       7.63750E-06       2.50001E-08       4.99070E-12       1.99627E-04       1.52465E-09       6.73050E-10
       7.65000E-06       7.67500E-06       7.66250E-06       2.50001E-08       5.00708E-12       2.00283E-04       1.53466E-09       6.78057E-10
       7.67500E-06       7.70000E-06       7.68750E-06       2.49996E-08       5.02329E-12       2.00935E-04       1.54469E-09       6.83080E-10
       7.70000E-06       7.72500E-06       7.71250E-06       2.50001E-08       5.03967E-12       2.01586E-04       1.55473E-09       6.88120E-10
       7.72500E-06       7.75000E-06       7.73750E-06       2.50001E-08       5.05605E-12       2.02241E-04       1.56484E-09       6.93176E-10
       7.75000E-06       7.77500E-06       7.76250E-06       2.50001E-08       5.07243E-12       2.02896E-04       1.57498E-09       6.98249E-10
       7.77500E-06       7.80000E-06       7.78750E-06       2.50001E-08       5.08863E-12       2.03545E-04       1.58510E-09       7.03337E-10
       7.80000E-06       7.82500E-06       7.81250E-06       2.49996E-08       5.10501E-12       2.04204E-04       1.59534E-09       7.08442E-10
       7.82500E-06       7.85000E-06       7.83750E-06       2.50001E-08       5.12139E-12       2.04855E-04       1.60555E-09       7.13564E-10
       7.85000E-06       7.87500E-06       7.86250E-06       2.50001E-08       5.13777E-12       2.05510E-04       1.61582E-09       7.18701E-10
       7.87500E-06       7.90000E-06       7.88750E-06       2.50001E-08       5.15398E-12       2.06158E-04       1.62607E-09       7.23855E-10
       7.90000E-06       7.92500E-06       7.91250E-06       2.50001E-08       5.17036E-12       2.06814E-04       1.63641E-09       7.29026E-10
       7.92500E-06       7.95000E-06       7.93750E-06       2.49996E-08       5.18674E-12       2.07473E-04       1.64681E-09       7.34213E-10
       7.95000E-06       7.97500E-06       7.96250E-06       2.50001E-08       5.20312E-12       2.08124E-04       1.65719E-09       7.39416E-10
       7.97500E-06       8.00000E-06       7.98750E-06       2.50001E-08       5.21932E-12       2.08772E-04       1.66757E-09       7.44635E-10
       8.00000E-06       8.02500E-06       8.01250E-06       2.49996E-08       5.23570E-12       2.09431E-04       1.67807E-09       7.49871E-10
       8.02500E-06       8.05000E-06       8.03750E-06       2.50006E-08       5.25208E-12       2.10079E-04       1.68851E-09       7.55123E-10
       8.05000E-06       8.07500E-06       8.06250E-06       2.49996E-08       5.26846E-12       2.10742E-04       1.69910E-09       7.60391E-10
       8.07500E-06       8.10000E-06       8.08750E-06       2.50006E-08       5.28467E-12       2.11382E-04       1.70955E-09       7.65676E-10
       8.10000E-06       8.12500E-06       8.11250E-06       2.49996E-08       5.30105E-12       2.12045E-04       1.72022E-09       7.70977E-10
       8.12500E-06       8.15000E-06       8.13750E-06       2.49996E-08       5.31743E-12       2.12700E-04       1.73085E-09       7.76294E-10
       8.15000E-06       8.17500E-06       8.16250E-06       2.50006E-08       5.33381E-12       2.13347E-04       1.74145E-09       7.81628E-10
       8.17500E-06       8.20000E-06       8.18750E-06       2.49996E-08       5.35001E-12       2.14004E-04       1.75216E-09       7.86978E-10
       8.20000E-06       8.22500E-06       8.21250E-06       2.50006E-08       5.36639E-12       2.14651E-04       1.76282E-09       7.92344E-10
       8.22500E-06       8.25000E-06       8.23750E-06       2.49996E-08       5.38277E-12       2.15314E-04       1.77365E-09       7.97727E-10
       8.25000E-06       8.27500E-06       8.26250E-06       2.49996E-08       5.39915E-12       2.15969E-04       1.78445E-09       8.03126E-10
       8.27500E-06       8.30000E-06       8.28750E-06       2.50006E-08       5.41536E-12       2.16609E-04       1.79515E-09       8.08542E-10
       8.30000E-06       8.32500E-06       8.31250E-06       2.49996E-08       5.43174E-12       2.17273E-04       1.80608E-09       8.13973E-10
       8.32500E-06       8.35000E-06       8.33750E-06       2.50006E-08       5.44812E-12       2.17920E-04       1.81691E-09       8.19422E-10
       8.35000E-06       8.37500E-06       8.36250E-06       2.49996E-08       5.46450E-12       2.18583E-04       1.82790E-09       8.24886E-10
       8.37500E-06       8.40000E-06       8.38750E-06       2.49996E-08       5.48070E-12       2.19232E-04       1.83880E-09       8.30367E-10
       8.40000E-06       8.42500E-06       8.41250E-06       2.50006E-08       5.49708E-12       2.19878E-04       1.84973E-09       8.35864E-10
       8.42500E-06       8.45000E-06       8.43750E-06       2.49996E-08       5.51346E-12       2.20542E-04       1.86082E-09       8.41377E-10
       8.45000E-06       8.47500E-06       8.46250E-06       2.50006E-08       5.52984E-12       2.21189E-04       1.87181E-09       8.46907E-10
       8.47500E-06       8.50000E-06       8.48750E-06       2.49996E-08       5.54605E-12       2.21845E-04       1.88291E-09       8.52453E-10
       8.50000E-06       8.52500E-06       8.51250E-06       2.49996E-08       5.56243E-12       2.22501E-04       1.89404E-09       8.58016E-10
       8.52500E-06       8.55000E-06       8.53750E-06       2.50006E-08       5.57881E-12       2.23147E-04       1.90512E-09       8.63595E-10
       8.55000E-06       8.57500E-06       8.56250E-06       2.49996E-08       5.59519E-12       2.23811E-04       1.91638E-09       8.69190E-10
       8.57500E-06       8.60000E-06       8.58750E-06       2.50006E-08       5.61139E-12       2.24451E-04       1.92747E-09       8.74801E-10
       8.60000E-06       8.62500E-06       8.61250E-06       2.49996E-08       5.62777E-12       2.25114E-04       1.93880E-09       8.80429E-10
       8.62500E-06       8.65000E-06       8.63750E-06       2.49996E-08       5.64415E-12       2.25770E-04       1.95008E-09       8.86073E-10
       8.65000E-06       8.67500E-06       8.66250E-06       2.50006E-08       5.66053E-12       2.26416E-04       1.96133E-09       8.91734E-10
       8.67500E-06       8.70000E-06       8.68750E-06       2.49996E-08       5.67674E-12       2.27073E-04       1.97270E-09       8.97410E-10
       8.70000E-06       8.72500E-06       8.71250E-06       2.50006E-08       5.69312E-12       2.27720E-04       1.98401E-09       9.03103E-10
       8.72500E-06       8.75000E-06       8.73750E-06       2.49996E-08       5.70950E-12       2.28383E-04       1.99550E-09       9.08813E-10
       8.75000E-06       8.77500E-06       8.76250E-06       2.49996E-08       5.72588E-12       2.29039E-04       2.00695E-09       9.14539E-10
       8.77500E-06       8.80000E-06       8.78750E-06       2.50006E-08       5.74208E-12       2.29678E-04       2.01830E-09       9.20281E-10
       8.80000E-06       8.82500E-06       8.81250E-06       2.49996E-08       5.75846E-12       2.30342E-04       2.02989E-09       9.26039E-10
       8.82500E-06       8.85000E-06       8.83750E-06       2.50006E-08       5.77484E-12       2.30988E-04       2.04136E-09       9.31814E-10
       8.85000E-06       8.87500E-06       8.86250E-06       2.49996E-08       5.79122E-12       2.31652E-04       2.05302E-09       9.37605E-10
       8.87500E-06       8.90000E-06       8.88750E-06       2.49996E-08       5.80743E-12       2.32301E-04       2.06457E-09       9.43413E-10
       8.90000E-06       8.92500E-06       8.91250E-06       2.50006E-08       5.82381E-12       2.32947E-04       2.07614E-09       9.49237E-10
       8.92500E-06       8.95000E-06       8.93750E-06       2.49996E-08       5.84019E-12       2.33611E-04       2.08790E-09       9.55077E-10
       8.95000E-06       8.97500E-06       8.96250E-06       2.50006E-08       5.85657E-12       2.34257E-04       2.09953E-09       9.60933E-10
       8.97500E-06       9.00000E-06       8.98750E-06       2.49996E-08       5.87277E-12       2.34915E-04       2.11129E-09       9.66806E-10
       9.00000E-06       9.02500E-06       9.01250E-06       2.49996E-08       5.88915E-12       2.35570E-04       2.12307E-09       9.72695E-10
       9.02500E-06       9.05000E-06       9.03750E-06       2.50006E-08       5.90553E-12       2.36216E-04       2.13480E-09       9.78601E-10
       9.05000E-06       9.07500E-06       9.06250E-06       2.49996E-08       5.92191E-12       2.36880E-04       2.14673E-09       9.84523E-10
       9.07500E-06       9.10000E-06       9.08750E-06       2.50006E-08       5.93812E-12       2.37519E-04       2.15846E-09       9.90461E-10
       9.10000E-06       9.12500E-06       9.11250E-06       2.49996E-08       5.95450E-12       2.38184E-04       2.17045E-09       9.96415E-10
       9.12500E-06       9.15000E-06       9.13750E-06       2.49996E-08       5.97088E-12       2.38839E-04       2.18239E-09       1.00239E-09
       9.15000E-06       9.17500E-06       9.16250E-06       2.50006E-08       5.98726E-12       2.39485E-04       2.19428E-09       1.00837E-09
       9.17500E-06       9.20000E-06       9.18750E-06       2.49996E-08       6.00346E-12       2.40142E-04       2.20631E-09       1.01438E-09
       9.20000E-06       9.22500E-06       9.21250E-06       2.50006E-08       6.01984E-12       2.40788E-04       2.21826E-09       1.02040E-09
       9.22500E-06       9.25000E-06       9.23750E-06       2.49996E-08       6.03622E-12       2.41453E-04       2.23042E-09       1.02643E-09
       9.25000E-06       9.27500E-06       9.26250E-06       2.49996E-08       6.05260E-12       2.42108E-04       2.24252E-09       1.03249E-09
       9.27500E-06       9.30000E-06       9.28750E-06       2.50006E-08       6.06881E-12       2.42747E-04       2.25451E-09       1.03855E-09
       9.30000E-06       9.32500E-06       9.31250E-06       2.49996E-08       6.08519E-12       2.43411E-04       2.26677E-09       1.04464E-09
       9.32500E-06       9.35000E-06       9.33750E-06       2.50006E-08       6.10157E-12       2.44057E-04       2.27888E-09       1.05074E-09
       9.35000E-06       9.37500E-06       9.36250E-06       2.49996E-08       6.11795E-12       2.44722E-04       2.29121E-09       1.05686E-09
       9.37500E-06       9.40000E-06       9.38750E-06       2.49996E-08       6.13415E-12       2.45370E-04       2.30341E-09       1.06299E-09
       9.40000E-06       9.42500E-06       9.41250E-06       2.50006E-08       6.15053E-12       2.46016E-04       2.31562E-09       1.06914E-09
       9.42500E-06       9.45000E-06       9.43750E-06       2.49996E-08       6.16691E-12       2.46680E-04       2.32805E-09       1.07531E-09
       9.45000E-06       9.47500E-06       9.46250E-06       2.50006E-08       6.18329E-12       2.47326E-04       2.34032E-09       1.08149E-09
       9.47500E-06       9.50000E-06       9.48750E-06       2.49996E-08       6.19950E-12       2.47984E-04       2.35275E-09       1.08769E-09
       9.50000E-06       9.52500E-06       9.51250E-06       2.49996E-08       6.21588E-12       2.48639E-04       2.36518E-09       1.09391E-09
       9.52500E-06       9.55000E-06       9.53750E-06       2.50006E-08       6.23226E-12       2.49285E-04       2.37755E-09       1.10014E-09
       9.55000E-06       9.57500E-06       9.56250E-06       2.49996E-08       6.24864E-12       2.49949E-04       2.39014E-09       1.10639E-09
       9.57500E-06       9.60000E-06       9.58750E-06       2.50006E-08       6.26484E-12       2.50588E-04       2.40251E-09       1.11266E-09
       9.60000E-06       9.62500E-06       9.61250E-06       2.49996E-08       6.28122E-12       2.51253E-04       2.41517E-09       1.11894E-09
       9.62500E-06       9.65000E-06       9.63750E-06       2.49996E-08       6.29760E-12       2.51908E-04       2.42776E-09       1.12523E-09
       9.65000E-06       9.67500E-06       9.66250E-06       2.50006E-08       6.31398E-12       2.52554E-04       2.44030E-09       1.13155E-09
       9.67500E-06       9.70000E-06       9.68750E-06       2.49996E-08       6.33019E-12       2.53211E-04       2.45299E-09       1.13788E-09
       9.70000E-06       9.72500E-06       9.71250E-06       2.50006E-08       6.34657E-12       2.53857E-04       2.46559E-09       1.14422E-09
       9.72500E-06       9.75000E-06       9.73750E-06       2.49996E-08       6.36295E-12       2.54522E-04       2.47841E-09       1.15059E-09
       9.75000E-06       9.77500E-06       9.76250E-06       2.49996E-08       6.37933E-12       2.55177E-04       2.49117E-09       1.15697E-09
       9.77500E-06       9.80000E-06       9.78750E-06       2.50006E-08       6.39553E-12       2.55816E-04       2.50379E-09       1.16336E-09
       9.80000E-06       9.82500E-06       9.81250E-06       2.49996E-08       6.41191E-12       2.56480E-04       2.51671E-09       1.16977E-09
       9.82500E-06       9.85000E-06       9.83750E-06       2.50006E-08       6.42829E-12       2.57126E-04       2.52948E-09       1.17620E-09
       9.85000E-06       9.87500E-06       9.86250E-06       2.49996E-08       6.44467E-12       2.57791E-04       2.54246E-09       1.18265E-09
       9.87500E-06       9.90000E-06       9.88750E-06       2.49996E-08       6.46088E-12       2.58439E-04       2.55532E-09       1.18911E-09
       9.90000E-06       9.92500E-06       9.91250E-06       2.50006E-08       6.47726E-12       2.59084E-04       2.56817E-09       1.19559E-09
       9.92500E-06       9.95000E-06       9.93750E-06       2.49996E-08       6.49364E-12       2.59749E-04       2.58126E-09       1.20208E-09
       9.95000E-06       9.97500E-06       9.96250E-06       2.50006E-08       6.51002E-12       2.60395E-04       2.59418E-09       1.20859E-09
       9.97500E-06       1.00000E-05       9.98750E-06       2.49996E-08       6.52622E-12       2.61053E-04       2.60727E-09       1.21512E-09
       1.00000E-05       1.04713E-05       1.02356E-05       4.71300E-07       1.26088E-10       2.67533E-04       2.73837E-09       1.34120E-09
       1.04713E-05       1.09648E-05       1.07180E-05       4.93500E-07       1.38249E-10       2.80139E-04       3.00255E-09       1.47945E-09
       1.09648E-05       1.14815E-05       1.12232E-05       5.16700E-07       1.51592E-10       2.93385E-04       3.29270E-09       1.63104E-09
       1.14815E-05       1.20226E-05       1.17521E-05       5.41101E-07       1.66213E-10       3.07175E-04       3.60994E-09       1.79726E-09
       1.20226E-05       1.25892E-05       1.23059E-05       5.66600E-07       1.82259E-10       3.21672E-04       3.95846E-09       1.97952E-09
       1.25892E-05       1.31826E-05       1.28859E-05       5.93400E-07       1.99828E-10       3.36751E-04       4.33934E-09       2.17934E-09
       1.31826E-05       1.38038E-05       1.34932E-05       6.21200E-07       2.19104E-10       3.52711E-04       4.75920E-09       2.39845E-09
       1.38038E-05       1.44544E-05       1.41291E-05       6.50600E-07       2.40259E-10       3.69289E-04       5.21771E-09       2.63871E-09
       1.44544E-05       1.51356E-05       1.47950E-05       6.81200E-07       2.63432E-10       3.86717E-04       5.72148E-09       2.90214E-09
       1.51356E-05       1.58489E-05       1.54922E-05       7.13300E-07       2.88846E-10       4.04943E-04       6.27348E-09       3.19098E-09
       1.58489E-05       1.65959E-05       1.62224E-05       7.47000E-07       3.16725E-10       4.23996E-04       6.87823E-09       3.50771E-09
       1.65959E-05       1.73780E-05       1.69869E-05       7.82101E-07       3.47277E-10       4.44031E-04       7.54273E-09       3.85499E-09
       1.73780E-05       1.81970E-05       1.77875E-05       8.19000E-07       3.80777E-10       4.64929E-04       8.26992E-09       4.23576E-09
       1.81970E-05       1.90546E-05       1.86258E-05       8.57599E-07       4.17518E-10       4.86846E-04       9.06789E-09       4.65328E-09
       1.90546E-05       1.99526E-05       1.95036E-05       8.98001E-07       4.57794E-10       5.09793E-04       9.94280E-09       5.11108E-09
       1.99526E-05       2.08930E-05       2.04228E-05       9.40399E-07       5.01967E-10       5.33781E-04       1.09013E-08       5.61304E-09
       2.08930E-05       2.18776E-05       2.13853E-05       9.84600E-07       5.50398E-10       5.59007E-04       1.19545E-08       6.16344E-09
       2.18776E-05       2.29087E-05       2.23932E-05       1.03110E-06       6.03484E-10       5.85281E-04       1.31063E-08       6.76693E-09
       2.29087E-05       2.39883E-05       2.34485E-05       1.07960E-06       6.61709E-10       6.12921E-04       1.43721E-08       7.42863E-09
       2.39883E-05       2.51189E-05       2.45536E-05       1.13060E-06       7.22692E-10       6.39211E-04       1.56949E-08       8.15132E-09
       2.51189E-05       2.63027E-05       2.57108E-05       1.18380E-06       7.75916E-10       6.55445E-04       1.68520E-08       8.92724E-09
       2.63027E-05       2.75423E-05       2.69225E-05       1.23960E-06       8.31451E-10       6.70741E-04       1.80580E-08       9.75869E-09
       2.75423E-05       2.88403E-05       2.81913E-05       1.29800E-06       8.91433E-10       6.86774E-04       1.93611E-08       1.06501E-08
       2.88403E-05       3.01995E-05       2.95199E-05       1.35920E-06       9.56261E-10       7.03547E-04       2.07686E-08       1.16064E-08
       3.01995E-05       3.16228E-05       3.09111E-05       1.42330E-06       1.02633E-09       7.21091E-04       2.22898E-08       1.26327E-08
       3.16228E-05       3.31131E-05       3.23679E-05       1.49030E-06       1.10212E-09       7.39533E-04       2.39372E-08       1.37348E-08
       3.31131E-05       3.46737E-05       3.38934E-05       1.56060E-06       1.18414E-09       7.58773E-04       2.57174E-08       1.49190E-08
       3.46737E-05       3.63078E-05       3.54907E-05       1.63410E-06       1.27290E-09       7.78960E-04       2.76459E-08       1.61919E-08
       3.63078E-05       3.80189E-05       3.71634E-05       1.71110E-06       1.36756E-09       7.99225E-04       2.97019E-08       1.75594E-08
       3.80189E-05       3.98107E-05       3.89148E-05       1.79180E-06       1.46642E-09       8.18406E-04       3.18481E-08       1.90259E-08
       3.98107E-05       4.16869E-05       4.07488E-05       1.87620E-06       1.57302E-09       8.38407E-04       3.41641E-08       2.05989E-08
       4.16869E-05       4.36516E-05       4.26692E-05       1.96470E-06       1.68826E-09       8.59299E-04       3.66656E-08       2.22871E-08
       4.36516E-05       4.57088E-05       4.46802E-05       2.05720E-06       1.81294E-09       8.81263E-04       3.93750E-08       2.41001E-08
       4.57088E-05       4.78630E-05       4.67859E-05       2.15420E-06       1.94782E-09       9.04195E-04       4.23036E-08       2.60479E-08
       4.78630E-05       5.01187E-05       4.89908E-05       2.25570E-06       2.09276E-09       9.27767E-04       4.54521E-08       2.81407E-08
       5.01187E-05       5.24808E-05       5.12998E-05       2.36210E-06       2.24368E-09       9.49865E-04       4.87278E-08       3.03843E-08
       5.24808E-05       5.49541E-05       5.37174E-05       2.47330E-06       2.40563E-09       9.72638E-04       5.22476E-08       3.27900E-08
       5.49541E-05       5.75440E-05       5.62490E-05       2.58990E-06       2.58063E-09       9.96421E-04       5.60477E-08       3.53706E-08
       5.75440E-05       6.02560E-05       5.89000E-05       2.71200E-06       2.76984E-09       1.02132E-03       6.01560E-08       3.81404E-08
       6.02560E-05       6.30957E-05       6.16758E-05       2.83970E-06       2.97446E-09       1.04745E-03       6.46027E-08       4.11149E-08
       6.30957E-05       6.60693E-05       6.45825E-05       2.97360E-06       3.19589E-09       1.07475E-03       6.94103E-08       4.43108E-08
       6.60693E-05       6.91831E-05       6.76262E-05       3.11380E-06       3.43561E-09       1.10335E-03       7.46154E-08       4.77464E-08
       6.91831E-05       7.24436E-05       7.08134E-05       3.26051E-06       3.69520E-09       1.13332E-03       8.02542E-08       5.14416E-08
       7.24436E-05       7.58578E-05       7.41507E-05       3.41420E-06       3.97280E-09       1.16361E-03       8.62826E-08       5.54144E-08
       7.58578E-05       7.94328E-05       7.76453E-05       3.57500E-06       4.26293E-09       1.19243E-03       9.25864E-08       5.96773E-08
       7.94328E-05       8.31764E-05       8.13046E-05       3.74360E-06       4.57586E-09       1.22232E-03       9.93798E-08       6.42532E-08
       8.31764E-05       8.70964E-05       8.51364E-05       3.92000E-06       4.91432E-09       1.25365E-03       1.06732E-07       6.91675E-08
       8.70964E-05       9.12011E-05       8.91488E-05       4.10471E-06       5.28058E-09       1.28647E-03       1.14687E-07       7.44481E-08
       9.12011E-05       9.54993E-05       9.33502E-05       4.29820E-06       5.67712E-09       1.32081E-03       1.23298E-07       8.01252E-08
       9.54993E-05       1.00000E-04       9.77497E-05       4.50070E-06       6.10414E-09       1.35626E-03       1.32574E-07       8.62293E-08
       1.00000E-04       1.04713E-04       1.02356E-04       4.71300E-06       6.54985E-09       1.38974E-03       1.42249E-07       9.27792E-08
       1.04713E-04       1.09648E-04       1.07181E-04       4.93501E-06       7.02779E-09       1.42407E-03       1.52633E-07       9.98070E-08
       1.09648E-04       1.14815E-04       1.12232E-04       5.16700E-06       7.54497E-09       1.46022E-03       1.63883E-07       1.07352E-07
       1.14815E-04       1.20226E-04       1.17520E-04       5.41100E-06       8.10402E-09       1.49770E-03       1.76010E-07       1.15456E-07
       1.20226E-04       1.25892E-04       1.23059E-04       5.66600E-06       8.70944E-09       1.53714E-03       1.89159E-07       1.24165E-07
       1.25892E-04       1.31826E-04       1.28859E-04       5.93401E-06       9.36490E-09       1.57818E-03       2.03362E-07       1.33530E-07
       1.31826E-04       1.38038E-04       1.34932E-04       6.21199E-06       1.00746E-08       1.62180E-03       2.18832E-07       1.43605E-07
       1.38038E-04       1.44544E-04       1.41291E-04       6.50601E-06       1.08440E-08       1.66676E-03       2.35499E-07       1.54449E-07
       1.44544E-04       1.51356E-04       1.47950E-04       6.81200E-06       1.16688E-08       1.71298E-03       2.53436E-07       1.66118E-07
       1.51356E-04       1.58489E-04       1.54922E-04       7.13300E-06       1.25326E-08       1.75699E-03       2.72198E-07       1.78650E-07
       1.58489E-04       1.65959E-04       1.62224E-04       7.47000E-06       1.34643E-08       1.80245E-03       2.92400E-07       1.92115E-07
       1.65959E-04       1.73780E-04       1.69870E-04       7.82100E-06       1.44727E-08       1.85049E-03       3.14341E-07       2.06587E-07
       1.73780E-04       1.81970E-04       1.77875E-04       8.19000E-06       1.55646E-08       1.90044E-03       3.38042E-07       2.22152E-07
       1.81970E-04       1.90546E-04       1.86258E-04       8.57600E-06       1.67477E-08       1.95286E-03       3.63735E-07       2.38900E-07
       1.90546E-04       1.99526E-04       1.95036E-04       8.98000E-06       1.80238E-08       2.00711E-03       3.91459E-07       2.56923E-07
       1.99526E-04       2.08930E-04       2.04228E-04       9.40399E-06       1.93568E-08       2.05836E-03       4.20374E-07       2.76280E-07
       2.08930E-04       2.18776E-04       2.13853E-04       9.84601E-06       2.07854E-08       2.11105E-03       4.51454E-07       2.97066E-07
       2.18776E-04       2.29087E-04       2.23932E-04       1.03110E-05       2.23309E-08       2.16574E-03       4.84977E-07       3.19397E-07
       2.29087E-04       2.39883E-04       2.34485E-04       1.07960E-05       2.40040E-08       2.22342E-03       5.21359E-07       3.43401E-07
       2.39883E-04       2.51189E-04       2.45536E-04       1.13060E-05       2.58159E-08       2.28338E-03       5.60653E-07       3.69216E-07
       2.51189E-04       2.63027E-04       2.57108E-04       1.18380E-05       2.77792E-08       2.34661E-03       6.03333E-07       3.96996E-07
       2.63027E-04       2.75423E-04       2.69225E-04       1.23960E-05       2.99066E-08       2.41260E-03       6.49533E-07       4.26902E-07
       2.75423E-04       2.88403E-04       2.81913E-04       1.29800E-05       3.22134E-08       2.48177E-03       6.99642E-07       4.59116E-07
       2.88403E-04       3.01995E-04       2.95199E-04       1.35920E-05       3.46927E-08       2.55244E-03       7.53477E-07       4.93808E-07
       3.01995E-04       3.16228E-04       3.09111E-04       1.42330E-05       3.72896E-08       2.61994E-03       8.09853E-07       5.31098E-07
       3.16228E-04       3.31131E-04       3.23680E-04       1.49030E-05       4.00898E-08       2.69004E-03       8.70712E-07       5.71188E-07
       3.31131E-04       3.46737E-04       3.38934E-04       1.56060E-05       4.31231E-08       2.76324E-03       9.36555E-07       6.14311E-07
       3.46737E-04       3.63078E-04       3.54908E-04       1.63410E-05       4.64091E-08       2.84004E-03       1.00795E-06       6.60720E-07
       3.63078E-04       3.80189E-04       3.71634E-04       1.71110E-05       4.99710E-08       2.92040E-03       1.08532E-06       7.10691E-07
       3.80189E-04       3.98107E-04       3.89148E-04       1.79180E-05       5.38220E-08       3.00380E-03       1.16892E-06       7.64513E-07
       3.98107E-04       4.16869E-04       4.07488E-04       1.87620E-05       5.78710E-08       3.08448E-03       1.25689E-06       8.22384E-07
       4.16869E-04       4.36516E-04       4.26692E-04       1.96470E-05       6.22159E-08       3.16668E-03       1.35120E-06       8.84600E-07
       4.36516E-04       4.57088E-04       4.46802E-04       2.05720E-05       6.69219E-08       3.25305E-03       1.45347E-06       9.51522E-07
       4.57088E-04       4.78630E-04       4.67859E-04       2.15420E-05       7.20205E-08       3.34326E-03       1.56418E-06       1.02354E-06
       4.78630E-04       5.01187E-04       4.89909E-04       2.25570E-05       7.75469E-08       3.43782E-03       1.68422E-06       1.10109E-06
       5.01187E-04       5.24808E-04       5.12998E-04       2.36210E-05       8.35402E-08       3.53670E-03       1.81432E-06       1.18463E-06
       5.24808E-04       5.49541E-04       5.37175E-04       2.47330E-05       9.00408E-08       3.64051E-03       1.95559E-06       1.27467E-06
       5.49541E-04       5.75440E-04       5.62491E-04       2.58990E-05       9.70951E-08       3.74899E-03       2.10877E-06       1.37177E-06
       5.75440E-04       6.02560E-04       5.89000E-04       2.71200E-05       1.04704E-07       3.86078E-03       2.27400E-06       1.47647E-06
       6.02560E-04       6.30957E-04       6.16758E-04       2.83970E-05       1.12721E-07       3.96946E-03       2.44820E-06       1.58919E-06
       6.30957E-04       6.60693E-04       6.45825E-04       2.97360E-05       1.21375E-07       4.08174E-03       2.63609E-06       1.71056E-06
       6.60693E-04       6.91831E-04       6.76262E-04       3.11380E-05       1.30759E-07       4.19934E-03       2.83985E-06       1.84132E-06
       6.91831E-04       7.24436E-04       7.08133E-04       3.26050E-05       1.40938E-07       4.32261E-03       3.06098E-06       1.98226E-06
       7.24436E-04       7.58578E-04       7.41507E-04       3.41420E-05       1.51985E-07       4.45156E-03       3.30087E-06       2.13425E-06
       7.58578E-04       7.94328E-04       7.76453E-04       3.57500E-05       1.63953E-07       4.58609E-03       3.56088E-06       2.29820E-06
       7.94328E-04       8.31764E-04       8.13046E-04       3.74360E-05       1.76599E-07       4.71736E-03       3.83543E-06       2.47480E-06
       8.31764E-04       8.70964E-04       8.51364E-04       3.92000E-05       1.90180E-07       4.85152E-03       4.13041E-06       2.66498E-06
       8.70964E-04       9.12011E-04       8.91487E-04       4.10470E-05       2.04907E-07       4.99202E-03       4.45032E-06       2.86989E-06
       9.12011E-04       9.54993E-04       9.33502E-04       4.29820E-05       2.20887E-07       5.13905E-03       4.79732E-06       3.09077E-06
       9.54993E-04       1.00000E-03       9.77497E-04       4.50070E-05       2.38230E-07       5.29317E-03       5.17406E-06       3.32900E-06
       1.00000E-03       1.04713E-03       1.02356E-03       4.71300E-05       2.57061E-07       5.45430E-03       5.58283E-06       3.58606E-06
       1.04713E-03       1.09648E-03       1.07180E-03       4.93500E-05       2.77504E-07       5.62319E-03       6.02696E-06       3.86357E-06
       1.09648E-03       1.14815E-03       1.12231E-03       5.16700E-05       2.99728E-07       5.80082E-03       6.51034E-06       4.16330E-06
       1.14815E-03       1.20226E-03       1.17520E-03       5.41100E-05       3.23749E-07       5.98317E-03       7.03145E-06       4.48705E-06
       1.20226E-03       1.25892E-03       1.23059E-03       5.66600E-05       3.49185E-07       6.16282E-03       7.58390E-06       4.83623E-06
       1.25892E-03       1.31826E-03       1.28859E-03       5.93400E-05       3.76668E-07       6.34763E-03       8.17950E-06       5.21290E-06
       1.31826E-03       1.38038E-03       1.34932E-03       6.21200E-05       4.06498E-07       6.54375E-03       8.82961E-06       5.61940E-06
       1.38038E-03       1.44544E-03       1.41291E-03       6.50599E-05       4.38915E-07       6.74632E-03       9.53194E-06       6.05831E-06
       1.44544E-03       1.51356E-03       1.47950E-03       6.81201E-05       4.74124E-07       6.96011E-03       1.02975E-05       6.53244E-06
       1.51356E-03       1.58489E-03       1.54923E-03       7.13300E-05       5.12353E-07       7.18286E-03       1.11279E-05       7.04479E-06
       1.58489E-03       1.65959E-03       1.62224E-03       7.47000E-05       5.52948E-07       7.40225E-03       1.20082E-05       7.59774E-06
       1.65959E-03       1.73780E-03       1.69870E-03       7.82101E-05       5.96605E-07       7.62824E-03       1.29580E-05       8.19434E-06
       1.73780E-03       1.81970E-03       1.77875E-03       8.18999E-05       6.44017E-07       7.86347E-03       1.39871E-05       8.83836E-06
       1.81970E-03       1.90546E-03       1.86258E-03       8.57600E-05       6.95528E-07       8.11016E-03       1.51058E-05       9.53389E-06
       1.90546E-03       1.99526E-03       1.95036E-03       8.98001E-05       7.51500E-07       8.36860E-03       1.63218E-05       1.02854E-05
       1.99526E-03       2.08930E-03       2.04228E-03       9.40400E-05       8.12361E-07       8.63846E-03       1.76421E-05       1.10977E-05
       2.08930E-03       2.18776E-03       2.13853E-03       9.84600E-05       8.78540E-07       8.92282E-03       1.90817E-05       1.19763E-05
       2.18776E-03       2.29087E-03       2.23932E-03       1.03110E-04       8.54660E-06       8.28880E-02       1.85612E-04       2.05229E-05
       2.29087E-03       2.39883E-03       2.34485E-03       1.07960E-04       1.58143E-05       1.46483E-01       3.43481E-04       3.63372E-05
       2.39883E-03       2.51189E-03       2.45536E-03       1.13060E-04       1.65705E-05       1.46564E-01       3.59867E-04       5.29077E-05
       2.51189E-03       2.63027E-03       2.57108E-03       1.18380E-04       1.73743E-05       1.46767E-01       3.77349E-04       7.02820E-05
       2.63027E-03       2.75423E-03       2.69225E-03       1.23960E-04       1.82186E-05       1.46971E-01       3.95683E-04       8.85005E-05
       2.75423E-03       2.88403E-03       2.81913E-03       1.29800E-04       1.91040E-05       1.47180E-01       4.14921E-04       1.07605E-04
       2.88403E-03       3.01995E-03       2.95199E-03       1.35920E-04       2.00291E-05       1.47359E-01       4.35004E-04       1.27634E-04
       3.01995E-03       3.16228E-03       3.09112E-03       1.42330E-04       2.10100E-05       1.47615E-01       4.56295E-04       1.48644E-04
       3.16228E-03       3.31131E-03       3.23679E-03       1.49030E-04       2.20273E-05       1.47804E-01       4.78413E-04       1.70671E-04
       3.31131E-03       3.46737E-03       3.38934E-03       1.56060E-04       2.31010E-05       1.48026E-01       5.01711E-04       1.93772E-04
       3.46737E-03       3.63078E-03       3.54907E-03       1.63410E-04       2.42229E-05       1.48234E-01       5.26093E-04       2.17995E-04
       3.63078E-03       3.80189E-03       3.71633E-03       1.71110E-04       2.54046E-05       1.48470E-01       5.51763E-04       2.43399E-04
       3.80189E-03       3.98107E-03       3.89148E-03       1.79180E-04       2.66479E-05       1.48721E-01       5.78746E-04       2.70047E-04
       3.98107E-03       4.16869E-03       4.07488E-03       1.87620E-04       2.79565E-05       1.49006E-01       6.07183E-04       2.98004E-04
       4.16869E-03       4.36516E-03       4.26693E-03       1.96470E-04       2.93322E-05       1.49296E-01       6.37035E-04       3.27336E-04
       4.36516E-03       4.57088E-03       4.46802E-03       2.05720E-04       3.07685E-05       1.49565E-01       6.68260E-04       3.58105E-04
       4.57088E-03       4.78630E-03       4.67859E-03       2.15420E-04       3.22854E-05       1.49872E-01       7.01190E-04       3.90390E-04
       4.78630E-03       5.01187E-03       4.89909E-03       2.25570E-04       3.38774E-05       1.50186E-01       7.35772E-04       4.24267E-04
       5.01187E-03       5.24807E-03       5.12997E-03       2.36200E-04       3.55474E-05       1.50497E-01       7.72047E-04       4.59815E-04
       5.24807E-03       5.49541E-03       5.37174E-03       2.47340E-04       3.73016E-05       1.50811E-01       8.10117E-04       4.97116E-04
       5.49541E-03       5.75440E-03       5.62491E-03       2.58990E-04       3.91528E-05       1.51175E-01       8.50345E-04       5.36269E-04
       5.75440E-03       6.02560E-03       5.89000E-03       2.71200E-04       4.10933E-05       1.51524E-01       8.92475E-04       5.77362E-04
       6.02560E-03       6.30957E-03       6.16759E-03       2.83970E-04       4.31475E-05       1.51944E-01       9.37128E-04       6.20510E-04
       6.30957E-03       6.60693E-03       6.45825E-03       2.97360E-04       4.52830E-05       1.52283E-01       9.83483E-04       6.65793E-04
       6.60693E-03       6.91831E-03       6.76262E-03       3.11380E-04       4.75433E-05       1.52686E-01       1.03256E-03       7.13336E-04
       6.91831E-03       7.24436E-03       7.08133E-03       3.26050E-04       4.99099E-05       1.53074E-01       1.08397E-03       7.63246E-04
       7.24436E-03       7.58578E-03       7.41507E-03       3.41420E-04       5.24107E-05       1.53508E-01       1.13827E-03       8.15657E-04
       7.58578E-03       7.94328E-03       7.76453E-03       3.57500E-04       5.50480E-05       1.53980E-01       1.19559E-03       8.70705E-04
       7.94328E-03       8.31764E-03       8.13046E-03       3.74360E-04       5.78180E-05       1.54445E-01       1.25571E-03       9.28523E-04
       8.31764E-03       8.70964E-03       8.51364E-03       3.92000E-04       6.07400E-05       1.54949E-01       1.31918E-03       9.89263E-04
       8.70964E-03       9.12011E-03       8.91487E-03       4.10471E-04       6.38274E-05       1.55498E-01       1.38625E-03       1.05309E-03
       9.12011E-03       9.54993E-03       9.33502E-03       4.29819E-04       6.70797E-05       1.56065E-01       1.45687E-03       1.12017E-03
       9.54993E-03       1.00000E-02       9.77496E-03       4.50070E-04       7.04952E-05       1.56632E-01       1.53107E-03       1.19067E-03
       1.00000E-02       1.04713E-02       1.02357E-02       4.71300E-04       7.40937E-05       1.57211E-01       1.60916E-03       1.26476E-03
       1.04713E-02       1.09648E-02       1.07180E-02       4.93500E-04       7.78877E-05       1.57827E-01       1.69160E-03       1.34265E-03
       1.09648E-02       1.14815E-02       1.12232E-02       5.16700E-04       8.19064E-05       1.58518E-01       1.77907E-03       1.42455E-03
       1.14815E-02       1.20226E-02       1.17521E-02       5.41100E-04       8.61432E-05       1.59200E-01       1.87093E-03       1.51070E-03
       1.20226E-02       1.25892E-02       1.23059E-02       5.66601E-04       9.06297E-05       1.59953E-01       1.96837E-03       1.60133E-03
       1.25892E-02       1.31826E-02       1.28859E-02       5.93399E-04       9.53590E-05       1.60700E-01       2.07076E-03       1.69669E-03
       1.31826E-02       1.38038E-02       1.34932E-02       6.21200E-04       1.00339E-04       1.61525E-01       2.17949E-03       1.79702E-03
       1.38038E-02       1.44544E-02       1.41291E-02       6.50601E-04       1.05618E-04       1.62339E-01       2.29370E-03       1.90264E-03
       1.44544E-02       1.51356E-02       1.47950E-02       6.81199E-04       1.11200E-04       1.63242E-01       2.41517E-03       2.01384E-03
       1.51356E-02       1.58489E-02       1.54923E-02       7.13301E-04       1.17133E-04       1.64212E-01       2.54401E-03       2.13097E-03
       1.58489E-02       1.65959E-02       1.62224E-02       7.47000E-04       1.23411E-04       1.65209E-01       2.68008E-03       2.25439E-03
       1.65959E-02       1.73780E-02       1.69870E-02       7.82100E-04       1.34880E-04       1.72459E-01       2.92955E-03       2.38927E-03
       1.73780E-02       1.81970E-02       1.77875E-02       8.19000E-04       1.58699E-04       1.93771E-01       3.44671E-03       2.54796E-03
       1.81970E-02       1.90546E-02       1.86258E-02       8.57600E-04       1.67207E-04       1.94971E-01       3.63149E-03       2.71517E-03
       1.90546E-02       1.99526E-02       1.95036E-02       8.98000E-04       1.76211E-04       1.96226E-01       3.82712E-03       2.89138E-03
       1.99526E-02       2.08930E-02       2.04228E-02       9.40400E-04       1.88785E-04       2.00750E-01       4.09987E-03       3.08017E-03
       2.08930E-02       2.18776E-02       2.13853E-02       9.84600E-04       2.01748E-04       2.04904E-01       4.38193E-03       3.28192E-03
       2.18776E-02       2.29087E-02       2.23931E-02       1.03110E-03       2.12767E-04       2.06350E-01       4.62082E-03       3.49468E-03
       2.29087E-02       2.39883E-02       2.34485E-02       1.07960E-03       2.24475E-04       2.07924E-01       4.87551E-03       3.71916E-03
       2.39883E-02       2.51189E-02       2.45536E-02       1.13060E-03       2.36940E-04       2.09570E-01       5.14570E-03       3.95610E-03
       2.51189E-02       2.63027E-02       2.57108E-02       1.18380E-03       2.50163E-04       2.11322E-01       5.43326E-03       4.20626E-03
       2.63027E-02       2.75423E-02       2.69225E-02       1.23960E-03       2.64182E-04       2.13119E-01       5.73769E-03       4.47044E-03
       2.75423E-02       2.88403E-02       2.81913E-02       1.29800E-03       2.79137E-04       2.15051E-01       6.06257E-03       4.74958E-03
       2.88403E-02       3.01995E-02       2.95199E-02       1.35920E-03       2.95108E-04       2.17119E-01       6.40934E-03       5.04469E-03
       3.01995E-02       3.16228E-02       3.09112E-02       1.42330E-03       3.12182E-04       2.19337E-01       6.77995E-03       5.35687E-03
       3.16228E-02       3.31131E-02       3.23680E-02       1.49030E-03       3.30428E-04       2.21719E-01       7.17659E-03       5.68730E-03
       3.31131E-02       3.46737E-02       3.38934E-02       1.56060E-03       3.50222E-04       2.24415E-01       7.60619E-03       6.03752E-03
       3.46737E-02       3.63078E-02       3.54908E-02       1.63410E-03       3.83871E-04       2.34913E-01       8.33723E-03       6.42139E-03
       3.63078E-02       3.80189E-02       3.71633E-02       1.71110E-03       4.08975E-04       2.39014E-01       8.88254E-03       6.83037E-03
       3.80189E-02       3.98107E-02       3.89148E-02       1.79180E-03       4.33766E-04       2.42084E-01       9.42065E-03       7.26413E-03
       3.98107E-02       4.16869E-02       4.07488E-02       1.87620E-03       4.65529E-04       2.48123E-01       1.01107E-02       7.72966E-03
       4.16869E-02       4.36516E-02       4.26693E-02       1.96470E-03       5.07286E-04       2.58200E-01       1.10172E-02       8.23695E-03
       4.36516E-02       4.57088E-02       4.46802E-02       2.05720E-03       5.96495E-04       2.89955E-01       1.29552E-02       8.83344E-03
       4.57088E-02       4.78630E-02       4.67859E-02       2.15420E-03       6.37091E-04       2.95744E-01       1.38366E-02       9.47054E-03
       4.78630E-02       5.01187E-02       4.89908E-02       2.25570E-03       6.76776E-04       3.00029E-01       1.46987E-02       1.01473E-02
       5.01187E-02       5.24808E-02       5.12998E-02       2.36210E-03       7.29302E-04       3.08751E-01       1.58389E-02       1.08766E-02
       5.24808E-02       5.49541E-02       5.37174E-02       2.47330E-03       8.12724E-04       3.28599E-01       1.76515E-02       1.16893E-02
       5.49541E-02       5.75440E-02       5.62491E-02       2.58990E-03       8.66018E-04       3.34383E-01       1.88087E-02       1.25554E-02
       5.75440E-02       6.02560E-02       5.89000E-02       2.71200E-03       9.28005E-04       3.42185E-01       2.01547E-02       1.34834E-02
       6.02560E-02       6.30957E-02       6.16758E-02       2.83970E-03       1.01454E-03       3.57270E-01       2.20349E-02       1.44979E-02
       6.30957E-02       6.60693E-02       6.45825E-02       2.97360E-03       1.10011E-03       3.69959E-01       2.38929E-02       1.55980E-02
       6.60693E-02       6.91831E-02       6.76262E-02       3.11380E-03       1.17587E-03       3.77632E-01       2.55378E-02       1.67739E-02
       6.91831E-02       7.24436E-02       7.08134E-02       3.26050E-03       1.29518E-03       3.97234E-01       2.81295E-02       1.80691E-02
       7.24436E-02       7.58578E-02       7.41507E-02       3.41420E-03       1.41838E-03       4.15436E-01       3.08049E-02       1.94874E-02
       7.58578E-02       7.94328E-02       7.76453E-02       3.57500E-03       1.51561E-03       4.23947E-01       3.29175E-02       2.10031E-02
       7.94328E-02       8.31764E-02       8.13046E-02       3.74360E-03       1.61739E-03       4.32040E-01       3.51268E-02       2.26204E-02
       8.31764E-02       8.70964E-02       8.51364E-02       3.92000E-03       1.72711E-03       4.40590E-01       3.75102E-02       2.43476E-02
       8.70964E-02       9.12011E-02       8.91488E-02       4.10470E-03       1.84544E-03       4.49592E-01       4.00806E-02       2.61930E-02
       9.12011E-02       9.54993E-02       9.33502E-02       4.29820E-03       1.97308E-03       4.59048E-01       4.28523E-02       2.81661E-02
       9.54993E-02       1.00000E-01       9.77497E-02       4.50070E-03       2.11075E-03       4.68982E-01       4.58428E-02       3.02768E-02
       1.00000E-01       1.04713E-01       1.02357E-01       4.71300E-03       2.25918E-03       4.79350E-01       4.90646E-02       3.25360E-02
       1.04713E-01       1.09648E-01       1.07180E-01       4.93500E-03       2.41908E-03       4.90188E-01       5.25386E-02       3.49551E-02
       1.09648E-01       1.14815E-01       1.12231E-01       5.16700E-03       2.59163E-03       5.01573E-01       5.62922E-02       3.75467E-02
       1.14815E-01       1.20226E-01       1.17520E-01       5.41100E-03       2.77751E-03       5.13308E-01       6.03242E-02       4.03242E-02
       1.20226E-01       1.25892E-01       1.23059E-01       5.66600E-03       2.97794E-03       5.25581E-01       6.46775E-02       4.33022E-02
       1.25892E-01       1.31826E-01       1.28859E-01       5.93400E-03       3.19388E-03       5.38234E-01       6.93562E-02       4.64960E-02
       1.31826E-01       1.38038E-01       1.34932E-01       6.21200E-03       3.42628E-03       5.51559E-01       7.44229E-02       4.99223E-02
       1.38038E-01       1.44544E-01       1.41291E-01       6.50600E-03       3.67653E-03       5.65098E-01       7.98433E-02       5.35988E-02
       1.44544E-01       1.51356E-01       1.47950E-01       6.81200E-03       3.94571E-03       5.79229E-01       8.56969E-02       5.75446E-02
       1.51356E-01       1.58489E-01       1.54923E-01       7.13300E-03       4.24050E-03       5.94491E-01       9.21000E-02       6.17851E-02
       1.58489E-01       1.65959E-01       1.62224E-01       7.47000E-03       4.56111E-03       6.10591E-01       9.90525E-02       6.63462E-02
       1.65959E-01       1.73780E-01       1.69869E-01       7.82100E-03       4.90589E-03       6.27271E-01       1.06554E-01       7.12521E-02
       1.73780E-01       1.81970E-01       1.77875E-01       8.19000E-03       5.27643E-03       6.44252E-01       1.14596E-01       7.65285E-02
       1.81970E-01       1.90546E-01       1.86258E-01       8.57600E-03       5.67444E-03       6.61665E-01       1.23240E-01       8.22029E-02
       1.90546E-01       1.99526E-01       1.95036E-01       8.98000E-03       6.10156E-03       6.79461E-01       1.32519E-01       8.83045E-02
       1.99526E-01       2.08930E-01       2.04228E-01       9.40400E-03       6.56978E-03       6.98615E-01       1.42677E-01       9.48743E-02
       2.08930E-01       2.18776E-01       2.13853E-01       9.84600E-03       7.09004E-03       7.20094E-01       1.53994E-01       1.01964E-01
       2.18776E-01       2.29087E-01       2.23931E-01       1.03110E-02       7.65018E-03       7.41943E-01       1.66144E-01       1.09614E-01
       2.29087E-01       2.39883E-01       2.34485E-01       1.07960E-02       8.25264E-03       7.64416E-01       1.79244E-01       1.17867E-01
       2.39883E-01       2.51189E-01       2.45536E-01       1.13060E-02       8.89932E-03       7.87133E-01       1.93269E-01       1.26766E-01
       2.51189E-01       2.63027E-01       2.57108E-01       1.18380E-02       9.57762E-03       8.09057E-01       2.08015E-01       1.36344E-01
       2.63027E-01       2.75423E-01       2.69225E-01       1.23960E-02       1.02995E-02       8.30875E-01       2.23692E-01       1.46644E-01
       2.75423E-01       2.88403E-01       2.81913E-01       1.29800E-02       1.10750E-02       8.53232E-01       2.40537E-01       1.57719E-01
       2.88403E-01       3.01995E-01       2.95199E-01       1.35920E-02       1.19013E-02       8.75611E-01       2.58480E-01       1.69620E-01
       3.01995E-01       3.16228E-01       3.09112E-01       1.42330E-02       1.27547E-02       8.96137E-01       2.77006E-01       1.82375E-01
       3.16228E-01       3.31131E-01       3.23680E-01       1.49030E-02       1.36659E-02       9.16990E-01       2.96811E-01       1.96040E-01
       3.31131E-01       3.46737E-01       3.38934E-01       1.56060E-02       1.46464E-02       9.38511E-01       3.18093E-01       2.10687E-01
       3.46737E-01       3.63078E-01       3.54908E-01       1.63410E-02       1.57032E-02       9.60971E-01       3.41056E-01       2.26390E-01
       3.63078E-01       3.80189E-01       3.71633E-01       1.71110E-02       1.68451E-02       9.84462E-01       3.65859E-01       2.43235E-01
       3.80189E-01       3.98107E-01       3.89148E-01       1.79180E-02       1.80819E-02       1.00915E+00       3.92709E-01       2.61317E-01
       3.98107E-01       4.16869E-01       4.07488E-01       1.87620E-02       1.94245E-02       1.03531E+00       4.21876E-01       2.80742E-01
       4.16869E-01       4.36516E-01       4.26692E-01       1.96470E-02       2.08926E-02       1.06340E+00       4.53744E-01       3.01634E-01
       4.36516E-01       4.57088E-01       4.46802E-01       2.05720E-02       2.38867E-02       1.16113E+00       5.18795E-01       3.25521E-01
       4.57088E-01       4.78630E-01       4.67859E-01       2.15420E-02       2.75898E-02       1.28075E+00       5.99208E-01       3.53111E-01
       4.78630E-01       5.01187E-01       4.89909E-01       2.25570E-02       2.38545E-02       1.05752E+00       5.18089E-01       3.76965E-01
       5.01187E-01       5.24808E-01       5.12998E-01       2.36210E-02       2.39838E-02       1.01536E+00       5.20878E-01       4.00949E-01
       5.24808E-01       5.49541E-01       5.37174E-01       2.47330E-02       2.40701E-02       9.73200E-01       5.22778E-01       4.25019E-01
       5.49541E-01       5.75440E-01       5.62490E-01       2.58990E-02       2.40892E-02       9.30119E-01       5.23183E-01       4.49108E-01
       5.75440E-01       6.02560E-01       5.89000E-01       2.71200E-02       2.41374E-02       8.90024E-01       5.24224E-01       4.73246E-01
       6.02560E-01       6.30957E-01       6.16758E-01       2.83970E-02       2.42260E-02       8.53120E-01       5.26169E-01       4.97472E-01
       6.30957E-01       6.60693E-01       6.45825E-01       2.97360E-02       2.42460E-02       8.15376E-01       5.26590E-01       5.21718E-01
       6.60693E-01       6.91831E-01       6.76262E-01       3.11380E-02       2.41818E-02       7.76600E-01       5.25185E-01       5.45900E-01
       6.91831E-01       7.24436E-01       7.08133E-01       3.26050E-02       2.40148E-02       7.36536E-01       5.21566E-01       5.69914E-01
       7.24436E-01       7.58578E-01       7.41507E-01       3.41420E-02       2.37218E-02       6.94798E-01       5.15198E-01       5.93636E-01
       7.58578E-01       7.94328E-01       7.76453E-01       3.57500E-02       2.33495E-02       6.53133E-01       5.07127E-01       6.16986E-01
       7.94328E-01       8.31764E-01       8.13046E-01       3.74360E-02       2.29198E-02       6.12241E-01       4.97780E-01       6.39906E-01
       8.31764E-01       8.70964E-01       8.51364E-01       3.92000E-02       2.22983E-02       5.68835E-01       4.84286E-01       6.62204E-01
       8.70964E-01       9.12011E-01       8.91487E-01       4.10470E-02       2.14458E-02       5.22469E-01       4.65774E-01       6.83650E-01
       9.12011E-01       9.54993E-01       9.33502E-01       4.29820E-02       2.03450E-02       4.73337E-01       4.41861E-01       7.03995E-01
       9.54993E-01       1.00000E+00       9.77497E-01       4.50070E-02       1.99413E-02       4.43071E-01       4.33100E-01       7.23936E-01
       1.00000E+00       1.04713E+00       1.02357E+00       4.71300E-02       2.00874E-02       4.26212E-01       4.36256E-01       7.44023E-01
       1.04713E+00       1.09648E+00       1.07181E+00       4.93500E-02       2.01513E-02       4.08335E-01       4.37656E-01       7.64175E-01
       1.09648E+00       1.14815E+00       1.12231E+00       5.16700E-02       2.01634E-02       3.90235E-01       4.37966E-01       7.84338E-01
       1.14815E+00       1.20226E+00       1.17520E+00       5.41100E-02       1.98407E-02       3.66673E-01       4.30915E-01       8.04179E-01
       1.20226E+00       1.25892E+00       1.23059E+00       5.66600E-02       1.85203E-02       3.26867E-01       4.02240E-01       8.22699E-01
       1.25892E+00       1.31826E+00       1.28859E+00       5.93400E-02       1.75899E-02       2.96426E-01       3.81972E-01       8.40289E-01
       1.31826E+00       1.38038E+00       1.34932E+00       6.21200E-02       1.61848E-02       2.60541E-01       3.51554E-01       8.56474E-01
       1.38038E+00       1.44544E+00       1.41291E+00       6.50600E-02       1.64128E-02       2.52271E-01       3.56437E-01       8.72886E-01
       1.44544E+00       1.51356E+00       1.47950E+00       6.81200E-02       1.68881E-02       2.47918E-01       3.66794E-01       8.89775E-01
       1.51356E+00       1.58489E+00       1.54923E+00       7.13300E-02       1.63280E-02       2.28908E-01       3.54631E-01       9.06103E-01
       1.58489E+00       1.65959E+00       1.62224E+00       7.47000E-02       1.50478E-02       2.01443E-01       3.26789E-01       9.21150E-01
       1.65959E+00       1.73780E+00       1.69869E+00       7.82100E-02       1.14135E-02       1.45934E-01       2.47897E-01       9.32564E-01
       1.73780E+00       1.81970E+00       1.77875E+00       8.19000E-02       8.81708E-03       1.07657E-01       1.91494E-01       9.41381E-01
       1.81970E+00       1.90546E+00       1.86258E+00       8.57600E-02       8.30025E-03       9.67846E-02       1.80269E-01       9.49681E-01
       1.90546E+00       1.99526E+00       1.95036E+00       8.98000E-02       7.67426E-03       8.54595E-02       1.66677E-01       9.57355E-01
       1.99526E+00       2.08930E+00       2.04228E+00       9.40400E-02       6.99997E-03       7.44361E-02       1.52019E-01       9.64355E-01
       2.08930E+00       2.18776E+00       2.13853E+00       9.84600E-02       6.25350E-03       6.35131E-02       1.35825E-01       9.70609E-01
       2.18776E+00       2.29087E+00       2.23932E+00       1.03110E-01       5.51400E-03       5.34769E-02       1.19752E-01       9.76123E-01
       2.29087E+00       2.39883E+00       2.34485E+00       1.07960E-01       4.76100E-03       4.40996E-02       1.03407E-01       9.80884E-01
       2.39883E+00       2.51189E+00       2.45536E+00       1.13060E-01       4.03503E-03       3.56893E-02       8.76300E-02       9.84919E-01
       2.51189E+00       2.63027E+00       2.57108E+00       1.18380E-01       3.36839E-03       2.84540E-02       7.31576E-02       9.88287E-01
       2.63027E+00       2.75423E+00       2.69225E+00       1.23960E-01       2.77951E-03       2.24226E-02       6.03673E-02       9.91067E-01
       2.75423E+00       2.88403E+00       2.81913E+00       1.29800E-01       2.27883E-03       1.75565E-02       4.94941E-02       9.93346E-01
       2.88403E+00       3.01995E+00       2.95199E+00       1.35920E-01       1.86735E-03       1.37386E-02       4.05562E-02       9.95213E-01
       3.01995E+00       3.16228E+00       3.09111E+00       1.42330E-01       1.52642E-03       1.07245E-02       3.31506E-02       9.96739E-01
       3.16228E+00       3.31131E+00       3.23679E+00       1.49030E-01       1.22573E-03       8.22469E-03       2.66216E-02       9.97965E-01
       3.31131E+00       3.46737E+00       3.38934E+00       1.56060E-01       9.40251E-04       6.02493E-03       2.04205E-02       9.98905E-01
       3.46737E+00       3.63078E+00       3.54908E+00       1.63410E-01       6.50329E-04       3.97974E-03       1.41244E-02       9.99556E-01
       3.63078E+00       3.80189E+00       3.71633E+00       1.71110E-01       3.60601E-04       2.10742E-03       7.83189E-03       9.99916E-01
       3.80189E+00       3.98107E+00       3.89148E+00       1.79180E-01       8.34450E-05       4.65705E-04       1.81228E-03       1.00000E+00

 Sum =                                                                         1.00000E+00
 Renormalization bin#   944 =                                                  5.79998E-01 barn        1.36000E+07        1.38000E+07        1.37000E+07
 Avg. Energy     bin#   944 =                                                  7.87266E-01 MeV         1.36000E+07        1.38000E+07
