"        MT= 91 recoil spectrum "
" Initial neutron energy corresponds to the group:"
   2.32000E+01    2.34000E+01       0.00000E+00           591           909           319



          Low               High              Mid              Energy           Number             dn/de            E*dn/de          Cumulative
         Energy            Energy            Energy             Width          Fraction                               Sum   
         [MeV]             [MeV]             [MeV]              [MeV]

       9.37500E-06       9.40000E-06       9.38750E-06       2.49996E-08       0.00000E+00       0.00000E+00       0.00000E+00       0.00000E+00
       9.40000E-06       9.42500E-06       9.41250E-06       2.50006E-08       1.01406E-11       4.05616E-04       3.81786E-09       1.01406E-11
       9.42500E-06       9.45000E-06       9.43750E-06       2.49996E-08       1.01680E-11       4.06725E-04       3.83847E-09       2.03086E-11
       9.45000E-06       9.47500E-06       9.46250E-06       2.50006E-08       1.01953E-11       4.07803E-04       3.85884E-09       3.05039E-11
       9.47500E-06       9.50000E-06       9.48750E-06       2.49996E-08       1.02216E-11       4.08872E-04       3.87917E-09       4.07255E-11
       9.50000E-06       9.52500E-06       9.51250E-06       2.49996E-08       1.02490E-11       4.09965E-04       3.89979E-09       5.09745E-11
       9.52500E-06       9.55000E-06       9.53750E-06       2.50006E-08       1.02753E-11       4.11003E-04       3.91994E-09       6.12498E-11
       9.55000E-06       9.57500E-06       9.56250E-06       2.49996E-08       1.03026E-11       4.12112E-04       3.94082E-09       7.15525E-11
       9.57500E-06       9.60000E-06       9.58750E-06       2.50006E-08       1.03300E-11       4.13190E-04       3.96146E-09       8.18824E-11
       9.60000E-06       9.62500E-06       9.61250E-06       2.49996E-08       1.03563E-11       4.14258E-04       3.98206E-09       9.22388E-11
       9.62500E-06       9.65000E-06       9.63750E-06       2.49996E-08       1.03836E-11       4.15352E-04       4.00296E-09       1.02622E-10
       9.65000E-06       9.67500E-06       9.66250E-06       2.50006E-08       1.04100E-11       4.16389E-04       4.02336E-09       1.13032E-10
       9.67500E-06       9.70000E-06       9.68750E-06       2.49996E-08       1.04373E-11       4.17499E-04       4.04452E-09       1.23470E-10
       9.70000E-06       9.72500E-06       9.71250E-06       2.50006E-08       1.04646E-11       4.18576E-04       4.06542E-09       1.33934E-10
       9.72500E-06       9.75000E-06       9.73750E-06       2.49996E-08       1.04910E-11       4.19645E-04       4.08630E-09       1.44425E-10
       9.75000E-06       9.77500E-06       9.76250E-06       2.49996E-08       1.05183E-11       4.20739E-04       4.10746E-09       1.54944E-10
       9.77500E-06       9.80000E-06       9.78750E-06       2.50006E-08       1.05446E-11       4.21776E-04       4.12813E-09       1.65488E-10
       9.80000E-06       9.82500E-06       9.81250E-06       2.49996E-08       1.05720E-11       4.22885E-04       4.14956E-09       1.76060E-10
       9.82500E-06       9.85000E-06       9.83750E-06       2.50006E-08       1.05993E-11       4.23963E-04       4.17073E-09       1.86660E-10
       9.85000E-06       9.87500E-06       9.86250E-06       2.49996E-08       1.06256E-11       4.25032E-04       4.19188E-09       1.97285E-10
       9.87500E-06       9.90000E-06       9.88750E-06       2.49996E-08       1.06530E-11       4.26126E-04       4.21332E-09       2.07938E-10
       9.90000E-06       9.92500E-06       9.91250E-06       2.50006E-08       1.06793E-11       4.27162E-04       4.23425E-09       2.18617E-10
       9.92500E-06       9.95000E-06       9.93750E-06       2.49996E-08       1.07066E-11       4.28272E-04       4.25596E-09       2.29324E-10
       9.95000E-06       9.97500E-06       9.96250E-06       2.50006E-08       1.07340E-11       4.29349E-04       4.27739E-09       2.40058E-10
       9.97500E-06       1.00000E-05       9.98750E-06       2.49996E-08       1.07603E-11       4.30419E-04       4.29881E-09       2.50818E-10
       1.00000E-05       1.04713E-05       1.02356E-05       4.71300E-07       2.07896E-10       4.41111E-04       4.51506E-09       4.58714E-10
       1.04713E-05       1.09648E-05       1.07180E-05       4.93500E-07       2.27944E-10       4.61893E-04       4.95059E-09       6.86658E-10
       1.09648E-05       1.14815E-05       1.12232E-05       5.16700E-07       2.49947E-10       4.83736E-04       5.42905E-09       9.36604E-10
       1.14815E-05       1.20226E-05       1.17521E-05       5.41101E-07       2.74045E-10       5.06459E-04       5.95193E-09       1.21065E-09
       1.20226E-05       1.25892E-05       1.23059E-05       5.66600E-07       3.00493E-10       5.30344E-04       6.52636E-09       1.51114E-09
       1.25892E-05       1.31826E-05       1.28859E-05       5.93400E-07       3.29492E-10       5.55261E-04       7.15504E-09       1.84063E-09
       1.31826E-05       1.38038E-05       1.34932E-05       6.21200E-07       3.61266E-10       5.81561E-04       7.84712E-09       2.20190E-09
       1.38038E-05       1.44544E-05       1.41291E-05       6.50600E-07       3.96128E-10       6.08865E-04       8.60271E-09       2.59803E-09
       1.44544E-05       1.51356E-05       1.47950E-05       6.81200E-07       4.34341E-10       6.37611E-04       9.43346E-09       3.03237E-09
       1.51356E-05       1.58489E-05       1.54922E-05       7.13300E-07       4.76250E-10       6.67672E-04       1.03437E-08       3.50862E-09
       1.58489E-05       1.65959E-05       1.62224E-05       7.47000E-07       5.22199E-10       6.99062E-04       1.13405E-08       4.03082E-09
       1.65959E-05       1.73780E-05       1.69869E-05       7.82101E-07       5.72574E-10       7.32097E-04       1.24361E-08       4.60339E-09
       1.73780E-05       1.81970E-05       1.77875E-05       8.19000E-07       6.27818E-10       7.66566E-04       1.36353E-08       5.23121E-09
       1.81970E-05       1.90546E-05       1.86258E-05       8.57599E-07       6.88388E-10       8.02692E-04       1.49508E-08       5.91960E-09
       1.90546E-05       1.99526E-05       1.95036E-05       8.98001E-07       7.54801E-10       8.40535E-04       1.63935E-08       6.67440E-09
       1.99526E-05       2.08930E-05       2.04228E-05       9.40399E-07       8.27623E-10       8.80077E-04       1.79736E-08       7.50202E-09
       2.08930E-05       2.18776E-05       2.13853E-05       9.84600E-07       9.07483E-10       9.21676E-04       1.97103E-08       8.40951E-09
       2.18776E-05       2.29087E-05       2.23932E-05       1.03110E-06       9.95027E-10       9.65014E-04       2.16097E-08       9.40453E-09
       2.29087E-05       2.39883E-05       2.34485E-05       1.07960E-06       1.09102E-09       1.01058E-03       2.36965E-08       1.04955E-08
       2.39883E-05       2.51189E-05       2.45536E-05       1.13060E-06       1.19632E-09       1.05813E-03       2.59809E-08       1.16919E-08
       2.51189E-05       2.63027E-05       2.57108E-05       1.18380E-06       1.31175E-09       1.10809E-03       2.84898E-08       1.30036E-08
       2.63027E-05       2.75423E-05       2.69225E-05       1.23960E-06       1.43822E-09       1.16023E-03       3.12362E-08       1.44418E-08
       2.75423E-05       2.88403E-05       2.81913E-05       1.29800E-06       1.57704E-09       1.21497E-03       3.42517E-08       1.60189E-08
       2.88403E-05       3.01995E-05       2.95199E-05       1.35920E-06       1.72912E-09       1.27216E-03       3.75541E-08       1.77480E-08
       3.01995E-05       3.16228E-05       3.09111E-05       1.42330E-06       1.89599E-09       1.33211E-03       4.11769E-08       1.96440E-08
       3.16228E-05       3.31131E-05       3.23679E-05       1.49030E-06       2.07885E-09       1.39493E-03       4.51509E-08       2.17228E-08
       3.31131E-05       3.46737E-05       3.38934E-05       1.56060E-06       2.27944E-09       1.46062E-03       4.95053E-08       2.40023E-08
       3.46737E-05       3.63078E-05       3.54907E-05       1.63410E-06       2.49936E-09       1.52950E-03       5.42832E-08       2.65016E-08
       3.63078E-05       3.80189E-05       3.71634E-05       1.71110E-06       2.74055E-09       1.60163E-03       5.95220E-08       2.92422E-08
       3.80189E-05       3.98107E-05       3.89148E-05       1.79180E-06       3.00493E-09       1.67705E-03       6.52619E-08       3.22471E-08
       3.98107E-05       4.16869E-05       4.07488E-05       1.87620E-06       3.29482E-09       1.75611E-03       7.15594E-08       3.55419E-08
       4.16869E-05       4.36516E-05       4.26692E-05       1.96470E-06       3.57003E-09       1.81709E-03       7.75337E-08       3.91120E-08
       4.36516E-05       4.57088E-05       4.46802E-05       2.05720E-06       3.81871E-09       1.85626E-03       8.29383E-08       4.29307E-08
       4.57088E-05       4.78630E-05       4.67859E-05       2.15420E-06       4.08653E-09       1.89701E-03       8.87532E-08       4.70172E-08
       4.78630E-05       5.01187E-05       4.89908E-05       2.25570E-06       4.37551E-09       1.93976E-03       9.50303E-08       5.13927E-08
       5.01187E-05       5.24808E-05       5.12998E-05       2.36210E-06       4.68737E-09       1.98441E-03       1.01800E-07       5.60801E-08
       5.24808E-05       5.49541E-05       5.37174E-05       2.47330E-06       5.02414E-09       2.03135E-03       1.09119E-07       6.11042E-08
       5.49541E-05       5.75440E-05       5.62490E-05       2.58990E-06       5.38795E-09       2.08037E-03       1.17019E-07       6.64922E-08
       5.75440E-05       6.02560E-05       5.89000E-05       2.71200E-06       5.78112E-09       2.13168E-03       1.25556E-07       7.22733E-08
       6.02560E-05       6.30957E-05       6.16758E-05       2.83970E-06       6.20599E-09       2.18544E-03       1.34789E-07       7.84793E-08
       6.30957E-05       6.60693E-05       6.45825E-05       2.97360E-06       6.64867E-09       2.23590E-03       1.44400E-07       8.51280E-08
       6.60693E-05       6.91831E-05       6.76262E-05       3.11380E-06       7.11687E-09       2.28559E-03       1.54566E-07       9.22448E-08
       6.91831E-05       7.24436E-05       7.08134E-05       3.26051E-06       7.62203E-09       2.33768E-03       1.65539E-07       9.98669E-08
       7.24436E-05       7.58578E-05       7.41507E-05       3.41420E-06       8.16728E-09       2.39215E-03       1.77380E-07       1.08034E-07
       7.58578E-05       7.94328E-05       7.76453E-05       3.57500E-06       8.75628E-09       2.44931E-03       1.90178E-07       1.16790E-07
       7.94328E-05       8.31764E-05       8.13046E-05       3.74360E-06       9.39277E-09       2.50902E-03       2.03995E-07       1.26183E-07
       8.31764E-05       8.70964E-05       8.51364E-05       3.92000E-06       1.00638E-08       2.56729E-03       2.18570E-07       1.36247E-07
       8.70964E-05       9.12011E-05       8.91488E-05       4.10471E-06       1.07641E-08       2.62237E-03       2.33781E-07       1.47011E-07
       9.12011E-05       9.54993E-05       9.33502E-05       4.29820E-06       1.15188E-08       2.67992E-03       2.50171E-07       1.58530E-07
       9.54993E-05       1.00000E-04       9.77497E-05       4.50070E-06       1.23329E-08       2.74021E-03       2.67855E-07       1.70863E-07
       1.00000E-04       1.04713E-04       1.02356E-04       4.71300E-06       1.32118E-08       2.80326E-03       2.86932E-07       1.84075E-07
       1.04713E-04       1.09648E-04       1.07181E-04       4.93501E-06       1.41603E-08       2.86936E-03       3.07540E-07       1.98235E-07
       1.09648E-04       1.14815E-04       1.12232E-04       5.16700E-06       1.51857E-08       2.93898E-03       3.29847E-07       2.13421E-07
       1.14815E-04       1.20226E-04       1.17520E-04       5.41100E-06       1.62932E-08       3.01112E-03       3.53868E-07       2.29714E-07
       1.20226E-04       1.25892E-04       1.23059E-04       5.66600E-06       1.74907E-08       3.08696E-03       3.79878E-07       2.47204E-07
       1.25892E-04       1.31826E-04       1.28859E-04       5.93401E-06       1.87416E-08       3.15834E-03       4.06980E-07       2.65946E-07
       1.31826E-04       1.38038E-04       1.34932E-04       6.21199E-06       2.00604E-08       3.22931E-03       4.35737E-07       2.86006E-07
       1.38038E-04       1.44544E-04       1.41291E-04       6.50601E-06       2.14841E-08       3.30219E-03       4.66569E-07       3.07490E-07
       1.44544E-04       1.51356E-04       1.47950E-04       6.81200E-06       2.30204E-08       3.37939E-03       4.99981E-07       3.30511E-07
       1.51356E-04       1.58489E-04       1.54922E-04       7.13300E-06       2.46801E-08       3.45998E-03       5.36030E-07       3.55191E-07
       1.58489E-04       1.65959E-04       1.62224E-04       7.47000E-06       2.64734E-08       3.54396E-03       5.74915E-07       3.81664E-07
       1.65959E-04       1.73780E-04       1.69870E-04       7.82100E-06       2.83693E-08       3.62732E-03       6.16171E-07       4.10034E-07
       1.73780E-04       1.81970E-04       1.77875E-04       8.19000E-06       3.03431E-08       3.70490E-03       6.59009E-07       4.40377E-07
       1.81970E-04       1.90546E-04       1.86258E-04       8.57600E-06       3.24701E-08       3.78615E-03       7.05201E-07       4.72847E-07
       1.90546E-04       1.99526E-04       1.95036E-04       8.98000E-06       3.47641E-08       3.87128E-03       7.55039E-07       5.07611E-07
       1.99526E-04       2.08930E-04       2.04228E-04       9.40399E-06       3.72406E-08       3.96008E-03       8.08759E-07       5.44851E-07
       2.08930E-04       2.18776E-04       2.13853E-04       9.84601E-06       3.99144E-08       4.05387E-03       8.66931E-07       5.84766E-07
       2.18776E-04       2.29087E-04       2.23932E-04       1.03110E-05       4.28025E-08       4.15114E-03       9.29572E-07       6.27568E-07
       2.29087E-04       2.39883E-04       2.34485E-04       1.07960E-05       4.59240E-08       4.25381E-03       9.97454E-07       6.73492E-07
       2.39883E-04       2.51189E-04       2.45536E-04       1.13060E-05       4.92984E-08       4.36038E-03       1.07063E-06       7.22791E-07
       2.51189E-04       2.63027E-04       2.57108E-04       1.18380E-05       5.28329E-08       4.46299E-03       1.14747E-06       7.75624E-07
       2.63027E-04       2.75423E-04       2.69225E-04       1.23960E-05       5.65506E-08       4.56201E-03       1.22821E-06       8.32174E-07
       2.75423E-04       2.88403E-04       2.81913E-04       1.29800E-05       6.05619E-08       4.66578E-03       1.31534E-06       8.92736E-07
       2.88403E-04       3.01995E-04       2.95199E-04       1.35920E-05       6.48920E-08       4.77429E-03       1.40937E-06       9.57628E-07
       3.01995E-04       3.16228E-04       3.09111E-04       1.42330E-05       6.95690E-08       4.88786E-03       1.51089E-06       1.02720E-06
       3.16228E-04       3.31131E-04       3.23680E-04       1.49030E-05       7.46220E-08       5.00717E-03       1.62072E-06       1.10182E-06
       3.31131E-04       3.46737E-04       3.38934E-04       1.56060E-05       8.00433E-08       5.12901E-03       1.73840E-06       1.18186E-06
       3.46737E-04       3.63078E-04       3.54908E-04       1.63410E-05       8.58159E-08       5.25157E-03       1.86382E-06       1.26768E-06
       3.63078E-04       3.80189E-04       3.71634E-04       1.71110E-05       9.20508E-08       5.37963E-03       1.99925E-06       1.35973E-06
       3.80189E-04       3.98107E-04       3.89148E-04       1.79180E-05       9.87916E-08       5.51354E-03       2.14558E-06       1.45852E-06
       3.98107E-04       4.16869E-04       4.07488E-04       1.87620E-05       1.06081E-07       5.65405E-03       2.30396E-06       1.56460E-06
       4.16869E-04       4.36516E-04       4.26692E-04       1.96470E-05       1.13969E-07       5.80083E-03       2.47517E-06       1.67857E-06
       4.36516E-04       4.57088E-04       4.46802E-04       2.05720E-05       1.22507E-07       5.95502E-03       2.66071E-06       1.80108E-06
       4.57088E-04       4.78630E-04       4.67859E-04       2.15420E-05       1.31752E-07       6.11607E-03       2.86146E-06       1.93283E-06
       4.78630E-04       5.01187E-04       4.89909E-04       2.25570E-05       1.41768E-07       6.28489E-03       3.07902E-06       2.07460E-06
       5.01187E-04       5.24808E-04       5.12998E-04       2.36210E-05       1.52334E-07       6.44911E-03       3.30838E-06       2.22693E-06
       5.24808E-04       5.49541E-04       5.37175E-04       2.47330E-05       1.63473E-07       6.60951E-03       3.55046E-06       2.39041E-06
       5.49541E-04       5.75440E-04       5.62491E-04       2.58990E-05       1.75518E-07       6.77704E-03       3.81202E-06       2.56592E-06
       5.75440E-04       6.02560E-04       5.89000E-04       2.71200E-05       1.88551E-07       6.95247E-03       4.09500E-06       2.75447E-06
       6.02560E-04       6.30957E-04       6.16758E-04       2.83970E-05       2.02656E-07       7.13652E-03       4.40151E-06       2.95713E-06
       6.30957E-04       6.60693E-04       6.45825E-04       2.97360E-05       2.17929E-07       7.32878E-03       4.73311E-06       3.17506E-06
       6.60693E-04       6.91831E-04       6.76262E-04       3.11380E-05       2.34174E-07       7.52053E-03       5.08585E-06       3.40923E-06
       6.91831E-04       7.24436E-04       7.08133E-04       3.26050E-05       2.51015E-07       7.69866E-03       5.45168E-06       3.66025E-06
       7.24436E-04       7.58578E-04       7.41507E-04       3.41420E-05       2.69174E-07       7.88394E-03       5.84600E-06       3.92942E-06
       7.58578E-04       7.94328E-04       7.76453E-04       3.57500E-05       2.88799E-07       8.07829E-03       6.27241E-06       4.21822E-06
       7.94328E-04       8.31764E-04       8.13046E-04       3.74360E-05       3.10020E-07       8.28133E-03       6.73311E-06       4.52824E-06
       8.31764E-04       8.70964E-04       8.51364E-04       3.92000E-05       3.32973E-07       8.49421E-03       7.23166E-06       4.86121E-06
       8.70964E-04       9.12011E-04       8.91487E-04       4.10470E-05       3.57813E-07       8.71715E-03       7.77123E-06       5.21903E-06
       9.12011E-04       9.54993E-04       9.33502E-04       4.29820E-05       3.84708E-07       8.95045E-03       8.35526E-06       5.60374E-06
       9.54993E-04       1.00000E-03       9.77497E-04       4.50070E-05       4.13837E-07       9.19494E-03       8.98803E-06       6.01757E-06
       1.00000E-03       1.04713E-03       1.02356E-03       4.71300E-05       4.44522E-07       9.43183E-03       9.65409E-06       6.46209E-06
       1.04713E-03       1.09648E-03       1.07180E-03       4.93500E-05       4.76619E-07       9.65793E-03       1.03514E-05       6.93871E-06
       1.09648E-03       1.14815E-03       1.12231E-03       5.16700E-05       5.11320E-07       9.89586E-03       1.11063E-05       7.45003E-06
       1.14815E-03       1.20226E-03       1.17520E-03       5.41100E-05       5.48809E-07       1.01425E-02       1.19195E-05       7.99884E-06
       1.20226E-03       1.25892E-03       1.23059E-03       5.66600E-05       5.89382E-07       1.04021E-02       1.28007E-05       8.58822E-06
       1.25892E-03       1.31826E-03       1.28859E-03       5.93400E-05       6.33284E-07       1.06721E-02       1.37520E-05       9.22151E-06
       1.31826E-03       1.38038E-03       1.34932E-03       6.21200E-05       6.80050E-07       1.09474E-02       1.47715E-05       9.90156E-06
       1.38038E-03       1.44544E-03       1.41291E-03       6.50599E-05       7.28506E-07       1.11975E-02       1.58210E-05       1.06301E-05
       1.44544E-03       1.51356E-03       1.47950E-03       6.81201E-05       7.80657E-07       1.14600E-02       1.69551E-05       1.14107E-05
       1.51356E-03       1.58489E-03       1.54923E-03       7.13300E-05       8.37005E-07       1.17343E-02       1.81790E-05       1.22477E-05
       1.58489E-03       1.65959E-03       1.62224E-03       7.47000E-05       8.97889E-07       1.20199E-02       1.94992E-05       1.31456E-05
       1.65959E-03       1.73780E-03       1.69870E-03       7.82101E-05       9.63706E-07       1.23220E-02       2.09314E-05       1.41093E-05
       1.73780E-03       1.81970E-03       1.77875E-03       8.18999E-05       1.03489E-06       1.26360E-02       2.24764E-05       1.51442E-05
       1.81970E-03       1.90546E-03       1.86258E-03       8.57600E-05       1.11193E-06       1.29655E-02       2.41494E-05       1.62561E-05
       1.90546E-03       1.99526E-03       1.95036E-03       8.98001E-05       1.19530E-06       1.33107E-02       2.59606E-05       1.74514E-05
       1.99526E-03       2.08930E-03       2.04228E-03       9.40400E-05       1.28339E-06       1.36473E-02       2.78715E-05       1.87348E-05
       2.08930E-03       2.18776E-03       2.13853E-03       9.84600E-05       1.37534E-06       1.39685E-02       2.98721E-05       2.01102E-05
       2.18776E-03       2.29087E-03       2.23932E-03       1.03110E-04       1.47461E-06       1.43013E-02       3.20251E-05       2.15848E-05
       2.29087E-03       2.39883E-03       2.34485E-03       1.07960E-04       1.58188E-06       1.46524E-02       3.43578E-05       2.31667E-05
       2.39883E-03       2.51189E-03       2.45536E-03       1.13060E-04       1.69784E-06       1.50172E-02       3.68727E-05       2.48645E-05
       2.51189E-03       2.63027E-03       2.57108E-03       1.18380E-04       1.82330E-06       1.54021E-02       3.95999E-05       2.66878E-05
       2.63027E-03       2.75423E-03       2.69225E-03       1.23960E-04       1.95723E-06       1.57892E-02       4.25085E-05       2.86450E-05
       2.75423E-03       2.88403E-03       2.81913E-03       1.29800E-04       2.09584E-06       1.61466E-02       4.55195E-05       3.07409E-05
       2.88403E-03       3.01995E-03       2.95199E-03       1.35920E-04       2.24486E-06       1.65161E-02       4.87552E-05       3.29857E-05
       3.01995E-03       3.16228E-03       3.09112E-03       1.42330E-04       2.40577E-06       1.69028E-02       5.22485E-05       3.53915E-05
       3.16228E-03       3.31131E-03       3.23679E-03       1.49030E-04       2.57958E-06       1.73091E-02       5.60261E-05       3.79711E-05
       3.31131E-03       3.46737E-03       3.38934E-03       1.56060E-04       2.76744E-06       1.77331E-02       6.01037E-05       4.07385E-05
       3.46737E-03       3.63078E-03       3.54907E-03       1.63410E-04       2.97049E-06       1.81782E-02       6.45156E-05       4.37090E-05
       3.63078E-03       3.80189E-03       3.71633E-03       1.71110E-04       3.19014E-06       1.86438E-02       6.92867E-05       4.68991E-05
       3.80189E-03       3.98107E-03       3.89148E-03       1.79180E-04       3.42786E-06       1.91308E-02       7.44471E-05       5.03270E-05
       3.98107E-03       4.16869E-03       4.07488E-03       1.87620E-04       3.67545E-06       1.95899E-02       7.98265E-05       5.40025E-05
       4.16869E-03       4.36516E-03       4.26693E-03       1.96470E-04       3.92550E-06       1.99801E-02       8.52538E-05       5.79280E-05
       4.36516E-03       4.57088E-03       4.46802E-03       2.05720E-04       4.19436E-06       2.03887E-02       9.10972E-05       6.21223E-05
       4.57088E-03       4.78630E-03       4.67859E-03       2.15420E-04       4.48397E-06       2.08150E-02       9.73850E-05       6.66063E-05
       4.78630E-03       5.01187E-03       4.89909E-03       2.25570E-04       4.79609E-06       2.12621E-02       1.04165E-04       7.14024E-05
       5.01187E-03       5.24807E-03       5.12997E-03       2.36200E-04       5.13268E-06       2.17302E-02       1.11475E-04       7.65350E-05
       5.24807E-03       5.49541E-03       5.37174E-03       2.47340E-04       5.49198E-06       2.22041E-02       1.19275E-04       8.20270E-05
       5.49541E-03       5.75440E-03       5.62491E-03       2.58990E-04       5.86371E-06       2.26407E-02       1.27352E-04       8.78907E-05
       5.75440E-03       6.02560E-03       5.89000E-03       2.71200E-04       6.26207E-06       2.30902E-02       1.36001E-04       9.41528E-05
       6.02560E-03       6.30957E-03       6.16759E-03       2.83970E-04       6.69091E-06       2.35621E-02       1.45321E-04       1.00844E-04
       6.30957E-03       6.60693E-03       6.45825E-03       2.97360E-04       7.15291E-06       2.40547E-02       1.55351E-04       1.07997E-04
       6.60693E-03       6.91831E-03       6.76262E-03       3.11380E-04       7.65082E-06       2.45707E-02       1.66162E-04       1.15647E-04
       6.91831E-03       7.24436E-03       7.08133E-03       3.26050E-04       8.18770E-06       2.51118E-02       1.77825E-04       1.23835E-04
       7.24436E-03       7.58578E-03       7.41507E-03       3.41420E-04       8.76688E-06       2.56777E-02       1.90402E-04       1.32602E-04
       7.58578E-03       7.94328E-03       7.76453E-03       3.57500E-04       9.39201E-06       2.62713E-02       2.03985E-04       1.41994E-04
       7.94328E-03       8.31764E-03       8.13046E-03       3.74360E-04       1.00552E-05       2.68596E-02       2.18381E-04       1.52049E-04
       8.31764E-03       8.70964E-03       8.51364E-03       3.92000E-04       1.07451E-05       2.74110E-02       2.33368E-04       1.62794E-04
       8.70964E-03       9.12011E-03       8.91487E-03       4.10471E-04       1.14875E-05       2.79862E-02       2.49494E-04       1.74282E-04
       9.12011E-03       9.54993E-03       9.33502E-03       4.29819E-04       1.22877E-05       2.85881E-02       2.66871E-04       1.86570E-04
       9.54993E-03       1.00000E-02       9.77496E-03       4.50070E-04       1.31505E-05       2.92188E-02       2.85613E-04       1.99720E-04
       1.00000E-02       1.04713E-02       1.02357E-02       4.71300E-04       1.40816E-05       2.98781E-02       3.05822E-04       2.13802E-04
       1.04713E-02       1.09648E-02       1.07180E-02       4.93500E-04       1.50778E-05       3.05528E-02       3.27466E-04       2.28879E-04
       1.09648E-02       1.14815E-02       1.12232E-02       5.16700E-04       1.61120E-05       3.11825E-02       3.49966E-04       2.44991E-04
       1.14815E-02       1.20226E-02       1.17521E-02       5.41100E-04       1.72194E-05       3.18230E-02       3.73986E-04       2.62211E-04
       1.20226E-02       1.25892E-02       1.23059E-02       5.66601E-04       1.84132E-05       3.24977E-02       3.99914E-04       2.80624E-04
       1.25892E-02       1.31826E-02       1.28859E-02       5.93399E-04       1.97002E-05       3.31988E-02       4.27797E-04       3.00324E-04
       1.31826E-02       1.38038E-02       1.34932E-02       6.21200E-04       2.10875E-05       3.39465E-02       4.58046E-04       3.21412E-04
       1.38038E-02       1.44544E-02       1.41291E-02       6.50601E-04       2.25854E-05       3.47147E-02       4.90488E-04       3.43997E-04
       1.44544E-02       1.51356E-02       1.47950E-02       6.81199E-04       2.42017E-05       3.55281E-02       5.25639E-04       3.68199E-04
       1.51356E-02       1.58489E-02       1.54923E-02       7.13301E-04       2.59481E-05       3.63775E-02       5.63569E-04       3.94147E-04
       1.58489E-02       1.65959E-02       1.62224E-02       7.47000E-04       2.77995E-05       3.72149E-02       6.03714E-04       4.21947E-04
       1.65959E-02       1.73780E-02       1.69870E-02       7.82100E-04       2.97076E-05       3.79845E-02       6.45240E-04       4.51654E-04
       1.73780E-02       1.81970E-02       1.77875E-02       8.19000E-04       3.17587E-05       3.87774E-02       6.89752E-04       4.83413E-04
       1.81970E-02       1.90546E-02       1.86258E-02       8.57600E-04       3.39692E-05       3.96097E-02       7.37762E-04       5.17382E-04
       1.90546E-02       1.99526E-02       1.95036E-02       8.98000E-04       3.63526E-05       4.04817E-02       7.89539E-04       5.53735E-04
       1.99526E-02       2.08930E-02       2.04228E-02       9.40400E-04       3.89243E-05       4.13912E-02       8.45325E-04       5.92659E-04
       2.08930E-02       2.18776E-02       2.13853E-02       9.84600E-04       4.16721E-05       4.23239E-02       9.05109E-04       6.34331E-04
       2.18776E-02       2.29087E-02       2.23931E-02       1.03110E-03       4.44656E-05       4.31244E-02       9.65692E-04       6.78797E-04
       2.29087E-02       2.39883E-02       2.34485E-02       1.07960E-03       4.74403E-05       4.39424E-02       1.03038E-03       7.26237E-04
       2.39883E-02       2.51189E-02       2.45536E-02       1.13060E-03       5.06401E-05       4.47905E-02       1.09977E-03       7.76877E-04
       2.51189E-02       2.63027E-02       2.57108E-02       1.18380E-03       5.40841E-05       4.56869E-02       1.17465E-03       8.30961E-04
       2.63027E-02       2.75423E-02       2.69225E-02       1.23960E-03       5.77921E-05       4.66215E-02       1.25517E-03       8.88753E-04
       2.75423E-02       2.88403E-02       2.81913E-02       1.29800E-03       6.17865E-05       4.76013E-02       1.34194E-03       9.50540E-04
       2.88403E-02       3.01995E-02       2.95199E-02       1.35920E-03       6.60917E-05       4.86255E-02       1.43542E-03       1.01663E-03
       3.01995E-02       3.16228E-02       3.09112E-02       1.42330E-03       7.07345E-05       4.96975E-02       1.53621E-03       1.08737E-03
       3.16228E-02       3.31131E-02       3.23680E-02       1.49030E-03       7.56755E-05       5.07787E-02       1.64360E-03       1.16304E-03
       3.31131E-02       3.46737E-02       3.38934E-02       1.56060E-03       8.07994E-05       5.17747E-02       1.75482E-03       1.24384E-03
       3.46737E-02       3.63078E-02       3.54908E-02       1.63410E-03       8.62989E-05       5.28112E-02       1.87431E-03       1.33014E-03
       3.63078E-02       3.80189E-02       3.71633E-02       1.71110E-03       9.22210E-05       5.38958E-02       2.00295E-03       1.42236E-03
       3.80189E-02       3.98107E-02       3.89148E-02       1.79180E-03       9.86019E-05       5.50295E-02       2.14146E-03       1.52096E-03
       3.98107E-02       4.16869E-02       4.07488E-02       1.87620E-03       1.05479E-04       5.62194E-02       2.29087E-03       1.62644E-03
       4.16869E-02       4.36516E-02       4.26693E-02       1.96470E-03       1.12819E-04       5.74228E-02       2.45019E-03       1.73926E-03
       4.36516E-02       4.57088E-02       4.46802E-02       2.05720E-03       1.20151E-04       5.84049E-02       2.60954E-03       1.85941E-03
       4.57088E-02       4.78630E-02       4.67859E-02       2.15420E-03       1.27893E-04       5.93694E-02       2.77765E-03       1.98730E-03
       4.78630E-02       5.01187E-02       4.89908E-02       2.25570E-03       1.36202E-04       6.03815E-02       2.95814E-03       2.12351E-03
       5.01187E-02       5.24808E-02       5.12998E-02       2.36210E-03       1.45124E-04       6.14385E-02       3.15178E-03       2.26863E-03
       5.24808E-02       5.49541E-02       5.37174E-02       2.47330E-03       1.54706E-04       6.25503E-02       3.36004E-03       2.42334E-03
       5.49541E-02       5.75440E-02       5.62491E-02       2.58990E-03       1.65004E-04       6.37107E-02       3.58367E-03       2.58834E-03
       5.75440E-02       6.02560E-02       5.89000E-02       2.71200E-03       1.76078E-04       6.49257E-02       3.82412E-03       2.76442E-03
       6.02560E-02       6.30957E-02       6.16758E-02       2.83970E-03       1.87993E-04       6.62017E-02       4.08305E-03       2.95241E-03
       6.30957E-02       6.60693E-02       6.45825E-02       2.97360E-03       2.00652E-04       6.74778E-02       4.35789E-03       3.15306E-03
       6.60693E-02       6.91831E-02       6.76262E-02       3.11380E-03       2.13670E-04       6.86203E-02       4.64053E-03       3.36673E-03
       6.91831E-02       7.24436E-02       7.08134E-02       3.26050E-03       2.27588E-04       6.98014E-02       4.94287E-03       3.59432E-03
       7.24436E-02       7.58578E-02       7.41507E-02       3.41420E-03       2.42532E-04       7.10363E-02       5.26739E-03       3.83685E-03
       7.58578E-02       7.94328E-02       7.76453E-02       3.57500E-03       2.58587E-04       7.23319E-02       5.61623E-03       4.09544E-03
       7.94328E-02       8.31764E-02       8.13046E-02       3.74360E-03       2.75846E-04       7.36848E-02       5.99091E-03       4.37129E-03
       8.31764E-02       8.70964E-02       8.51364E-02       3.92000E-03       2.94343E-04       7.50874E-02       6.39267E-03       4.66563E-03
       8.70964E-02       9.12011E-02       8.91488E-02       4.10470E-03       3.13625E-04       7.64064E-02       6.81153E-03       4.97925E-03
       9.12011E-02       9.54993E-02       9.33502E-02       4.29820E-03       3.34177E-04       7.77482E-02       7.25781E-03       5.31343E-03
       9.54993E-02       1.00000E-01       9.77497E-02       4.50070E-03       3.56254E-04       7.91551E-02       7.73738E-03       5.66969E-03
       1.00000E-01       1.04713E-01       1.02357E-01       4.71300E-03       3.79985E-04       8.06248E-02       8.25247E-03       6.04967E-03
       1.04713E-01       1.09648E-01       1.07180E-01       4.93500E-03       4.05828E-04       8.22346E-02       8.81395E-03       6.45550E-03
       1.09648E-01       1.14815E-01       1.12231E-01       5.16700E-03       4.35380E-04       8.42616E-02       9.45681E-03       6.89088E-03
       1.14815E-01       1.20226E-01       1.17520E-01       5.41100E-03       4.68160E-04       8.65201E-02       1.01679E-02       7.35904E-03
       1.20226E-01       1.25892E-01       1.23059E-01       5.66600E-03       5.07687E-04       8.96023E-02       1.10264E-02       7.86672E-03
       1.25892E-01       1.31826E-01       1.28859E-01       5.93400E-03       5.51190E-04       9.28867E-02       1.19693E-02       8.41791E-03
       1.31826E-01       1.38038E-01       1.34932E-01       6.21200E-03       5.97137E-04       9.61263E-02       1.29705E-02       9.01505E-03
       1.38038E-01       1.44544E-01       1.41291E-01       6.50600E-03       6.47019E-04       9.94496E-02       1.40513E-02       9.66207E-03
       1.44544E-01       1.51356E-01       1.47950E-01       6.81200E-03       7.01329E-04       1.02955E-01       1.52322E-02       1.03634E-02
       1.51356E-01       1.58489E-01       1.54923E-01       7.13300E-03       7.60513E-04       1.06619E-01       1.65177E-02       1.11239E-02
       1.58489E-01       1.65959E-01       1.62224E-01       7.47000E-03       8.25003E-04       1.10442E-01       1.79164E-02       1.19489E-02
       1.65959E-01       1.73780E-01       1.69869E-01       7.82100E-03       8.95041E-04       1.14441E-01       1.94400E-02       1.28440E-02
       1.73780E-01       1.81970E-01       1.77875E-01       8.19000E-03       9.68298E-04       1.18229E-01       2.10300E-02       1.38123E-02
       1.81970E-01       1.90546E-01       1.86258E-01       8.57600E-03       1.04704E-03       1.22090E-01       2.27402E-02       1.48593E-02
       1.90546E-01       1.99526E-01       1.95036E-01       8.98000E-03       1.13267E-03       1.26133E-01       2.46004E-02       1.59920E-02
       1.99526E-01       2.08930E-01       2.04228E-01       9.40400E-03       1.22586E-03       1.30355E-01       2.66221E-02       1.72178E-02
       2.08930E-01       2.18776E-01       2.13853E-01       9.84600E-03       1.32677E-03       1.34752E-01       2.88171E-02       1.85446E-02
       2.18776E-01       2.29087E-01       2.23931E-01       1.03110E-02       1.43347E-03       1.39023E-01       3.11317E-02       1.99781E-02
       2.29087E-01       2.39883E-01       2.34485E-01       1.07960E-02       1.54879E-03       1.43459E-01       3.36391E-02       2.15268E-02
       2.39883E-01       2.51189E-01       2.45536E-01       1.13060E-02       1.69567E-03       1.49979E-01       3.68253E-02       2.32225E-02
       2.51189E-01       2.63027E-01       2.57108E-01       1.18380E-02       2.02056E-03       1.70684E-01       4.38843E-02       2.52431E-02
       2.63027E-01       2.75423E-01       2.69225E-01       1.23960E-02       2.43687E-03       1.96585E-01       5.29256E-02       2.76799E-02
       2.75423E-01       2.88403E-01       2.81913E-01       1.29800E-02       2.90675E-03       2.23941E-01       6.31318E-02       3.05867E-02
       2.88403E-01       3.01995E-01       2.95199E-01       1.35920E-02       3.43243E-03       2.52533E-01       7.45476E-02       3.40191E-02
       3.01995E-01       3.16228E-01       3.09112E-01       1.42330E-02       4.00101E-03       2.81108E-01       8.68937E-02       3.80201E-02
       3.16228E-01       3.31131E-01       3.23680E-01       1.49030E-02       4.62536E-03       3.10365E-01       1.00459E-01       4.26455E-02
       3.31131E-01       3.46737E-01       3.38934E-01       1.56060E-02       5.31928E-03       3.40848E-01       1.15525E-01       4.79648E-02
       3.46737E-01       3.63078E-01       3.54908E-01       1.63410E-02       6.05943E-03       3.70811E-01       1.31604E-01       5.40242E-02
       3.63078E-01       3.80189E-01       3.71633E-01       1.71110E-02       6.86955E-03       4.01470E-01       1.49200E-01       6.08938E-02
       3.80189E-01       3.98107E-01       3.89148E-01       1.79180E-02       7.76849E-03       4.33558E-01       1.68718E-01       6.86622E-02
       3.98107E-01       4.16869E-01       4.07488E-01       1.87620E-02       8.76526E-03       4.67182E-01       1.90371E-01       7.74275E-02
       4.16869E-01       4.36516E-01       4.26692E-01       1.96470E-02       9.85137E-03       5.01418E-01       2.13951E-01       8.72789E-02
       4.36516E-01       4.57088E-01       4.46802E-01       2.05720E-02       1.10063E-02       5.35011E-01       2.39044E-01       9.82851E-02
       4.57088E-01       4.78630E-01       4.67859E-01       2.15420E-02       1.22796E-02       5.70032E-01       2.66695E-01       1.10565E-01
       4.78630E-01       5.01187E-01       4.89909E-01       2.25570E-02       1.36857E-02       6.06714E-01       2.97234E-01       1.24250E-01
       5.01187E-01       5.24808E-01       5.12998E-01       2.36210E-02       1.51885E-02       6.43007E-01       3.29861E-01       1.39439E-01
       5.24808E-01       5.49541E-01       5.37174E-01       2.47330E-02       1.67904E-02       6.78867E-01       3.64670E-01       1.56229E-01
       5.49541E-01       5.75440E-01       5.62490E-01       2.58990E-02       1.85533E-02       7.16370E-01       4.02951E-01       1.74783E-01
       5.75440E-01       6.02560E-01       5.89000E-01       2.71200E-02       2.04930E-02       7.55641E-01       4.45073E-01       1.95276E-01
       6.02560E-01       6.30957E-01       6.16758E-01       2.83970E-02       2.26267E-02       7.96800E-01       4.91433E-01       2.17902E-01
       6.30957E-01       6.60693E-01       6.45825E-01       2.97360E-02       2.49738E-02       8.39851E-01       5.42397E-01       2.42876E-01
       6.60693E-01       6.91831E-01       6.76262E-01       3.11380E-02       2.75640E-02       8.85220E-01       5.98641E-01       2.70440E-01
       6.91831E-01       7.24436E-01       7.08133E-01       3.26050E-02       3.04217E-02       9.33038E-01       6.60715E-01       3.00862E-01
       7.24436E-01       7.58578E-01       7.41507E-01       3.41420E-02       3.38250E-02       9.90714E-01       7.34621E-01       3.34687E-01
       7.58578E-01       7.94328E-01       7.76453E-01       3.57500E-02       4.85126E-02       1.35700E+00       1.05364E+00       3.83199E-01
       7.94328E-01       8.31764E-01       8.13046E-01       3.74360E-02       3.84804E-02       1.02790E+00       8.35729E-01       4.21680E-01
       8.31764E-01       8.70964E-01       8.51364E-01       3.92000E-02       3.71963E-02       9.48886E-01       8.07847E-01       4.58876E-01
       8.70964E-01       9.12011E-01       8.91487E-01       4.10470E-02       3.66285E-02       8.92355E-01       7.95523E-01       4.95504E-01
       9.12011E-01       9.54993E-01       9.33502E-01       4.29820E-02       3.61341E-02       8.40679E-01       7.84776E-01       5.31639E-01
       9.54993E-01       1.00000E+00       9.77497E-01       4.50070E-02       3.55494E-02       7.89864E-01       7.72089E-01       5.67188E-01
       1.00000E+00       1.04713E+00       1.02357E+00       4.71300E-02       3.48991E-02       7.40485E-01       7.57935E-01       6.02087E-01
       1.04713E+00       1.09648E+00       1.07181E+00       4.93500E-02       3.40324E-02       6.89613E-01       7.39131E-01       6.36119E-01
       1.09648E+00       1.14815E+00       1.12231E+00       5.16700E-02       3.28845E-02       6.36433E-01       7.14279E-01       6.69004E-01
       1.14815E+00       1.20226E+00       1.17520E+00       5.41100E-02       3.14151E-02       5.80578E-01       6.82299E-01       7.00419E-01
       1.20226E+00       1.25892E+00       1.23059E+00       5.66600E-02       2.95866E-02       5.22179E-01       6.42588E-01       7.30006E-01
       1.25892E+00       1.31826E+00       1.28859E+00       5.93400E-02       2.73723E-02       4.61279E-01       5.94400E-01       7.57378E-01
       1.31826E+00       1.38038E+00       1.34932E+00       6.21200E-02       2.49696E-02       4.01958E-01       5.42370E-01       7.82348E-01
       1.38038E+00       1.44544E+00       1.41291E+00       6.50600E-02       2.21867E-02       3.41019E-01       4.81829E-01       8.04534E-01
       1.44544E+00       1.51356E+00       1.47950E+00       6.81200E-02       1.89690E-02       2.78465E-01       4.11988E-01       8.23503E-01
       1.51356E+00       1.58489E+00       1.54923E+00       7.13300E-02       1.53500E-02       2.15197E-01       3.33388E-01       8.38853E-01
       1.58489E+00       1.65959E+00       1.62224E+00       7.47000E-02       1.18173E-02       1.58197E-01       2.56633E-01       8.50671E-01
       1.65959E+00       1.73780E+00       1.69869E+00       7.82100E-02       1.11148E-02       1.42115E-01       2.41410E-01       8.61785E-01
       1.73780E+00       1.81970E+00       1.77875E+00       8.19000E-02       1.07409E-02       1.31146E-01       2.33276E-01       8.72526E-01
       1.81970E+00       1.90546E+00       1.86258E+00       8.57600E-02       1.02626E-02       1.19667E-01       2.22889E-01       8.82789E-01
       1.90546E+00       1.99526E+00       1.95036E+00       8.98000E-02       9.66693E-03       1.07650E-01       2.09955E-01       8.92456E-01
       1.99526E+00       2.08930E+00       2.04228E+00       9.40400E-02       9.00235E-03       9.57289E-02       1.95505E-01       9.01458E-01
       2.08930E+00       2.18776E+00       2.13853E+00       9.84600E-02       8.78721E-03       8.92465E-02       1.90856E-01       9.10245E-01
       2.18776E+00       2.29087E+00       2.23932E+00       1.03110E-01       8.65204E-03       8.39108E-02       1.87903E-01       9.18897E-01
       2.29087E+00       2.39883E+00       2.34485E+00       1.07960E-01       8.45755E-03       7.83397E-02       1.83695E-01       9.27355E-01
       2.39883E+00       2.51189E+00       2.45536E+00       1.13060E-01       8.17375E-03       7.22957E-02       1.77512E-01       9.35529E-01
       2.51189E+00       2.63027E+00       2.57108E+00       1.18380E-01       7.76705E-03       6.56112E-02       1.68692E-01       9.43296E-01
       2.63027E+00       2.75423E+00       2.69225E+00       1.23960E-01       7.26352E-03       5.85956E-02       1.57754E-01       9.50559E-01
       2.75423E+00       2.88403E+00       2.81913E+00       1.29800E-01       6.69562E-03       5.15841E-02       1.45422E-01       9.57255E-01
       2.88403E+00       3.01995E+00       2.95199E+00       1.35920E-01       6.05531E-03       4.45505E-02       1.31513E-01       9.63310E-01
       3.01995E+00       3.16228E+00       3.09111E+00       1.42330E-01       5.36178E-03       3.76714E-02       1.16447E-01       9.68672E-01
       3.16228E+00       3.31131E+00       3.23679E+00       1.49030E-01       4.75458E-03       3.19035E-02       1.03265E-01       9.73427E-01
       3.31131E+00       3.46737E+00       3.38934E+00       1.56060E-01       4.13083E-03       2.64695E-02       8.97141E-02       9.77557E-01
       3.46737E+00       3.63078E+00       3.54908E+00       1.63410E-01       3.64278E-03       2.22923E-02       7.91169E-02       9.81200E-01
       3.63078E+00       3.80189E+00       3.71633E+00       1.71110E-01       3.19691E-03       1.86833E-02       6.94335E-02       9.84397E-01
       3.80189E+00       3.98107E+00       3.89148E+00       1.79180E-01       2.83550E-03       1.58249E-02       6.15821E-02       9.87233E-01
       3.98107E+00       4.16869E+00       4.07488E+00       1.87620E-01       2.52817E-03       1.34750E-02       5.49088E-02       9.89761E-01
       4.16869E+00       4.36516E+00       4.26692E+00       1.96470E-01       2.23803E-03       1.13912E-02       4.86053E-02       9.91999E-01
       4.36516E+00       4.57088E+00       4.46802E+00       2.05720E-01       1.95673E-03       9.51163E-03       4.24981E-02       9.93956E-01
       4.57088E+00       4.78630E+00       4.67859E+00       2.15420E-01       1.66670E-03       7.73697E-03       3.61981E-02       9.95622E-01
       4.78630E+00       5.00000E+00       4.89315E+00       2.13700E-01       1.30234E-03       6.09427E-03       2.98202E-02       9.96925E-01
       5.00000E+00       5.20000E+00       5.10000E+00       2.00000E-01       9.36918E-04       4.68459E-03       2.38914E-02       9.97862E-01
       5.20000E+00       5.40000E+00       5.30000E+00       2.00000E-01       7.00662E-04       3.50331E-03       1.85676E-02       9.98562E-01
       5.40000E+00       5.60000E+00       5.50000E+00       2.00000E-01       5.03442E-04       2.51721E-03       1.38447E-02       9.99066E-01
       5.60000E+00       5.80000E+00       5.70000E+00       2.00000E-01       3.49446E-04       1.74723E-03       9.95922E-03       9.99415E-01
       5.80000E+00       6.00000E+00       5.90000E+00       2.00000E-01       2.40298E-04       1.20149E-03       7.08879E-03       9.99656E-01
       6.00000E+00       6.20000E+00       6.10000E+00       2.00000E-01       1.66579E-04       8.32894E-04       5.08065E-03       9.99822E-01
       6.20000E+00       6.40000E+00       6.30000E+00       2.00000E-01       1.10615E-04       5.53077E-04       3.48439E-03       9.99933E-01
       6.40000E+00       6.60000E+00       6.50000E+00       2.00000E-01       6.39297E-05       3.19649E-04       2.07772E-03       9.99997E-01
       6.60000E+00       6.80000E+00       6.70000E+00       2.00000E-01       3.62262E-06       1.81131E-05       1.21358E-04       1.00000E+00

 Sum =                                                                         1.00000E+00
 Renormalization bin#   992 =                                                  9.87611E-02 barn        2.32000E+07        2.34000E+07        2.33000E+07
 Avg. Energy     bin#   992 =                                                  1.12423E+00 MeV         2.32000E+07        2.34000E+07
