"        MT= 91 recoil spectrum "
" Initial neutron energy corresponds to the group:"
   2.76000E+01    2.78000E+01       0.00000E+00           615           915           301



          Low               High              Mid              Energy           Number             dn/de            E*dn/de          Cumulative
         Energy            Energy            Energy             Width          Fraction                               Sum   
         [MeV]             [MeV]             [MeV]              [MeV]

       9.97500E-06       1.00000E-05       9.98750E-06       2.49996E-08       0.00000E+00       0.00000E+00       0.00000E+00       0.00000E+00
       1.00000E-05       1.04713E-05       1.02356E-05       4.71300E-07       1.04405E-10       2.21526E-04       2.26746E-09       1.04405E-10
       1.04713E-05       1.09648E-05       1.07180E-05       4.93500E-07       1.14476E-10       2.31967E-04       2.48624E-09       2.18881E-10
       1.09648E-05       1.14815E-05       1.12232E-05       5.16700E-07       1.25523E-10       2.42933E-04       2.72647E-09       3.44404E-10
       1.14815E-05       1.20226E-05       1.17521E-05       5.41101E-07       1.37635E-10       2.54362E-04       2.98927E-09       4.82040E-10
       1.20226E-05       1.25892E-05       1.23059E-05       5.66600E-07       1.50909E-10       2.66341E-04       3.27757E-09       6.32948E-10
       1.25892E-05       1.31826E-05       1.28859E-05       5.93400E-07       1.65472E-10       2.78854E-04       3.59328E-09       7.98420E-10
       1.31826E-05       1.38038E-05       1.34932E-05       6.21200E-07       1.81433E-10       2.92068E-04       3.94093E-09       9.79853E-10
       1.38038E-05       1.44544E-05       1.41291E-05       6.50600E-07       1.98941E-10       3.05780E-04       4.32040E-09       1.17879E-09
       1.44544E-05       1.51356E-05       1.47950E-05       6.81200E-07       2.18132E-10       3.20217E-04       4.73761E-09       1.39693E-09
       1.51356E-05       1.58489E-05       1.54922E-05       7.13300E-07       2.39182E-10       3.35318E-04       5.19483E-09       1.63611E-09
       1.58489E-05       1.65959E-05       1.62224E-05       7.47000E-07       2.62255E-10       3.51078E-04       5.69532E-09       1.89836E-09
       1.65959E-05       1.73780E-05       1.69869E-05       7.82101E-07       2.87553E-10       3.67668E-04       6.24556E-09       2.18592E-09
       1.73780E-05       1.81970E-05       1.77875E-05       8.19000E-07       3.15295E-10       3.84975E-04       6.84775E-09       2.50121E-09
       1.81970E-05       1.90546E-05       1.86258E-05       8.57599E-07       3.45710E-10       4.03114E-04       7.50832E-09       2.84692E-09
       1.90546E-05       1.99526E-05       1.95036E-05       8.98001E-07       3.79070E-10       4.22127E-04       8.23300E-09       3.22599E-09
       1.99526E-05       2.08930E-05       2.04228E-05       9.40399E-07       4.15647E-10       4.41990E-04       9.02668E-09       3.64164E-09
       2.08930E-05       2.18776E-05       2.13853E-05       9.84600E-07       4.55740E-10       4.62868E-04       9.89856E-09       4.09738E-09
       2.18776E-05       2.29087E-05       2.23932E-05       1.03110E-06       4.99713E-10       4.84640E-04       1.08526E-08       4.59709E-09
       2.29087E-05       2.39883E-05       2.34485E-05       1.07960E-06       5.47922E-10       5.07523E-04       1.19007E-08       5.14501E-09
       2.39883E-05       2.51189E-05       2.45536E-05       1.13060E-06       6.00785E-10       5.31386E-04       1.30474E-08       5.74580E-09
       2.51189E-05       2.63027E-05       2.57108E-05       1.18380E-06       6.58752E-10       5.56472E-04       1.43074E-08       6.40455E-09
       2.63027E-05       2.75423E-05       2.69225E-05       1.23960E-06       7.22297E-10       5.82686E-04       1.56874E-08       7.12685E-09
       2.75423E-05       2.88403E-05       2.81913E-05       1.29800E-06       7.91990E-10       6.10161E-04       1.72012E-08       7.91884E-09
       2.88403E-05       3.01995E-05       2.95199E-05       1.35920E-06       8.68401E-10       6.38906E-04       1.88604E-08       8.78724E-09
       3.01995E-05       3.16228E-05       3.09111E-05       1.42330E-06       9.52182E-10       6.68995E-04       2.06794E-08       9.73942E-09
       3.16228E-05       3.31131E-05       3.23679E-05       1.49030E-06       1.04404E-09       7.00557E-04       2.26756E-08       1.07835E-08
       3.31131E-05       3.46737E-05       3.38934E-05       1.56060E-06       1.14477E-09       7.33545E-04       2.48623E-08       1.19282E-08
       3.46737E-05       3.63078E-05       3.54907E-05       1.63410E-06       1.25521E-09       7.68133E-04       2.72616E-08       1.31834E-08
       3.63078E-05       3.80189E-05       3.71634E-05       1.71110E-06       1.37635E-09       8.04366E-04       2.98930E-08       1.45598E-08
       3.80189E-05       3.98107E-05       3.89148E-05       1.79180E-06       1.50909E-09       8.42220E-04       3.27748E-08       1.60689E-08
       3.98107E-05       4.16869E-05       4.07488E-05       1.87620E-06       1.65472E-09       8.81951E-04       3.59384E-08       1.77236E-08
       4.16869E-05       4.36516E-05       4.26692E-05       1.96470E-06       1.81433E-09       9.23463E-04       3.94035E-08       1.95379E-08
       4.36516E-05       4.57088E-05       4.46802E-05       2.05720E-06       1.98941E-09       9.67046E-04       4.32078E-08       2.15273E-08
       4.57088E-05       4.78630E-05       4.67859E-05       2.15420E-06       2.18132E-09       1.01259E-03       4.73749E-08       2.37086E-08
       4.78630E-05       5.01187E-05       4.89908E-05       2.25570E-06       2.39033E-09       1.05968E-03       5.19148E-08       2.60990E-08
       5.01187E-05       5.24808E-05       5.12998E-05       2.36210E-06       2.57681E-09       1.09090E-03       5.59627E-08       2.86758E-08
       5.24808E-05       5.49541E-05       5.37174E-05       2.47330E-06       2.75637E-09       1.11445E-03       5.98654E-08       3.14322E-08
       5.49541E-05       5.75440E-05       5.62490E-05       2.58990E-06       2.95004E-09       1.13906E-03       6.40710E-08       3.43822E-08
       5.75440E-05       6.02560E-05       5.89000E-05       2.71200E-06       3.15906E-09       1.16484E-03       6.86092E-08       3.75413E-08
       6.02560E-05       6.30957E-05       6.16758E-05       2.83970E-06       3.38462E-09       1.19190E-03       7.35112E-08       4.09259E-08
       6.30957E-05       6.60693E-05       6.45825E-05       2.97360E-06       3.62825E-09       1.22015E-03       7.88005E-08       4.45541E-08
       6.60693E-05       6.91831E-05       6.76262E-05       3.11380E-06       3.89155E-09       1.24977E-03       8.45174E-08       4.84457E-08
       6.91831E-05       7.24436E-05       7.08134E-05       3.26051E-06       4.17602E-09       1.28079E-03       9.06969E-08       5.26217E-08
       7.24436E-05       7.58578E-05       7.41507E-05       3.41420E-06       4.48221E-09       1.31281E-03       9.73460E-08       5.71039E-08
       7.58578E-05       7.94328E-05       7.76453E-05       3.57500E-06       4.79939E-09       1.34249E-03       1.04238E-07       6.19033E-08
       7.94328E-05       8.31764E-05       8.13046E-05       3.74360E-06       5.13801E-09       1.37248E-03       1.11589E-07       6.70413E-08
       8.31764E-05       8.70964E-05       8.51364E-05       3.92000E-06       5.50338E-09       1.40392E-03       1.19525E-07       7.25447E-08
       8.70964E-05       9.12011E-05       8.91488E-05       4.10471E-06       5.89778E-09       1.43683E-03       1.28092E-07       7.84424E-08
       9.12011E-05       9.54993E-05       9.33502E-05       4.29820E-06       6.32395E-09       1.47130E-03       1.37346E-07       8.47664E-08
       9.54993E-05       1.00000E-04       9.77497E-05       4.50070E-06       6.78404E-09       1.50733E-03       1.47341E-07       9.15504E-08
       1.00000E-04       1.04713E-04       1.02356E-04       4.71300E-06       7.26355E-09       1.54117E-03       1.57749E-07       9.88140E-08
       1.04713E-04       1.09648E-04       1.07181E-04       4.93501E-06       7.76952E-09       1.57437E-03       1.68742E-07       1.06584E-07
       1.09648E-04       1.14815E-04       1.12232E-04       5.16700E-06       8.31553E-09       1.60935E-03       1.80620E-07       1.14899E-07
       1.14815E-04       1.20226E-04       1.17520E-04       5.41100E-06       8.90415E-09       1.64557E-03       1.93388E-07       1.23803E-07
       1.20226E-04       1.25892E-04       1.23059E-04       5.66600E-06       9.53987E-09       1.68370E-03       2.07195E-07       1.33343E-07
       1.25892E-04       1.31826E-04       1.28859E-04       5.93401E-06       1.02264E-08       1.72335E-03       2.22069E-07       1.43569E-07
       1.31826E-04       1.38038E-04       1.34932E-04       6.21199E-06       1.09677E-08       1.76556E-03       2.38231E-07       1.54537E-07
       1.38038E-04       1.44544E-04       1.41291E-04       6.50601E-06       1.17695E-08       1.80902E-03       2.55598E-07       1.66307E-07
       1.44544E-04       1.51356E-04       1.47950E-04       6.81200E-06       1.26330E-08       1.85452E-03       2.74376E-07       1.78940E-07
       1.51356E-04       1.58489E-04       1.54922E-04       7.13300E-06       1.35286E-08       1.89662E-03       2.93829E-07       1.92468E-07
       1.58489E-04       1.65959E-04       1.62224E-04       7.47000E-06       1.44827E-08       1.93878E-03       3.14517E-07       2.06951E-07
       1.65959E-04       1.73780E-04       1.69870E-04       7.82100E-06       1.55122E-08       1.98340E-03       3.36919E-07       2.22463E-07
       1.73780E-04       1.81970E-04       1.77875E-04       8.19000E-06       1.66236E-08       2.02974E-03       3.61040E-07       2.39087E-07
       1.81970E-04       1.90546E-04       1.86258E-04       8.57600E-06       1.78242E-08       2.07838E-03       3.87115E-07       2.56911E-07
       1.90546E-04       1.99526E-04       1.95036E-04       8.98000E-06       1.91209E-08       2.12927E-03       4.15285E-07       2.76032E-07
       1.99526E-04       2.08930E-04       2.04228E-04       9.40399E-06       2.04756E-08       2.17733E-03       4.44673E-07       2.96507E-07
       2.08930E-04       2.18776E-04       2.13853E-04       9.84601E-06       2.19021E-08       2.22446E-03       4.75708E-07       3.18409E-07
       2.18776E-04       2.29087E-04       2.23932E-04       1.03110E-05       2.34401E-08       2.27331E-03       5.09065E-07       3.41849E-07
       2.29087E-04       2.39883E-04       2.34485E-04       1.07960E-05       2.50993E-08       2.32487E-03       5.45147E-07       3.66949E-07
       2.39883E-04       2.51189E-04       2.45536E-04       1.13060E-05       2.68902E-08       2.37840E-03       5.83984E-07       3.93839E-07
       2.51189E-04       2.63027E-04       2.57108E-04       1.18380E-05       2.88247E-08       2.43493E-03       6.26039E-07       4.22664E-07
       2.63027E-04       2.75423E-04       2.69225E-04       1.23960E-05       3.09143E-08       2.49389E-03       6.71418E-07       4.53578E-07
       2.75423E-04       2.88403E-04       2.81913E-04       1.29800E-05       3.31728E-08       2.55568E-03       7.20480E-07       4.86751E-07
       2.88403E-04       3.01995E-04       2.95199E-04       1.35920E-05       3.56089E-08       2.61984E-03       7.73375E-07       5.22360E-07
       3.01995E-04       3.16228E-04       3.09111E-04       1.42330E-05       3.81375E-08       2.67951E-03       8.28268E-07       5.60497E-07
       3.16228E-04       3.31131E-04       3.23680E-04       1.49030E-05       4.08260E-08       2.73945E-03       8.86703E-07       6.01323E-07
       3.31131E-04       3.46737E-04       3.38934E-04       1.56060E-05       4.37276E-08       2.80198E-03       9.49685E-07       6.45051E-07
       3.46737E-04       3.63078E-04       3.54908E-04       1.63410E-05       4.68598E-08       2.86762E-03       1.01774E-06       6.91910E-07
       3.63078E-04       3.80189E-04       3.71634E-04       1.71110E-05       5.02429E-08       2.93629E-03       1.09123E-06       7.42153E-07
       3.80189E-04       3.98107E-04       3.89148E-04       1.79180E-05       5.38994E-08       3.00811E-03       1.17060E-06       7.96053E-07
       3.98107E-04       4.16869E-04       4.07488E-04       1.87620E-05       5.78699E-08       3.08442E-03       1.25687E-06       8.53923E-07
       4.16869E-04       4.36516E-04       4.26692E-04       1.96470E-05       6.21825E-08       3.16499E-03       1.35048E-06       9.16105E-07
       4.36516E-04       4.57088E-04       4.46802E-04       2.05720E-05       6.68516E-08       3.24964E-03       1.45194E-06       9.82957E-07
       4.57088E-04       4.78630E-04       4.67859E-04       2.15420E-05       7.19080E-08       3.33804E-03       1.56173E-06       1.05486E-06
       4.78630E-04       5.01187E-04       4.89909E-04       2.25570E-05       7.73867E-08       3.43072E-03       1.68074E-06       1.13225E-06
       5.01187E-04       5.24808E-04       5.12998E-04       2.36210E-05       8.33257E-08       3.52762E-03       1.80966E-06       1.21558E-06
       5.24808E-04       5.49541E-04       5.37175E-04       2.47330E-05       8.97649E-08       3.62935E-03       1.94960E-06       1.30534E-06
       5.49541E-04       5.75440E-04       5.62491E-04       2.58990E-05       9.67502E-08       3.73568E-03       2.10128E-06       1.40209E-06
       5.75440E-04       6.02560E-04       5.89000E-04       2.71200E-05       1.04317E-07       3.84651E-03       2.26560E-06       1.50641E-06
       6.02560E-04       6.30957E-04       6.16758E-04       2.83970E-05       1.12214E-07       3.95162E-03       2.43719E-06       1.61862E-06
       6.30957E-04       6.60693E-04       6.45825E-04       2.97360E-05       1.20625E-07       4.05652E-03       2.61980E-06       1.73925E-06
       6.60693E-04       6.91831E-04       6.76262E-04       3.11380E-05       1.29733E-07       4.16639E-03       2.81757E-06       1.86898E-06
       6.91831E-04       7.24436E-04       7.08133E-04       3.26050E-05       1.39601E-07       4.28157E-03       3.03192E-06       2.00858E-06
       7.24436E-04       7.58578E-04       7.41507E-04       3.41420E-05       1.50295E-07       4.40206E-03       3.26416E-06       2.15888E-06
       7.58578E-04       7.94328E-04       7.76453E-04       3.57500E-05       1.61890E-07       4.52839E-03       3.51608E-06       2.32077E-06
       7.94328E-04       8.31764E-04       8.13046E-04       3.74360E-05       1.74070E-07       4.64980E-03       3.78050E-06       2.49484E-06
       8.31764E-04       8.70964E-04       8.51364E-04       3.92000E-05       1.86828E-07       4.76601E-03       4.05761E-06       2.68166E-06
       8.70964E-04       9.12011E-04       8.91487E-04       4.10470E-05       2.00622E-07       4.88762E-03       4.35726E-06       2.88229E-06
       9.12011E-04       9.54993E-04       9.33502E-04       4.29820E-05       2.15550E-07       5.01490E-03       4.68142E-06       3.09784E-06
       9.54993E-04       1.00000E-03       9.77497E-04       4.50070E-05       2.31708E-07       5.14826E-03       5.03241E-06       3.32955E-06
       1.00000E-03       1.04713E-03       1.02356E-03       4.71300E-05       2.49211E-07       5.28773E-03       5.41233E-06       3.57876E-06
       1.04713E-03       1.09648E-03       1.07180E-03       4.93500E-05       2.68163E-07       5.43390E-03       5.82408E-06       3.84692E-06
       1.09648E-03       1.14815E-03       1.12231E-03       5.16700E-05       2.88718E-07       5.58772E-03       6.27118E-06       4.13564E-06
       1.14815E-03       1.20226E-03       1.17520E-03       5.41100E-05       3.10961E-07       5.74684E-03       6.75371E-06       4.44660E-06
       1.20226E-03       1.25892E-03       1.23059E-03       5.66600E-05       3.34128E-07       5.89706E-03       7.25686E-06       4.78072E-06
       1.25892E-03       1.31826E-03       1.28859E-03       5.93400E-05       3.58670E-07       6.04433E-03       7.78866E-06       5.13939E-06
       1.31826E-03       1.38038E-03       1.34932E-03       6.21200E-05       3.85208E-07       6.20103E-03       8.36717E-06       5.52460E-06
       1.38038E-03       1.44544E-03       1.41291E-03       6.50599E-05       4.13940E-07       6.36244E-03       8.98956E-06       5.93854E-06
       1.44544E-03       1.51356E-03       1.47950E-03       6.81201E-05       4.45034E-07       6.53307E-03       9.66568E-06       6.38358E-06
       1.51356E-03       1.58489E-03       1.54923E-03       7.13300E-05       4.78720E-07       6.71134E-03       1.03974E-05       6.86230E-06
       1.58489E-03       1.65959E-03       1.62224E-03       7.47000E-05       5.14206E-07       6.88361E-03       1.11669E-05       7.37650E-06
       1.65959E-03       1.73780E-03       1.69870E-03       7.82101E-05       5.51271E-07       7.04860E-03       1.19734E-05       7.92777E-06
       1.73780E-03       1.81970E-03       1.77875E-03       8.18999E-05       5.91310E-07       7.21992E-03       1.28424E-05       8.51908E-06
       1.81970E-03       1.90546E-03       1.86258E-03       8.57600E-05       6.34593E-07       7.39964E-03       1.37824E-05       9.15368E-06
       1.90546E-03       1.99526E-03       1.95036E-03       8.98001E-05       6.81398E-07       7.58795E-03       1.47992E-05       9.83508E-06
       1.99526E-03       2.08930E-03       2.04228E-03       9.40400E-05       7.32051E-07       7.78446E-03       1.58980E-05       1.05671E-05
       2.08930E-03       2.18776E-03       2.13853E-03       9.84600E-05       7.86874E-07       7.99182E-03       1.70907E-05       1.13540E-05
       2.18776E-03       2.29087E-03       2.23932E-03       1.03110E-04       8.46236E-07       8.20711E-03       1.83783E-05       1.22002E-05
       2.29087E-03       2.39883E-03       2.34485E-03       1.07960E-04       9.10500E-07       8.43369E-03       1.97757E-05       1.31107E-05
       2.39883E-03       2.51189E-03       2.45536E-03       1.13060E-04       9.77555E-07       8.64635E-03       2.12299E-05       1.40883E-05
       2.51189E-03       2.63027E-03       2.57108E-03       1.18380E-04       1.04841E-06       8.85631E-03       2.27703E-05       1.51367E-05
       2.63027E-03       2.75423E-03       2.69225E-03       1.23960E-04       1.12499E-06       9.07542E-03       2.44333E-05       1.62617E-05
       2.75423E-03       2.88403E-03       2.81913E-03       1.29800E-04       1.20779E-06       9.30504E-03       2.62321E-05       1.74695E-05
       2.88403E-03       3.01995E-03       2.95199E-03       1.35920E-04       1.29737E-06       9.54514E-03       2.81772E-05       1.87669E-05
       3.01995E-03       3.16228E-03       3.09112E-03       1.42330E-04       1.39434E-06       9.79649E-03       3.02821E-05       2.01612E-05
       3.16228E-03       3.31131E-03       3.23679E-03       1.49030E-04       1.49675E-06       1.00433E-02       3.25081E-05       2.16579E-05
       3.31131E-03       3.46737E-03       3.38934E-03       1.56060E-04       1.60352E-06       1.02750E-02       3.48256E-05       2.32615E-05
       3.46737E-03       3.63078E-03       3.54907E-03       1.63410E-04       1.71872E-06       1.05179E-02       3.73287E-05       2.49802E-05
       3.63078E-03       3.80189E-03       3.71633E-03       1.71110E-04       1.84317E-06       1.07718E-02       4.00317E-05       2.68234E-05
       3.80189E-03       3.98107E-03       3.89148E-03       1.79180E-04       1.97769E-06       1.10375E-02       4.29521E-05       2.88011E-05
       3.98107E-03       4.16869E-03       4.07488E-03       1.87620E-04       2.12315E-06       1.13162E-02       4.61122E-05       3.09242E-05
       4.16869E-03       4.36516E-03       4.26693E-03       1.96470E-04       2.28049E-06       1.16073E-02       4.95275E-05       3.32047E-05
       4.36516E-03       4.57088E-03       4.46802E-03       2.05720E-04       2.45079E-06       1.19133E-02       5.32287E-05       3.56555E-05
       4.57088E-03       4.78630E-03       4.67859E-03       2.15420E-04       2.63503E-06       1.22321E-02       5.72289E-05       3.82905E-05
       4.78630E-03       5.01187E-03       4.89909E-03       2.25570E-04       2.82256E-06       1.25130E-02       6.13022E-05       4.11131E-05
       5.01187E-03       5.24807E-03       5.12997E-03       2.36200E-04       3.01556E-06       1.27670E-02       6.54942E-05       4.41286E-05
       5.24807E-03       5.49541E-03       5.37174E-03       2.47340E-04       3.22341E-06       1.30323E-02       7.00062E-05       4.73521E-05
       5.49541E-03       5.75440E-03       5.62491E-03       2.58990E-04       3.44742E-06       1.33110E-02       7.48734E-05       5.07995E-05
       5.75440E-03       6.02560E-03       5.89000E-03       2.71200E-04       3.68895E-06       1.36023E-02       8.01177E-05       5.44884E-05
       6.02560E-03       6.30957E-03       6.16759E-03       2.83970E-04       3.94947E-06       1.39081E-02       8.57792E-05       5.84379E-05
       6.30957E-03       6.60693E-03       6.45825E-03       2.97360E-04       4.22484E-06       1.42078E-02       9.17575E-05       6.26627E-05
       6.60693E-03       6.91831E-03       6.76262E-03       3.11380E-04       4.51077E-06       1.44864E-02       9.79661E-05       6.71735E-05
       6.91831E-03       7.24436E-03       7.08133E-03       3.26050E-04       4.81823E-06       1.47776E-02       1.04645E-04       7.19917E-05
       7.24436E-03       7.58578E-03       7.41507E-03       3.41420E-04       5.14933E-06       1.50821E-02       1.11835E-04       7.71411E-05
       7.58578E-03       7.94328E-03       7.76453E-03       3.57500E-04       5.50608E-06       1.54016E-02       1.19586E-04       8.26472E-05
       7.94328E-03       8.31764E-03       8.13046E-03       3.74360E-04       5.89067E-06       1.57353E-02       1.27935E-04       8.85378E-05
       8.31764E-03       8.70964E-03       8.51364E-03       3.92000E-04       6.30541E-06       1.60852E-02       1.36944E-04       9.48432E-05
       8.70964E-03       9.12011E-03       8.91487E-03       4.10471E-04       6.75295E-06       1.64517E-02       1.46665E-04       1.01596E-04
       9.12011E-03       9.54993E-03       9.33502E-03       4.29819E-04       7.23602E-06       1.68350E-02       1.57155E-04       1.08832E-04
       9.54993E-03       1.00000E-02       9.77496E-03       4.50070E-04       7.74273E-06       1.72034E-02       1.68162E-04       1.16575E-04
       1.00000E-02       1.04713E-02       1.02357E-02       4.71300E-04       8.27518E-06       1.75582E-02       1.79720E-04       1.24850E-04
       1.04713E-02       1.09648E-02       1.07180E-02       4.93500E-04       8.84857E-06       1.79302E-02       1.92177E-04       1.33699E-04
       1.09648E-02       1.14815E-02       1.12232E-02       5.16700E-04       9.46712E-06       1.83223E-02       2.05634E-04       1.43166E-04
       1.14815E-02       1.20226E-02       1.17521E-02       5.41100E-04       1.01338E-05       1.87281E-02       2.20093E-04       1.53300E-04
       1.20226E-02       1.25892E-02       1.23059E-02       5.66601E-04       1.08535E-05       1.91556E-02       2.35726E-04       1.64153E-04
       1.25892E-02       1.31826E-02       1.28859E-02       5.93399E-04       1.16243E-05       1.95893E-02       2.52426E-04       1.75777E-04
       1.31826E-02       1.38038E-02       1.34932E-02       6.21200E-04       1.24418E-05       2.00287E-02       2.70252E-04       1.88219E-04
       1.38038E-02       1.44544E-02       1.41291E-02       6.50601E-04       1.33239E-05       2.04793E-02       2.89354E-04       2.01543E-04
       1.44544E-02       1.51356E-02       1.47950E-02       6.81199E-04       1.42755E-05       2.09564E-02       3.10050E-04       2.15819E-04
       1.51356E-02       1.58489E-02       1.54923E-02       7.13301E-04       1.53036E-05       2.14546E-02       3.32380E-04       2.31122E-04
       1.58489E-02       1.65959E-02       1.62224E-02       7.47000E-04       1.64143E-05       2.19736E-02       3.56465E-04       2.47536E-04
       1.65959E-02       1.73780E-02       1.69870E-02       7.82100E-04       1.76149E-05       2.25226E-02       3.82590E-04       2.65151E-04
       1.73780E-02       1.81970E-02       1.77875E-02       8.19000E-04       1.89133E-05       2.30932E-02       4.10771E-04       2.84065E-04
       1.81970E-02       1.90546E-02       1.86258E-02       8.57600E-04       2.03181E-05       2.36918E-02       4.41278E-04       3.04383E-04
       1.90546E-02       1.99526E-02       1.95036E-02       8.98000E-04       2.17974E-05       2.42733E-02       4.73417E-04       3.26180E-04
       1.99526E-02       2.08930E-02       2.04228E-02       9.40400E-04       2.33510E-05       2.48310E-02       5.07118E-04       3.49531E-04
       2.08930E-02       2.18776E-02       2.13853E-02       9.84600E-04       2.50281E-05       2.54196E-02       5.43606E-04       3.74559E-04
       2.18776E-02       2.29087E-02       2.23931E-02       1.03110E-03       2.68396E-05       2.60301E-02       5.82896E-04       4.01399E-04
       2.29087E-02       2.39883E-02       2.34485E-02       1.07960E-03       2.87977E-05       2.66744E-02       6.25474E-04       4.30197E-04
       2.39883E-02       2.51189E-02       2.45536E-02       1.13060E-03       3.09148E-05       2.73437E-02       6.71387E-04       4.61111E-04
       2.51189E-02       2.63027E-02       2.57108E-02       1.18380E-03       3.31571E-05       2.80090E-02       7.20135E-04       4.94268E-04
       2.63027E-02       2.75423E-02       2.69225E-02       1.23960E-03       3.54505E-05       2.85983E-02       7.69937E-04       5.29719E-04
       2.75423E-02       2.88403E-02       2.81913E-02       1.29800E-03       3.79148E-05       2.92102E-02       8.23472E-04       5.67634E-04
       2.88403E-02       3.01995E-02       2.95199E-02       1.35920E-03       4.05715E-05       2.98496E-02       8.81157E-04       6.08205E-04
       3.01995E-02       3.16228E-02       3.09112E-02       1.42330E-03       4.34378E-05       3.05191E-02       9.43380E-04       6.51643E-04
       3.16228E-02       3.31131E-02       3.23680E-02       1.49030E-03       4.65308E-05       3.12224E-02       1.01061E-03       6.98174E-04
       3.31131E-02       3.46737E-02       3.38934E-02       1.56060E-03       4.98712E-05       3.19565E-02       1.08311E-03       7.48045E-04
       3.46737E-02       3.63078E-02       3.54908E-02       1.63410E-03       5.34789E-05       3.27268E-02       1.16150E-03       8.01524E-04
       3.63078E-02       3.80189E-02       3.71633E-02       1.71110E-03       5.73781E-05       3.35329E-02       1.24619E-03       8.58902E-04
       3.80189E-02       3.98107E-02       3.89148E-02       1.79180E-03       6.14873E-05       3.43159E-02       1.33540E-03       9.20389E-04
       3.98107E-02       4.16869E-02       4.07488E-02       1.87620E-03       6.57784E-05       3.50594E-02       1.42863E-03       9.86168E-04
       4.16869E-02       4.36516E-02       4.26693E-02       1.96470E-03       7.04045E-05       3.58347E-02       1.52904E-03       1.05657E-03
       4.36516E-02       4.57088E-02       4.46802E-02       2.05720E-03       7.53963E-05       3.66500E-02       1.63753E-03       1.13197E-03
       4.57088E-02       4.78630E-02       4.67859E-02       2.15420E-03       8.07843E-05       3.75009E-02       1.75451E-03       1.21275E-03
       4.78630E-02       5.01187E-02       4.89908E-02       2.25570E-03       8.66034E-05       3.83932E-02       1.88091E-03       1.29936E-03
       5.01187E-02       5.24808E-02       5.12998E-02       2.36210E-03       9.27743E-05       3.92762E-02       2.01486E-03       1.39213E-03
       5.24808E-02       5.49541E-02       5.37174E-02       2.47330E-03       9.90622E-05       4.00526E-02       2.15153E-03       1.49119E-03
       5.49541E-02       5.75440E-02       5.62491E-02       2.58990E-03       1.05801E-04       4.08515E-02       2.29786E-03       1.59699E-03
       5.75440E-02       6.02560E-02       5.89000E-02       2.71200E-03       1.13059E-04       4.16882E-02       2.45544E-03       1.71005E-03
       6.02560E-02       6.30957E-02       6.16758E-02       2.83970E-03       1.20876E-04       4.25665E-02       2.62532E-03       1.83093E-03
       6.30957E-02       6.60693E-02       6.45825E-02       2.97360E-03       1.29302E-04       4.34835E-02       2.80827E-03       1.96023E-03
       6.60693E-02       6.91831E-02       6.76262E-02       3.11380E-03       1.38390E-04       4.44440E-02       3.00558E-03       2.09862E-03
       6.91831E-02       7.24436E-02       7.08134E-02       3.26050E-03       1.48193E-04       4.54510E-02       3.21854E-03       2.24681E-03
       7.24436E-02       7.58578E-02       7.41507E-02       3.41420E-03       1.58775E-04       4.65044E-02       3.44834E-03       2.40559E-03
       7.58578E-02       7.94328E-02       7.76453E-02       3.57500E-03       1.69934E-04       4.75341E-02       3.69080E-03       2.57552E-03
       7.94328E-02       8.31764E-02       8.13046E-02       3.74360E-03       1.81529E-04       4.84905E-02       3.94250E-03       2.75705E-03
       8.31764E-02       8.70964E-02       8.51364E-02       3.92000E-03       1.94007E-04       4.94916E-02       4.21354E-03       2.95106E-03
       8.70964E-02       9.12011E-02       8.91488E-02       4.10470E-03       2.07452E-04       5.05400E-02       4.50558E-03       3.15851E-03
       9.12011E-02       9.54993E-02       9.33502E-02       4.29820E-03       2.21946E-04       5.16369E-02       4.82032E-03       3.38046E-03
       9.54993E-02       1.00000E-01       9.77497E-02       4.50070E-03       2.37577E-04       5.27866E-02       5.15987E-03       3.61803E-03
       1.00000E-01       1.04713E-01       1.02357E-01       4.71300E-03       2.54295E-04       5.39560E-02       5.52275E-03       3.87233E-03
       1.04713E-01       1.09648E-01       1.07180E-01       4.93500E-03       2.71749E-04       5.50656E-02       5.90195E-03       4.14408E-03
       1.09648E-01       1.14815E-01       1.12231E-01       5.16700E-03       2.90505E-04       5.62232E-02       6.31001E-03       4.43458E-03
       1.14815E-01       1.20226E-01       1.17520E-01       5.41100E-03       3.10703E-04       5.74207E-02       6.74811E-03       4.74529E-03
       1.20226E-01       1.25892E-01       1.23059E-01       5.66600E-03       3.32495E-04       5.86825E-02       7.22140E-03       5.07778E-03
       1.25892E-01       1.31826E-01       1.28859E-01       5.93400E-03       3.56636E-04       6.01004E-02       7.74447E-03       5.43442E-03
       1.31826E-01       1.38038E-01       1.34932E-01       6.21200E-03       3.84153E-04       6.18405E-02       8.34426E-03       5.81857E-03
       1.38038E-01       1.44544E-01       1.41291E-01       6.50600E-03       4.15185E-04       6.38156E-02       9.01658E-03       6.23375E-03
       1.44544E-01       1.51356E-01       1.47950E-01       6.81200E-03       4.52082E-04       6.63655E-02       9.81877E-03       6.68584E-03
       1.51356E-01       1.58489E-01       1.54923E-01       7.13300E-03       4.91987E-04       6.89733E-02       1.06855E-02       7.17782E-03
       1.58489E-01       1.65959E-01       1.62224E-01       7.47000E-03       5.34330E-04       7.15302E-02       1.16039E-02       7.71215E-03
       1.65959E-01       1.73780E-01       1.69869E-01       7.82100E-03       5.80476E-04       7.42201E-02       1.26077E-02       8.29263E-03
       1.73780E-01       1.81970E-01       1.77875E-01       8.19000E-03       6.30819E-04       7.70231E-02       1.37005E-02       8.92345E-03
       1.81970E-01       1.90546E-01       1.86258E-01       8.57600E-03       6.85755E-04       7.99621E-02       1.48936E-02       9.60920E-03
       1.90546E-01       1.99526E-01       1.95036E-01       8.98000E-03       7.45705E-04       8.30406E-02       1.61959E-02       1.03549E-02
       1.99526E-01       2.08930E-01       2.04228E-01       9.40400E-03       8.10490E-04       8.61857E-02       1.76015E-02       1.11654E-02
       2.08930E-01       2.18776E-01       2.13853E-01       9.84600E-03       8.78111E-04       8.91845E-02       1.90724E-02       1.20435E-02
       2.18776E-01       2.29087E-01       2.23931E-01       1.03110E-02       9.51340E-04       9.22646E-02       2.06610E-02       1.29948E-02
       2.29087E-01       2.39883E-01       2.34485E-01       1.07960E-02       1.03110E-03       9.55073E-02       2.23950E-02       1.40259E-02
       2.39883E-01       2.51189E-01       2.45536E-01       1.13060E-02       1.11798E-03       9.88840E-02       2.42796E-02       1.51439E-02
       2.51189E-01       2.63027E-01       2.57108E-01       1.18380E-02       1.21163E-03       1.02351E-01       2.63152E-02       1.63556E-02
       2.63027E-01       2.75423E-01       2.69225E-01       1.23960E-02       1.31084E-03       1.05747E-01       2.84697E-02       1.76664E-02
       2.75423E-01       2.88403E-01       2.81913E-01       1.29800E-02       1.41833E-03       1.09271E-01       3.08048E-02       1.90847E-02
       2.88403E-01       3.01995E-01       2.95199E-01       1.35920E-02       1.59364E-03       1.17249E-01       3.46117E-02       2.06784E-02
       3.01995E-01       3.16228E-01       3.09112E-01       1.42330E-02       1.97331E-03       1.38643E-01       4.28562E-02       2.26517E-02
       3.16228E-01       3.31131E-01       3.23680E-01       1.49030E-02       2.42720E-03       1.62867E-01       5.27167E-02       2.50789E-02
       3.31131E-01       3.46737E-01       3.38934E-01       1.56060E-02       2.93797E-03       1.88259E-01       6.38073E-02       2.80168E-02
       3.46737E-01       3.63078E-01       3.54908E-01       1.63410E-02       3.50813E-03       2.14683E-01       7.61925E-02       3.15250E-02
       3.63078E-01       3.80189E-01       3.71633E-01       1.71110E-02       4.12279E-03       2.40944E-01       8.95427E-02       3.56478E-02
       3.80189E-01       3.98107E-01       3.89148E-01       1.79180E-02       4.80399E-03       2.68110E-01       1.04334E-01       4.04518E-02
       3.98107E-01       4.16869E-01       4.07488E-01       1.87620E-02       5.55758E-03       2.96215E-01       1.20704E-01       4.60093E-02
       4.16869E-01       4.36516E-01       4.26692E-01       1.96470E-02       6.36035E-03       3.23731E-01       1.38134E-01       5.23697E-02
       4.36516E-01       4.57088E-01       4.46802E-01       2.05720E-02       7.24704E-03       3.52277E-01       1.57398E-01       5.96167E-02
       4.57088E-01       4.78630E-01       4.67859E-01       2.15420E-02       8.23213E-03       3.82143E-01       1.78789E-01       6.78489E-02
       4.78630E-01       5.01187E-01       4.89909E-01       2.25570E-02       9.32565E-03       4.13426E-01       2.02541E-01       7.71745E-02
       5.01187E-01       5.24808E-01       5.12998E-01       2.36210E-02       1.05045E-02       4.44711E-01       2.28136E-01       8.76790E-02
       5.24808E-01       5.49541E-01       5.37174E-01       2.47330E-02       1.17712E-02       4.75932E-01       2.55658E-01       9.94502E-02
       5.49541E-01       5.75440E-01       5.62490E-01       2.58990E-02       1.31718E-02       5.08585E-01       2.86074E-01       1.12622E-01
       5.75440E-01       6.02560E-01       5.89000E-01       2.71200E-02       1.47172E-02       5.42671E-01       3.19633E-01       1.27339E-01
       6.02560E-01       6.30957E-01       6.16758E-01       2.83970E-02       1.63500E-02       5.75764E-01       3.55107E-01       1.43689E-01
       6.30957E-01       6.60693E-01       6.45825E-01       2.97360E-02       1.81142E-02       6.09168E-01       3.93416E-01       1.61804E-01
       6.60693E-01       6.91831E-01       6.76262E-01       3.11380E-02       2.00576E-02       6.44152E-01       4.35616E-01       1.81861E-01
       6.91831E-01       7.24436E-01       7.08133E-01       3.26050E-02       2.21975E-02       6.80802E-01       4.82098E-01       2.04059E-01
       7.24436E-01       7.58578E-01       7.41507E-01       3.41420E-02       2.45537E-02       7.19163E-01       5.33265E-01       2.28612E-01
       7.58578E-01       7.94328E-01       7.76453E-01       3.57500E-02       2.71479E-02       7.59380E-01       5.89623E-01       2.55760E-01
       7.94328E-01       8.31764E-01       8.13046E-01       3.74360E-02       3.00188E-02       8.01869E-01       6.51956E-01       2.85779E-01
       8.31764E-01       8.70964E-01       8.51364E-01       3.92000E-02       3.31860E-02       8.46581E-01       7.20748E-01       3.18965E-01
       8.70964E-01       9.12011E-01       8.91487E-01       4.10470E-02       3.74151E-02       9.11517E-01       8.12606E-01       3.56380E-01
       9.12011E-01       9.54993E-01       9.33502E-01       4.29820E-02       5.34986E-02       1.24467E+00       1.16191E+00       4.09879E-01
       9.54993E-01       1.00000E+00       9.77497E-01       4.50070E-02       4.02679E-02       8.94703E-01       8.74569E-01       4.50146E-01
       1.00000E+00       1.04713E+00       1.02357E+00       4.71300E-02       3.94611E-02       8.37281E-01       8.57012E-01       4.89608E-01
       1.04713E+00       1.09648E+00       1.07181E+00       4.93500E-02       3.87667E-02       7.85546E-01       8.41952E-01       5.28374E-01
       1.09648E+00       1.14815E+00       1.12231E+00       5.16700E-02       3.81717E-02       7.38759E-01       8.29121E-01       5.66546E-01
       1.14815E+00       1.20226E+00       1.17520E+00       5.41100E-02       3.74357E-02       6.91844E-01       8.13058E-01       6.03982E-01
       1.20226E+00       1.25892E+00       1.23059E+00       5.66600E-02       3.66157E-02       6.46235E-01       7.95250E-01       6.40597E-01
       1.25892E+00       1.31826E+00       1.28859E+00       5.93400E-02       3.55227E-02       5.98630E-01       7.71388E-01       6.76120E-01
       1.31826E+00       1.38038E+00       1.34932E+00       6.21200E-02       3.41051E-02       5.49019E-01       7.40803E-01       7.10225E-01
       1.38038E+00       1.44544E+00       1.41291E+00       6.50600E-02       3.23237E-02       4.96830E-01       7.01975E-01       7.42549E-01
       1.44544E+00       1.51356E+00       1.47950E+00       6.81200E-02       3.01305E-02       4.42315E-01       6.54404E-01       7.72679E-01
       1.51356E+00       1.58489E+00       1.54923E+00       7.13300E-02       2.75399E-02       3.86092E-01       5.98143E-01       8.00219E-01
       1.58489E+00       1.65959E+00       1.62224E+00       7.47000E-02       2.47441E-02       3.31246E-01       5.37361E-01       8.24963E-01
       1.65959E+00       1.73780E+00       1.69869E+00       7.82100E-02       2.14642E-02       2.74444E-01       4.66196E-01       8.46428E-01
       1.73780E+00       1.81970E+00       1.77875E+00       8.19000E-02       1.77445E-02       2.16661E-01       3.85385E-01       8.64172E-01
       1.81970E+00       1.90546E+00       1.86258E+00       8.57600E-02       1.35179E-02       1.57625E-01       2.93589E-01       8.77690E-01
       1.90546E+00       1.99526E+00       1.95036E+00       8.98000E-02       1.01853E-02       1.13422E-01       2.21215E-01       8.87875E-01
       1.99526E+00       2.08930E+00       2.04228E+00       9.40400E-02       9.73354E-03       1.03504E-01       2.11385E-01       8.97609E-01
       2.08930E+00       2.18776E+00       2.13853E+00       9.84600E-02       9.30271E-03       9.44821E-02       2.02053E-01       9.06912E-01
       2.18776E+00       2.29087E+00       2.23932E+00       1.03110E-01       8.76567E-03       8.50128E-02       1.90371E-01       9.15677E-01
       2.29087E+00       2.39883E+00       2.34485E+00       1.07960E-01       8.10924E-03       7.51134E-02       1.76130E-01       9.23787E-01
       2.39883E+00       2.51189E+00       2.45536E+00       1.13060E-01       7.46215E-03       6.60017E-02       1.62058E-01       9.31249E-01
       2.51189E+00       2.63027E+00       2.57108E+00       1.18380E-01       7.21283E-03       6.09295E-02       1.56655E-01       9.38462E-01
       2.63027E+00       2.75423E+00       2.69225E+00       1.23960E-01       6.94604E-03       5.60345E-02       1.50859E-01       9.45408E-01
       2.75423E+00       2.88403E+00       2.81913E+00       1.29800E-01       6.60824E-03       5.09110E-02       1.43525E-01       9.52016E-01
       2.88403E+00       3.01995E+00       2.95199E+00       1.35920E-01       6.20048E-03       4.56186E-02       1.34666E-01       9.58216E-01
       3.01995E+00       3.16228E+00       3.09111E+00       1.42330E-01       5.71282E-03       4.01378E-02       1.24071E-01       9.63929E-01
       3.16228E+00       3.31131E+00       3.23679E+00       1.49030E-01       5.13393E-03       3.44490E-02       1.11504E-01       9.69063E-01
       3.31131E+00       3.46737E+00       3.38934E+00       1.56060E-01       4.58948E-03       2.94084E-02       9.96752E-02       9.73653E-01
       3.46737E+00       3.63078E+00       3.54908E+00       1.63410E-01       4.00555E-03       2.45123E-02       8.69959E-02       9.77658E-01
       3.63078E+00       3.80189E+00       3.71633E+00       1.71110E-01       3.45714E-03       2.02042E-02       7.50856E-02       9.81115E-01
       3.80189E+00       3.98107E+00       3.89148E+00       1.79180E-01       3.00437E-03       1.67674E-02       6.52498E-02       9.84120E-01
       3.98107E+00       4.16869E+00       4.07488E+00       1.87620E-01       2.59097E-03       1.38096E-02       5.62727E-02       9.86711E-01
       4.16869E+00       4.36516E+00       4.26692E+00       1.96470E-01       2.27089E-03       1.15585E-02       4.93191E-02       9.88981E-01
       4.36516E+00       4.57088E+00       4.46802E+00       2.05720E-01       2.00200E-03       9.73168E-03       4.34814E-02       9.90983E-01
       4.57088E+00       4.78630E+00       4.67859E+00       2.15420E-01       1.76331E-03       8.18544E-03       3.82963E-02       9.92747E-01
       4.78630E+00       5.00000E+00       4.89315E+00       2.13700E-01       1.47604E-03       6.90707E-03       3.37973E-02       9.94223E-01
       5.00000E+00       5.20000E+00       5.10000E+00       2.00000E-01       1.16460E-03       5.82300E-03       2.96973E-02       9.95387E-01
       5.20000E+00       5.40000E+00       5.30000E+00       2.00000E-01       9.75837E-04       4.87918E-03       2.58597E-02       9.96363E-01
       5.40000E+00       5.60000E+00       5.50000E+00       2.00000E-01       8.08742E-04       4.04371E-03       2.22404E-02       9.97172E-01
       5.60000E+00       5.80000E+00       5.70000E+00       2.00000E-01       6.60732E-04       3.30366E-03       1.88309E-02       9.97833E-01
       5.80000E+00       6.00000E+00       5.90000E+00       2.00000E-01       5.31540E-04       2.65770E-03       1.56804E-02       9.98364E-01
       6.00000E+00       6.20000E+00       6.10000E+00       2.00000E-01       4.24320E-04       2.12160E-03       1.29418E-02       9.98789E-01
       6.20000E+00       6.40000E+00       6.30000E+00       2.00000E-01       3.34356E-04       1.67178E-03       1.05322E-02       9.99123E-01
       6.40000E+00       6.60000E+00       6.50000E+00       2.00000E-01       2.59226E-04       1.29613E-03       8.42483E-03       9.99382E-01
       6.60000E+00       6.80000E+00       6.70000E+00       2.00000E-01       1.98395E-04       9.91975E-04       6.64624E-03       9.99581E-01
       6.80000E+00       7.00000E+00       6.90000E+00       2.00000E-01       1.48226E-04       7.41128E-04       5.11378E-03       9.99729E-01
       7.00000E+00       7.20000E+00       7.10000E+00       2.00000E-01       1.07057E-04       5.35284E-04       3.80052E-03       9.99836E-01
       7.20000E+00       7.40000E+00       7.30000E+00       2.00000E-01       7.54593E-05       3.77297E-04       2.75426E-03       9.99911E-01
       7.40000E+00       7.60000E+00       7.50000E+00       2.00000E-01       5.09218E-05       2.54609E-04       1.90957E-03       9.99962E-01
       7.60000E+00       7.80000E+00       7.70000E+00       2.00000E-01       3.09662E-05       1.54831E-04       1.19220E-03       9.99993E-01
       7.80000E+00       8.00000E+00       7.90000E+00       2.00000E-01       6.75074E-06       3.37537E-05       2.66654E-04       1.00000E+00

 Sum =                                                                         1.00000E+00
 Renormalization bin#  1014 =                                                  7.36802E-02 barn        2.76000E+07        2.78000E+07        2.77000E+07
 Avg. Energy     bin#  1014 =                                                  1.25010E+00 MeV         2.76000E+07        2.78000E+07
