"        MT=  4 recoil spectrum "
" Initial neutron energy corresponds to the group:"
   1.50000E+01    1.52000E+01       0.00000E+00           280           897           618



          Low               High              Mid              Energy           Number             dn/de            E*dn/de          Cumulative
         Energy            Energy            Energy             Width          Fraction                               Sum   
         [MeV]             [MeV]             [MeV]              [MeV]

       1.60000E-06       1.62500E-06       1.61250E-06       2.50000E-08       0.00000E+00       0.00000E+00       0.00000E+00       0.00000E+00
       1.62500E-06       1.65000E-06       1.63750E-06       2.50000E-08       2.37663E-12       9.50653E-05       1.55669E-10       2.37663E-12
       1.65000E-06       1.67500E-06       1.66250E-06       2.50000E-08       2.41302E-12       9.65207E-05       1.60466E-10       4.78965E-12
       1.67500E-06       1.70000E-06       1.68750E-06       2.50001E-08       2.44940E-12       9.79757E-05       1.65334E-10       7.23905E-12
       1.70000E-06       1.72500E-06       1.71250E-06       2.50000E-08       2.48555E-12       9.94223E-05       1.70261E-10       9.72460E-12
       1.72500E-06       1.75000E-06       1.73750E-06       2.50000E-08       2.52194E-12       1.00878E-04       1.75275E-10       1.22465E-11
       1.75000E-06       1.77500E-06       1.76250E-06       2.50000E-08       2.55809E-12       1.02324E-04       1.80346E-10       1.48046E-11
       1.77500E-06       1.80000E-06       1.78750E-06       2.50000E-08       2.59448E-12       1.03779E-04       1.85505E-10       1.73991E-11
       1.80000E-06       1.82500E-06       1.81250E-06       2.50001E-08       2.63063E-12       1.05225E-04       1.90720E-10       2.00297E-11
       1.82500E-06       1.85000E-06       1.83750E-06       2.50000E-08       2.66702E-12       1.06681E-04       1.96026E-10       2.26968E-11
       1.85000E-06       1.87500E-06       1.86250E-06       2.50000E-08       2.70340E-12       1.08136E-04       2.01404E-10       2.54002E-11
       1.87500E-06       1.90000E-06       1.88750E-06       2.50000E-08       2.73956E-12       1.09582E-04       2.06837E-10       2.81397E-11
       1.90000E-06       1.92500E-06       1.91250E-06       2.50000E-08       2.77594E-12       1.11038E-04       2.12360E-10       3.09157E-11
       1.92500E-06       1.95000E-06       1.93750E-06       2.50001E-08       2.81209E-12       1.12483E-04       2.17937E-10       3.37278E-11
       1.95000E-06       1.97500E-06       1.96250E-06       2.50000E-08       2.84848E-12       1.13939E-04       2.23606E-10       3.65762E-11
       1.97500E-06       2.00000E-06       1.98750E-06       2.50000E-08       2.88463E-12       1.15385E-04       2.29329E-10       3.94609E-11
       2.00000E-06       2.02500E-06       2.01250E-06       2.50001E-08       2.92102E-12       1.16840E-04       2.35141E-10       4.23819E-11
       2.02500E-06       2.05000E-06       2.03750E-06       2.49999E-08       2.95741E-12       1.18297E-04       2.41030E-10       4.53393E-11
       2.05000E-06       2.07500E-06       2.06250E-06       2.50001E-08       2.99356E-12       1.19742E-04       2.46968E-10       4.83329E-11
       2.07500E-06       2.10000E-06       2.08750E-06       2.49999E-08       3.02994E-12       1.21198E-04       2.53002E-10       5.13628E-11
       2.10000E-06       2.12500E-06       2.11250E-06       2.50001E-08       3.06610E-12       1.22643E-04       2.59084E-10       5.44289E-11
       2.12500E-06       2.15000E-06       2.13750E-06       2.50001E-08       3.10248E-12       1.24099E-04       2.65261E-10       5.75314E-11
       2.15000E-06       2.17500E-06       2.16250E-06       2.49999E-08       3.13863E-12       1.25546E-04       2.71493E-10       6.06700E-11
       2.17500E-06       2.20000E-06       2.18750E-06       2.50001E-08       3.17502E-12       1.27000E-04       2.77813E-10       6.38450E-11
       2.20000E-06       2.22500E-06       2.21250E-06       2.49999E-08       3.21141E-12       1.28457E-04       2.84211E-10       6.70565E-11
       2.22500E-06       2.25000E-06       2.23750E-06       2.50001E-08       3.24756E-12       1.29902E-04       2.90655E-10       7.03040E-11
       2.25000E-06       2.27500E-06       2.26250E-06       2.50001E-08       3.28395E-12       1.31357E-04       2.97196E-10       7.35880E-11
       2.27500E-06       2.30000E-06       2.28750E-06       2.49999E-08       3.32010E-12       1.32805E-04       3.03791E-10       7.69081E-11
       2.30000E-06       2.32500E-06       2.31250E-06       2.50001E-08       3.35648E-12       1.34259E-04       3.10474E-10       8.02646E-11
       2.32500E-06       2.35000E-06       2.33750E-06       2.49999E-08       3.39264E-12       1.35706E-04       3.17213E-10       8.36572E-11
       2.35000E-06       2.37500E-06       2.36250E-06       2.50001E-08       3.42902E-12       1.37160E-04       3.24041E-10       8.70862E-11
       2.37500E-06       2.40000E-06       2.38750E-06       2.50001E-08       3.46541E-12       1.38616E-04       3.30945E-10       9.05516E-11
       2.40000E-06       2.42500E-06       2.41250E-06       2.49999E-08       3.50156E-12       1.40063E-04       3.37903E-10       9.40532E-11
       2.42500E-06       2.45000E-06       2.43750E-06       2.50001E-08       3.53795E-12       1.41517E-04       3.44949E-10       9.75911E-11
       2.45000E-06       2.47500E-06       2.46250E-06       2.49999E-08       3.57410E-12       1.42965E-04       3.52051E-10       1.01165E-10
       2.47500E-06       2.50000E-06       2.48750E-06       2.50001E-08       3.61049E-12       1.44419E-04       3.59242E-10       1.04776E-10
       2.50000E-06       2.52500E-06       2.51250E-06       2.50001E-08       3.64664E-12       1.45865E-04       3.66486E-10       1.08422E-10
       2.52500E-06       2.55000E-06       2.53750E-06       2.49999E-08       3.68302E-12       1.47322E-04       3.73829E-10       1.12105E-10
       2.55000E-06       2.57500E-06       2.56250E-06       2.50001E-08       3.71941E-12       1.48776E-04       3.81238E-10       1.15825E-10
       2.57500E-06       2.60000E-06       2.58750E-06       2.49999E-08       3.75556E-12       1.50223E-04       3.88703E-10       1.19580E-10
       2.60000E-06       2.62500E-06       2.61250E-06       2.50001E-08       3.79195E-12       1.51677E-04       3.96257E-10       1.23372E-10
       2.62500E-06       2.65000E-06       2.63750E-06       2.50001E-08       3.82810E-12       1.53123E-04       4.03863E-10       1.27200E-10
       2.65000E-06       2.67500E-06       2.66250E-06       2.49999E-08       3.86449E-12       1.54580E-04       4.11570E-10       1.31065E-10
       2.67500E-06       2.70000E-06       2.68750E-06       2.50001E-08       3.90064E-12       1.56025E-04       4.19317E-10       1.34966E-10
       2.70000E-06       2.72500E-06       2.71250E-06       2.49999E-08       3.93703E-12       1.57482E-04       4.27170E-10       1.38903E-10
       2.72500E-06       2.75000E-06       2.73750E-06       2.50001E-08       3.97341E-12       1.58936E-04       4.35087E-10       1.42876E-10
       2.75000E-06       2.77500E-06       2.76250E-06       2.50001E-08       4.00956E-12       1.60382E-04       4.43055E-10       1.46886E-10
       2.77500E-06       2.80000E-06       2.78750E-06       2.49999E-08       4.04595E-12       1.61839E-04       4.51126E-10       1.50932E-10
       2.80000E-06       2.82500E-06       2.81250E-06       2.50001E-08       4.08210E-12       1.63284E-04       4.59235E-10       1.55014E-10
       2.82500E-06       2.85000E-06       2.83750E-06       2.49999E-08       4.11849E-12       1.64741E-04       4.67451E-10       1.59132E-10
       2.85000E-06       2.87500E-06       2.86250E-06       2.50001E-08       4.15464E-12       1.66185E-04       4.75705E-10       1.63287E-10
       2.87500E-06       2.90000E-06       2.88750E-06       2.50001E-08       4.19103E-12       1.67640E-04       4.84062E-10       1.67478E-10
       2.90000E-06       2.92500E-06       2.91250E-06       2.49999E-08       4.22741E-12       1.69098E-04       4.92497E-10       1.71705E-10
       2.92500E-06       2.95000E-06       2.93750E-06       2.50001E-08       4.26357E-12       1.70542E-04       5.00967E-10       1.75969E-10
       2.95000E-06       2.97500E-06       2.96250E-06       2.49999E-08       4.29995E-12       1.71999E-04       5.09547E-10       1.80269E-10
       2.97500E-06       3.00000E-06       2.98750E-06       2.50001E-08       4.33610E-12       1.73444E-04       5.18163E-10       1.84605E-10
       3.00000E-06       3.02500E-06       3.01250E-06       2.50001E-08       4.37249E-12       1.74899E-04       5.26883E-10       1.88977E-10
       3.02500E-06       3.05000E-06       3.03750E-06       2.49999E-08       4.40864E-12       1.76347E-04       5.35653E-10       1.93386E-10
       3.05000E-06       3.07500E-06       3.06250E-06       2.50001E-08       4.44503E-12       1.77800E-04       5.44514E-10       1.97831E-10
       3.07500E-06       3.10000E-06       3.08750E-06       2.49999E-08       4.48142E-12       1.79258E-04       5.53458E-10       2.02312E-10
       3.10000E-06       3.12500E-06       3.11250E-06       2.50001E-08       4.51757E-12       1.80702E-04       5.62435E-10       2.06830E-10
       3.12500E-06       3.15000E-06       3.13750E-06       2.50001E-08       4.55395E-12       1.82157E-04       5.71519E-10       2.11384E-10
       3.15000E-06       3.17500E-06       3.16250E-06       2.49999E-08       4.59011E-12       1.83605E-04       5.80652E-10       2.15974E-10
       3.17500E-06       3.20000E-06       3.18750E-06       2.50001E-08       4.62649E-12       1.85059E-04       5.89876E-10       2.20600E-10
       3.20000E-06       3.22500E-06       3.21250E-06       2.49999E-08       4.66264E-12       1.86507E-04       5.99153E-10       2.25263E-10
       3.22500E-06       3.25000E-06       3.23750E-06       2.50001E-08       4.69903E-12       1.87961E-04       6.08522E-10       2.29962E-10
       3.25000E-06       3.27500E-06       3.26250E-06       2.50001E-08       4.73542E-12       1.89416E-04       6.17970E-10       2.34698E-10
       3.27500E-06       3.30000E-06       3.28750E-06       2.49999E-08       4.77157E-12       1.90864E-04       6.27465E-10       2.39469E-10
       3.30000E-06       3.32500E-06       3.31250E-06       2.50001E-08       4.80796E-12       1.92318E-04       6.37052E-10       2.44277E-10
       3.32500E-06       3.35000E-06       3.33750E-06       2.49999E-08       4.84411E-12       1.93765E-04       6.46692E-10       2.49121E-10
       3.35000E-06       3.37500E-06       3.36250E-06       2.50001E-08       4.88049E-12       1.95219E-04       6.56424E-10       2.54002E-10
       3.37500E-06       3.40000E-06       3.38750E-06       2.50001E-08       4.91665E-12       1.96665E-04       6.66203E-10       2.58918E-10
       3.40000E-06       3.42500E-06       3.41250E-06       2.49999E-08       4.95303E-12       1.98122E-04       6.76093E-10       2.63871E-10
       3.42500E-06       3.45000E-06       3.43750E-06       2.50001E-08       4.98942E-12       1.99576E-04       6.86043E-10       2.68861E-10
       3.45000E-06       3.47500E-06       3.46250E-06       2.49999E-08       5.02557E-12       2.01024E-04       6.96046E-10       2.73886E-10
       3.47500E-06       3.50000E-06       3.48750E-06       2.50001E-08       5.06196E-12       2.02478E-04       7.06140E-10       2.78948E-10
       3.50000E-06       3.52500E-06       3.51250E-06       2.50001E-08       5.09811E-12       2.03924E-04       7.16282E-10       2.84046E-10
       3.52500E-06       3.55000E-06       3.53750E-06       2.49999E-08       5.13450E-12       2.05381E-04       7.26535E-10       2.89181E-10
       3.55000E-06       3.57500E-06       3.56250E-06       2.50001E-08       5.17065E-12       2.06825E-04       7.36815E-10       2.94352E-10
       3.57500E-06       3.60000E-06       3.58750E-06       2.49999E-08       5.20703E-12       2.08283E-04       7.47214E-10       2.99559E-10
       3.60000E-06       3.62500E-06       3.61250E-06       2.50001E-08       5.24342E-12       2.09736E-04       7.57671E-10       3.04802E-10
       3.62500E-06       3.65000E-06       3.63750E-06       2.50001E-08       5.27957E-12       2.11182E-04       7.68175E-10       3.10082E-10
       3.65000E-06       3.67500E-06       3.66250E-06       2.49999E-08       5.31596E-12       2.12640E-04       7.78793E-10       3.15398E-10
       3.67500E-06       3.70000E-06       3.68750E-06       2.50001E-08       5.35211E-12       2.14084E-04       7.89433E-10       3.20750E-10
       3.70000E-06       3.72500E-06       3.71250E-06       2.49999E-08       5.38850E-12       2.15541E-04       8.00197E-10       3.26138E-10
       3.72500E-06       3.75000E-06       3.73750E-06       2.50001E-08       5.42465E-12       2.16985E-04       8.10982E-10       3.31563E-10
       3.75000E-06       3.77500E-06       3.76250E-06       2.50001E-08       5.46104E-12       2.18441E-04       8.21883E-10       3.37024E-10
       3.77500E-06       3.80000E-06       3.78750E-06       2.49999E-08       5.49742E-12       2.19898E-04       8.32864E-10       3.42521E-10
       3.80000E-06       3.82500E-06       3.81250E-06       2.50001E-08       5.53357E-12       2.21342E-04       8.43867E-10       3.48055E-10
       3.82500E-06       3.85000E-06       3.83750E-06       2.49999E-08       5.56996E-12       2.22800E-04       8.54994E-10       3.53625E-10
       3.85000E-06       3.87500E-06       3.86250E-06       2.50001E-08       5.60611E-12       2.24244E-04       8.66141E-10       3.59231E-10
       3.87500E-06       3.90000E-06       3.88750E-06       2.50001E-08       5.64250E-12       2.25699E-04       8.77405E-10       3.64873E-10
       3.90000E-06       3.92500E-06       3.91250E-06       2.49999E-08       5.67889E-12       2.27157E-04       8.88751E-10       3.70552E-10
       3.92500E-06       3.95000E-06       3.93750E-06       2.50001E-08       5.71504E-12       2.28601E-04       9.00115E-10       3.76267E-10
       3.95000E-06       3.97500E-06       3.96250E-06       2.49999E-08       5.75142E-12       2.30058E-04       9.11606E-10       3.82019E-10
       3.97500E-06       4.00000E-06       3.98750E-06       2.50001E-08       5.78758E-12       2.31502E-04       9.23115E-10       3.87806E-10
       4.00000E-06       4.02500E-06       4.01250E-06       2.50001E-08       5.82396E-12       2.32958E-04       9.34743E-10       3.93630E-10
       4.02500E-06       4.05000E-06       4.03750E-06       2.50001E-08       5.86011E-12       2.34404E-04       9.46405E-10       3.99490E-10
       4.05000E-06       4.07500E-06       4.06250E-06       2.49996E-08       5.89650E-12       2.35864E-04       9.58196E-10       4.05387E-10
       4.07500E-06       4.10000E-06       4.08750E-06       2.50001E-08       5.93289E-12       2.37315E-04       9.70023E-10       4.11320E-10
       4.10000E-06       4.12500E-06       4.11250E-06       2.50001E-08       5.96904E-12       2.38761E-04       9.81903E-10       4.17289E-10
       4.12500E-06       4.15000E-06       4.13750E-06       2.50001E-08       6.00543E-12       2.40216E-04       9.93894E-10       4.23294E-10
       4.15000E-06       4.17500E-06       4.16250E-06       2.50001E-08       6.04158E-12       2.41662E-04       1.00592E-09       4.29336E-10
       4.17500E-06       4.20000E-06       4.18750E-06       2.49996E-08       6.07796E-12       2.43122E-04       1.01807E-09       4.35414E-10
       4.20000E-06       4.22500E-06       4.21250E-06       2.50001E-08       6.11412E-12       2.44564E-04       1.03022E-09       4.41528E-10
       4.22500E-06       4.25000E-06       4.23750E-06       2.50001E-08       6.15050E-12       2.46019E-04       1.04251E-09       4.47678E-10
       4.25000E-06       4.27500E-06       4.26250E-06       2.50001E-08       6.18689E-12       2.47475E-04       1.05486E-09       4.53865E-10
       4.27500E-06       4.30000E-06       4.28750E-06       2.50001E-08       6.22304E-12       2.48921E-04       1.06725E-09       4.60088E-10
       4.30000E-06       4.32500E-06       4.31250E-06       2.49996E-08       6.25943E-12       2.50381E-04       1.07977E-09       4.66348E-10
       4.32500E-06       4.35000E-06       4.33750E-06       2.50001E-08       6.29558E-12       2.51822E-04       1.09228E-09       4.72643E-10
       4.35000E-06       4.37500E-06       4.36250E-06       2.50001E-08       6.33197E-12       2.53278E-04       1.10492E-09       4.78975E-10
       4.37500E-06       4.40000E-06       4.38750E-06       2.50001E-08       6.36812E-12       2.54724E-04       1.11760E-09       4.85343E-10
       4.40000E-06       4.42500E-06       4.41250E-06       2.50001E-08       6.40450E-12       2.56179E-04       1.13039E-09       4.91748E-10
       4.42500E-06       4.45000E-06       4.43750E-06       2.49996E-08       6.44089E-12       2.57640E-04       1.14328E-09       4.98189E-10
       4.45000E-06       4.47500E-06       4.46250E-06       2.50001E-08       6.47704E-12       2.59081E-04       1.15615E-09       5.04666E-10
       4.47500E-06       4.50000E-06       4.48750E-06       2.50001E-08       6.51343E-12       2.60536E-04       1.16916E-09       5.11179E-10
       4.50000E-06       4.52500E-06       4.51250E-06       2.50001E-08       6.54958E-12       2.61982E-04       1.18219E-09       5.17729E-10
       4.52500E-06       4.55000E-06       4.53750E-06       2.50001E-08       6.58597E-12       2.63438E-04       1.19535E-09       5.24315E-10
       4.55000E-06       4.57500E-06       4.56250E-06       2.49996E-08       6.62212E-12       2.64889E-04       1.20856E-09       5.30937E-10
       4.57500E-06       4.60000E-06       4.58750E-06       2.50001E-08       6.65851E-12       2.66339E-04       1.22183E-09       5.37596E-10
       4.60000E-06       4.62500E-06       4.61250E-06       2.50001E-08       6.69489E-12       2.67795E-04       1.23520E-09       5.44290E-10
       4.62500E-06       4.65000E-06       4.63750E-06       2.50001E-08       6.73104E-12       2.69241E-04       1.24860E-09       5.51022E-10
       4.65000E-06       4.67500E-06       4.66250E-06       2.50001E-08       6.76743E-12       2.70696E-04       1.26212E-09       5.57789E-10
       4.67500E-06       4.70000E-06       4.68750E-06       2.49996E-08       6.80358E-12       2.72148E-04       1.27569E-09       5.64592E-10
       4.70000E-06       4.72500E-06       4.71250E-06       2.50001E-08       6.83997E-12       2.73598E-04       1.28933E-09       5.71432E-10
       4.72500E-06       4.75000E-06       4.73750E-06       2.50001E-08       6.87612E-12       2.75044E-04       1.30302E-09       5.78309E-10
       4.75000E-06       4.77500E-06       4.76250E-06       2.50001E-08       6.91251E-12       2.76499E-04       1.31683E-09       5.85221E-10
       4.77500E-06       4.80000E-06       4.78750E-06       2.50001E-08       6.94889E-12       2.77955E-04       1.33071E-09       5.92170E-10
       4.80000E-06       4.82500E-06       4.81250E-06       2.49996E-08       6.98505E-12       2.79406E-04       1.34464E-09       5.99155E-10
       4.82500E-06       4.85000E-06       4.83750E-06       2.50001E-08       7.02143E-12       2.80856E-04       1.35864E-09       6.06176E-10
       4.85000E-06       4.87500E-06       4.86250E-06       2.50001E-08       7.05758E-12       2.82302E-04       1.37269E-09       6.13234E-10
       4.87500E-06       4.90000E-06       4.88750E-06       2.50001E-08       7.09397E-12       2.83758E-04       1.38687E-09       6.20328E-10
       4.90000E-06       4.92500E-06       4.91250E-06       2.50001E-08       7.13012E-12       2.85204E-04       1.40106E-09       6.27458E-10
       4.92500E-06       4.95000E-06       4.93750E-06       2.49996E-08       7.16651E-12       2.86665E-04       1.41541E-09       6.34625E-10
       4.95000E-06       4.97500E-06       4.96250E-06       2.50001E-08       7.20290E-12       2.88115E-04       1.42977E-09       6.41828E-10
       4.97500E-06       5.00000E-06       4.98750E-06       2.50001E-08       7.23905E-12       2.89561E-04       1.44418E-09       6.49067E-10
       5.00000E-06       5.02500E-06       5.01250E-06       2.50001E-08       7.27544E-12       2.91016E-04       1.45872E-09       6.56342E-10
       5.02500E-06       5.05000E-06       5.03750E-06       2.50001E-08       7.31159E-12       2.92462E-04       1.47328E-09       6.63654E-10
       5.05000E-06       5.07500E-06       5.06250E-06       2.49996E-08       7.34797E-12       2.93923E-04       1.48799E-09       6.71002E-10
       5.07500E-06       5.10000E-06       5.08750E-06       2.50001E-08       7.38412E-12       2.95364E-04       1.50266E-09       6.78386E-10
       5.10000E-06       5.12500E-06       5.11250E-06       2.50001E-08       7.42051E-12       2.96819E-04       1.51749E-09       6.85806E-10
       5.12500E-06       5.15000E-06       5.13750E-06       2.50001E-08       7.45690E-12       2.98275E-04       1.53239E-09       6.93263E-10
       5.15000E-06       5.17500E-06       5.16250E-06       2.50001E-08       7.49305E-12       2.99721E-04       1.54731E-09       7.00756E-10
       5.17500E-06       5.20000E-06       5.18750E-06       2.49996E-08       7.52944E-12       3.01182E-04       1.56238E-09       7.08286E-10
       5.20000E-06       5.22500E-06       5.21250E-06       2.50001E-08       7.56559E-12       3.02622E-04       1.57742E-09       7.15851E-10
       5.22500E-06       5.25000E-06       5.23750E-06       2.50001E-08       7.60198E-12       3.04078E-04       1.59261E-09       7.23453E-10
       5.25000E-06       5.27500E-06       5.26250E-06       2.50001E-08       7.63813E-12       3.05524E-04       1.60782E-09       7.31091E-10
       5.27500E-06       5.30000E-06       5.28750E-06       2.50001E-08       7.67451E-12       3.06979E-04       1.62315E-09       7.38766E-10
       5.30000E-06       5.32500E-06       5.31250E-06       2.49996E-08       7.71090E-12       3.08441E-04       1.63859E-09       7.46477E-10
       5.32500E-06       5.35000E-06       5.33750E-06       2.50001E-08       7.74705E-12       3.09881E-04       1.65399E-09       7.54224E-10
       5.35000E-06       5.37500E-06       5.36250E-06       2.50001E-08       7.78344E-12       3.11336E-04       1.66954E-09       7.62007E-10
       5.37500E-06       5.40000E-06       5.38750E-06       2.50001E-08       7.81959E-12       3.12782E-04       1.68512E-09       7.69827E-10
       5.40000E-06       5.42500E-06       5.41250E-06       2.50001E-08       7.85598E-12       3.14238E-04       1.70081E-09       7.77683E-10
       5.42500E-06       5.45000E-06       5.43750E-06       2.49996E-08       7.89213E-12       3.15690E-04       1.71656E-09       7.85575E-10
       5.45000E-06       5.47500E-06       5.46250E-06       2.50001E-08       7.92851E-12       3.17139E-04       1.73237E-09       7.93503E-10
       5.47500E-06       5.50000E-06       5.48750E-06       2.50001E-08       7.96490E-12       3.18595E-04       1.74829E-09       8.01468E-10
       5.50000E-06       5.52500E-06       5.51250E-06       2.50001E-08       8.00105E-12       3.20041E-04       1.76423E-09       8.09469E-10
       5.52500E-06       5.55000E-06       5.53750E-06       2.50001E-08       8.03744E-12       3.21496E-04       1.78029E-09       8.17507E-10
       5.55000E-06       5.57500E-06       5.56250E-06       2.49996E-08       8.07359E-12       3.22949E-04       1.79640E-09       8.25580E-10
       5.57500E-06       5.60000E-06       5.58750E-06       2.50001E-08       8.10998E-12       3.24398E-04       1.81257E-09       8.33690E-10
       5.60000E-06       5.62500E-06       5.61250E-06       2.50001E-08       8.14613E-12       3.25844E-04       1.82880E-09       8.41837E-10
       5.62500E-06       5.65000E-06       5.63750E-06       2.50001E-08       8.18252E-12       3.27299E-04       1.84515E-09       8.50019E-10
       5.65000E-06       5.67500E-06       5.66250E-06       2.50001E-08       8.21890E-12       3.28755E-04       1.86157E-09       8.58238E-10
       5.67500E-06       5.70000E-06       5.68750E-06       2.49996E-08       8.25506E-12       3.30207E-04       1.87805E-09       8.66493E-10
       5.70000E-06       5.72500E-06       5.71250E-06       2.50001E-08       8.29144E-12       3.31656E-04       1.89459E-09       8.74784E-10
       5.72500E-06       5.75000E-06       5.73750E-06       2.50001E-08       8.32759E-12       3.33102E-04       1.91118E-09       8.83112E-10
       5.75000E-06       5.77500E-06       5.76250E-06       2.50001E-08       8.36398E-12       3.34558E-04       1.92789E-09       8.91476E-10
       5.77500E-06       5.80000E-06       5.78750E-06       2.50001E-08       8.40013E-12       3.36004E-04       1.94462E-09       8.99876E-10
       5.80000E-06       5.82500E-06       5.81250E-06       2.49996E-08       8.43652E-12       3.37466E-04       1.96152E-09       9.08313E-10
       5.82500E-06       5.85000E-06       5.83750E-06       2.50001E-08       8.47290E-12       3.38915E-04       1.97842E-09       9.16786E-10
       5.85000E-06       5.87500E-06       5.86250E-06       2.50001E-08       8.50906E-12       3.40361E-04       1.99537E-09       9.25295E-10
       5.87500E-06       5.90000E-06       5.88750E-06       2.50001E-08       8.54544E-12       3.41816E-04       2.01244E-09       9.33840E-10
       5.90000E-06       5.92500E-06       5.91250E-06       2.50001E-08       8.58160E-12       3.43263E-04       2.02954E-09       9.42422E-10
       5.92500E-06       5.95000E-06       5.93750E-06       2.49996E-08       8.61798E-12       3.44725E-04       2.04680E-09       9.51040E-10
       5.95000E-06       5.97500E-06       5.96250E-06       2.50001E-08       8.65413E-12       3.46164E-04       2.06400E-09       9.59694E-10
       5.97500E-06       6.00000E-06       5.98750E-06       2.50001E-08       8.69052E-12       3.47619E-04       2.08137E-09       9.68384E-10
       6.00000E-06       6.02500E-06       6.01250E-06       2.50001E-08       8.72691E-12       3.49075E-04       2.09881E-09       9.77111E-10
       6.02500E-06       6.05000E-06       6.03750E-06       2.50001E-08       8.76306E-12       3.50521E-04       2.11627E-09       9.85874E-10
       6.05000E-06       6.07500E-06       6.06250E-06       2.49996E-08       8.79945E-12       3.51983E-04       2.13390E-09       9.94674E-10
       6.07500E-06       6.10000E-06       6.08750E-06       2.50001E-08       8.83560E-12       3.53423E-04       2.15146E-09       1.00351E-09
       6.10000E-06       6.12500E-06       6.11250E-06       2.50001E-08       8.87198E-12       3.54878E-04       2.16919E-09       1.01238E-09
       6.12500E-06       6.15000E-06       6.13750E-06       2.50001E-08       8.90813E-12       3.56324E-04       2.18694E-09       1.02129E-09
       6.15000E-06       6.17500E-06       6.16250E-06       2.50001E-08       8.94452E-12       3.57779E-04       2.20482E-09       1.03023E-09
       6.17500E-06       6.20000E-06       6.18750E-06       2.49996E-08       8.98091E-12       3.59242E-04       2.22281E-09       1.03921E-09
       6.20000E-06       6.22500E-06       6.21250E-06       2.50001E-08       9.01706E-12       3.60681E-04       2.24073E-09       1.04823E-09
       6.22500E-06       6.25000E-06       6.23750E-06       2.50001E-08       9.05345E-12       3.62136E-04       2.25883E-09       1.05729E-09
       6.25000E-06       6.27500E-06       6.26250E-06       2.50001E-08       9.08960E-12       3.63583E-04       2.27694E-09       1.06637E-09
       6.27500E-06       6.30000E-06       6.28750E-06       2.50001E-08       9.12599E-12       3.65038E-04       2.29518E-09       1.07550E-09
       6.30000E-06       6.32500E-06       6.31250E-06       2.49996E-08       9.16214E-12       3.66491E-04       2.31347E-09       1.08466E-09
       6.32500E-06       6.35000E-06       6.33750E-06       2.50001E-08       9.19852E-12       3.67940E-04       2.33182E-09       1.09386E-09
       6.35000E-06       6.37500E-06       6.36250E-06       2.50001E-08       9.23491E-12       3.69395E-04       2.35028E-09       1.10310E-09
       6.37500E-06       6.40000E-06       6.38750E-06       2.50001E-08       9.27106E-12       3.70841E-04       2.36875E-09       1.11237E-09
       6.40000E-06       6.42500E-06       6.41250E-06       2.50001E-08       9.30745E-12       3.72296E-04       2.38735E-09       1.12168E-09
       6.42500E-06       6.45000E-06       6.43750E-06       2.49996E-08       9.34360E-12       3.73750E-04       2.40601E-09       1.13102E-09
       6.45000E-06       6.47500E-06       6.46250E-06       2.50001E-08       9.37999E-12       3.75198E-04       2.42472E-09       1.14040E-09
       6.47500E-06       6.50000E-06       6.48750E-06       2.50001E-08       9.41614E-12       3.76644E-04       2.44348E-09       1.14981E-09
       6.50000E-06       6.52500E-06       6.51250E-06       2.50001E-08       9.45252E-12       3.78100E-04       2.46237E-09       1.15927E-09
       6.52500E-06       6.55000E-06       6.53750E-06       2.50001E-08       9.48891E-12       3.79555E-04       2.48134E-09       1.16876E-09
       6.55000E-06       6.57500E-06       6.56250E-06       2.49996E-08       9.52506E-12       3.81008E-04       2.50037E-09       1.17828E-09
       6.57500E-06       6.60000E-06       6.58750E-06       2.50001E-08       9.56145E-12       3.82457E-04       2.51943E-09       1.18784E-09
       6.60000E-06       6.62500E-06       6.61250E-06       2.50001E-08       9.59760E-12       3.83903E-04       2.53856E-09       1.19744E-09
       6.62500E-06       6.65000E-06       6.63750E-06       2.50001E-08       9.63399E-12       3.85358E-04       2.55781E-09       1.20707E-09
       6.65000E-06       6.67500E-06       6.66250E-06       2.50001E-08       9.67014E-12       3.86804E-04       2.57708E-09       1.21674E-09
       6.67500E-06       6.70000E-06       6.68750E-06       2.49996E-08       9.70653E-12       3.88267E-04       2.59654E-09       1.22645E-09
       6.70000E-06       6.72500E-06       6.71250E-06       2.50001E-08       9.74291E-12       3.89715E-04       2.61596E-09       1.23619E-09
       6.72500E-06       6.75000E-06       6.73750E-06       2.50001E-08       9.77907E-12       3.91161E-04       2.63545E-09       1.24597E-09
       6.75000E-06       6.77500E-06       6.76250E-06       2.50001E-08       9.81545E-12       3.92617E-04       2.65507E-09       1.25579E-09
       6.77500E-06       6.80000E-06       6.78750E-06       2.50001E-08       9.85160E-12       3.94063E-04       2.67470E-09       1.26564E-09
       6.80000E-06       6.82500E-06       6.81250E-06       2.49996E-08       9.88799E-12       3.95526E-04       2.69452E-09       1.27553E-09
       6.82500E-06       6.85000E-06       6.83750E-06       2.50001E-08       9.92414E-12       3.96964E-04       2.71424E-09       1.28545E-09
       6.85000E-06       6.87500E-06       6.86250E-06       2.50001E-08       9.96053E-12       3.98420E-04       2.73415E-09       1.29541E-09
       6.87500E-06       6.90000E-06       6.88750E-06       2.50001E-08       9.99692E-12       3.99875E-04       2.75414E-09       1.30541E-09
       6.90000E-06       6.92500E-06       6.91250E-06       2.50001E-08       1.00331E-11       4.01321E-04       2.77413E-09       1.31544E-09
       6.92500E-06       6.95000E-06       6.93750E-06       2.49996E-08       1.00695E-11       4.02784E-04       2.79432E-09       1.32551E-09
       6.95000E-06       6.97500E-06       6.96250E-06       2.50001E-08       1.01056E-11       4.04223E-04       2.81440E-09       1.33562E-09
       6.97500E-06       7.00000E-06       6.98750E-06       2.50001E-08       1.01420E-11       4.05678E-04       2.83468E-09       1.34576E-09
       7.00000E-06       7.02500E-06       7.01250E-06       2.50001E-08       1.01781E-11       4.07124E-04       2.85496E-09       1.35594E-09
       7.02500E-06       7.05000E-06       7.03750E-06       2.50001E-08       1.02145E-11       4.08580E-04       2.87538E-09       1.36615E-09
       7.05000E-06       7.07500E-06       7.06250E-06       2.49996E-08       1.02509E-11       4.10043E-04       2.89593E-09       1.37640E-09
       7.07500E-06       7.10000E-06       7.08750E-06       2.50001E-08       1.02871E-11       4.11481E-04       2.91637E-09       1.38669E-09
       7.10000E-06       7.12500E-06       7.11250E-06       2.50001E-08       1.03235E-11       4.12937E-04       2.93701E-09       1.39701E-09
       7.12500E-06       7.15000E-06       7.13750E-06       2.50001E-08       1.03596E-11       4.14383E-04       2.95766E-09       1.40737E-09
       7.15000E-06       7.17500E-06       7.16250E-06       2.50001E-08       1.03960E-11       4.15838E-04       2.97844E-09       1.41777E-09
       7.17500E-06       7.20000E-06       7.18750E-06       2.49996E-08       1.04321E-11       4.17292E-04       2.99929E-09       1.42820E-09
       7.20000E-06       7.22500E-06       7.21250E-06       2.50001E-08       1.04685E-11       4.18740E-04       3.02016E-09       1.43867E-09
       7.22500E-06       7.25000E-06       7.23750E-06       2.50001E-08       1.05049E-11       4.20195E-04       3.04116E-09       1.44918E-09
       7.25000E-06       7.27500E-06       7.26250E-06       2.50001E-08       1.05411E-11       4.21641E-04       3.06217E-09       1.45972E-09
       7.27500E-06       7.30000E-06       7.28750E-06       2.50001E-08       1.05775E-11       4.23097E-04       3.08332E-09       1.47029E-09
       7.30000E-06       7.32500E-06       7.31250E-06       2.49996E-08       1.06136E-11       4.24551E-04       3.10453E-09       1.48091E-09
       7.32500E-06       7.35000E-06       7.33750E-06       2.50001E-08       1.06500E-11       4.25998E-04       3.12576E-09       1.49156E-09
       7.35000E-06       7.37500E-06       7.36250E-06       2.50001E-08       1.06861E-11       4.27444E-04       3.14706E-09       1.50224E-09
       7.37500E-06       7.40000E-06       7.38750E-06       2.50001E-08       1.07225E-11       4.28900E-04       3.16850E-09       1.51297E-09
       7.40000E-06       7.42500E-06       7.41250E-06       2.50001E-08       1.07589E-11       4.30355E-04       3.19001E-09       1.52372E-09
       7.42500E-06       7.45000E-06       7.43750E-06       2.49996E-08       1.07951E-11       4.31809E-04       3.21158E-09       1.53452E-09
       7.45000E-06       7.47500E-06       7.46250E-06       2.50001E-08       1.08315E-11       4.33257E-04       3.23318E-09       1.54535E-09
       7.47500E-06       7.50000E-06       7.48750E-06       2.50001E-08       1.08676E-11       4.34703E-04       3.25484E-09       1.55622E-09
       7.50000E-06       7.52500E-06       7.51250E-06       2.50001E-08       1.09040E-11       4.36158E-04       3.27664E-09       1.56712E-09
       7.52500E-06       7.55000E-06       7.53750E-06       2.50001E-08       1.09401E-11       4.37604E-04       3.29844E-09       1.57806E-09
       7.55000E-06       7.57500E-06       7.56250E-06       2.49996E-08       1.09765E-11       4.39068E-04       3.32045E-09       1.58904E-09
       7.57500E-06       7.60000E-06       7.58750E-06       2.50001E-08       1.10129E-11       4.40515E-04       3.34241E-09       1.60005E-09
       7.60000E-06       7.62500E-06       7.61250E-06       2.50001E-08       1.10491E-11       4.41961E-04       3.36443E-09       1.61110E-09
       7.62500E-06       7.65000E-06       7.63750E-06       2.50001E-08       1.10855E-11       4.43417E-04       3.38660E-09       1.62219E-09
       7.65000E-06       7.67500E-06       7.66250E-06       2.50001E-08       1.11216E-11       4.44863E-04       3.40876E-09       1.63331E-09
       7.67500E-06       7.70000E-06       7.68750E-06       2.49996E-08       1.11580E-11       4.46327E-04       3.43114E-09       1.64447E-09
       7.70000E-06       7.72500E-06       7.71250E-06       2.50001E-08       1.11942E-11       4.47764E-04       3.45338E-09       1.65566E-09
       7.72500E-06       7.75000E-06       7.73750E-06       2.50001E-08       1.12305E-11       4.49220E-04       3.47584E-09       1.66689E-09
       7.75000E-06       7.77500E-06       7.76250E-06       2.50001E-08       1.12669E-11       4.50675E-04       3.49837E-09       1.67816E-09
       7.77500E-06       7.80000E-06       7.78750E-06       2.50001E-08       1.13031E-11       4.52121E-04       3.52089E-09       1.68946E-09
       7.80000E-06       7.82500E-06       7.81250E-06       2.49996E-08       1.13395E-11       4.53585E-04       3.54364E-09       1.70080E-09
       7.82500E-06       7.85000E-06       7.83750E-06       2.50001E-08       1.13756E-11       4.55023E-04       3.56624E-09       1.71218E-09
       7.85000E-06       7.87500E-06       7.86250E-06       2.50001E-08       1.14120E-11       4.56478E-04       3.58906E-09       1.72359E-09
       7.87500E-06       7.90000E-06       7.88750E-06       2.50001E-08       1.14482E-11       4.57924E-04       3.61188E-09       1.73504E-09
       7.90000E-06       7.92500E-06       7.91250E-06       2.50001E-08       1.14845E-11       4.59380E-04       3.63484E-09       1.74652E-09
       7.92500E-06       7.95000E-06       7.93750E-06       2.49996E-08       1.15209E-11       4.60844E-04       3.65795E-09       1.75804E-09
       7.95000E-06       7.97500E-06       7.96250E-06       2.50001E-08       1.15571E-11       4.62281E-04       3.68091E-09       1.76960E-09
       7.97500E-06       8.00000E-06       7.98750E-06       2.50001E-08       1.15935E-11       4.63737E-04       3.70410E-09       1.78119E-09
       8.00000E-06       8.02500E-06       8.01250E-06       2.49996E-08       1.16296E-11       4.65192E-04       3.72735E-09       1.79282E-09
       8.02500E-06       8.05000E-06       8.03750E-06       2.50006E-08       1.16660E-11       4.66629E-04       3.75053E-09       1.80449E-09
       8.05000E-06       8.07500E-06       8.06250E-06       2.49996E-08       1.17022E-11       4.68093E-04       3.77400E-09       1.81619E-09
       8.07500E-06       8.10000E-06       8.08750E-06       2.50006E-08       1.17385E-11       4.69531E-04       3.79733E-09       1.82793E-09
       8.10000E-06       8.12500E-06       8.11250E-06       2.49996E-08       1.17749E-11       4.71004E-04       3.82102E-09       1.83970E-09
       8.12500E-06       8.15000E-06       8.13750E-06       2.49996E-08       1.18111E-11       4.72450E-04       3.84457E-09       1.85152E-09
       8.15000E-06       8.17500E-06       8.16250E-06       2.50006E-08       1.18475E-11       4.73888E-04       3.86811E-09       1.86336E-09
       8.17500E-06       8.20000E-06       8.18750E-06       2.49996E-08       1.18836E-11       4.75352E-04       3.89194E-09       1.87525E-09
       8.20000E-06       8.22500E-06       8.21250E-06       2.50006E-08       1.19200E-11       4.76789E-04       3.91563E-09       1.88717E-09
       8.22500E-06       8.25000E-06       8.23750E-06       2.49996E-08       1.19562E-11       4.78254E-04       3.93961E-09       1.89912E-09
       8.25000E-06       8.27500E-06       8.26250E-06       2.49996E-08       1.19925E-11       4.79709E-04       3.96360E-09       1.91112E-09
       8.27500E-06       8.30000E-06       8.28750E-06       2.50006E-08       1.20289E-11       4.81146E-04       3.98750E-09       1.92314E-09
       8.30000E-06       8.32500E-06       8.31250E-06       2.49996E-08       1.20651E-11       4.82611E-04       4.01170E-09       1.93521E-09
       8.32500E-06       8.35000E-06       8.33750E-06       2.50006E-08       1.21015E-11       4.84048E-04       4.03575E-09       1.94731E-09
       8.35000E-06       8.37500E-06       8.36250E-06       2.49996E-08       1.21376E-11       4.85512E-04       4.06010E-09       1.95945E-09
       8.37500E-06       8.40000E-06       8.38750E-06       2.49996E-08       1.21740E-11       4.86968E-04       4.08444E-09       1.97162E-09
       8.40000E-06       8.42500E-06       8.41250E-06       2.50006E-08       1.22102E-11       4.88395E-04       4.10862E-09       1.98383E-09
       8.42500E-06       8.45000E-06       8.43750E-06       2.49996E-08       1.22465E-11       4.89869E-04       4.13327E-09       1.99608E-09
       8.45000E-06       8.47500E-06       8.46250E-06       2.50006E-08       1.22829E-11       4.91306E-04       4.15768E-09       2.00836E-09
       8.47500E-06       8.50000E-06       8.48750E-06       2.49996E-08       1.23191E-11       4.92771E-04       4.18239E-09       2.02068E-09
       8.50000E-06       8.52500E-06       8.51250E-06       2.49996E-08       1.23555E-11       4.94226E-04       4.20710E-09       2.03304E-09
       8.52500E-06       8.55000E-06       8.53750E-06       2.50006E-08       1.23916E-11       4.95653E-04       4.23164E-09       2.04543E-09
       8.55000E-06       8.57500E-06       8.56250E-06       2.49996E-08       1.24280E-11       4.97128E-04       4.25666E-09       2.05786E-09
       8.57500E-06       8.60000E-06       8.58750E-06       2.50006E-08       1.24642E-11       4.98555E-04       4.28134E-09       2.07032E-09
       8.60000E-06       8.62500E-06       8.61250E-06       2.49996E-08       1.25005E-11       5.00029E-04       4.30650E-09       2.08282E-09
       8.62500E-06       8.65000E-06       8.63750E-06       2.49996E-08       1.25369E-11       5.01485E-04       4.33158E-09       2.09536E-09
       8.65000E-06       8.67500E-06       8.66250E-06       2.50006E-08       1.25731E-11       5.02912E-04       4.35647E-09       2.10793E-09
       8.67500E-06       8.70000E-06       8.68750E-06       2.49996E-08       1.26095E-11       5.04387E-04       4.38186E-09       2.12054E-09
       8.70000E-06       8.72500E-06       8.71250E-06       2.50006E-08       1.26456E-11       5.05813E-04       4.40690E-09       2.13319E-09
       8.72500E-06       8.75000E-06       8.73750E-06       2.49996E-08       1.26820E-11       5.07288E-04       4.43243E-09       2.14587E-09
       8.75000E-06       8.77500E-06       8.76250E-06       2.49996E-08       1.27182E-11       5.08734E-04       4.45778E-09       2.15859E-09
       8.77500E-06       8.80000E-06       8.78750E-06       2.50006E-08       1.27545E-11       5.10170E-04       4.48312E-09       2.17134E-09
       8.80000E-06       8.82500E-06       8.81250E-06       2.49996E-08       1.27909E-11       5.11645E-04       4.50887E-09       2.18413E-09
       8.82500E-06       8.85000E-06       8.83750E-06       2.50006E-08       1.28271E-11       5.13072E-04       4.53427E-09       2.19696E-09
       8.85000E-06       8.87500E-06       8.86250E-06       2.49996E-08       1.28635E-11       5.14547E-04       4.56017E-09       2.20982E-09
       8.87500E-06       8.90000E-06       8.88750E-06       2.49996E-08       1.28996E-11       5.15993E-04       4.58589E-09       2.22272E-09
       8.90000E-06       8.92500E-06       8.91250E-06       2.50006E-08       1.29360E-11       5.17429E-04       4.61158E-09       2.23566E-09
       8.92500E-06       8.95000E-06       8.93750E-06       2.49996E-08       1.29722E-11       5.18894E-04       4.63762E-09       2.24863E-09
       8.95000E-06       8.97500E-06       8.96250E-06       2.50006E-08       1.30085E-11       5.20330E-04       4.66346E-09       2.26164E-09
       8.97500E-06       9.00000E-06       8.98750E-06       2.49996E-08       1.30449E-11       5.21805E-04       4.68973E-09       2.27468E-09
       9.00000E-06       9.02500E-06       9.01250E-06       2.49996E-08       1.30811E-11       5.23251E-04       4.71580E-09       2.28776E-09
       9.02500E-06       9.05000E-06       9.03750E-06       2.50006E-08       1.31175E-11       5.24687E-04       4.74186E-09       2.30088E-09
       9.05000E-06       9.07500E-06       9.06250E-06       2.49996E-08       1.31536E-11       5.26153E-04       4.76826E-09       2.31404E-09
       9.07500E-06       9.10000E-06       9.08750E-06       2.50006E-08       1.31900E-11       5.27588E-04       4.79446E-09       2.32723E-09
       9.10000E-06       9.12500E-06       9.11250E-06       2.49996E-08       1.32262E-11       5.29055E-04       4.82101E-09       2.34045E-09
       9.12500E-06       9.15000E-06       9.13750E-06       2.49996E-08       1.32626E-11       5.30510E-04       4.84754E-09       2.35371E-09
       9.15000E-06       9.17500E-06       9.16250E-06       2.50006E-08       1.32989E-11       5.31945E-04       4.87395E-09       2.36701E-09
       9.17500E-06       9.20000E-06       9.18750E-06       2.49996E-08       1.33351E-11       5.33412E-04       4.90072E-09       2.38035E-09
       9.20000E-06       9.22500E-06       9.21250E-06       2.50006E-08       1.33715E-11       5.34847E-04       4.92728E-09       2.39372E-09
       9.22500E-06       9.25000E-06       9.23750E-06       2.49996E-08       1.34076E-11       5.36313E-04       4.95419E-09       2.40713E-09
       9.25000E-06       9.27500E-06       9.26250E-06       2.49996E-08       1.34440E-11       5.37769E-04       4.98108E-09       2.42057E-09
       9.27500E-06       9.30000E-06       9.28750E-06       2.50006E-08       1.34802E-11       5.39194E-04       5.00777E-09       2.43405E-09
       9.30000E-06       9.32500E-06       9.31250E-06       2.49996E-08       1.35166E-11       5.40670E-04       5.03499E-09       2.44757E-09
       9.32500E-06       9.35000E-06       9.33750E-06       2.50006E-08       1.35529E-11       5.42105E-04       5.06191E-09       2.46112E-09
       9.35000E-06       9.37500E-06       9.36250E-06       2.49996E-08       1.35891E-11       5.43572E-04       5.08919E-09       2.47471E-09
       9.37500E-06       9.40000E-06       9.38750E-06       2.49996E-08       1.36255E-11       5.45027E-04       5.11645E-09       2.48834E-09
       9.40000E-06       9.42500E-06       9.41250E-06       2.50006E-08       1.36616E-11       5.46453E-04       5.14349E-09       2.50200E-09
       9.42500E-06       9.45000E-06       9.43750E-06       2.49996E-08       1.36980E-11       5.47929E-04       5.17108E-09       2.51569E-09
       9.45000E-06       9.47500E-06       9.46250E-06       2.50006E-08       1.37342E-11       5.49354E-04       5.19826E-09       2.52943E-09
       9.47500E-06       9.50000E-06       9.48750E-06       2.49996E-08       1.37706E-11       5.50831E-04       5.22600E-09       2.54320E-09
       9.50000E-06       9.52500E-06       9.51250E-06       2.49996E-08       1.38069E-11       5.52286E-04       5.25362E-09       2.55701E-09
       9.52500E-06       9.55000E-06       9.53750E-06       2.50006E-08       1.38431E-11       5.53711E-04       5.28102E-09       2.57085E-09
       9.55000E-06       9.57500E-06       9.56250E-06       2.49996E-08       1.38795E-11       5.55188E-04       5.30898E-09       2.58473E-09
       9.57500E-06       9.60000E-06       9.58750E-06       2.50006E-08       1.39156E-11       5.56613E-04       5.33652E-09       2.59864E-09
       9.60000E-06       9.62500E-06       9.61250E-06       2.49996E-08       1.39520E-11       5.58089E-04       5.36463E-09       2.61260E-09
       9.62500E-06       9.65000E-06       9.63750E-06       2.49996E-08       1.39882E-11       5.59535E-04       5.39252E-09       2.62658E-09
       9.65000E-06       9.67500E-06       9.66250E-06       2.50006E-08       1.40246E-11       5.60969E-04       5.42037E-09       2.64061E-09
       9.67500E-06       9.70000E-06       9.68750E-06       2.49996E-08       1.40609E-11       5.62446E-04       5.44870E-09       2.65467E-09
       9.70000E-06       9.72500E-06       9.71250E-06       2.50006E-08       1.40971E-11       5.63871E-04       5.47660E-09       2.66877E-09
       9.72500E-06       9.75000E-06       9.73750E-06       2.49996E-08       1.41335E-11       5.65348E-04       5.50507E-09       2.68290E-09
       9.75000E-06       9.77500E-06       9.76250E-06       2.49996E-08       1.41696E-11       5.66794E-04       5.53333E-09       2.69707E-09
       9.77500E-06       9.80000E-06       9.78750E-06       2.50006E-08       1.42060E-11       5.68228E-04       5.56153E-09       2.71128E-09
       9.80000E-06       9.82500E-06       9.81250E-06       2.49996E-08       1.42422E-11       5.69695E-04       5.59014E-09       2.72552E-09
       9.82500E-06       9.85000E-06       9.83750E-06       2.50006E-08       1.42786E-11       5.71129E-04       5.61848E-09       2.73980E-09
       9.85000E-06       9.87500E-06       9.86250E-06       2.49996E-08       1.43149E-11       5.72607E-04       5.64733E-09       2.75411E-09
       9.87500E-06       9.90000E-06       9.88750E-06       2.49996E-08       1.43511E-11       5.74053E-04       5.67595E-09       2.76846E-09
       9.90000E-06       9.92500E-06       9.91250E-06       2.50006E-08       1.43875E-11       5.75486E-04       5.70451E-09       2.78285E-09
       9.92500E-06       9.95000E-06       9.93750E-06       2.49996E-08       1.44236E-11       5.76954E-04       5.73348E-09       2.79727E-09
       9.95000E-06       9.97500E-06       9.96250E-06       2.50006E-08       1.44600E-11       5.78388E-04       5.76219E-09       2.81173E-09
       9.97500E-06       1.00000E-05       9.98750E-06       2.49996E-08       1.44962E-11       5.79856E-04       5.79131E-09       2.82623E-09
       1.00000E-05       1.04713E-05       1.02356E-05       4.71300E-07       2.80059E-10       5.94227E-04       6.08230E-09       3.10629E-09
       1.04713E-05       1.09648E-05       1.07180E-05       4.93500E-07       3.07079E-10       6.22248E-04       6.66928E-09       3.41337E-09
       1.09648E-05       1.14815E-05       1.12232E-05       5.16700E-07       3.36705E-10       6.51645E-04       7.31351E-09       3.75007E-09
       1.14815E-05       1.20226E-05       1.17521E-05       5.41101E-07       3.69195E-10       6.82303E-04       8.01846E-09       4.11927E-09
       1.20226E-05       1.25892E-05       1.23059E-05       5.66600E-07       4.04806E-10       7.14449E-04       8.79193E-09       4.52407E-09
       1.25892E-05       1.31826E-05       1.28859E-05       5.93400E-07       4.43869E-10       7.48010E-04       9.63878E-09       4.96794E-09
       1.31826E-05       1.38038E-05       1.34932E-05       6.21200E-07       4.86688E-10       7.83465E-04       1.05714E-08       5.45463E-09
       1.38038E-05       1.44544E-05       1.41291E-05       6.50600E-07       5.33662E-10       8.20260E-04       1.15895E-08       5.98829E-09
       1.44544E-05       1.51356E-05       1.47950E-05       6.81200E-07       5.85143E-10       8.58988E-04       1.27087E-08       6.57344E-09
       1.51356E-05       1.58489E-05       1.54922E-05       7.13300E-07       6.41601E-10       8.99483E-04       1.39350E-08       7.21504E-09
       1.58489E-05       1.65959E-05       1.62224E-05       7.47000E-07       7.03505E-10       9.41774E-04       1.52778E-08       7.91854E-09
       1.65959E-05       1.73780E-05       1.69869E-05       7.82101E-07       7.71372E-10       9.86282E-04       1.67539E-08       8.68991E-09
       1.73780E-05       1.81970E-05       1.77875E-05       8.19000E-07       8.45788E-10       1.03271E-03       1.83693E-08       9.53570E-09
       1.81970E-05       1.90546E-05       1.86258E-05       8.57599E-07       9.27388E-10       1.08138E-03       2.01415E-08       1.04631E-08
       1.90546E-05       1.99526E-05       1.95036E-05       8.98001E-07       1.01685E-09       1.13235E-03       2.20849E-08       1.14799E-08
       1.99526E-05       2.08930E-05       2.04228E-05       9.40399E-07       1.11495E-09       1.18562E-03       2.42137E-08       1.25949E-08
       2.08930E-05       2.18776E-05       2.13853E-05       9.84600E-07       1.22254E-09       1.24166E-03       2.65533E-08       1.38174E-08
       2.18776E-05       2.29087E-05       2.23932E-05       1.03110E-06       1.34048E-09       1.30005E-03       2.91122E-08       1.51579E-08
       2.29087E-05       2.39883E-05       2.34485E-05       1.07960E-06       1.46981E-09       1.36144E-03       3.19236E-08       1.66277E-08
       2.39883E-05       2.51189E-05       2.45536E-05       1.13060E-06       1.61160E-09       1.42543E-03       3.49995E-08       1.82393E-08
       2.51189E-05       2.63027E-05       2.57108E-05       1.18380E-06       1.76710E-09       1.49273E-03       3.83793E-08       2.00064E-08
       2.63027E-05       2.75423E-05       2.69225E-05       1.23960E-06       1.93328E-09       1.55960E-03       4.19883E-08       2.19397E-08
       2.75423E-05       2.88403E-05       2.81913E-05       1.29800E-06       2.07727E-09       1.60036E-03       4.51164E-08       2.40170E-08
       2.88403E-05       3.01995E-05       2.95199E-05       1.35920E-06       2.22301E-09       1.63553E-03       4.82806E-08       2.62400E-08
       3.01995E-05       3.16228E-05       3.09111E-05       1.42330E-06       2.38022E-09       1.67232E-03       5.16934E-08       2.86202E-08
       3.16228E-05       3.31131E-05       3.23679E-05       1.49030E-06       2.54990E-09       1.71100E-03       5.53816E-08       3.11701E-08
       3.31131E-05       3.46737E-05       3.38934E-05       1.56060E-06       2.73315E-09       1.75134E-03       5.93590E-08       3.39032E-08
       3.46737E-05       3.63078E-05       3.54907E-05       1.63410E-06       2.93109E-09       1.79370E-03       6.36598E-08       3.68343E-08
       3.63078E-05       3.80189E-05       3.71634E-05       1.71110E-06       3.14502E-09       1.83801E-03       6.83066E-08       3.99794E-08
       3.80189E-05       3.98107E-05       3.89148E-05       1.79180E-06       3.37637E-09       1.88435E-03       7.33290E-08       4.33557E-08
       3.98107E-05       4.16869E-05       4.07488E-05       1.87620E-06       3.62396E-09       1.93154E-03       7.87080E-08       4.69797E-08
       4.16869E-05       4.36516E-05       4.26692E-05       1.96470E-06       3.88071E-09       1.97522E-03       8.42811E-08       5.08604E-08
       4.36516E-05       4.57088E-05       4.46802E-05       2.05720E-06       4.15645E-09       2.02044E-03       9.02736E-08       5.50168E-08
       4.57088E-05       4.78630E-05       4.67859E-05       2.15420E-06       4.45414E-09       2.06766E-03       9.67371E-08       5.94710E-08
       4.78630E-05       5.01187E-05       4.89908E-05       2.25570E-06       4.77565E-09       2.11715E-03       1.03721E-07       6.42466E-08
       5.01187E-05       5.24808E-05       5.12998E-05       2.36210E-06       5.12313E-09       2.16889E-03       1.11263E-07       6.93698E-08
       5.24808E-05       5.49541E-05       5.37174E-05       2.47330E-06       5.49728E-09       2.22265E-03       1.19395E-07       7.48671E-08
       5.49541E-05       5.75440E-05       5.62490E-05       2.58990E-06       5.88535E-09       2.27243E-03       1.27822E-07       8.07524E-08
       5.75440E-05       6.02560E-05       5.89000E-05       2.71200E-06       6.29889E-09       2.32260E-03       1.36801E-07       8.70513E-08
       6.02560E-05       6.30957E-05       6.16758E-05       2.83970E-06       6.74501E-09       2.37526E-03       1.46496E-07       9.37963E-08
       6.30957E-05       6.60693E-05       6.45825E-05       2.97360E-06       7.22661E-09       2.43026E-03       1.56952E-07       1.01023E-07
       6.60693E-05       6.91831E-05       6.76262E-05       3.11380E-06       7.74670E-09       2.48786E-03       1.68245E-07       1.08770E-07
       6.91831E-05       7.24436E-05       7.08134E-05       3.26051E-06       8.30858E-09       2.54825E-03       1.80450E-07       1.17078E-07
       7.24436E-05       7.58578E-05       7.41507E-05       3.41420E-06       8.91595E-09       2.61143E-03       1.93640E-07       1.25994E-07
       7.58578E-05       7.94328E-05       7.76453E-05       3.57500E-06       9.57274E-09       2.67769E-03       2.07910E-07       1.35567E-07
       7.94328E-05       8.31764E-05       8.13046E-05       3.74360E-06       1.02770E-08       2.74523E-03       2.23200E-07       1.45844E-07
       8.31764E-05       8.70964E-05       8.51364E-05       3.92000E-06       1.10074E-08       2.80801E-03       2.39064E-07       1.56851E-07
       8.70964E-05       9.12011E-05       8.91488E-05       4.10471E-06       1.17910E-08       2.87255E-03       2.56084E-07       1.68642E-07
       9.12011E-05       9.54993E-05       9.33502E-05       4.29820E-06       1.26371E-08       2.94008E-03       2.74457E-07       1.81279E-07
       9.54993E-05       1.00000E-04       9.77497E-05       4.50070E-06       1.35510E-08       3.01086E-03       2.94310E-07       1.94830E-07
       1.00000E-04       1.04713E-04       1.02356E-04       4.71300E-06       1.45389E-08       3.08484E-03       3.15754E-07       2.09369E-07
       1.04713E-04       1.09648E-04       1.07181E-04       4.93501E-06       1.56033E-08       3.16177E-03       3.38880E-07       2.24972E-07
       1.09648E-04       1.14815E-04       1.12232E-04       5.16700E-06       1.67099E-08       3.23397E-03       3.62953E-07       2.41682E-07
       1.14815E-04       1.20226E-04       1.17520E-04       5.41100E-06       1.78863E-08       3.30555E-03       3.88470E-07       2.59569E-07
       1.20226E-04       1.25892E-04       1.23059E-04       5.66600E-06       1.91564E-08       3.38095E-03       4.16056E-07       2.78725E-07
       1.25892E-04       1.31826E-04       1.28859E-04       5.93401E-06       2.05276E-08       3.45931E-03       4.45763E-07       2.99253E-07
       1.31826E-04       1.38038E-04       1.34932E-04       6.21199E-06       2.20078E-08       3.54280E-03       4.78037E-07       3.21261E-07
       1.38038E-04       1.44544E-04       1.41291E-04       6.50601E-06       2.36081E-08       3.62866E-03       5.12696E-07       3.44869E-07
       1.44544E-04       1.51356E-04       1.47950E-04       6.81200E-06       2.53375E-08       3.71954E-03       5.50306E-07       3.70206E-07
       1.51356E-04       1.58489E-04       1.54922E-04       7.13300E-06       2.72085E-08       3.81445E-03       5.90944E-07       3.97415E-07
       1.58489E-04       1.65959E-04       1.62224E-04       7.47000E-06       2.92179E-08       3.91137E-03       6.34518E-07       4.26633E-07
       1.65959E-04       1.73780E-04       1.69870E-04       7.82100E-06       3.13028E-08       4.00240E-03       6.79886E-07       4.57935E-07
       1.73780E-04       1.81970E-04       1.77875E-04       8.19000E-06       3.35374E-08       4.09492E-03       7.28383E-07       4.91473E-07
       1.81970E-04       1.90546E-04       1.86258E-04       8.57600E-06       3.59509E-08       4.19203E-03       7.80799E-07       5.27423E-07
       1.90546E-04       1.99526E-04       1.95036E-04       8.98000E-06       3.85578E-08       4.29374E-03       8.37434E-07       5.65981E-07
       1.99526E-04       2.08930E-04       2.04228E-04       9.40399E-06       4.13762E-08       4.39986E-03       8.98574E-07       6.07357E-07
       2.08930E-04       2.18776E-04       2.13853E-04       9.84601E-06       4.44177E-08       4.51124E-03       9.64741E-07       6.51775E-07
       2.18776E-04       2.29087E-04       2.23932E-04       1.03110E-05       4.75824E-08       4.61472E-03       1.03338E-06       6.99358E-07
       2.29087E-04       2.39883E-04       2.34485E-04       1.07960E-05       5.09433E-08       4.71872E-03       1.10647E-06       7.50301E-07
       2.39883E-04       2.51189E-04       2.45536E-04       1.13060E-05       5.45705E-08       4.82668E-03       1.18512E-06       8.04871E-07
       2.51189E-04       2.63027E-04       2.57108E-04       1.18380E-05       5.84875E-08       4.94065E-03       1.27028E-06       8.63359E-07
       2.63027E-04       2.75423E-04       2.69225E-04       1.23960E-05       6.27182E-08       5.05956E-03       1.36216E-06       9.26077E-07
       2.75423E-04       2.88403E-04       2.81913E-04       1.29800E-05       6.72910E-08       5.18420E-03       1.46149E-06       9.93368E-07
       2.88403E-04       3.01995E-04       2.95199E-04       1.35920E-05       7.22346E-08       5.31450E-03       1.56884E-06       1.06560E-06
       3.01995E-04       3.16228E-04       3.09111E-04       1.42330E-05       7.75830E-08       5.45092E-03       1.68494E-06       1.14319E-06
       3.16228E-04       3.31131E-04       3.23680E-04       1.49030E-05       8.33363E-08       5.59191E-03       1.80999E-06       1.22652E-06
       3.31131E-04       3.46737E-04       3.38934E-04       1.56060E-05       8.93128E-08       5.72298E-03       1.93971E-06       1.31583E-06
       3.46737E-04       3.63078E-04       3.54908E-04       1.63410E-05       9.57091E-08       5.85699E-03       2.07869E-06       1.41154E-06
       3.63078E-04       3.80189E-04       3.71634E-04       1.71110E-05       1.02618E-07       5.99719E-03       2.22876E-06       1.51416E-06
       3.80189E-04       3.98107E-04       3.89148E-04       1.79180E-05       1.10085E-07       6.14380E-03       2.39085E-06       1.62425E-06
       3.98107E-04       4.16869E-04       4.07488E-04       1.87620E-05       1.18156E-07       6.29763E-03       2.56621E-06       1.74240E-06
       4.16869E-04       4.36516E-04       4.26692E-04       1.96470E-05       1.26874E-07       6.45767E-03       2.75544E-06       1.86928E-06
       4.36516E-04       4.57088E-04       4.46802E-04       2.05720E-05       1.35973E-07       6.60961E-03       2.95319E-06       2.00525E-06
       4.57088E-04       4.78630E-04       4.67859E-04       2.15420E-05       1.45622E-07       6.75990E-03       3.16268E-06       2.15087E-06
       4.78630E-04       5.01187E-04       4.89909E-04       2.25570E-05       1.56038E-07       6.91748E-03       3.38893E-06       2.30691E-06
       5.01187E-04       5.24808E-04       5.12998E-04       2.36210E-05       1.67288E-07       7.08219E-03       3.63315E-06       2.47420E-06
       5.24808E-04       5.49541E-04       5.37175E-04       2.47330E-05       1.79444E-07       7.25523E-03       3.89732E-06       2.65364E-06
       5.49541E-04       5.75440E-04       5.62491E-04       2.58990E-05       1.92584E-07       7.43598E-03       4.18267E-06       2.84622E-06
       5.75440E-04       6.02560E-04       5.89000E-04       2.71200E-05       2.06798E-07       7.62528E-03       4.49129E-06       3.05302E-06
       6.02560E-04       6.30957E-04       6.16758E-04       2.83970E-05       2.22174E-07       7.82387E-03       4.82544E-06       3.27520E-06
       6.30957E-04       6.60693E-04       6.45825E-04       2.97360E-05       2.38745E-07       8.02882E-03       5.18521E-06       3.51394E-06
       6.60693E-04       6.91831E-04       6.76262E-04       3.11380E-05       2.55988E-07       8.22107E-03       5.55960E-06       3.76993E-06
       6.91831E-04       7.24436E-04       7.08133E-04       3.26050E-05       2.74427E-07       8.41674E-03       5.96017E-06       4.04436E-06
       7.24436E-04       7.58578E-04       7.41507E-04       3.41420E-05       2.94351E-07       8.62136E-03       6.39280E-06       4.33871E-06
       7.58578E-04       7.94328E-04       7.76453E-04       3.57500E-05       3.15887E-07       8.83600E-03       6.86074E-06       4.65459E-06
       7.94328E-04       8.31764E-04       8.13046E-04       3.74360E-05       3.39179E-07       9.06025E-03       7.36640E-06       4.99377E-06
       8.31764E-04       8.70964E-04       8.51364E-04       3.92000E-05       3.64354E-07       9.29474E-03       7.91321E-06       5.35813E-06
       8.70964E-04       9.12011E-04       8.91487E-04       4.10470E-05       3.90712E-07       9.51865E-03       8.48575E-06       5.74884E-06
       9.12011E-04       9.54993E-04       9.33502E-04       4.29820E-05       4.18629E-07       9.73963E-03       9.09196E-06       6.16747E-06
       9.54993E-04       1.00000E-03       9.77497E-04       4.50070E-05       4.48773E-07       9.97118E-03       9.74679E-06       6.61624E-06
       1.00000E-03       1.04713E-03       1.02356E-03       4.71300E-05       4.81352E-07       1.02133E-02       1.04540E-05       7.09759E-06
       1.04713E-03       1.09648E-03       1.07180E-03       4.93500E-05       5.16548E-07       1.04670E-02       1.12186E-05       7.61414E-06
       1.09648E-03       1.14815E-03       1.12231E-03       5.16700E-05       5.54639E-07       1.07342E-02       1.20472E-05       8.16878E-06
       1.14815E-03       1.20226E-03       1.17520E-03       5.41100E-05       5.95822E-07       1.10113E-02       1.29405E-05       8.76460E-06
       1.20226E-03       1.25892E-03       1.23059E-03       5.66600E-05       6.40420E-07       1.13029E-02       1.39092E-05       9.40502E-06
       1.25892E-03       1.31826E-03       1.28859E-03       5.93400E-05       6.88549E-07       1.16035E-02       1.49521E-05       1.00936E-05
       1.31826E-03       1.38038E-03       1.34932E-03       6.21200E-05       7.38727E-07       1.18919E-02       1.60460E-05       1.08323E-05
       1.38038E-03       1.44544E-03       1.41291E-03       6.50599E-05       7.92370E-07       1.21791E-02       1.72079E-05       1.16247E-05
       1.44544E-03       1.51356E-03       1.47950E-03       6.81201E-05       8.50333E-07       1.24828E-02       1.84684E-05       1.24750E-05
       1.51356E-03       1.58489E-03       1.54923E-03       7.13300E-05       9.13035E-07       1.28002E-02       1.98303E-05       1.33880E-05
       1.58489E-03       1.65959E-03       1.62224E-03       7.47000E-05       9.80872E-07       1.31308E-02       2.13013E-05       1.43689E-05
       1.65959E-03       1.73780E-03       1.69870E-03       7.82101E-05       1.05425E-06       1.34798E-02       2.28980E-05       1.54232E-05
       1.73780E-03       1.81970E-03       1.77875E-03       8.18999E-05       1.13132E-06       1.38134E-02       2.45706E-05       1.65545E-05
       1.81970E-03       1.90546E-03       1.86258E-03       8.57600E-05       1.21282E-06       1.41421E-02       2.63407E-05       1.77673E-05
       1.90546E-03       1.99526E-03       1.95036E-03       8.98001E-05       1.30088E-06       1.44864E-02       2.82536E-05       1.90682E-05
       1.99526E-03       2.08930E-03       2.04228E-03       9.40400E-05       1.59708E-05       1.69830E-01       3.46841E-04       3.50390E-05
       2.08930E-03       2.18776E-03       2.13853E-03       9.84600E-05       2.05806E-05       2.09025E-01       4.47006E-04       5.56196E-05
       2.18776E-03       2.29087E-03       2.23932E-03       1.03110E-04       2.15758E-05       2.09251E-01       4.68578E-04       7.71955E-05
       2.29087E-03       2.39883E-03       2.34485E-03       1.07960E-04       2.26084E-05       2.09414E-01       4.91046E-04       9.98038E-05
       2.39883E-03       2.51189E-03       2.45536E-03       1.13060E-04       2.37047E-05       2.09665E-01       5.14803E-04       1.23509E-04
       2.51189E-03       2.63027E-03       2.57108E-03       1.18380E-04       2.48489E-05       2.09908E-01       5.39689E-04       1.48357E-04
       2.63027E-03       2.75423E-03       2.69225E-03       1.23960E-04       2.60374E-05       2.10047E-01       5.65498E-04       1.74395E-04
       2.75423E-03       2.88403E-03       2.81913E-03       1.29800E-04       2.72886E-05       2.10236E-01       5.92682E-04       2.01683E-04
       2.88403E-03       3.01995E-03       2.95199E-03       1.35920E-04       2.85920E-05       2.10359E-01       6.20977E-04       2.30275E-04
       3.01995E-03       3.16228E-03       3.09112E-03       1.42330E-04       2.99628E-05       2.10516E-01       6.50730E-04       2.60238E-04
       3.16228E-03       3.31131E-03       3.23679E-03       1.49030E-04       3.13995E-05       2.10692E-01       6.81967E-04       2.91638E-04
       3.31131E-03       3.46737E-03       3.38934E-03       1.56060E-04       3.29129E-05       2.10899E-01       7.14807E-04       3.24550E-04
       3.46737E-03       3.63078E-03       3.54907E-03       1.63410E-04       3.44895E-05       2.11061E-01       7.49073E-04       3.59040E-04
       3.63078E-03       3.80189E-03       3.71633E-03       1.71110E-04       3.61513E-05       2.11276E-01       7.85171E-04       3.95191E-04
       3.80189E-03       3.98107E-03       3.89148E-03       1.79180E-04       3.78790E-05       2.11402E-01       8.22666E-04       4.33070E-04
       3.98107E-03       4.16869E-03       4.07488E-03       1.87620E-04       3.96925E-05       2.11558E-01       8.62073E-04       4.72763E-04
       4.16869E-03       4.36516E-03       4.26693E-03       1.96470E-04       4.16034E-05       2.11754E-01       9.03539E-04       5.14366E-04
       4.36516E-03       4.57088E-03       4.46802E-03       2.05720E-04       4.36039E-05       2.11958E-01       9.47031E-04       5.57970E-04
       4.57088E-03       4.78630E-03       4.67859E-03       2.15420E-04       4.56986E-05       2.12137E-01       9.92504E-04       6.03669E-04
       4.78630E-03       5.01187E-03       4.89909E-03       2.25570E-04       4.79062E-05       2.12378E-01       1.04046E-03       6.51575E-04
       5.01187E-03       5.24807E-03       5.12997E-03       2.36200E-04       5.02173E-05       2.12605E-01       1.09066E-03       7.01792E-04
       5.24807E-03       5.49541E-03       5.37174E-03       2.47340E-04       5.26283E-05       2.12777E-01       1.14298E-03       7.54420E-04
       5.49541E-03       5.75440E-03       5.62491E-03       2.58990E-04       5.51501E-05       2.12943E-01       1.19779E-03       8.09571E-04
       5.75440E-03       6.02560E-03       5.89000E-03       2.71200E-04       5.78004E-05       2.13128E-01       1.25533E-03       8.67371E-04
       6.02560E-03       6.30957E-03       6.16759E-03       2.83970E-04       6.05873E-05       2.13358E-01       1.31591E-03       9.27958E-04
       6.30957E-03       6.60693E-03       6.45825E-03       2.97360E-04       6.35048E-05       2.13562E-01       1.37923E-03       9.91463E-04
       6.60693E-03       6.91831E-03       6.76262E-03       3.11380E-04       6.65710E-05       2.13793E-01       1.44580E-03       1.05803E-03
       6.91831E-03       7.24436E-03       7.08133E-03       3.26050E-04       6.97722E-05       2.13993E-01       1.51535E-03       1.12781E-03
       7.24436E-03       7.58578E-03       7.41507E-03       3.41420E-04       7.31013E-05       2.14110E-01       1.58764E-03       1.20091E-03
       7.58578E-03       7.94328E-03       7.76453E-03       3.57500E-04       7.65985E-05       2.14261E-01       1.66364E-03       1.27751E-03
       7.94328E-03       8.31764E-03       8.13046E-03       3.74360E-04       8.02683E-05       2.14415E-01       1.74329E-03       1.35777E-03
       8.31764E-03       8.70964E-03       8.51364E-03       3.92000E-04       8.41234E-05       2.14601E-01       1.82703E-03       1.44190E-03
       8.70964E-03       9.12011E-03       8.91487E-03       4.10471E-04       8.81672E-05       2.14795E-01       1.91487E-03       1.53006E-03
       9.12011E-03       9.54993E-03       9.33502E-03       4.29819E-04       9.24083E-05       2.14993E-01       2.00697E-03       1.62247E-03
       9.54993E-03       1.00000E-02       9.77496E-03       4.50070E-04       9.68674E-05       2.15227E-01       2.10384E-03       1.71934E-03
       1.00000E-02       1.04713E-02       1.02357E-02       4.71300E-04       1.01556E-04       2.15480E-01       2.20558E-03       1.82090E-03
       1.04713E-02       1.09648E-02       1.07180E-02       4.93500E-04       1.06420E-04       2.15644E-01       2.31128E-03       1.92732E-03
       1.09648E-02       1.14815E-02       1.12232E-02       5.16700E-04       1.11521E-04       2.15832E-01       2.42232E-03       2.03884E-03
       1.14815E-02       1.20226E-02       1.17521E-02       5.41100E-04       1.16866E-04       2.15979E-01       2.53819E-03       2.15570E-03
       1.20226E-02       1.25892E-02       1.23059E-02       5.66601E-04       1.22491E-04       2.16185E-01       2.66035E-03       2.27819E-03
       1.25892E-02       1.31826E-02       1.28859E-02       5.93399E-04       1.28393E-04       2.16368E-01       2.78810E-03       2.40659E-03
       1.31826E-02       1.38038E-02       1.34932E-02       6.21200E-04       1.34592E-04       2.16664E-01       2.92350E-03       2.54118E-03
       1.38038E-02       1.44544E-02       1.41291E-02       6.50601E-04       1.41069E-04       2.16829E-01       3.06360E-03       2.68225E-03
       1.44544E-02       1.51356E-02       1.47950E-02       6.81199E-04       1.47823E-04       2.17004E-01       3.21058E-03       2.83007E-03
       1.51356E-02       1.58489E-02       1.54923E-02       7.13301E-04       1.70214E-04       2.38629E-01       3.69690E-03       3.00028E-03
       1.58489E-02       1.65959E-02       1.62224E-02       7.47000E-04       1.81868E-04       2.43464E-01       3.94957E-03       3.18215E-03
       1.65959E-02       1.73780E-02       1.69870E-02       7.82100E-04       1.90609E-04       2.43714E-01       4.13996E-03       3.37276E-03
       1.73780E-02       1.81970E-02       1.77875E-02       8.19000E-04       2.00308E-04       2.44577E-01       4.35041E-03       3.57307E-03
       1.81970E-02       1.90546E-02       1.86258E-02       8.57600E-04       2.12462E-04       2.47741E-01       4.61437E-03       3.78553E-03
       1.90546E-02       1.99526E-02       1.95036E-02       8.98000E-04       2.22766E-04       2.48069E-01       4.83824E-03       4.00830E-03
       1.99526E-02       2.08930E-02       2.04228E-02       9.40400E-04       2.33614E-04       2.48419E-01       5.07342E-03       4.24191E-03
       2.08930E-02       2.18776E-02       2.13853E-02       9.84600E-04       2.44977E-04       2.48809E-01       5.32085E-03       4.48689E-03
       2.18776E-02       2.29087E-02       2.23931E-02       1.03110E-03       2.56886E-04       2.49137E-01       5.57897E-03       4.74377E-03
       2.29087E-02       2.39883E-02       2.34485E-02       1.07960E-03       2.69457E-04       2.49589E-01       5.85249E-03       5.01323E-03
       2.39883E-02       2.51189E-02       2.45536E-02       1.13060E-03       2.82707E-04       2.50051E-01       6.13964E-03       5.29594E-03
       2.51189E-02       2.63027E-02       2.57108E-02       1.18380E-03       2.96706E-04       2.50639E-01       6.44413E-03       5.59264E-03
       2.63027E-02       2.75423E-02       2.69225E-02       1.23960E-03       3.11500E-04       2.51290E-01       6.76536E-03       5.90414E-03
       2.75423E-02       2.88403E-02       2.81913E-02       1.29800E-03       3.27008E-04       2.51932E-01       7.10230E-03       6.23115E-03
       2.88403E-02       3.01995E-02       2.95199E-02       1.35920E-03       3.43196E-04       2.52499E-01       7.45374E-03       6.57435E-03
       3.01995E-02       3.16228E-02       3.09112E-02       1.42330E-03       3.65730E-04       2.56959E-01       7.94289E-03       6.94008E-03
       3.16228E-02       3.31131E-02       3.23680E-02       1.49030E-03       3.86049E-04       2.59041E-01       8.38462E-03       7.32613E-03
       3.31131E-02       3.46737E-02       3.38934E-02       1.56060E-03       4.05625E-04       2.59916E-01       8.80945E-03       7.73175E-03
       3.46737E-02       3.63078E-02       3.54908E-02       1.63410E-03       4.28740E-04       2.62370E-01       9.31172E-03       8.16049E-03
       3.63078E-02       3.80189E-02       3.71633E-02       1.71110E-03       4.60465E-04       2.69105E-01       1.00009E-02       8.62096E-03
       3.80189E-02       3.98107E-02       3.89148E-02       1.79180E-03       5.38728E-04       3.00663E-01       1.17002E-02       9.15968E-03
       3.98107E-02       4.16869E-02       4.07488E-02       1.87620E-03       5.70318E-04       3.03975E-01       1.23866E-02       9.73000E-03
       4.16869E-02       4.36516E-02       4.26693E-02       1.96470E-03       6.00169E-04       3.05476E-01       1.30344E-02       1.03302E-02
       4.36516E-02       4.57088E-02       4.46802E-02       2.05720E-03       6.38477E-04       3.10362E-01       1.38671E-02       1.09686E-02
       4.57088E-02       4.78630E-02       4.67859E-02       2.15420E-03       6.89887E-04       3.20252E-01       1.49833E-02       1.16585E-02
       4.78630E-02       5.01187E-02       4.89908E-02       2.25570E-03       7.27134E-04       3.22354E-01       1.57924E-02       1.23857E-02
       5.01187E-02       5.24808E-02       5.12998E-02       2.36210E-03       7.72056E-04       3.26851E-01       1.67674E-02       1.31577E-02
       5.24808E-02       5.49541E-02       5.37174E-02       2.47330E-03       8.28565E-04       3.35004E-01       1.79956E-02       1.39863E-02
       5.49541E-02       5.75440E-02       5.62491E-02       2.58990E-03       8.80826E-04       3.40101E-01       1.91303E-02       1.48671E-02
       5.75440E-02       6.02560E-02       5.89000E-02       2.71200E-03       9.35761E-04       3.45045E-01       2.03231E-02       1.58029E-02
       6.02560E-02       6.30957E-02       6.16758E-02       2.83970E-03       1.01392E-03       3.57054E-01       2.20216E-02       1.68168E-02
       6.30957E-02       6.60693E-02       6.45825E-02       2.97360E-03       1.08193E-03       3.63846E-01       2.34981E-02       1.78987E-02
       6.60693E-02       6.91831E-02       6.76262E-02       3.11380E-03       1.14387E-03       3.67355E-01       2.48428E-02       1.90426E-02
       6.91831E-02       7.24436E-02       7.08134E-02       3.26050E-03       1.21106E-03       3.71435E-01       2.63026E-02       2.02537E-02
       7.24436E-02       7.58578E-02       7.41507E-02       3.41420E-03       1.28414E-03       3.76118E-01       2.78894E-02       2.15378E-02
       7.58578E-02       7.94328E-02       7.76453E-02       3.57500E-03       1.36265E-03       3.81160E-01       2.95953E-02       2.29005E-02
       7.94328E-02       8.31764E-02       8.13046E-02       3.74360E-03       1.44709E-03       3.86549E-01       3.14282E-02       2.43475E-02
       8.31764E-02       8.70964E-02       8.51364E-02       3.92000E-03       1.53819E-03       3.92395E-01       3.34071E-02       2.58857E-02
       8.70964E-02       9.12011E-02       8.91488E-02       4.10470E-03       1.63652E-03       3.98694E-01       3.55431E-02       2.75223E-02
       9.12011E-02       9.54993E-02       9.33502E-02       4.29820E-03       1.74241E-03       4.05383E-01       3.78426E-02       2.92647E-02
       9.54993E-02       1.00000E-01       9.77497E-02       4.50070E-03       1.85648E-03       4.12487E-01       4.03205E-02       3.11211E-02
       1.00000E-01       1.04713E-01       1.02357E-01       4.71300E-03       1.97939E-03       4.19984E-01       4.29881E-02       3.31005E-02
       1.04713E-01       1.09648E-01       1.07180E-01       4.93500E-03       2.11172E-03       4.27906E-01       4.58632E-02       3.52123E-02
       1.09648E-01       1.14815E-01       1.12231E-01       5.16700E-03       2.25373E-03       4.36178E-01       4.89529E-02       3.74660E-02
       1.14815E-01       1.20226E-01       1.17520E-01       5.41100E-03       2.40514E-03       4.44490E-01       5.22367E-02       3.98711E-02
       1.20226E-01       1.25892E-01       1.23059E-01       5.66600E-03       2.56802E-03       4.53233E-01       5.57744E-02       4.24391E-02
       1.25892E-01       1.31826E-01       1.28859E-01       5.93400E-03       2.74311E-03       4.62269E-01       5.95676E-02       4.51822E-02
       1.31826E-01       1.38038E-01       1.34932E-01       6.21200E-03       2.93112E-03       4.71849E-01       6.36675E-02       4.81134E-02
       1.38038E-01       1.44544E-01       1.41291E-01       6.50600E-03       3.13219E-03       4.81432E-01       6.80219E-02       5.12456E-02
       1.44544E-01       1.51356E-01       1.47950E-01       6.81200E-03       3.34652E-03       4.91269E-01       7.26832E-02       5.45921E-02
       1.51356E-01       1.58489E-01       1.54923E-01       7.13300E-03       3.57594E-03       5.01323E-01       7.76662E-02       5.81680E-02
       1.58489E-01       1.65959E-01       1.62224E-01       7.47000E-03       3.84167E-03       5.14279E-01       8.34284E-02       6.20097E-02
       1.65959E-01       1.73780E-01       1.69869E-01       7.82100E-03       4.16040E-03       5.31952E-01       9.03625E-02       6.61701E-02
       1.73780E-01       1.81970E-01       1.77875E-01       8.19000E-03       4.50880E-03       5.50524E-01       9.79245E-02       7.06789E-02
       1.81970E-01       1.90546E-01       1.86258E-01       8.57600E-03       4.88524E-03       5.69641E-01       1.06100E-01       7.55641E-02
       1.90546E-01       1.99526E-01       1.95036E-01       8.98000E-03       5.29157E-03       5.89262E-01       1.14927E-01       8.08557E-02
       1.99526E-01       2.08930E-01       2.04228E-01       9.40400E-03       5.72992E-03       6.09307E-01       1.24437E-01       8.65856E-02
       2.08930E-01       2.18776E-01       2.13853E-01       9.84600E-03       6.20231E-03       6.29932E-01       1.34713E-01       9.27879E-02
       2.18776E-01       2.29087E-01       2.23931E-01       1.03110E-02       6.71085E-03       6.50844E-01       1.45744E-01       9.94988E-02
       2.29087E-01       2.39883E-01       2.34485E-01       1.07960E-02       7.25696E-03       6.72189E-01       1.57618E-01       1.06756E-01
       2.39883E-01       2.51189E-01       2.45536E-01       1.13060E-02       7.84435E-03       6.93822E-01       1.70358E-01       1.14600E-01
       2.51189E-01       2.63027E-01       2.57108E-01       1.18380E-02       8.47625E-03       7.16020E-01       1.84095E-01       1.23076E-01
       2.63027E-01       2.75423E-01       2.69225E-01       1.23960E-02       9.15518E-03       7.38559E-01       1.98839E-01       1.32232E-01
       2.75423E-01       2.88403E-01       2.81913E-01       1.29800E-02       9.86474E-03       7.59995E-01       2.14253E-01       1.42096E-01
       2.88403E-01       3.01995E-01       2.95199E-01       1.35920E-02       1.06156E-02       7.81021E-01       2.30557E-01       1.52712E-01
       3.01995E-01       3.16228E-01       3.09112E-01       1.42330E-02       1.14224E-02       8.02529E-01       2.48071E-01       1.64134E-01
       3.16228E-01       3.31131E-01       3.23680E-01       1.49030E-02       1.22853E-02       8.24350E-01       2.66825E-01       1.76420E-01
       3.31131E-01       3.46737E-01       3.38934E-01       1.56060E-02       1.31772E-02       8.44368E-01       2.86185E-01       1.89597E-01
       3.46737E-01       3.63078E-01       3.54908E-01       1.63410E-02       1.41276E-02       8.64548E-01       3.06835E-01       2.03724E-01
       3.63078E-01       3.80189E-01       3.71633E-01       1.71110E-02       1.51518E-02       8.85501E-01       3.29082E-01       2.18876E-01
       3.80189E-01       3.98107E-01       3.89148E-01       1.79180E-02       1.62584E-02       9.07379E-01       3.53105E-01       2.35135E-01
       3.98107E-01       4.16869E-01       4.07488E-01       1.87620E-02       1.74570E-02       9.30445E-01       3.79145E-01       2.52592E-01
       4.16869E-01       4.36516E-01       4.26692E-01       1.96470E-02       1.87591E-02       9.54809E-01       4.07410E-01       2.71351E-01
       4.36516E-01       4.57088E-01       4.46802E-01       2.05720E-02       2.01791E-02       9.80899E-01       4.38268E-01       2.91530E-01
       4.57088E-01       4.78630E-01       4.67859E-01       2.15420E-02       2.17318E-02       1.00881E+00       4.71982E-01       3.13262E-01
       4.78630E-01       5.01187E-01       4.89909E-01       2.25570E-02       2.42881E-02       1.07674E+00       5.27505E-01       3.37550E-01
       5.01187E-01       5.24808E-01       5.12998E-01       2.36210E-02       2.99621E-02       1.26845E+00       6.50713E-01       3.67512E-01
       5.24808E-01       5.49541E-01       5.37174E-01       2.47330E-02       2.49934E-02       1.01053E+00       5.42830E-01       3.92505E-01
       5.49541E-01       5.75440E-01       5.62490E-01       2.58990E-02       2.49654E-02       9.63950E-01       5.42213E-01       4.17471E-01
       5.75440E-01       6.02560E-01       5.89000E-01       2.71200E-02       2.49365E-02       9.19487E-01       5.41578E-01       4.42407E-01
       6.02560E-01       6.30957E-01       6.16758E-01       2.83970E-02       2.49170E-02       8.77451E-01       5.41175E-01       4.67324E-01
       6.30957E-01       6.60693E-01       6.45825E-01       2.97360E-02       2.48888E-02       8.36993E-01       5.40551E-01       4.92213E-01
       6.60693E-01       6.91831E-01       6.76262E-01       3.11380E-02       2.48802E-02       7.99030E-01       5.40354E-01       5.17093E-01
       6.91831E-01       7.24436E-01       7.08133E-01       3.26050E-02       2.47901E-02       7.60316E-01       5.38405E-01       5.41883E-01
       7.24436E-01       7.58578E-01       7.41507E-01       3.41420E-02       2.45995E-02       7.20504E-01       5.34259E-01       5.66483E-01
       7.58578E-01       7.94328E-01       7.76453E-01       3.57500E-02       2.42864E-02       6.79340E-01       5.27476E-01       5.90769E-01
       7.94328E-01       8.31764E-01       8.13046E-01       3.74360E-02       2.38245E-02       6.36405E-01       5.17427E-01       6.14593E-01
       8.31764E-01       8.70964E-01       8.51364E-01       3.92000E-02       2.32452E-02       5.92989E-01       5.04849E-01       6.37839E-01
       8.70964E-01       9.12011E-01       8.91487E-01       4.10470E-02       2.26074E-02       5.50768E-01       4.91003E-01       6.60446E-01
       9.12011E-01       9.54993E-01       9.33502E-01       4.29820E-02       2.17490E-02       5.06002E-01       4.72354E-01       6.82195E-01
       9.54993E-01       1.00000E+00       9.77497E-01       4.50070E-02       2.06198E-02       4.58147E-01       4.47837E-01       7.02815E-01
       1.00000E+00       1.04713E+00       1.02357E+00       4.71300E-02       1.91821E-02       4.07005E-01       4.16596E-01       7.21997E-01
       1.04713E+00       1.09648E+00       1.07181E+00       4.93500E-02       1.83563E-02       3.71961E-01       3.98670E-01       7.40353E-01
       1.09648E+00       1.14815E+00       1.12231E+00       5.16700E-02       1.83381E-02       3.54908E-01       3.98318E-01       7.58691E-01
       1.14815E+00       1.20226E+00       1.17520E+00       5.41100E-02       1.82083E-02       3.36505E-01       3.95463E-01       7.76900E-01
       1.20226E+00       1.25892E+00       1.23059E+00       5.66600E-02       1.79839E-02       3.17400E-01       3.90590E-01       7.94883E-01
       1.25892E+00       1.31826E+00       1.28859E+00       5.93400E-02       1.77134E-02       2.98507E-01       3.84653E-01       8.12597E-01
       1.31826E+00       1.38038E+00       1.34932E+00       6.21200E-02       1.76494E-02       2.84117E-01       3.83365E-01       8.30246E-01
       1.38038E+00       1.44544E+00       1.41291E+00       6.50600E-02       1.72191E-02       2.64665E-01       3.73948E-01       8.47465E-01
       1.44544E+00       1.51356E+00       1.47950E+00       6.81200E-02       1.67753E-02       2.46261E-01       3.64344E-01       8.64241E-01
       1.51356E+00       1.58489E+00       1.54923E+00       7.13300E-02       1.54100E-02       2.16039E-01       3.34693E-01       8.79651E-01
       1.58489E+00       1.65959E+00       1.62224E+00       7.47000E-02       1.58992E-02       2.12840E-01       3.45278E-01       8.95550E-01
       1.65959E+00       1.73780E+00       1.69869E+00       7.82100E-02       1.58804E-02       2.03049E-01       3.44918E-01       9.11430E-01
       1.73780E+00       1.81970E+00       1.77875E+00       8.19000E-02       1.48387E-02       1.81181E-01       3.22276E-01       9.26269E-01
       1.81970E+00       1.90546E+00       1.86258E+00       8.57600E-02       1.16240E-02       1.35541E-01       2.52456E-01       9.37893E-01
       1.90546E+00       1.99526E+00       1.95036E+00       8.98000E-02       8.04457E-03       8.95832E-02       1.74720E-01       9.45938E-01
       1.99526E+00       2.08930E+00       2.04228E+00       9.40400E-02       7.50406E-03       7.97965E-02       1.62967E-01       9.53442E-01
       2.08930E+00       2.18776E+00       2.13853E+00       9.84600E-02       6.92061E-03       7.02885E-02       1.50314E-01       9.60362E-01
       2.18776E+00       2.29087E+00       2.23932E+00       1.03110E-01       6.30852E-03       6.11824E-02       1.37007E-01       9.66671E-01
       2.29087E+00       2.39883E+00       2.34485E+00       1.07960E-01       5.65255E-03       5.23578E-02       1.22771E-01       9.72323E-01
       2.39883E+00       2.51189E+00       2.45536E+00       1.13060E-01       5.02684E-03       4.44617E-02       1.09169E-01       9.77350E-01
       2.51189E+00       2.63027E+00       2.57108E+00       1.18380E-01       4.39714E-03       3.71443E-02       9.55009E-02       9.81747E-01
       2.63027E+00       2.75423E+00       2.69225E+00       1.23960E-01       3.80770E-03       3.07172E-02       8.26983E-02       9.85555E-01
       2.75423E+00       2.88403E+00       2.81913E+00       1.29800E-01       3.25484E-03       2.50758E-02       7.06919E-02       9.88810E-01
       2.88403E+00       3.01995E+00       2.95199E+00       1.35920E-01       2.73376E-03       2.01130E-02       5.93734E-02       9.91544E-01
       3.01995E+00       3.16228E+00       3.09111E+00       1.42330E-01       2.25170E-03       1.58203E-02       4.89022E-02       9.93795E-01
       3.16228E+00       3.31131E+00       3.23679E+00       1.49030E-01       1.81720E-03       1.21935E-02       3.94680E-02       9.95613E-01
       3.31131E+00       3.46737E+00       3.38934E+00       1.56060E-01       1.44097E-03       9.23344E-03       3.12953E-02       9.97054E-01
       3.46737E+00       3.63078E+00       3.54908E+00       1.63410E-01       1.11757E-03       6.83906E-03       2.42723E-02       9.98171E-01
       3.63078E+00       3.80189E+00       3.71633E+00       1.71110E-01       8.32860E-04       4.86740E-03       1.80889E-02       9.99004E-01
       3.80189E+00       3.98107E+00       3.89148E+00       1.79180E-01       5.71464E-04       3.18933E-03       1.24112E-02       9.99575E-01
       3.98107E+00       4.16869E+00       4.07488E+00       1.87620E-01       3.29106E-04       1.75411E-03       7.14778E-03       9.99905E-01
       4.16869E+00       4.36516E+00       4.26692E+00       1.96470E-01       9.52915E-05       4.85018E-04       2.06953E-03       1.00000E+00

 Sum =                                                                         1.00000E+00
 Renormalization bin#   951 =                                                  4.25981E-01 barn        1.50000E+07        1.52000E+07        1.51000E+07
 Avg. Energy     bin#   951 =                                                  8.39910E-01 MeV         1.50000E+07        1.52000E+07
