"        MT= 91 recoil spectrum "
" Initial neutron energy corresponds to the group:"
   1.92000E+01    1.94000E+01       0.00000E+00           354           903           550



          Low               High              Mid              Energy           Number             dn/de            E*dn/de          Cumulative
         Energy            Energy            Energy             Width          Fraction                               Sum   
         [MeV]             [MeV]             [MeV]              [MeV]

       3.45000E-06       3.47500E-06       3.46250E-06       2.49999E-08       0.00000E+00       0.00000E+00       0.00000E+00       0.00000E+00
       3.47500E-06       3.50000E-06       3.48750E-06       2.50001E-08       7.03664E-12       2.81464E-04       9.81607E-10       7.03664E-12
       3.50000E-06       3.52500E-06       3.51250E-06       2.50001E-08       7.08728E-12       2.83490E-04       9.95759E-10       1.41239E-11
       3.52500E-06       3.55000E-06       3.53750E-06       2.49999E-08       7.13721E-12       2.85490E-04       1.00992E-09       2.12611E-11
       3.55000E-06       3.57500E-06       3.56250E-06       2.50001E-08       7.18785E-12       2.87513E-04       1.02426E-09       2.84490E-11
       3.57500E-06       3.60000E-06       3.58750E-06       2.49999E-08       7.23849E-12       2.89541E-04       1.03873E-09       3.56875E-11
       3.60000E-06       3.62500E-06       3.61250E-06       2.50001E-08       7.28843E-12       2.91536E-04       1.05317E-09       4.29759E-11
       3.62500E-06       3.65000E-06       3.63750E-06       2.50001E-08       7.33906E-12       2.93561E-04       1.06783E-09       5.03150E-11
       3.65000E-06       3.67500E-06       3.66250E-06       2.49999E-08       7.38970E-12       2.95590E-04       1.08260E-09       5.77047E-11
       3.67500E-06       3.70000E-06       3.68750E-06       2.50001E-08       7.44034E-12       2.97612E-04       1.09745E-09       6.51450E-11
       3.70000E-06       3.72500E-06       3.71250E-06       2.49999E-08       7.49028E-12       2.99613E-04       1.11231E-09       7.26353E-11
       3.72500E-06       3.75000E-06       3.73750E-06       2.50001E-08       7.54091E-12       3.01635E-04       1.12736E-09       8.01762E-11
       3.75000E-06       3.77500E-06       3.76250E-06       2.50001E-08       7.59155E-12       3.03661E-04       1.14252E-09       8.77677E-11
       3.77500E-06       3.80000E-06       3.78750E-06       2.49999E-08       7.64149E-12       3.05661E-04       1.15769E-09       9.54092E-11
       3.80000E-06       3.82500E-06       3.81250E-06       2.50001E-08       7.69213E-12       3.07684E-04       1.17304E-09       1.03101E-10
       3.82500E-06       3.85000E-06       3.83750E-06       2.49999E-08       7.74277E-12       3.09712E-04       1.18852E-09       1.10844E-10
       3.85000E-06       3.87500E-06       3.86250E-06       2.50001E-08       7.79340E-12       3.11735E-04       1.20408E-09       1.18638E-10
       3.87500E-06       3.90000E-06       3.88750E-06       2.50001E-08       7.84334E-12       3.13732E-04       1.21963E-09       1.26481E-10
       3.90000E-06       3.92500E-06       3.91250E-06       2.49999E-08       7.89398E-12       3.15761E-04       1.23541E-09       1.34375E-10
       3.92500E-06       3.95000E-06       3.93750E-06       2.50001E-08       7.94462E-12       3.17783E-04       1.25127E-09       1.42319E-10
       3.95000E-06       3.97500E-06       3.96250E-06       2.49999E-08       7.99525E-12       3.19812E-04       1.26726E-09       1.50315E-10
       3.97500E-06       4.00000E-06       3.98750E-06       2.50001E-08       8.04519E-12       3.21806E-04       1.28320E-09       1.58360E-10
       4.00000E-06       4.02500E-06       4.01250E-06       2.50001E-08       8.09583E-12       3.23832E-04       1.29938E-09       1.66456E-10
       4.02500E-06       4.05000E-06       4.03750E-06       2.50001E-08       8.14647E-12       3.25857E-04       1.31565E-09       1.74602E-10
       4.05000E-06       4.07500E-06       4.06250E-06       2.49996E-08       8.19640E-12       3.27861E-04       1.33194E-09       1.82799E-10
       4.07500E-06       4.10000E-06       4.08750E-06       2.50001E-08       8.24704E-12       3.29880E-04       1.34839E-09       1.91046E-10
       4.10000E-06       4.12500E-06       4.11250E-06       2.50001E-08       8.29768E-12       3.31906E-04       1.36496E-09       1.99343E-10
       4.12500E-06       4.15000E-06       4.13750E-06       2.50001E-08       8.34832E-12       3.33931E-04       1.38164E-09       2.07692E-10
       4.15000E-06       4.17500E-06       4.16250E-06       2.50001E-08       8.39825E-12       3.35929E-04       1.39830E-09       2.16090E-10
       4.17500E-06       4.20000E-06       4.18750E-06       2.49996E-08       8.44889E-12       3.37961E-04       1.41521E-09       2.24539E-10
       4.20000E-06       4.22500E-06       4.21250E-06       2.50001E-08       8.49953E-12       3.39980E-04       1.43217E-09       2.33038E-10
       4.22500E-06       4.25000E-06       4.23750E-06       2.50001E-08       8.54946E-12       3.41977E-04       1.44913E-09       2.41588E-10
       4.25000E-06       4.27500E-06       4.26250E-06       2.50001E-08       8.60010E-12       3.44003E-04       1.46631E-09       2.50188E-10
       4.27500E-06       4.30000E-06       4.28750E-06       2.50001E-08       8.65074E-12       3.46028E-04       1.48360E-09       2.58839E-10
       4.30000E-06       4.32500E-06       4.31250E-06       2.49996E-08       8.70138E-12       3.48061E-04       1.50101E-09       2.67540E-10
       4.32500E-06       4.35000E-06       4.33750E-06       2.50001E-08       8.75131E-12       3.50051E-04       1.51835E-09       2.76291E-10
       4.35000E-06       4.37500E-06       4.36250E-06       2.50001E-08       8.80195E-12       3.52077E-04       1.53593E-09       2.85093E-10
       4.37500E-06       4.40000E-06       4.38750E-06       2.50001E-08       8.85259E-12       3.54102E-04       1.55362E-09       2.93946E-10
       4.40000E-06       4.42500E-06       4.41250E-06       2.50001E-08       8.90253E-12       3.56100E-04       1.57129E-09       3.02848E-10
       4.42500E-06       4.45000E-06       4.43750E-06       2.49996E-08       8.95317E-12       3.58132E-04       1.58921E-09       3.11802E-10
       4.45000E-06       4.47500E-06       4.46250E-06       2.50001E-08       9.00380E-12       3.60151E-04       1.60717E-09       3.20805E-10
       4.47500E-06       4.50000E-06       4.48750E-06       2.50001E-08       9.05444E-12       3.62176E-04       1.62527E-09       3.29860E-10
       4.50000E-06       4.52500E-06       4.51250E-06       2.50001E-08       9.10438E-12       3.64174E-04       1.64333E-09       3.38964E-10
       4.52500E-06       4.55000E-06       4.53750E-06       2.50001E-08       9.15502E-12       3.66199E-04       1.66163E-09       3.48119E-10
       4.55000E-06       4.57500E-06       4.56250E-06       2.49996E-08       9.20566E-12       3.68232E-04       1.68006E-09       3.57325E-10
       4.57500E-06       4.60000E-06       4.58750E-06       2.50001E-08       9.25629E-12       3.70250E-04       1.69852E-09       3.66581E-10
       4.60000E-06       4.62500E-06       4.61250E-06       2.50001E-08       9.30623E-12       3.72248E-04       1.71699E-09       3.75887E-10
       4.62500E-06       4.65000E-06       4.63750E-06       2.50001E-08       9.35687E-12       3.74273E-04       1.73569E-09       3.85244E-10
       4.65000E-06       4.67500E-06       4.66250E-06       2.50001E-08       9.40751E-12       3.76299E-04       1.75449E-09       3.94652E-10
       4.67500E-06       4.70000E-06       4.68750E-06       2.49996E-08       9.45744E-12       3.78303E-04       1.77330E-09       4.04109E-10
       4.70000E-06       4.72500E-06       4.71250E-06       2.50001E-08       9.50808E-12       3.80322E-04       1.79227E-09       4.13617E-10
       4.72500E-06       4.75000E-06       4.73750E-06       2.50001E-08       9.55872E-12       3.82347E-04       1.81137E-09       4.23176E-10
       4.75000E-06       4.77500E-06       4.76250E-06       2.50001E-08       9.60936E-12       3.84373E-04       1.83058E-09       4.32785E-10
       4.77500E-06       4.80000E-06       4.78750E-06       2.50001E-08       9.65929E-12       3.86370E-04       1.84975E-09       4.42445E-10
       4.80000E-06       4.82500E-06       4.81250E-06       2.49996E-08       9.70993E-12       3.88403E-04       1.86919E-09       4.52155E-10
       4.82500E-06       4.85000E-06       4.83750E-06       2.50001E-08       9.76057E-12       3.90421E-04       1.88866E-09       4.61915E-10
       4.85000E-06       4.87500E-06       4.86250E-06       2.50001E-08       9.81050E-12       3.92419E-04       1.90814E-09       4.71726E-10
       4.87500E-06       4.90000E-06       4.88750E-06       2.50001E-08       9.86114E-12       3.94444E-04       1.92785E-09       4.81587E-10
       4.90000E-06       4.92500E-06       4.91250E-06       2.50001E-08       9.91178E-12       3.96470E-04       1.94766E-09       4.91499E-10
       4.92500E-06       4.95000E-06       4.93750E-06       2.49996E-08       9.96242E-12       3.98503E-04       1.96761E-09       5.01461E-10
       4.95000E-06       4.97500E-06       4.96250E-06       2.50001E-08       1.00124E-11       4.00493E-04       1.98744E-09       5.11473E-10
       4.97500E-06       5.00000E-06       4.98750E-06       2.50001E-08       1.00630E-11       4.02518E-04       2.00756E-09       5.21536E-10
       5.00000E-06       5.02500E-06       5.01250E-06       2.50001E-08       1.01136E-11       4.04544E-04       2.02778E-09       5.31650E-10
       5.02500E-06       5.05000E-06       5.03750E-06       2.50001E-08       1.01636E-11       4.06541E-04       2.04795E-09       5.41814E-10
       5.05000E-06       5.07500E-06       5.06250E-06       2.49996E-08       1.02142E-11       4.08574E-04       2.06841E-09       5.52028E-10
       5.07500E-06       5.10000E-06       5.08750E-06       2.50001E-08       1.02648E-11       4.10592E-04       2.08889E-09       5.62293E-10
       5.10000E-06       5.12500E-06       5.11250E-06       2.50001E-08       1.03155E-11       4.12618E-04       2.10951E-09       5.72608E-10
       5.12500E-06       5.15000E-06       5.13750E-06       2.50001E-08       1.03654E-11       4.14615E-04       2.13008E-09       5.82974E-10
       5.15000E-06       5.17500E-06       5.16250E-06       2.50001E-08       1.04161E-11       4.16641E-04       2.15091E-09       5.93390E-10
       5.17500E-06       5.20000E-06       5.18750E-06       2.49996E-08       1.04667E-11       4.18674E-04       2.17187E-09       6.03856E-10
       5.20000E-06       5.22500E-06       5.21250E-06       2.50001E-08       1.05166E-11       4.20664E-04       2.19271E-09       6.14373E-10
       5.22500E-06       5.25000E-06       5.23750E-06       2.50001E-08       1.05673E-11       4.22689E-04       2.21383E-09       6.24940E-10
       5.25000E-06       5.27500E-06       5.26250E-06       2.50001E-08       1.06179E-11       4.24715E-04       2.23506E-09       6.35558E-10
       5.27500E-06       5.30000E-06       5.28750E-06       2.50001E-08       1.06685E-11       4.26740E-04       2.25639E-09       6.46227E-10
       5.30000E-06       5.32500E-06       5.31250E-06       2.49996E-08       1.07185E-11       4.28746E-04       2.27771E-09       6.56945E-10
       5.32500E-06       5.35000E-06       5.33750E-06       2.50001E-08       1.07691E-11       4.30763E-04       2.29920E-09       6.67714E-10
       5.35000E-06       5.37500E-06       5.36250E-06       2.50001E-08       1.08198E-11       4.32789E-04       2.32083E-09       6.78534E-10
       5.37500E-06       5.40000E-06       5.38750E-06       2.50001E-08       1.08704E-11       4.34814E-04       2.34256E-09       6.89404E-10
       5.40000E-06       5.42500E-06       5.41250E-06       2.50001E-08       1.09203E-11       4.36812E-04       2.36424E-09       7.00325E-10
       5.42500E-06       5.45000E-06       5.43750E-06       2.49996E-08       1.09710E-11       4.38845E-04       2.38622E-09       7.11296E-10
       5.45000E-06       5.47500E-06       5.46250E-06       2.50001E-08       1.10216E-11       4.40863E-04       2.40821E-09       7.22317E-10
       5.47500E-06       5.50000E-06       5.48750E-06       2.50001E-08       1.10715E-11       4.42860E-04       2.43019E-09       7.33389E-10
       5.50000E-06       5.52500E-06       5.51250E-06       2.50001E-08       1.11222E-11       4.44886E-04       2.45243E-09       7.44511E-10
       5.52500E-06       5.55000E-06       5.53750E-06       2.50001E-08       1.11728E-11       4.46911E-04       2.47477E-09       7.55684E-10
       5.55000E-06       5.57500E-06       5.56250E-06       2.49996E-08       1.12235E-11       4.48945E-04       2.49726E-09       7.66907E-10
       5.57500E-06       5.60000E-06       5.58750E-06       2.50001E-08       1.12734E-11       4.50934E-04       2.51959E-09       7.78181E-10
       5.60000E-06       5.62500E-06       5.61250E-06       2.50001E-08       1.13240E-11       4.52960E-04       2.54224E-09       7.89505E-10
       5.62500E-06       5.65000E-06       5.63750E-06       2.50001E-08       1.13747E-11       4.54985E-04       2.56498E-09       8.00879E-10
       5.65000E-06       5.67500E-06       5.66250E-06       2.50001E-08       1.14246E-11       4.56982E-04       2.58766E-09       8.12304E-10
       5.67500E-06       5.70000E-06       5.68750E-06       2.49996E-08       1.14752E-11       4.59017E-04       2.61066E-09       8.23779E-10
       5.70000E-06       5.72500E-06       5.71250E-06       2.50001E-08       1.15259E-11       4.61033E-04       2.63365E-09       8.35305E-10
       5.72500E-06       5.75000E-06       5.73750E-06       2.50001E-08       1.15765E-11       4.63059E-04       2.65680E-09       8.46882E-10
       5.75000E-06       5.77500E-06       5.76250E-06       2.50001E-08       1.16265E-11       4.65056E-04       2.67989E-09       8.58508E-10
       5.77500E-06       5.80000E-06       5.78750E-06       2.50001E-08       1.16771E-11       4.67082E-04       2.70324E-09       8.70185E-10
       5.80000E-06       5.82500E-06       5.81250E-06       2.49996E-08       1.17277E-11       4.69116E-04       2.72674E-09       8.81913E-10
       5.82500E-06       5.85000E-06       5.83750E-06       2.50001E-08       1.17777E-11       4.71105E-04       2.75008E-09       8.93691E-10
       5.85000E-06       5.87500E-06       5.86250E-06       2.50001E-08       1.18283E-11       4.73130E-04       2.77373E-09       9.05519E-10
       5.87500E-06       5.90000E-06       5.88750E-06       2.50001E-08       1.18789E-11       4.75156E-04       2.79748E-09       9.17398E-10
       5.90000E-06       5.92500E-06       5.91250E-06       2.50001E-08       1.19296E-11       4.77181E-04       2.82134E-09       9.29328E-10
       5.92500E-06       5.95000E-06       5.93750E-06       2.49996E-08       1.19795E-11       4.79188E-04       2.84518E-09       9.41307E-10
       5.95000E-06       5.97500E-06       5.96250E-06       2.50001E-08       1.20302E-11       4.81204E-04       2.86918E-09       9.53337E-10
       5.97500E-06       6.00000E-06       5.98750E-06       2.50001E-08       1.20808E-11       4.83230E-04       2.89334E-09       9.65418E-10
       6.00000E-06       6.02500E-06       6.01250E-06       2.50001E-08       1.21314E-11       4.85255E-04       2.91760E-09       9.77549E-10
       6.02500E-06       6.05000E-06       6.03750E-06       2.50001E-08       1.21814E-11       4.87253E-04       2.94179E-09       9.89731E-10
       6.05000E-06       6.07500E-06       6.06250E-06       2.49996E-08       1.22320E-11       4.89288E-04       2.96631E-09       1.00196E-09
       6.07500E-06       6.10000E-06       6.08750E-06       2.50001E-08       1.22826E-11       4.91304E-04       2.99081E-09       1.01425E-09
       6.10000E-06       6.12500E-06       6.11250E-06       2.50001E-08       1.23326E-11       4.93301E-04       3.01530E-09       1.02658E-09
       6.12500E-06       6.15000E-06       6.13750E-06       2.50001E-08       1.23832E-11       4.95327E-04       3.04007E-09       1.03896E-09
       6.15000E-06       6.17500E-06       6.16250E-06       2.50001E-08       1.24339E-11       4.97352E-04       3.06493E-09       1.05139E-09
       6.17500E-06       6.20000E-06       6.18750E-06       2.49996E-08       1.24845E-11       4.99388E-04       3.08996E-09       1.06388E-09
       6.20000E-06       6.22500E-06       6.21250E-06       2.50001E-08       1.25344E-11       5.01375E-04       3.11479E-09       1.07641E-09
       6.22500E-06       6.25000E-06       6.23750E-06       2.50001E-08       1.25851E-11       5.03401E-04       3.13996E-09       1.08900E-09
       6.25000E-06       6.27500E-06       6.26250E-06       2.50001E-08       1.26357E-11       5.05426E-04       3.16523E-09       1.10163E-09
       6.27500E-06       6.30000E-06       6.28750E-06       2.50001E-08       1.26856E-11       5.07424E-04       3.19043E-09       1.11432E-09
       6.30000E-06       6.32500E-06       6.31250E-06       2.49996E-08       1.27363E-11       5.09459E-04       3.21596E-09       1.12706E-09
       6.32500E-06       6.35000E-06       6.33750E-06       2.50001E-08       1.27869E-11       5.11475E-04       3.24147E-09       1.13984E-09
       6.35000E-06       6.37500E-06       6.36250E-06       2.50001E-08       1.28376E-11       5.13500E-04       3.26715E-09       1.15268E-09
       6.37500E-06       6.40000E-06       6.38750E-06       2.50001E-08       1.28875E-11       5.15498E-04       3.29274E-09       1.16557E-09
       6.40000E-06       6.42500E-06       6.41250E-06       2.50001E-08       1.29381E-11       5.17523E-04       3.31862E-09       1.17851E-09
       6.42500E-06       6.45000E-06       6.43750E-06       2.49996E-08       1.29888E-11       5.19559E-04       3.34466E-09       1.19150E-09
       6.45000E-06       6.47500E-06       6.46250E-06       2.50001E-08       1.30387E-11       5.21546E-04       3.37049E-09       1.20453E-09
       6.47500E-06       6.50000E-06       6.48750E-06       2.50001E-08       1.30893E-11       5.23572E-04       3.39667E-09       1.21762E-09
       6.50000E-06       6.52500E-06       6.51250E-06       2.50001E-08       1.31400E-11       5.25597E-04       3.42295E-09       1.23076E-09
       6.52500E-06       6.55000E-06       6.53750E-06       2.50001E-08       1.31906E-11       5.27623E-04       3.44933E-09       1.24395E-09
       6.55000E-06       6.57500E-06       6.56250E-06       2.49996E-08       1.32406E-11       5.29630E-04       3.47570E-09       1.25719E-09
       6.57500E-06       6.60000E-06       6.58750E-06       2.50001E-08       1.32912E-11       5.31646E-04       3.50222E-09       1.27049E-09
       6.60000E-06       6.62500E-06       6.61250E-06       2.50001E-08       1.33418E-11       5.33671E-04       3.52890E-09       1.28383E-09
       6.62500E-06       6.65000E-06       6.63750E-06       2.50001E-08       1.33925E-11       5.35697E-04       3.55569E-09       1.29722E-09
       6.65000E-06       6.67500E-06       6.66250E-06       2.50001E-08       1.34424E-11       5.37694E-04       3.58239E-09       1.31066E-09
       6.67500E-06       6.70000E-06       6.68750E-06       2.49996E-08       1.34930E-11       5.39730E-04       3.60944E-09       1.32416E-09
       6.70000E-06       6.72500E-06       6.71250E-06       2.50001E-08       1.35437E-11       5.41745E-04       3.63647E-09       1.33770E-09
       6.72500E-06       6.75000E-06       6.73750E-06       2.50001E-08       1.35936E-11       5.43743E-04       3.66347E-09       1.35129E-09
       6.75000E-06       6.77500E-06       6.76250E-06       2.50001E-08       1.36443E-11       5.45768E-04       3.69076E-09       1.36494E-09
       6.77500E-06       6.80000E-06       6.78750E-06       2.50001E-08       1.36949E-11       5.47794E-04       3.71815E-09       1.37863E-09
       6.80000E-06       6.82500E-06       6.81250E-06       2.49996E-08       1.37455E-11       5.49830E-04       3.74572E-09       1.39238E-09
       6.82500E-06       6.85000E-06       6.83750E-06       2.50001E-08       1.37955E-11       5.51817E-04       3.77305E-09       1.40617E-09
       6.85000E-06       6.87500E-06       6.86250E-06       2.50001E-08       1.38461E-11       5.53842E-04       3.80074E-09       1.42002E-09
       6.87500E-06       6.90000E-06       6.88750E-06       2.50001E-08       1.38967E-11       5.55868E-04       3.82854E-09       1.43392E-09
       6.90000E-06       6.92500E-06       6.91250E-06       2.50001E-08       1.39467E-11       5.57865E-04       3.85624E-09       1.44786E-09
       6.92500E-06       6.95000E-06       6.93750E-06       2.49996E-08       1.39973E-11       5.59901E-04       3.88432E-09       1.46186E-09
       6.95000E-06       6.97500E-06       6.96250E-06       2.50001E-08       1.40480E-11       5.61916E-04       3.91234E-09       1.47591E-09
       6.97500E-06       7.00000E-06       6.98750E-06       2.50001E-08       1.40986E-11       5.63942E-04       3.94054E-09       1.49001E-09
       7.00000E-06       7.02500E-06       7.01250E-06       2.50001E-08       1.41485E-11       5.65939E-04       3.96865E-09       1.50416E-09
       7.02500E-06       7.05000E-06       7.03750E-06       2.50001E-08       1.41992E-11       5.67965E-04       3.99705E-09       1.51835E-09
       7.05000E-06       7.07500E-06       7.06250E-06       2.49996E-08       1.42498E-11       5.70001E-04       4.02563E-09       1.53260E-09
       7.07500E-06       7.10000E-06       7.08750E-06       2.50001E-08       1.42997E-11       5.71988E-04       4.05396E-09       1.54690E-09
       7.10000E-06       7.12500E-06       7.11250E-06       2.50001E-08       1.43504E-11       5.74013E-04       4.08267E-09       1.56125E-09
       7.12500E-06       7.15000E-06       7.13750E-06       2.50001E-08       1.44010E-11       5.76039E-04       4.11148E-09       1.57566E-09
       7.15000E-06       7.17500E-06       7.16250E-06       2.50001E-08       1.44517E-11       5.78064E-04       4.14038E-09       1.59011E-09
       7.17500E-06       7.20000E-06       7.18750E-06       2.49996E-08       1.45016E-11       5.80073E-04       4.16927E-09       1.60461E-09
       7.20000E-06       7.22500E-06       7.21250E-06       2.50001E-08       1.45522E-11       5.82087E-04       4.19830E-09       1.61916E-09
       7.22500E-06       7.25000E-06       7.23750E-06       2.50001E-08       1.46029E-11       5.84113E-04       4.22752E-09       1.63376E-09
       7.25000E-06       7.27500E-06       7.26250E-06       2.50001E-08       1.46528E-11       5.86110E-04       4.25662E-09       1.64842E-09
       7.27500E-06       7.30000E-06       7.28750E-06       2.50001E-08       1.47034E-11       5.88136E-04       4.28604E-09       1.66312E-09
       7.30000E-06       7.32500E-06       7.31250E-06       2.49996E-08       1.47541E-11       5.90172E-04       4.31564E-09       1.67787E-09
       7.32500E-06       7.35000E-06       7.33750E-06       2.50001E-08       1.48047E-11       5.92187E-04       4.34517E-09       1.69268E-09
       7.35000E-06       7.37500E-06       7.36250E-06       2.50001E-08       1.48547E-11       5.94184E-04       4.37468E-09       1.70753E-09
       7.37500E-06       7.40000E-06       7.38750E-06       2.50001E-08       1.49053E-11       5.96210E-04       4.40450E-09       1.72244E-09
       7.40000E-06       7.42500E-06       7.41250E-06       2.50001E-08       1.49559E-11       5.98235E-04       4.43442E-09       1.73739E-09
       7.42500E-06       7.45000E-06       7.43750E-06       2.49996E-08       1.50066E-11       6.00272E-04       4.46452E-09       1.75240E-09
       7.45000E-06       7.47500E-06       7.46250E-06       2.50001E-08       1.50565E-11       6.02258E-04       4.49435E-09       1.76746E-09
       7.47500E-06       7.50000E-06       7.48750E-06       2.50001E-08       1.51071E-11       6.04284E-04       4.52457E-09       1.78256E-09
       7.50000E-06       7.52500E-06       7.51250E-06       2.50001E-08       1.51578E-11       6.06309E-04       4.55490E-09       1.79772E-09
       7.52500E-06       7.55000E-06       7.53750E-06       2.50001E-08       1.52077E-11       6.08307E-04       4.58511E-09       1.81293E-09
       7.55000E-06       7.57500E-06       7.56250E-06       2.49996E-08       1.52584E-11       6.10344E-04       4.61572E-09       1.82819E-09
       7.57500E-06       7.60000E-06       7.58750E-06       2.50001E-08       1.53090E-11       6.12358E-04       4.64626E-09       1.84350E-09
       7.60000E-06       7.62500E-06       7.61250E-06       2.50001E-08       1.53596E-11       6.14383E-04       4.67699E-09       1.85886E-09
       7.62500E-06       7.65000E-06       7.63750E-06       2.50001E-08       1.54096E-11       6.16381E-04       4.70761E-09       1.87427E-09
       7.65000E-06       7.67500E-06       7.66250E-06       2.50001E-08       1.54602E-11       6.18406E-04       4.73854E-09       1.88973E-09
       7.67500E-06       7.70000E-06       7.68750E-06       2.49996E-08       1.55108E-11       6.20443E-04       4.76966E-09       1.90524E-09
       7.70000E-06       7.72500E-06       7.71250E-06       2.50001E-08       1.55608E-11       6.22429E-04       4.80048E-09       1.92080E-09
       7.72500E-06       7.75000E-06       7.73750E-06       2.50001E-08       1.56114E-11       6.24455E-04       4.83172E-09       1.93641E-09
       7.75000E-06       7.77500E-06       7.76250E-06       2.50001E-08       1.56621E-11       6.26480E-04       4.86305E-09       1.95207E-09
       7.77500E-06       7.80000E-06       7.78750E-06       2.50001E-08       1.57127E-11       6.28506E-04       4.89449E-09       1.96779E-09
       7.80000E-06       7.82500E-06       7.81250E-06       2.49996E-08       1.57626E-11       6.30515E-04       4.92590E-09       1.98355E-09
       7.82500E-06       7.85000E-06       7.83750E-06       2.50001E-08       1.58133E-11       6.32529E-04       4.95744E-09       1.99936E-09
       7.85000E-06       7.87500E-06       7.86250E-06       2.50001E-08       1.58639E-11       6.34554E-04       4.98918E-09       2.01523E-09
       7.87500E-06       7.90000E-06       7.88750E-06       2.50001E-08       1.59138E-11       6.36551E-04       5.02080E-09       2.03114E-09
       7.90000E-06       7.92500E-06       7.91250E-06       2.50001E-08       1.59645E-11       6.38577E-04       5.05274E-09       2.04710E-09
       7.92500E-06       7.95000E-06       7.93750E-06       2.49996E-08       1.60151E-11       6.40615E-04       5.08488E-09       2.06312E-09
       7.95000E-06       7.97500E-06       7.96250E-06       2.50001E-08       1.60658E-11       6.42628E-04       5.11693E-09       2.07919E-09
       7.97500E-06       8.00000E-06       7.98750E-06       2.50001E-08       1.61157E-11       6.44625E-04       5.14895E-09       2.09530E-09
       8.00000E-06       8.02500E-06       8.01250E-06       2.49996E-08       1.61663E-11       6.46663E-04       5.18139E-09       2.11147E-09
       8.02500E-06       8.05000E-06       8.03750E-06       2.50006E-08       1.62170E-11       6.48664E-04       5.21364E-09       2.12768E-09
       8.05000E-06       8.07500E-06       8.06250E-06       2.49996E-08       1.62676E-11       6.50715E-04       5.24639E-09       2.14395E-09
       8.07500E-06       8.10000E-06       8.08750E-06       2.50006E-08       1.63175E-11       6.52687E-04       5.27861E-09       2.16027E-09
       8.10000E-06       8.12500E-06       8.11250E-06       2.49996E-08       1.63682E-11       6.54738E-04       5.31156E-09       2.17664E-09
       8.12500E-06       8.15000E-06       8.13750E-06       2.49996E-08       1.64188E-11       6.56763E-04       5.34441E-09       2.19306E-09
       8.15000E-06       8.17500E-06       8.16250E-06       2.50006E-08       1.64688E-11       6.58735E-04       5.37693E-09       2.20953E-09
       8.17500E-06       8.20000E-06       8.18750E-06       2.49996E-08       1.65194E-11       6.60786E-04       5.41019E-09       2.22604E-09
       8.20000E-06       8.22500E-06       8.21250E-06       2.50006E-08       1.65700E-11       6.62786E-04       5.44313E-09       2.24261E-09
       8.22500E-06       8.25000E-06       8.23750E-06       2.49996E-08       1.66207E-11       6.64837E-04       5.47660E-09       2.25924E-09
       8.25000E-06       8.27500E-06       8.26250E-06       2.49996E-08       1.66706E-11       6.66835E-04       5.50972E-09       2.27591E-09
       8.27500E-06       8.30000E-06       8.28750E-06       2.50006E-08       1.67213E-11       6.68835E-04       5.54297E-09       2.29263E-09
       8.30000E-06       8.32500E-06       8.31250E-06       2.49996E-08       1.67719E-11       6.70886E-04       5.57674E-09       2.30940E-09
       8.32500E-06       8.35000E-06       8.33750E-06       2.50006E-08       1.68218E-11       6.72858E-04       5.60995E-09       2.32622E-09
       8.35000E-06       8.37500E-06       8.36250E-06       2.49996E-08       1.68725E-11       6.74909E-04       5.64392E-09       2.34309E-09
       8.37500E-06       8.40000E-06       8.38750E-06       2.49996E-08       1.69231E-11       6.76934E-04       5.67779E-09       2.36002E-09
       8.40000E-06       8.42500E-06       8.41250E-06       2.50006E-08       1.69737E-11       6.78934E-04       5.71153E-09       2.37699E-09
       8.42500E-06       8.45000E-06       8.43750E-06       2.49996E-08       1.70237E-11       6.80957E-04       5.74558E-09       2.39401E-09
       8.45000E-06       8.47500E-06       8.46250E-06       2.50006E-08       1.70743E-11       6.82957E-04       5.77952E-09       2.41109E-09
       8.47500E-06       8.50000E-06       8.48750E-06       2.49996E-08       1.71250E-11       6.85008E-04       5.81401E-09       2.42821E-09
       8.50000E-06       8.52500E-06       8.51250E-06       2.49996E-08       1.71749E-11       6.87006E-04       5.84814E-09       2.44539E-09
       8.52500E-06       8.55000E-06       8.53750E-06       2.50006E-08       1.72255E-11       6.89005E-04       5.88238E-09       2.46261E-09
       8.55000E-06       8.57500E-06       8.56250E-06       2.49996E-08       1.72762E-11       6.91057E-04       5.91718E-09       2.47989E-09
       8.57500E-06       8.60000E-06       8.58750E-06       2.50006E-08       1.73268E-11       6.93056E-04       5.95162E-09       2.49722E-09
       8.60000E-06       8.62500E-06       8.61250E-06       2.49996E-08       1.73767E-11       6.95080E-04       5.98638E-09       2.51459E-09
       8.62500E-06       8.65000E-06       8.63750E-06       2.49996E-08       1.74274E-11       6.97106E-04       6.02125E-09       2.53202E-09
       8.65000E-06       8.67500E-06       8.66250E-06       2.50006E-08       1.74780E-11       6.99105E-04       6.05599E-09       2.54950E-09
       8.67500E-06       8.70000E-06       8.68750E-06       2.49996E-08       1.75279E-11       7.01129E-04       6.09106E-09       2.56703E-09
       8.70000E-06       8.72500E-06       8.71250E-06       2.50006E-08       1.75786E-11       7.03127E-04       6.12600E-09       2.58461E-09
       8.72500E-06       8.75000E-06       8.73750E-06       2.49996E-08       1.76292E-11       7.05180E-04       6.16151E-09       2.60224E-09
       8.75000E-06       8.77500E-06       8.76250E-06       2.49996E-08       1.76799E-11       7.07205E-04       6.19689E-09       2.61992E-09
       8.77500E-06       8.80000E-06       8.78750E-06       2.50006E-08       1.77298E-11       7.09176E-04       6.23188E-09       2.63764E-09
       8.80000E-06       8.82500E-06       8.81250E-06       2.49996E-08       1.77804E-11       7.11228E-04       6.26770E-09       2.65543E-09
       8.82500E-06       8.85000E-06       8.83750E-06       2.50006E-08       1.78311E-11       7.13227E-04       6.30314E-09       2.67326E-09
       8.85000E-06       8.87500E-06       8.86250E-06       2.49996E-08       1.78817E-11       7.15280E-04       6.33917E-09       2.69114E-09
       8.87500E-06       8.90000E-06       8.88750E-06       2.49996E-08       1.79316E-11       7.17277E-04       6.37480E-09       2.70907E-09
       8.90000E-06       8.92500E-06       8.91250E-06       2.50006E-08       1.79823E-11       7.19275E-04       6.41054E-09       2.72705E-09
       8.92500E-06       8.95000E-06       8.93750E-06       2.49996E-08       1.80329E-11       7.21328E-04       6.44687E-09       2.74509E-09
       8.95000E-06       8.97500E-06       8.96250E-06       2.50006E-08       1.80829E-11       7.23298E-04       6.48256E-09       2.76317E-09
       8.97500E-06       9.00000E-06       8.98750E-06       2.49996E-08       1.81335E-11       7.25351E-04       6.51909E-09       2.78130E-09
       9.00000E-06       9.02500E-06       9.01250E-06       2.49996E-08       1.81841E-11       7.27377E-04       6.55548E-09       2.79949E-09
       9.02500E-06       9.05000E-06       9.03750E-06       2.50006E-08       1.82348E-11       7.29374E-04       6.59172E-09       2.81772E-09
       9.05000E-06       9.07500E-06       9.06250E-06       2.49996E-08       1.82847E-11       7.31400E-04       6.62831E-09       2.83600E-09
       9.07500E-06       9.10000E-06       9.08750E-06       2.50006E-08       1.83354E-11       7.33397E-04       6.66475E-09       2.85434E-09
       9.10000E-06       9.12500E-06       9.11250E-06       2.49996E-08       1.83860E-11       7.35451E-04       6.70180E-09       2.87273E-09
       9.12500E-06       9.15000E-06       9.13750E-06       2.49996E-08       1.84359E-11       7.37448E-04       6.73843E-09       2.89116E-09
       9.15000E-06       9.17500E-06       9.16250E-06       2.50006E-08       1.84866E-11       7.39446E-04       6.77517E-09       2.90965E-09
       9.17500E-06       9.20000E-06       9.18750E-06       2.49996E-08       1.85372E-11       7.41499E-04       6.81253E-09       2.92819E-09
       9.20000E-06       9.22500E-06       9.21250E-06       2.50006E-08       1.85878E-11       7.43497E-04       6.84946E-09       2.94677E-09
       9.22500E-06       9.25000E-06       9.23750E-06       2.49996E-08       1.86378E-11       7.45522E-04       6.88676E-09       2.96541E-09
       9.25000E-06       9.27500E-06       9.26250E-06       2.49996E-08       1.86884E-11       7.47548E-04       6.92416E-09       2.98410E-09
       9.27500E-06       9.30000E-06       9.28750E-06       2.50006E-08       1.87391E-11       7.49545E-04       6.96140E-09       3.00284E-09
       9.30000E-06       9.32500E-06       9.31250E-06       2.49996E-08       1.87890E-11       7.51571E-04       6.99900E-09       3.02163E-09
       9.32500E-06       9.35000E-06       9.33750E-06       2.50006E-08       1.88396E-11       7.53568E-04       7.03644E-09       3.04047E-09
       9.35000E-06       9.37500E-06       9.36250E-06       2.49996E-08       1.88903E-11       7.55622E-04       7.07451E-09       3.05936E-09
       9.37500E-06       9.40000E-06       9.38750E-06       2.49996E-08       1.89409E-11       7.57648E-04       7.11242E-09       3.07830E-09
       9.40000E-06       9.42500E-06       9.41250E-06       2.50006E-08       1.89908E-11       7.59616E-04       7.14989E-09       3.09729E-09
       9.42500E-06       9.45000E-06       9.43750E-06       2.49996E-08       1.90415E-11       7.61671E-04       7.18827E-09       3.11633E-09
       9.45000E-06       9.47500E-06       9.46250E-06       2.50006E-08       1.90921E-11       7.63667E-04       7.22620E-09       3.13542E-09
       9.47500E-06       9.50000E-06       9.48750E-06       2.49996E-08       1.91428E-11       7.65722E-04       7.26479E-09       3.15457E-09
       9.50000E-06       9.52500E-06       9.51250E-06       2.49996E-08       1.91927E-11       7.67719E-04       7.30293E-09       3.17376E-09
       9.52500E-06       9.55000E-06       9.53750E-06       2.50006E-08       1.92433E-11       7.69715E-04       7.34116E-09       3.19300E-09
       9.55000E-06       9.57500E-06       9.56250E-06       2.49996E-08       1.92940E-11       7.71770E-04       7.38005E-09       3.21230E-09
       9.57500E-06       9.60000E-06       9.58750E-06       2.50006E-08       1.93439E-11       7.73738E-04       7.41822E-09       3.23164E-09
       9.60000E-06       9.62500E-06       9.61250E-06       2.49996E-08       1.93945E-11       7.75794E-04       7.45732E-09       3.25103E-09
       9.62500E-06       9.65000E-06       9.63750E-06       2.49996E-08       1.94452E-11       7.77819E-04       7.49623E-09       3.27048E-09
       9.65000E-06       9.67500E-06       9.66250E-06       2.50006E-08       1.94958E-11       7.79815E-04       7.53496E-09       3.28997E-09
       9.67500E-06       9.70000E-06       9.68750E-06       2.49996E-08       1.95458E-11       7.81842E-04       7.57409E-09       3.30952E-09
       9.70000E-06       9.72500E-06       9.71250E-06       2.50006E-08       1.95964E-11       7.83838E-04       7.61302E-09       3.32912E-09
       9.72500E-06       9.75000E-06       9.73750E-06       2.49996E-08       1.96470E-11       7.85893E-04       7.65263E-09       3.34876E-09
       9.75000E-06       9.77500E-06       9.76250E-06       2.49996E-08       1.96970E-11       7.87891E-04       7.69178E-09       3.36846E-09
       9.77500E-06       9.80000E-06       9.78750E-06       2.50006E-08       1.97476E-11       7.89886E-04       7.73101E-09       3.38821E-09
       9.80000E-06       9.82500E-06       9.81250E-06       2.49996E-08       1.97982E-11       7.91942E-04       7.77093E-09       3.40801E-09
       9.82500E-06       9.85000E-06       9.83750E-06       2.50006E-08       1.98489E-11       7.93937E-04       7.81036E-09       3.42785E-09
       9.85000E-06       9.87500E-06       9.86250E-06       2.49996E-08       1.98988E-11       7.95965E-04       7.85020E-09       3.44775E-09
       9.87500E-06       9.90000E-06       9.88750E-06       2.49996E-08       1.99495E-11       7.97990E-04       7.89013E-09       3.46770E-09
       9.90000E-06       9.92500E-06       9.91250E-06       2.50006E-08       2.00001E-11       7.99985E-04       7.92985E-09       3.48770E-09
       9.92500E-06       9.95000E-06       9.93750E-06       2.49996E-08       2.00500E-11       8.02013E-04       7.97001E-09       3.50775E-09
       9.95000E-06       9.97500E-06       9.96250E-06       2.50006E-08       2.01007E-11       8.04008E-04       8.00993E-09       3.52785E-09
       9.97500E-06       1.00000E-05       9.98750E-06       2.49996E-08       2.01513E-11       8.06064E-04       8.05057E-09       3.54800E-09
       1.00000E-05       1.04713E-05       1.02356E-05       4.71300E-07       3.89319E-10       8.26052E-04       8.45518E-09       3.93732E-09
       1.04713E-05       1.09648E-05       1.07180E-05       4.93500E-07       4.26875E-10       8.64996E-04       9.27107E-09       4.36420E-09
       1.09648E-05       1.14815E-05       1.12232E-05       5.16700E-07       4.68068E-10       9.05881E-04       1.01668E-08       4.83227E-09
       1.14815E-05       1.20226E-05       1.17521E-05       5.41101E-07       5.13214E-10       9.48463E-04       1.11464E-08       5.34548E-09
       1.20226E-05       1.25892E-05       1.23059E-05       5.66600E-07       5.62734E-10       9.93177E-04       1.22219E-08       5.90822E-09
       1.25892E-05       1.31826E-05       1.28859E-05       5.93400E-07       6.17037E-10       1.03983E-03       1.33992E-08       6.52525E-09
       1.31826E-05       1.38038E-05       1.34932E-05       6.21200E-07       6.76551E-10       1.08910E-03       1.46955E-08       7.20180E-09
       1.38038E-05       1.44544E-05       1.41291E-05       6.50600E-07       7.41854E-10       1.14026E-03       1.61109E-08       7.94366E-09
       1.44544E-05       1.51356E-05       1.47950E-05       6.81200E-07       8.13381E-10       1.19404E-03       1.76658E-08       8.75704E-09
       1.51356E-05       1.58489E-05       1.54922E-05       7.13300E-07       8.91870E-10       1.25034E-03       1.93706E-08       9.64891E-09
       1.58489E-05       1.65959E-05       1.62224E-05       7.47000E-07       9.77956E-10       1.30918E-03       2.12380E-08       1.06269E-08
       1.65959E-05       1.73780E-05       1.69869E-05       7.82101E-07       1.07227E-09       1.37101E-03       2.32893E-08       1.16991E-08
       1.73780E-05       1.81970E-05       1.77875E-05       8.19000E-07       1.17573E-09       1.43556E-03       2.55351E-08       1.28749E-08
       1.81970E-05       1.90546E-05       1.86258E-05       8.57599E-07       1.28917E-09       1.50323E-03       2.79989E-08       1.41640E-08
       1.90546E-05       1.99526E-05       1.95036E-05       8.98001E-07       1.41352E-09       1.57407E-03       3.07001E-08       1.55775E-08
       1.99526E-05       2.08930E-05       2.04228E-05       9.40399E-07       1.54989E-09       1.64812E-03       3.36592E-08       1.71274E-08
       2.08930E-05       2.18776E-05       2.13853E-05       9.84600E-07       1.69941E-09       1.72599E-03       3.69109E-08       1.88269E-08
       2.18776E-05       2.29087E-05       2.23932E-05       1.03110E-06       1.86343E-09       1.80722E-03       4.04693E-08       2.06903E-08
       2.29087E-05       2.39883E-05       2.34485E-05       1.07960E-06       2.04319E-09       1.89255E-03       4.43774E-08       2.27335E-08
       2.39883E-05       2.51189E-05       2.45536E-05       1.13060E-06       2.24026E-09       1.98148E-03       4.86524E-08       2.49737E-08
       2.51189E-05       2.63027E-05       2.57108E-05       1.18380E-06       2.45646E-09       2.07506E-03       5.33515E-08       2.74302E-08
       2.63027E-05       2.75423E-05       2.69225E-05       1.23960E-06       2.69341E-09       2.17280E-03       5.84973E-08       3.01236E-08
       2.75423E-05       2.88403E-05       2.81913E-05       1.29800E-06       2.95328E-09       2.27525E-03       6.41423E-08       3.30769E-08
       2.88403E-05       3.01995E-05       2.95199E-05       1.35920E-06       3.23819E-09       2.38242E-03       7.03289E-08       3.63151E-08
       3.01995E-05       3.16228E-05       3.09111E-05       1.42330E-06       3.55060E-09       2.49462E-03       7.71117E-08       3.98657E-08
       3.16228E-05       3.31131E-05       3.23679E-05       1.49030E-06       3.89319E-09       2.61235E-03       8.45566E-08       4.37589E-08
       3.31131E-05       3.46737E-05       3.38934E-05       1.56060E-06       4.26791E-09       2.73479E-03       9.26912E-08       4.80268E-08
       3.46737E-05       3.63078E-05       3.54907E-05       1.63410E-06       4.61352E-09       2.82327E-03       1.00200E-07       5.26403E-08
       3.63078E-05       3.80189E-05       3.71634E-05       1.71110E-06       4.93479E-09       2.88398E-03       1.07179E-07       5.75751E-08
       3.80189E-05       3.98107E-05       3.89148E-05       1.79180E-06       5.28124E-09       2.94745E-03       1.14700E-07       6.28563E-08
       3.98107E-05       4.16869E-05       4.07488E-05       1.87620E-06       5.65498E-09       3.01406E-03       1.22819E-07       6.85113E-08
       4.16869E-05       4.36516E-05       4.26692E-05       1.96470E-06       6.05840E-09       3.08363E-03       1.31576E-07       7.45697E-08
       4.36516E-05       4.57088E-05       4.46802E-05       2.05720E-06       6.49403E-09       3.15673E-03       1.41043E-07       8.10637E-08
       4.57088E-05       4.78630E-05       4.67859E-05       2.15420E-06       6.96462E-09       3.23305E-03       1.51261E-07       8.80284E-08
       4.78630E-05       5.01187E-05       4.89908E-05       2.25570E-06       7.47333E-09       3.31309E-03       1.62311E-07       9.55017E-08
       5.01187E-05       5.24808E-05       5.12998E-05       2.36210E-06       8.02212E-09       3.39618E-03       1.74223E-07       1.03524E-07
       5.24808E-05       5.49541E-05       5.37174E-05       2.47330E-06       8.59223E-09       3.47399E-03       1.86614E-07       1.12116E-07
       5.49541E-05       5.75440E-05       5.62490E-05       2.58990E-06       9.19771E-09       3.55138E-03       1.99762E-07       1.21314E-07
       5.75440E-05       6.02560E-05       5.89000E-05       2.71200E-06       9.85115E-09       3.63243E-03       2.13950E-07       1.31165E-07
       6.02560E-05       6.30957E-05       6.16758E-05       2.83970E-06       1.05565E-08       3.71747E-03       2.29278E-07       1.41721E-07
       6.30957E-05       6.60693E-05       6.45825E-05       2.97360E-06       1.13184E-08       3.80630E-03       2.45820E-07       1.53040E-07
       6.60693E-05       6.91831E-05       6.76262E-05       3.11380E-06       1.21416E-08       3.89927E-03       2.63693E-07       1.65181E-07
       6.91831E-05       7.24436E-05       7.08134E-05       3.26051E-06       1.30047E-08       3.98856E-03       2.82444E-07       1.78186E-07
       7.24436E-05       7.58578E-05       7.41507E-05       3.41420E-06       1.39101E-08       4.07419E-03       3.02104E-07       1.92096E-07
       7.58578E-05       7.94328E-05       7.76453E-05       3.57500E-06       1.48862E-08       4.16399E-03       3.23314E-07       2.06982E-07
       7.94328E-05       8.31764E-05       8.13046E-05       3.74360E-06       1.59394E-08       4.25777E-03       3.46176E-07       2.22922E-07
       8.31764E-05       8.70964E-05       8.51364E-05       3.92000E-06       1.70759E-08       4.35611E-03       3.70863E-07       2.39998E-07
       8.70964E-05       9.12011E-05       8.91488E-05       4.10471E-06       1.83033E-08       4.45910E-03       3.97523E-07       2.58301E-07
       9.12011E-05       9.54993E-05       9.33502E-05       4.29820E-06       1.96294E-08       4.56689E-03       4.26320E-07       2.77930E-07
       9.54993E-05       1.00000E-04       9.77497E-05       4.50070E-06       2.10625E-08       4.67983E-03       4.57452E-07       2.98993E-07
       1.00000E-04       1.04713E-04       1.02356E-04       4.71300E-06       2.26099E-08       4.79734E-03       4.91039E-07       3.21603E-07
       1.04713E-04       1.09648E-04       1.07181E-04       4.93501E-06       2.42194E-08       4.90768E-03       5.26007E-07       3.45822E-07
       1.09648E-04       1.14815E-04       1.12232E-04       5.16700E-06       2.59262E-08       5.01765E-03       5.63138E-07       3.71748E-07
       1.14815E-04       1.20226E-04       1.17520E-04       5.41100E-06       2.77666E-08       5.13151E-03       6.03057E-07       3.99515E-07
       1.20226E-04       1.25892E-04       1.23059E-04       5.66600E-06       2.97546E-08       5.25143E-03       6.46236E-07       4.29270E-07
       1.25892E-04       1.31826E-04       1.28859E-04       5.93401E-06       3.19018E-08       5.37609E-03       6.92758E-07       4.61171E-07
       1.31826E-04       1.38038E-04       1.34932E-04       6.21199E-06       3.42207E-08       5.50882E-03       7.43316E-07       4.95392E-07
       1.38038E-04       1.44544E-04       1.41291E-04       6.50601E-06       3.66600E-08       5.63479E-03       7.96145E-07       5.32052E-07
       1.44544E-04       1.51356E-04       1.47950E-04       6.81200E-06       3.92113E-08       5.75622E-03       8.51633E-07       5.71263E-07
       1.51356E-04       1.58489E-04       1.54922E-04       7.13300E-06       4.19624E-08       5.88286E-03       9.11388E-07       6.13226E-07
       1.58489E-04       1.65959E-04       1.62224E-04       7.47000E-06       4.49301E-08       6.01474E-03       9.75735E-07       6.58156E-07
       1.65959E-04       1.73780E-04       1.69870E-04       7.82100E-06       4.81329E-08       6.15432E-03       1.04543E-06       7.06289E-07
       1.73780E-04       1.81970E-04       1.77875E-04       8.19000E-06       5.15915E-08       6.29932E-03       1.12049E-06       7.57880E-07
       1.81970E-04       1.90546E-04       1.86258E-04       8.57600E-06       5.53280E-08       6.45148E-03       1.20164E-06       8.13208E-07
       1.90546E-04       1.99526E-04       1.95036E-04       8.98000E-06       5.93659E-08       6.61090E-03       1.28936E-06       8.72574E-07
       1.99526E-04       2.08930E-04       2.04228E-04       9.40399E-06       6.37283E-08       6.77672E-03       1.38400E-06       9.36302E-07
       2.08930E-04       2.18776E-04       2.13853E-04       9.84601E-06       6.82766E-08       6.93444E-03       1.48295E-06       1.00458E-06
       2.18776E-04       2.29087E-04       2.23932E-04       1.03110E-05       7.30847E-08       7.08803E-03       1.58723E-06       1.07766E-06
       2.29087E-04       2.39883E-04       2.34485E-04       1.07960E-05       7.82730E-08       7.25020E-03       1.70006E-06       1.15594E-06
       2.39883E-04       2.51189E-04       2.45536E-04       1.13060E-05       8.38742E-08       7.41856E-03       1.82152E-06       1.23981E-06
       2.51189E-04       2.63027E-04       2.57108E-04       1.18380E-05       8.99248E-08       7.59628E-03       1.95306E-06       1.32974E-06
       2.63027E-04       2.75423E-04       2.69225E-04       1.23960E-05       9.64621E-08       7.78171E-03       2.09503E-06       1.42620E-06
       2.75423E-04       2.88403E-04       2.81913E-04       1.29800E-05       1.03391E-07       7.96541E-03       2.24555E-06       1.52959E-06
       2.88403E-04       3.01995E-04       2.95199E-04       1.35920E-05       1.10682E-07       8.14321E-03       2.40387E-06       1.64027E-06
       3.01995E-04       3.16228E-04       3.09111E-04       1.42330E-05       1.18548E-07       8.32911E-03       2.57462E-06       1.75882E-06
       3.16228E-04       3.31131E-04       3.23680E-04       1.49030E-05       1.27039E-07       8.52440E-03       2.75917E-06       1.88586E-06
       3.31131E-04       3.46737E-04       3.38934E-04       1.56060E-05       1.36213E-07       8.72823E-03       2.95829E-06       2.02207E-06
       3.46737E-04       3.63078E-04       3.54908E-04       1.63410E-05       1.46124E-07       8.94215E-03       3.17364E-06       2.16820E-06
       3.63078E-04       3.80189E-04       3.71634E-04       1.71110E-05       1.56839E-07       9.16600E-03       3.40639E-06       2.32503E-06
       3.80189E-04       3.98107E-04       3.89148E-04       1.79180E-05       1.68430E-07       9.40004E-03       3.65801E-06       2.49346E-06
       3.98107E-04       4.16869E-04       4.07488E-04       1.87620E-05       1.80963E-07       9.64519E-03       3.93030E-06       2.67443E-06
       4.16869E-04       4.36516E-04       4.26692E-04       1.96470E-05       1.94099E-07       9.87934E-03       4.21544E-06       2.86853E-06
       4.36516E-04       4.57088E-04       4.46802E-04       2.05720E-05       2.07991E-07       1.01104E-02       4.51733E-06       3.07652E-06
       4.57088E-04       4.78630E-04       4.67859E-04       2.15420E-05       2.22992E-07       1.03515E-02       4.84305E-06       3.29951E-06
       4.78630E-04       5.01187E-04       4.89909E-04       2.25570E-05       2.39203E-07       1.06044E-02       5.19517E-06       3.53871E-06
       5.01187E-04       5.24808E-04       5.12998E-04       2.36210E-05       2.56729E-07       1.08687E-02       5.57560E-06       3.79544E-06
       5.24808E-04       5.49541E-04       5.37175E-04       2.47330E-05       2.75682E-07       1.11463E-02       5.98750E-06       4.07112E-06
       5.49541E-04       5.75440E-04       5.62491E-04       2.58990E-05       2.95720E-07       1.14182E-02       6.42264E-06       4.36684E-06
       5.75440E-04       6.02560E-04       5.89000E-04       2.71200E-05       3.16593E-07       1.16738E-02       6.87585E-06       4.68344E-06
       6.02560E-04       6.30957E-04       6.16758E-04       2.83970E-05       3.39092E-07       1.19411E-02       7.36480E-06       5.02253E-06
       6.30957E-04       6.60693E-04       6.45825E-04       2.97360E-05       3.63386E-07       1.22204E-02       7.89224E-06       5.38591E-06
       6.60693E-04       6.91831E-04       6.76262E-04       3.11380E-05       3.89627E-07       1.25129E-02       8.46201E-06       5.77554E-06
       6.91831E-04       7.24436E-04       7.08133E-04       3.26050E-05       4.17983E-07       1.28196E-02       9.07798E-06       6.19352E-06
       7.24436E-04       7.58578E-04       7.41507E-04       3.41420E-05       4.48639E-07       1.31404E-02       9.74367E-06       6.64216E-06
       7.58578E-04       7.94328E-04       7.76453E-04       3.57500E-05       4.81797E-07       1.34768E-02       1.04641E-05       7.12396E-06
       7.94328E-04       8.31764E-04       8.13046E-04       3.74360E-05       5.17664E-07       1.38280E-02       1.12428E-05       7.64162E-06
       8.31764E-04       8.70964E-04       8.51364E-04       3.92000E-05       5.55234E-07       1.41641E-02       1.20588E-05       8.19686E-06
       8.70964E-04       9.12011E-04       8.91487E-04       4.10470E-05       5.94759E-07       1.44897E-02       1.29174E-05       8.79162E-06
       9.12011E-04       9.54993E-04       9.33502E-04       4.29820E-05       6.37436E-07       1.48303E-02       1.38441E-05       9.42905E-06
       9.54993E-04       1.00000E-03       9.77497E-04       4.50070E-05       6.83534E-07       1.51873E-02       1.48455E-05       1.01126E-05
       1.00000E-03       1.04713E-03       1.02356E-03       4.71300E-05       7.33365E-07       1.55605E-02       1.59271E-05       1.08459E-05
       1.04713E-03       1.09648E-03       1.07180E-03       4.93500E-05       7.87217E-07       1.59517E-02       1.70971E-05       1.16332E-05
       1.09648E-03       1.14815E-03       1.12231E-03       5.16700E-05       8.44333E-07       1.63409E-02       1.83396E-05       1.24775E-05
       1.14815E-03       1.20226E-03       1.17520E-03       5.41100E-05       9.03665E-07       1.67005E-02       1.96265E-05       1.33812E-05
       1.20226E-03       1.25892E-03       1.23059E-03       5.66600E-05       9.67624E-07       1.70777E-02       2.10157E-05       1.43488E-05
       1.25892E-03       1.31826E-03       1.28859E-03       5.93400E-05       1.03665E-06       1.74697E-02       2.25113E-05       1.53854E-05
       1.31826E-03       1.38038E-03       1.34932E-03       6.21200E-05       1.11116E-06       1.78874E-02       2.41358E-05       1.64966E-05
       1.38038E-03       1.44544E-03       1.41291E-03       6.50599E-05       1.19171E-06       1.83171E-02       2.58803E-05       1.76883E-05
       1.44544E-03       1.51356E-03       1.47950E-03       6.81201E-05       1.27872E-06       1.87715E-02       2.77725E-05       1.89670E-05
       1.51356E-03       1.58489E-03       1.54923E-03       7.13300E-05       1.37284E-06       1.92463E-02       2.98168E-05       2.03399E-05
       1.58489E-03       1.65959E-03       1.62224E-03       7.47000E-05       1.47463E-06       1.97408E-02       3.20243E-05       2.18145E-05
       1.65959E-03       1.73780E-03       1.69870E-03       7.82101E-05       1.58155E-06       2.02218E-02       3.43506E-05       2.33961E-05
       1.73780E-03       1.81970E-03       1.77875E-03       8.18999E-05       1.69373E-06       2.06805E-02       3.67854E-05       2.50898E-05
       1.81970E-03       1.90546E-03       1.86258E-03       8.57600E-05       1.81483E-06       2.11617E-02       3.94153E-05       2.69046E-05
       1.90546E-03       1.99526E-03       1.95036E-03       8.98001E-05       1.94559E-06       2.16658E-02       4.22562E-05       2.88502E-05
       1.99526E-03       2.08930E-03       2.04228E-03       9.40400E-05       2.08692E-06       2.21919E-02       4.53220E-05       3.09371E-05
       2.08930E-03       2.18776E-03       2.13853E-03       9.84600E-05       2.23969E-06       2.27472E-02       4.86456E-05       3.31768E-05
       2.18776E-03       2.29087E-03       2.23932E-03       1.03110E-04       2.40195E-06       2.32950E-02       5.21649E-05       3.55788E-05
       2.29087E-03       2.39883E-03       2.34485E-03       1.07960E-04       2.57031E-06       2.38080E-02       5.58262E-05       3.81491E-05
       2.39883E-03       2.51189E-03       2.45536E-03       1.13060E-04       2.75153E-06       2.43370E-02       5.97560E-05       4.09006E-05
       2.51189E-03       2.63027E-03       2.57108E-03       1.18380E-04       2.94712E-06       2.48954E-02       6.40081E-05       4.38477E-05
       2.63027E-03       2.75423E-03       2.69225E-03       1.23960E-04       3.15826E-06       2.54781E-02       6.85933E-05       4.70060E-05
       2.75423E-03       2.88403E-03       2.81913E-03       1.29800E-04       3.38632E-06       2.60888E-02       7.35476E-05       5.03923E-05
       2.88403E-03       3.01995E-03       2.95199E-03       1.35920E-04       3.63276E-06       2.67272E-02       7.88985E-05       5.40251E-05
       3.01995E-03       3.16228E-03       3.09112E-03       1.42330E-04       3.89922E-06       2.73956E-02       8.46830E-05       5.79243E-05
       3.16228E-03       3.31131E-03       3.23679E-03       1.49030E-04       4.18737E-06       2.80975E-02       9.09457E-05       6.21117E-05
       3.31131E-03       3.46737E-03       3.38934E-03       1.56060E-04       4.48585E-06       2.87444E-02       9.74244E-05       6.65975E-05
       3.46737E-03       3.63078E-03       3.54907E-03       1.63410E-04       4.79164E-06       2.93228E-02       1.04069E-04       7.13892E-05
       3.63078E-03       3.80189E-03       3.71633E-03       1.71110E-04       5.12077E-06       2.99268E-02       1.11218E-04       7.65099E-05
       3.80189E-03       3.98107E-03       3.89148E-03       1.79180E-04       5.47541E-06       3.05581E-02       1.18916E-04       8.19853E-05
       3.98107E-03       4.16869E-03       4.07488E-03       1.87620E-04       5.85766E-06       3.12209E-02       1.27221E-04       8.78430E-05
       4.16869E-03       4.36516E-03       4.26693E-03       1.96470E-04       6.26992E-06       3.19128E-02       1.36170E-04       9.41129E-05
       4.36516E-03       4.57088E-03       4.46802E-03       2.05720E-04       6.70845E-06       3.26096E-02       1.45701E-04       1.00821E-04
       4.57088E-03       4.78630E-03       4.67859E-03       2.15420E-04       7.16331E-06       3.32528E-02       1.55576E-04       1.07985E-04
       4.78630E-03       5.01187E-03       4.89909E-03       2.25570E-04       7.65169E-06       3.39215E-02       1.66184E-04       1.15636E-04
       5.01187E-03       5.24807E-03       5.12997E-03       2.36200E-04       8.17762E-06       3.46216E-02       1.77608E-04       1.23814E-04
       5.24807E-03       5.49541E-03       5.37174E-03       2.47340E-04       8.74421E-06       3.53530E-02       1.89907E-04       1.32558E-04
       5.49541E-03       5.75440E-03       5.62491E-03       2.58990E-04       9.35504E-06       3.61213E-02       2.03179E-04       1.41913E-04
       5.75440E-03       6.02560E-03       5.89000E-03       2.71200E-04       1.00139E-05       3.69244E-02       2.17485E-04       1.51927E-04
       6.02560E-03       6.30957E-03       6.16759E-03       2.83970E-04       1.07247E-05       3.77672E-02       2.32932E-04       1.62652E-04
       6.30957E-03       6.60693E-03       6.45825E-03       2.97360E-04       1.14922E-05       3.86474E-02       2.49594E-04       1.74144E-04
       6.60693E-03       6.91831E-03       6.76262E-03       3.11380E-04       1.23022E-05       3.95086E-02       2.67182E-04       1.86446E-04
       6.91831E-03       7.24436E-03       7.08133E-03       3.26050E-04       1.31485E-05       4.03266E-02       2.85566E-04       1.99595E-04
       7.24436E-03       7.58578E-03       7.41507E-03       3.41420E-04       1.40598E-05       4.11803E-02       3.05355E-04       2.13655E-04
       7.58578E-03       7.94328E-03       7.76453E-03       3.57500E-04       1.50422E-05       4.20762E-02       3.26702E-04       2.28697E-04
       7.94328E-03       8.31764E-03       8.13046E-03       3.74360E-04       1.61018E-05       4.30117E-02       3.49705E-04       2.44799E-04
       8.31764E-03       8.70964E-03       8.51364E-03       3.92000E-04       1.72451E-05       4.39927E-02       3.74538E-04       2.62044E-04
       8.70964E-03       9.12011E-03       8.91487E-03       4.10471E-04       1.84600E-05       4.49727E-02       4.00926E-04       2.80504E-04
       9.12011E-03       9.54993E-03       9.33502E-03       4.29819E-04       1.97048E-05       4.58443E-02       4.27958E-04       3.00209E-04
       9.54993E-03       1.00000E-02       9.77496E-03       4.50070E-04       2.10380E-05       4.67437E-02       4.56918E-04       3.21246E-04
       1.00000E-02       1.04713E-02       1.02357E-02       4.71300E-04       2.24733E-05       4.76836E-02       4.88073E-04       3.43720E-04
       1.04713E-02       1.09648E-02       1.07180E-02       4.93500E-04       2.40183E-05       4.86692E-02       5.21639E-04       3.67738E-04
       1.09648E-02       1.14815E-02       1.12232E-02       5.16700E-04       2.56842E-05       4.97081E-02       5.57882E-04       3.93422E-04
       1.14815E-02       1.20226E-02       1.17521E-02       5.41100E-04       2.74787E-05       5.07831E-02       5.96805E-04       4.20901E-04
       1.20226E-02       1.25892E-02       1.23059E-02       5.66601E-04       2.94154E-05       5.19156E-02       6.38868E-04       4.50316E-04
       1.25892E-02       1.31826E-02       1.28859E-02       5.93399E-04       3.15052E-05       5.30927E-02       6.84147E-04       4.81821E-04
       1.31826E-02       1.38038E-02       1.34932E-02       6.21200E-04       3.36975E-05       5.42457E-02       7.31948E-04       5.15519E-04
       1.38038E-02       1.44544E-02       1.41291E-02       6.50601E-04       3.59527E-05       5.52608E-02       7.80785E-04       5.51472E-04
       1.44544E-02       1.51356E-02       1.47950E-02       6.81199E-04       3.83741E-05       5.63332E-02       8.33450E-04       5.89846E-04
       1.51356E-02       1.58489E-02       1.54923E-02       7.13301E-04       4.09808E-05       5.74524E-02       8.90066E-04       6.30827E-04
       1.58489E-02       1.65959E-02       1.62224E-02       7.47000E-04       4.37871E-05       5.86173E-02       9.50913E-04       6.74614E-04
       1.65959E-02       1.73780E-02       1.69870E-02       7.82100E-04       4.68099E-05       5.98515E-02       1.01670E-03       7.21423E-04
       1.73780E-02       1.81970E-02       1.77875E-02       8.19000E-04       5.00203E-05       6.10749E-02       1.08637E-03       7.71444E-04
       1.81970E-02       1.90546E-02       1.86258E-02       8.57600E-04       5.32872E-05       6.21353E-02       1.15732E-03       8.24731E-04
       1.90546E-02       1.99526E-02       1.95036E-02       8.98000E-04       5.67719E-05       6.32203E-02       1.23302E-03       8.81503E-04
       1.99526E-02       2.08930E-02       2.04228E-02       9.40400E-04       6.05157E-05       6.43509E-02       1.31423E-03       9.42019E-04
       2.08930E-02       2.18776E-02       2.13853E-02       9.84600E-04       6.45386E-05       6.55481E-02       1.40177E-03       1.00656E-03
       2.18776E-02       2.29087E-02       2.23931E-02       1.03110E-03       6.88636E-05       6.67865E-02       1.49556E-03       1.07542E-03
       2.29087E-02       2.39883E-02       2.34485E-02       1.07960E-03       7.35165E-05       6.80960E-02       1.59675E-03       1.14894E-03
       2.39883E-02       2.51189E-02       2.45536E-02       1.13060E-03       7.85241E-05       6.94535E-02       1.70533E-03       1.22746E-03
       2.51189E-02       2.63027E-02       2.57108E-02       1.18380E-03       8.39178E-05       7.08886E-02       1.82260E-03       1.31138E-03
       2.63027E-02       2.75423E-02       2.69225E-02       1.23960E-03       8.96294E-05       7.23050E-02       1.94663E-03       1.40101E-03
       2.75423E-02       2.88403E-02       2.81913E-02       1.29800E-03       9.55717E-05       7.36300E-02       2.07572E-03       1.49658E-03
       2.88403E-02       3.01995E-02       2.95199E-02       1.35920E-03       1.01951E-04       7.50079E-02       2.21423E-03       1.59853E-03
       3.01995E-02       3.16228E-02       3.09112E-02       1.42330E-03       1.08812E-04       7.64501E-02       2.36316E-03       1.70734E-03
       3.16228E-02       3.31131E-02       3.23680E-02       1.49030E-03       1.16194E-04       7.79670E-02       2.52363E-03       1.82354E-03
       3.31131E-02       3.46737E-02       3.38934E-02       1.56060E-03       1.24143E-04       7.95484E-02       2.69617E-03       1.94768E-03
       3.46737E-02       3.63078E-02       3.54908E-02       1.63410E-03       1.32557E-04       8.11191E-02       2.87898E-03       2.08024E-03
       3.63078E-02       3.80189E-02       3.71633E-02       1.71110E-03       1.40897E-04       8.23433E-02       3.06015E-03       2.22113E-03
       3.80189E-02       3.98107E-02       3.89148E-02       1.79180E-03       1.49725E-04       8.35610E-02       3.25176E-03       2.37086E-03
       3.98107E-02       4.16869E-02       4.07488E-02       1.87620E-03       1.59178E-04       8.48406E-02       3.45715E-03       2.53004E-03
       4.16869E-02       4.36516E-02       4.26693E-02       1.96470E-03       1.69308E-04       8.61750E-02       3.67702E-03       2.69934E-03
       4.36516E-02       4.57088E-02       4.46802E-02       2.05720E-03       1.80171E-04       8.75807E-02       3.91313E-03       2.87952E-03
       4.57088E-02       4.78630E-02       4.67859E-02       2.15420E-03       1.91823E-04       8.90460E-02       4.16610E-03       3.07134E-03
       4.78630E-02       5.01187E-02       4.89908E-02       2.25570E-03       2.04328E-04       9.05829E-02       4.43773E-03       3.27567E-03
       5.01187E-02       5.24808E-02       5.12998E-02       2.36210E-03       2.17759E-04       9.21886E-02       4.72925E-03       3.49343E-03
       5.24808E-02       5.49541E-02       5.37174E-02       2.47330E-03       2.31930E-04       9.37734E-02       5.03727E-03       3.72536E-03
       5.49541E-02       5.75440E-02       5.62491E-02       2.58990E-03       2.46507E-04       9.51801E-02       5.35379E-03       3.97186E-03
       5.75440E-02       6.02560E-02       5.89000E-02       2.71200E-03       2.62087E-04       9.66398E-02       5.69209E-03       4.23395E-03
       6.02560E-02       6.30957E-02       6.16758E-02       2.83970E-03       2.78782E-04       9.81730E-02       6.05490E-03       4.51273E-03
       6.30957E-02       6.60693E-02       6.45825E-02       2.97360E-03       2.96683E-04       9.97725E-02       6.44355E-03       4.80941E-03
       6.60693E-02       6.91831E-02       6.76262E-02       3.11380E-03       3.15889E-04       1.01448E-01       6.86054E-03       5.12530E-03
       6.91831E-02       7.24436E-02       7.08134E-02       3.26050E-03       3.36382E-04       1.03169E-01       7.30574E-03       5.46169E-03
       7.24436E-02       7.58578E-02       7.41507E-02       3.41420E-03       3.57681E-04       1.04763E-01       7.76824E-03       5.81937E-03
       7.58578E-02       7.94328E-02       7.76453E-02       3.57500E-03       3.80377E-04       1.06399E-01       8.26140E-03       6.19974E-03
       7.94328E-02       8.31764E-02       8.13046E-02       3.74360E-03       4.04709E-04       1.08107E-01       8.78959E-03       6.60445E-03
       8.31764E-02       8.70964E-02       8.51364E-02       3.92000E-03       4.30803E-04       1.09899E-01       9.35639E-03       7.03526E-03
       8.70964E-02       9.12011E-02       8.91488E-02       4.10470E-03       4.59330E-04       1.11903E-01       9.97604E-03       7.49459E-03
       9.12011E-02       9.54993E-02       9.33502E-02       4.29820E-03       4.91780E-04       1.14415E-01       1.06807E-02       7.98636E-03
       9.54993E-02       1.00000E-01       9.77497E-02       4.50070E-03       5.28052E-04       1.17327E-01       1.14686E-02       8.51442E-03
       1.00000E-01       1.04713E-01       1.02357E-01       4.71300E-03       5.71986E-04       1.21363E-01       1.24223E-02       9.08640E-03
       1.04713E-01       1.09648E-01       1.07180E-01       4.93500E-03       6.19916E-04       1.25616E-01       1.34636E-02       9.70632E-03
       1.09648E-01       1.14815E-01       1.12231E-01       5.16700E-03       6.70662E-04       1.29797E-01       1.45673E-02       1.03770E-02
       1.14815E-01       1.20226E-01       1.17520E-01       5.41100E-03       7.25727E-04       1.34121E-01       1.57619E-02       1.11027E-02
       1.20226E-01       1.25892E-01       1.23059E-01       5.66600E-03       7.85677E-04       1.38665E-01       1.70640E-02       1.18884E-02
       1.25892E-01       1.31826E-01       1.28859E-01       5.93400E-03       8.50931E-04       1.43399E-01       1.84783E-02       1.27393E-02
       1.31826E-01       1.38038E-01       1.34932E-01       6.21200E-03       9.21958E-04       1.48416E-01       2.00260E-02       1.36613E-02
       1.38038E-01       1.44544E-01       1.41291E-01       6.50600E-03       9.98893E-04       1.53534E-01       2.16930E-02       1.46602E-02
       1.44544E-01       1.51356E-01       1.47950E-01       6.81200E-03       1.07931E-03       1.58442E-01       2.34416E-02       1.57395E-02
       1.51356E-01       1.58489E-01       1.54923E-01       7.13300E-03       1.16600E-03       1.63466E-01       2.53245E-02       1.69055E-02
       1.58489E-01       1.65959E-01       1.62224E-01       7.47000E-03       1.26024E-03       1.68706E-01       2.73682E-02       1.81657E-02
       1.65959E-01       1.73780E-01       1.69869E-01       7.82100E-03       1.36269E-03       1.74235E-01       2.95971E-02       1.95284E-02
       1.73780E-01       1.81970E-01       1.77875E-01       8.19000E-03       1.47335E-03       1.79896E-01       3.19990E-02       2.10018E-02
       1.81970E-01       1.90546E-01       1.86258E-01       8.57600E-03       1.59051E-03       1.85461E-01       3.45436E-02       2.25923E-02
       1.90546E-01       1.99526E-01       1.95036E-01       8.98000E-03       1.71718E-03       1.91223E-01       3.72953E-02       2.43094E-02
       1.99526E-01       2.08930E-01       2.04228E-01       9.40400E-03       1.88224E-03       2.00153E-01       4.08769E-02       2.61917E-02
       2.08930E-01       2.18776E-01       2.13853E-01       9.84600E-03       2.20040E-03       2.23481E-01       4.77921E-02       2.83921E-02
       2.18776E-01       2.29087E-01       2.23931E-01       1.03110E-02       2.59495E-03       2.51668E-01       5.63564E-02       3.09870E-02
       2.29087E-01       2.39883E-01       2.34485E-01       1.07960E-02       3.03825E-03       2.81423E-01       6.59895E-02       3.40253E-02
       2.39883E-01       2.51189E-01       2.45536E-01       1.13060E-02       3.53210E-03       3.12409E-01       7.67077E-02       3.75574E-02
       2.51189E-01       2.63027E-01       2.57108E-01       1.18380E-02       4.06398E-03       3.43300E-01       8.82652E-02       4.16214E-02
       2.63027E-01       2.75423E-01       2.69225E-01       1.23960E-02       4.64885E-03       3.75028E-01       1.00967E-01       4.62702E-02
       2.75423E-01       2.88403E-01       2.81913E-01       1.29800E-02       5.29584E-03       4.08000E-01       1.15020E-01       5.15660E-02
       2.88403E-01       3.01995E-01       2.95199E-01       1.35920E-02       5.98380E-03       4.40244E-01       1.29960E-01       5.75498E-02
       3.01995E-01       3.16228E-01       3.09112E-01       1.42330E-02       6.73820E-03       4.73421E-01       1.46340E-01       6.42880E-02
       3.16228E-01       3.31131E-01       3.23680E-01       1.49030E-02       7.57369E-03       5.08199E-01       1.64494E-01       7.18617E-02
       3.31131E-01       3.46737E-01       3.38934E-01       1.56060E-02       8.49862E-03       5.44574E-01       1.84575E-01       8.03603E-02
       3.46737E-01       3.63078E-01       3.54908E-01       1.63410E-02       9.49992E-03       5.81355E-01       2.06327E-01       8.98603E-02
       3.63078E-01       3.80189E-01       3.71633E-01       1.71110E-02       1.05676E-02       6.17592E-01       2.29518E-01       1.00428E-01
       3.80189E-01       3.98107E-01       3.89148E-01       1.79180E-02       1.17443E-02       6.55449E-01       2.55067E-01       1.12172E-01
       3.98107E-01       4.16869E-01       4.07488E-01       1.87620E-02       1.30412E-02       6.95084E-01       2.83238E-01       1.25213E-01
       4.16869E-01       4.36516E-01       4.26692E-01       1.96470E-02       1.44185E-02       7.33876E-01       3.13139E-01       1.39632E-01
       4.36516E-01       4.57088E-01       4.46802E-01       2.05720E-02       1.58937E-02       7.72591E-01       3.45195E-01       1.55526E-01
       4.57088E-01       4.78630E-01       4.67859E-01       2.15420E-02       1.75153E-02       8.13076E-01       3.80405E-01       1.73041E-01
       4.78630E-01       5.01187E-01       4.89909E-01       2.25570E-02       1.92973E-02       8.55492E-01       4.19113E-01       1.92338E-01
       5.01187E-01       5.24808E-01       5.12998E-01       2.36210E-02       2.12559E-02       8.99871E-01       4.61632E-01       2.13594E-01
       5.24808E-01       5.49541E-01       5.37174E-01       2.47330E-02       2.34079E-02       9.46422E-01       5.08394E-01       2.37002E-01
       5.49541E-01       5.75440E-01       5.62490E-01       2.58990E-02       2.57791E-02       9.95372E-01       5.59887E-01       2.62781E-01
       5.75440E-01       6.02560E-01       5.89000E-01       2.71200E-02       2.83900E-02       1.04683E+00       6.16582E-01       2.91171E-01
       6.02560E-01       6.30957E-01       6.16758E-01       2.83970E-02       3.16038E-02       1.11293E+00       6.86408E-01       3.22775E-01
       6.30957E-01       6.60693E-01       6.45825E-01       2.97360E-02       4.44751E-02       1.49567E+00       9.65939E-01       3.67250E-01
       6.60693E-01       6.91831E-01       6.76262E-01       3.11380E-02       3.51992E-02       1.13043E+00       7.64465E-01       4.02449E-01
       6.91831E-01       7.24436E-01       7.08133E-01       3.26050E-02       3.43598E-02       1.05382E+00       7.46244E-01       4.36809E-01
       7.24436E-01       7.58578E-01       7.41507E-01       3.41420E-02       3.39095E-02       9.93190E-01       7.36458E-01       4.70719E-01
       7.58578E-01       7.94328E-01       7.76453E-01       3.57500E-02       3.35412E-02       9.38217E-01       7.28481E-01       5.04260E-01
       7.94328E-01       8.31764E-01       8.13046E-01       3.74360E-02       3.30830E-02       8.83721E-01       7.18506E-01       5.37343E-01
       8.31764E-01       8.70964E-01       8.51364E-01       3.92000E-02       3.25674E-02       8.30802E-01       7.07315E-01       5.69910E-01
       8.70964E-01       9.12011E-01       8.91487E-01       4.10470E-02       3.18527E-02       7.76005E-01       6.91799E-01       6.01763E-01
       9.12011E-01       9.54993E-01       9.33502E-01       4.29820E-02       3.08873E-02       7.18610E-01       6.70824E-01       6.32650E-01
       9.54993E-01       1.00000E+00       9.77497E-01       4.50070E-02       2.96384E-02       6.58528E-01       6.43709E-01       6.62288E-01
       1.00000E+00       1.04713E+00       1.02357E+00       4.71300E-02       2.80699E-02       5.95585E-01       6.09620E-01       6.90358E-01
       1.04713E+00       1.09648E+00       1.07181E+00       4.93500E-02       2.61710E-02       5.30313E-01       5.68392E-01       7.16529E-01
       1.09648E+00       1.14815E+00       1.12231E+00       5.16700E-02       2.41149E-02       4.66710E-01       5.23795E-01       7.40644E-01
       1.14815E+00       1.20226E+00       1.17520E+00       5.41100E-02       2.17022E-02       4.01076E-01       4.71347E-01       7.62347E-01
       1.20226E+00       1.25892E+00       1.23059E+00       5.66600E-02       1.89237E-02       3.33988E-01       4.11002E-01       7.81270E-01
       1.25892E+00       1.31826E+00       1.28859E+00       5.93400E-02       1.57737E-02       2.65820E-01       3.42533E-01       7.97044E-01
       1.31826E+00       1.38038E+00       1.34932E+00       6.21200E-02       1.29189E-02       2.07967E-01       2.80615E-01       8.09963E-01
       1.38038E+00       1.44544E+00       1.41291E+00       6.50600E-02       1.24238E-02       1.90959E-01       2.69808E-01       8.22387E-01
       1.44544E+00       1.51356E+00       1.47950E+00       6.81200E-02       1.20729E-02       1.77230E-01       2.62212E-01       8.34460E-01
       1.51356E+00       1.58489E+00       1.54923E+00       7.13300E-02       1.16156E-02       1.62842E-01       2.52280E-01       8.46075E-01
       1.58489E+00       1.65959E+00       1.62224E+00       7.47000E-02       1.10374E-02       1.47757E-01       2.39697E-01       8.57113E-01
       1.65959E+00       1.73780E+00       1.69869E+00       7.82100E-02       1.04364E-02       1.33440E-01       2.26675E-01       8.67549E-01
       1.73780E+00       1.81970E+00       1.77875E+00       8.19000E-02       1.03654E-02       1.26562E-01       2.25122E-01       8.77914E-01
       1.81970E+00       1.90546E+00       1.86258E+00       8.57600E-02       1.03604E-02       1.20806E-01       2.25012E-01       8.88275E-01
       1.90546E+00       1.99526E+00       1.95036E+00       8.98000E-02       1.03073E-02       1.14781E-01       2.23864E-01       8.98582E-01
       1.99526E+00       2.08930E+00       2.04228E+00       9.40400E-02       1.01555E-02       1.07991E-01       2.20548E-01       9.08738E-01
       2.08930E+00       2.18776E+00       2.13853E+00       9.84600E-02       9.87408E-03       1.00285E-01       2.14463E-01       9.18612E-01
       2.18776E+00       2.29087E+00       2.23932E+00       1.03110E-01       9.50414E-03       9.21748E-02       2.06408E-01       9.28116E-01
       2.29087E+00       2.39883E+00       2.34485E+00       1.07960E-01       8.99811E-03       8.33467E-02       1.95435E-01       9.37114E-01
       2.39883E+00       2.51189E+00       2.45536E+00       1.13060E-01       8.34993E-03       7.38540E-02       1.81338E-01       9.45464E-01
       2.51189E+00       2.63027E+00       2.57108E+00       1.18380E-01       7.62580E-03       6.44180E-02       1.65624E-01       9.53090E-01
       2.63027E+00       2.75423E+00       2.69225E+00       1.23960E-01       6.88480E-03       5.55405E-02       1.49529E-01       9.59975E-01
       2.75423E+00       2.88403E+00       2.81913E+00       1.29800E-01       6.11268E-03       4.70931E-02       1.32762E-01       9.66087E-01
       2.88403E+00       3.01995E+00       2.95199E+00       1.35920E-01       5.42605E-03       3.99209E-02       1.17846E-01       9.71513E-01
       3.01995E+00       3.16228E+00       3.09111E+00       1.42330E-01       4.79852E-03       3.37140E-02       1.04214E-01       9.76312E-01
       3.16228E+00       3.31131E+00       3.23679E+00       1.49030E-01       4.25085E-03       2.85234E-02       9.23245E-02       9.80563E-01
       3.31131E+00       3.46737E+00       3.38934E+00       1.56060E-01       3.79529E-03       2.43194E-02       8.24268E-02       9.84358E-01
       3.46737E+00       3.63078E+00       3.54908E+00       1.63410E-01       3.37566E-03       2.06576E-02       7.33154E-02       9.87734E-01
       3.63078E+00       3.80189E+00       3.71633E+00       1.71110E-01       2.97453E-03       1.73837E-02       6.46037E-02       9.90708E-01
       3.80189E+00       3.98107E+00       3.89148E+00       1.79180E-01       2.56012E-03       1.42880E-02       5.56014E-02       9.93268E-01
       3.98107E+00       4.16869E+00       4.07488E+00       1.87620E-01       2.11103E-03       1.12516E-02       4.58491E-02       9.95379E-01
       4.16869E+00       4.36516E+00       4.26692E+00       1.96470E-01       1.63532E-03       8.32351E-03       3.55158E-02       9.97015E-01
       4.36516E+00       4.57088E+00       4.46802E+00       2.05720E-01       1.17760E-03       5.72428E-03       2.55762E-02       9.98192E-01
       4.57088E+00       4.78630E+00       4.67859E+00       2.15420E-01       7.99898E-04       3.71320E-03       1.73726E-02       9.98992E-01
       4.78630E+00       5.00000E+00       4.89315E+00       2.13700E-01       5.04472E-04       2.36065E-03       1.15510E-02       9.99497E-01
       5.00000E+00       5.20000E+00       5.10000E+00       2.00000E-01       2.94428E-04       1.47214E-03       7.50792E-03       9.99791E-01
       5.20000E+00       5.40000E+00       5.30000E+00       2.00000E-01       1.71339E-04       8.56694E-04       4.54048E-03       9.99962E-01
       5.40000E+00       5.60000E+00       5.50000E+00       2.00000E-01       3.79614E-05       1.89807E-04       1.04394E-03       1.00000E+00

 Sum =                                                                         1.00000E+00
 Renormalization bin#   972 =                                                  1.42184E-01 barn        1.92000E+07        1.94000E+07        1.93000E+07
 Avg. Energy     bin#   972 =                                                  1.00759E+00 MeV         1.92000E+07        1.94000E+07
