"        MT= 91 recoil spectrum "
" Initial neutron energy corresponds to the group:"
   2.70000E+01    2.72000E+01       0.00000E+00           615           914           300



          Low               High              Mid              Energy           Number             dn/de            E*dn/de          Cumulative
         Energy            Energy            Energy             Width          Fraction                               Sum   
         [MeV]             [MeV]             [MeV]              [MeV]

       9.97500E-06       1.00000E-05       9.98750E-06       2.49996E-08       0.00000E+00       0.00000E+00       0.00000E+00       0.00000E+00
       1.00000E-05       1.04713E-05       1.02356E-05       4.71300E-07       1.14684E-10       2.43335E-04       2.49069E-09       1.14684E-10
       1.04713E-05       1.09648E-05       1.07180E-05       4.93500E-07       1.25746E-10       2.54805E-04       2.73101E-09       2.40430E-10
       1.09648E-05       1.14815E-05       1.12232E-05       5.16700E-07       1.37883E-10       2.66853E-04       2.99494E-09       3.78313E-10
       1.14815E-05       1.20226E-05       1.17521E-05       5.41101E-07       1.51185E-10       2.79403E-04       3.28356E-09       5.29498E-10
       1.20226E-05       1.25892E-05       1.23059E-05       5.66600E-07       1.65772E-10       2.92573E-04       3.60037E-09       6.95270E-10
       1.25892E-05       1.31826E-05       1.28859E-05       5.93400E-07       1.81760E-10       3.06303E-04       3.94699E-09       8.77031E-10
       1.31826E-05       1.38038E-05       1.34932E-05       6.21200E-07       1.99296E-10       3.20824E-04       4.32894E-09       1.07633E-09
       1.38038E-05       1.44544E-05       1.41291E-05       6.50600E-07       2.18521E-10       3.35877E-04       4.74563E-09       1.29485E-09
       1.44544E-05       1.51356E-05       1.47950E-05       6.81200E-07       2.39608E-10       3.51744E-04       5.20406E-09       1.53446E-09
       1.51356E-05       1.58489E-05       1.54922E-05       7.13300E-07       2.62726E-10       3.68325E-04       5.70619E-09       1.79718E-09
       1.58489E-05       1.65959E-05       1.62224E-05       7.47000E-07       2.88072E-10       3.85639E-04       6.25599E-09       2.08525E-09
       1.65959E-05       1.73780E-05       1.69869E-05       7.82101E-07       3.15869E-10       4.03873E-04       6.86057E-09       2.40112E-09
       1.73780E-05       1.81970E-05       1.77875E-05       8.19000E-07       3.46340E-10       4.22881E-04       7.52199E-09       2.74746E-09
       1.81970E-05       1.90546E-05       1.86258E-05       8.57599E-07       3.79745E-10       4.42801E-04       8.24752E-09       3.12721E-09
       1.90546E-05       1.99526E-05       1.95036E-05       8.98001E-07       4.16389E-10       4.63684E-04       9.04351E-09       3.54360E-09
       1.99526E-05       2.08930E-05       2.04228E-05       9.40399E-07       4.56557E-10       4.85493E-04       9.91512E-09       4.00015E-09
       2.08930E-05       2.18776E-05       2.13853E-05       9.84600E-07       5.00618E-10       5.08448E-04       1.08733E-08       4.50077E-09
       2.18776E-05       2.29087E-05       2.23932E-05       1.03110E-06       5.48911E-10       5.32355E-04       1.19211E-08       5.04968E-09
       2.29087E-05       2.39883E-05       2.34485E-05       1.07960E-06       6.01858E-10       5.57483E-04       1.30721E-08       5.65154E-09
       2.39883E-05       2.51189E-05       2.45536E-05       1.13060E-06       6.59928E-10       5.83697E-04       1.43319E-08       6.31147E-09
       2.51189E-05       2.63027E-05       2.57108E-05       1.18380E-06       7.23608E-10       6.11259E-04       1.57160E-08       7.03508E-09
       2.63027E-05       2.75423E-05       2.69225E-05       1.23960E-06       7.93408E-10       6.40052E-04       1.72318E-08       7.82849E-09
       2.75423E-05       2.88403E-05       2.81913E-05       1.29800E-06       8.69957E-10       6.70229E-04       1.88946E-08       8.69844E-09
       2.88403E-05       3.01995E-05       2.95199E-05       1.35920E-06       9.53885E-10       7.01799E-04       2.07170E-08       9.65233E-09
       3.01995E-05       3.16228E-05       3.09111E-05       1.42330E-06       1.04593E-09       7.34858E-04       2.27153E-08       1.06983E-08
       3.16228E-05       3.31131E-05       3.23679E-05       1.49030E-06       1.14682E-09       7.69527E-04       2.49080E-08       1.18451E-08
       3.31131E-05       3.46737E-05       3.38934E-05       1.56060E-06       1.25747E-09       8.05763E-04       2.73101E-08       1.31026E-08
       3.46737E-05       3.63078E-05       3.54907E-05       1.63410E-06       1.37883E-09       8.43786E-04       2.99466E-08       1.44814E-08
       3.63078E-05       3.80189E-05       3.71634E-05       1.71110E-06       1.51185E-09       8.83555E-04       3.28359E-08       1.59932E-08
       3.80189E-05       3.98107E-05       3.89148E-05       1.79180E-06       1.65772E-09       9.25170E-04       3.60028E-08       1.76510E-08
       3.98107E-05       4.16869E-05       4.07488E-05       1.87620E-06       1.81760E-09       9.68768E-04       3.94761E-08       1.94686E-08
       4.16869E-05       4.36516E-05       4.26692E-05       1.96470E-06       1.99296E-09       1.01438E-03       4.32829E-08       2.14615E-08
       4.36516E-05       4.57088E-05       4.46802E-05       2.05720E-06       2.18521E-09       1.06223E-03       4.74605E-08       2.36467E-08
       4.57088E-05       4.78630E-05       4.67859E-05       2.15420E-06       2.39608E-09       1.11229E-03       5.20393E-08       2.60428E-08
       4.78630E-05       5.01187E-05       4.89908E-05       2.25570E-06       2.61180E-09       1.15787E-03       5.67249E-08       2.86546E-08
       5.01187E-05       5.24808E-05       5.12998E-05       2.36210E-06       2.79711E-09       1.18416E-03       6.07472E-08       3.14517E-08
       5.24808E-05       5.49541E-05       5.37174E-05       2.47330E-06       2.99278E-09       1.21003E-03       6.49999E-08       3.44445E-08
       5.49541E-05       5.75440E-05       5.62490E-05       2.58990E-06       3.20391E-09       1.23708E-03       6.95845E-08       3.76484E-08
       5.75440E-05       6.02560E-05       5.89000E-05       2.71200E-06       3.43181E-09       1.26542E-03       7.45330E-08       4.10802E-08
       6.02560E-05       6.30957E-05       6.16758E-05       2.83970E-06       3.67780E-09       1.29514E-03       7.98787E-08       4.47580E-08
       6.30957E-05       6.60693E-05       6.45825E-05       2.97360E-06       3.94345E-09       1.32615E-03       8.56464E-08       4.87015E-08
       6.60693E-05       6.91831E-05       6.76262E-05       3.11380E-06       4.23059E-09       1.35866E-03       9.18809E-08       5.29321E-08
       6.91831E-05       7.24436E-05       7.08134E-05       3.26051E-06       4.54106E-09       1.39275E-03       9.86251E-08       5.74731E-08
       7.24436E-05       7.58578E-05       7.41507E-05       3.41420E-06       4.86936E-09       1.42621E-03       1.05754E-07       6.23425E-08
       7.58578E-05       7.94328E-05       7.76453E-05       3.57500E-06       5.21167E-09       1.45781E-03       1.13192E-07       6.75541E-08
       7.94328E-05       8.31764E-05       8.13046E-05       3.74360E-06       5.58072E-09       1.49074E-03       1.21204E-07       7.31349E-08
       8.31764E-05       8.70964E-05       8.51364E-05       3.92000E-06       5.97913E-09       1.52529E-03       1.29858E-07       7.91140E-08
       8.70964E-05       9.12011E-05       8.91488E-05       4.10471E-06       6.40925E-09       1.56144E-03       1.39200E-07       8.55233E-08
       9.12011E-05       9.54993E-05       9.33502E-05       4.29820E-06       6.87411E-09       1.59930E-03       1.49295E-07       9.23974E-08
       9.54993E-05       1.00000E-04       9.77497E-05       4.50070E-06       7.37067E-09       1.63767E-03       1.60082E-07       9.97680E-08
       1.00000E-04       1.04713E-04       1.02356E-04       4.71300E-06       7.88441E-09       1.67291E-03       1.71233E-07       1.07652E-07
       1.04713E-04       1.09648E-04       1.07181E-04       4.93501E-06       8.43576E-09       1.70937E-03       1.83211E-07       1.16088E-07
       1.09648E-04       1.14815E-04       1.12232E-04       5.16700E-06       9.03088E-09       1.74780E-03       1.96158E-07       1.25119E-07
       1.14815E-04       1.20226E-04       1.17520E-04       5.41100E-06       9.67266E-09       1.78759E-03       2.10079E-07       1.34792E-07
       1.20226E-04       1.25892E-04       1.23059E-04       5.66600E-06       1.03658E-08       1.82948E-03       2.25133E-07       1.45158E-07
       1.25892E-04       1.31826E-04       1.28859E-04       5.93401E-06       1.11145E-08       1.87302E-03       2.41356E-07       1.56272E-07
       1.31826E-04       1.38038E-04       1.34932E-04       6.21199E-06       1.19234E-08       1.91942E-03       2.58991E-07       1.68195E-07
       1.38038E-04       1.44544E-04       1.41291E-04       6.50601E-06       1.27982E-08       1.96713E-03       2.77938E-07       1.80994E-07
       1.44544E-04       1.51356E-04       1.47950E-04       6.81200E-06       1.37254E-08       2.01489E-03       2.98103E-07       1.94719E-07
       1.51356E-04       1.58489E-04       1.54922E-04       7.13300E-06       1.46905E-08       2.05951E-03       3.19065E-07       2.09410E-07
       1.58489E-04       1.65959E-04       1.62224E-04       7.47000E-06       1.57306E-08       2.10583E-03       3.41616E-07       2.25140E-07
       1.65959E-04       1.73780E-04       1.69870E-04       7.82100E-06       1.68529E-08       2.15483E-03       3.66040E-07       2.41993E-07
       1.73780E-04       1.81970E-04       1.77875E-04       8.19000E-06       1.80650E-08       2.20574E-03       3.92346E-07       2.60058E-07
       1.81970E-04       1.90546E-04       1.86258E-04       8.57600E-06       1.93747E-08       2.25917E-03       4.20789E-07       2.79433E-07
       1.90546E-04       1.99526E-04       1.95036E-04       8.98000E-06       2.07762E-08       2.31361E-03       4.51237E-07       3.00209E-07
       1.99526E-04       2.08930E-04       2.04228E-04       9.40399E-06       2.22258E-08       2.36344E-03       4.82681E-07       3.22435E-07
       2.08930E-04       2.18776E-04       2.13853E-04       9.84601E-06       2.37801E-08       2.41520E-03       5.16498E-07       3.46215E-07
       2.18776E-04       2.29087E-04       2.23932E-04       1.03110E-05       2.54563E-08       2.46885E-03       5.52853E-07       3.71671E-07
       2.29087E-04       2.39883E-04       2.34485E-04       1.07960E-05       2.72652E-08       2.52550E-03       5.92191E-07       3.98936E-07
       2.39883E-04       2.51189E-04       2.45536E-04       1.13060E-05       2.92182E-08       2.58431E-03       6.34542E-07       4.28155E-07
       2.51189E-04       2.63027E-04       2.57108E-04       1.18380E-05       3.13280E-08       2.64639E-03       6.80407E-07       4.59483E-07
       2.63027E-04       2.75423E-04       2.69225E-04       1.23960E-05       3.36075E-08       2.71116E-03       7.29912E-07       4.93090E-07
       2.75423E-04       2.88403E-04       2.81913E-04       1.29800E-05       3.60719E-08       2.77903E-03       7.83446E-07       5.29162E-07
       2.88403E-04       3.01995E-04       2.95199E-04       1.35920E-05       3.86914E-08       2.84664E-03       8.40324E-07       5.67853E-07
       3.01995E-04       3.16228E-04       3.09111E-04       1.42330E-05       4.14127E-08       2.90962E-03       8.99397E-07       6.09266E-07
       3.16228E-04       3.31131E-04       3.23680E-04       1.49030E-05       4.43432E-08       2.97545E-03       9.63092E-07       6.53609E-07
       3.31131E-04       3.46737E-04       3.38934E-04       1.56060E-05       4.75068E-08       3.04414E-03       1.03176E-06       7.01116E-07
       3.46737E-04       3.63078E-04       3.54908E-04       1.63410E-05       5.09227E-08       3.11625E-03       1.10598E-06       7.52039E-07
       3.63078E-04       3.80189E-04       3.71634E-04       1.71110E-05       5.46129E-08       3.19169E-03       1.18614E-06       8.06652E-07
       3.80189E-04       3.98107E-04       3.89148E-04       1.79180E-05       5.86041E-08       3.27068E-03       1.27278E-06       8.65256E-07
       3.98107E-04       4.16869E-04       4.07488E-04       1.87620E-05       6.29315E-08       3.35420E-03       1.36680E-06       9.28187E-07
       4.16869E-04       4.36516E-04       4.26692E-04       1.96470E-05       6.76161E-08       3.44155E-03       1.46848E-06       9.95803E-07
       4.36516E-04       4.57088E-04       4.46802E-04       2.05720E-05       7.26878E-08       3.53333E-03       1.57870E-06       1.06849E-06
       4.57088E-04       4.78630E-04       4.67859E-04       2.15420E-05       7.81798E-08       3.62918E-03       1.69795E-06       1.14667E-06
       4.78630E-04       5.01187E-04       4.89909E-04       2.25570E-05       8.41301E-08       3.72967E-03       1.82719E-06       1.23080E-06
       5.01187E-04       5.24808E-04       5.12998E-04       2.36210E-05       9.05800E-08       3.83473E-03       1.96720E-06       1.32138E-06
       5.24808E-04       5.49541E-04       5.37175E-04       2.47330E-05       9.75727E-08       3.94503E-03       2.11917E-06       1.41895E-06
       5.49541E-04       5.75440E-04       5.62491E-04       2.58990E-05       1.05158E-07       4.06031E-03       2.28389E-06       1.52411E-06
       5.75440E-04       6.02560E-04       5.89000E-04       2.71200E-05       1.13269E-07       4.17658E-03       2.46000E-06       1.63738E-06
       6.02560E-04       6.30957E-04       6.16758E-04       2.83970E-05       1.21720E-07       4.28638E-03       2.64366E-06       1.75910E-06
       6.30957E-04       6.60693E-04       6.45825E-04       2.97360E-05       1.30848E-07       4.40032E-03       2.84183E-06       1.88995E-06
       6.60693E-04       6.91831E-04       6.76262E-04       3.11380E-05       1.40734E-07       4.51967E-03       3.05648E-06       2.03068E-06
       6.91831E-04       7.24436E-04       7.08133E-04       3.26050E-05       1.51442E-07       4.64475E-03       3.28911E-06       2.18212E-06
       7.24436E-04       7.58578E-04       7.41507E-04       3.41420E-05       1.63050E-07       4.77563E-03       3.54116E-06       2.34517E-06
       7.58578E-04       7.94328E-04       7.76453E-04       3.57500E-05       1.75543E-07       4.91030E-03       3.81262E-06       2.52072E-06
       7.94328E-04       8.31764E-04       8.13046E-04       3.74360E-05       1.88447E-07       5.03384E-03       4.09275E-06       2.70916E-06
       8.31764E-04       8.70964E-04       8.51364E-04       3.92000E-05       2.02271E-07       5.15996E-03       4.39301E-06       2.91143E-06
       8.70964E-04       9.12011E-04       8.91487E-04       4.10470E-05       2.17224E-07       5.29208E-03       4.71782E-06       3.12866E-06
       9.12011E-04       9.54993E-04       9.33502E-04       4.29820E-05       2.33405E-07       5.43031E-03       5.06920E-06       3.36206E-06
       9.54993E-04       1.00000E-03       9.77497E-04       4.50070E-05       2.50921E-07       5.57515E-03       5.44969E-06       3.61298E-06
       1.00000E-03       1.04713E-03       1.02356E-03       4.71300E-05       2.69895E-07       5.72661E-03       5.86156E-06       3.88288E-06
       1.04713E-03       1.09648E-03       1.07180E-03       4.93500E-05       2.90443E-07       5.88538E-03       6.30798E-06       4.17332E-06
       1.09648E-03       1.14815E-03       1.12231E-03       5.16700E-05       3.12730E-07       6.05245E-03       6.79276E-06       4.48605E-06
       1.14815E-03       1.20226E-03       1.17520E-03       5.41100E-05       3.36541E-07       6.21956E-03       7.30926E-06       4.82259E-06
       1.20226E-03       1.25892E-03       1.23059E-03       5.66600E-05       3.61210E-07       6.37505E-03       7.84507E-06       5.18380E-06
       1.25892E-03       1.31826E-03       1.28859E-03       5.93400E-05       3.87788E-07       6.53503E-03       8.42097E-06       5.57159E-06
       1.31826E-03       1.38038E-03       1.34932E-03       6.21200E-05       4.16527E-07       6.70521E-03       9.04747E-06       5.98812E-06
       1.38038E-03       1.44544E-03       1.41291E-03       6.50599E-05       4.47646E-07       6.88052E-03       9.72156E-06       6.43577E-06
       1.44544E-03       1.51356E-03       1.47950E-03       6.81201E-05       4.81325E-07       7.06583E-03       1.04539E-05       6.91709E-06
       1.51356E-03       1.58489E-03       1.54923E-03       7.13300E-05       5.17610E-07       7.25656E-03       1.12420E-05       7.43470E-06
       1.58489E-03       1.65959E-03       1.62224E-03       7.47000E-05       5.55117E-07       7.43129E-03       1.20553E-05       7.98982E-06
       1.65959E-03       1.73780E-03       1.69870E-03       7.82101E-05       5.95204E-07       7.61032E-03       1.29276E-05       8.58502E-06
       1.73780E-03       1.81970E-03       1.77875E-03       8.18999E-05       6.38523E-07       7.79638E-03       1.38678E-05       9.22355E-06
       1.81970E-03       1.90546E-03       1.86258E-03       8.57600E-05       6.85360E-07       7.99160E-03       1.48850E-05       9.90891E-06
       1.90546E-03       1.99526E-03       1.95036E-03       8.98001E-05       7.36012E-07       8.19612E-03       1.59854E-05       1.06449E-05
       1.99526E-03       2.08930E-03       2.04228E-03       9.40400E-05       7.90834E-07       8.40955E-03       1.71747E-05       1.14358E-05
       2.08930E-03       2.18776E-03       2.13853E-03       9.84600E-05       8.50180E-07       8.63478E-03       1.84657E-05       1.22859E-05
       2.18776E-03       2.29087E-03       2.23932E-03       1.03110E-04       9.14443E-07       8.86860E-03       1.98596E-05       1.32004E-05
       2.29087E-03       2.39883E-03       2.34485E-03       1.07960E-04       9.83259E-07       9.10762E-03       2.13560E-05       1.41836E-05
       2.39883E-03       2.51189E-03       2.45536E-03       1.13060E-04       1.05448E-06       9.32678E-03       2.29006E-05       1.52381E-05
       2.51189E-03       2.63027E-03       2.57108E-03       1.18380E-04       1.13110E-06       9.55482E-03       2.45662E-05       1.63692E-05
       2.63027E-03       2.75423E-03       2.69225E-03       1.23960E-04       1.21391E-06       9.79278E-03       2.63646E-05       1.75831E-05
       2.75423E-03       2.88403E-03       2.81913E-03       1.29800E-04       1.30348E-06       1.00422E-02       2.83102E-05       1.88866E-05
       2.88403E-03       3.01995E-03       2.95199E-03       1.35920E-04       1.40038E-06       1.03030E-02       3.04142E-05       2.02870E-05
       3.01995E-03       3.16228E-03       3.09112E-03       1.42330E-04       1.50483E-06       1.05728E-02       3.26818E-05       2.17918E-05
       3.16228E-03       3.31131E-03       3.23679E-03       1.49030E-04       1.61291E-06       1.08227E-02       3.50309E-05       2.34047E-05
       3.31131E-03       3.46737E-03       3.38934E-03       1.56060E-04       1.72820E-06       1.10739E-02       3.75333E-05       2.51329E-05
       3.46737E-03       3.63078E-03       3.54907E-03       1.63410E-04       1.85267E-06       1.13376E-02       4.02380E-05       2.69856E-05
       3.63078E-03       3.80189E-03       3.71633E-03       1.71110E-04       1.98719E-06       1.16135E-02       4.31598E-05       2.89728E-05
       3.80189E-03       3.98107E-03       3.89148E-03       1.79180E-04       2.13261E-06       1.19020E-02       4.63165E-05       3.11054E-05
       3.98107E-03       4.16869E-03       4.07488E-03       1.87620E-04       2.28985E-06       1.22047E-02       4.97328E-05       3.33952E-05
       4.16869E-03       4.36516E-03       4.26693E-03       1.96470E-04       2.45998E-06       1.25209E-02       5.34258E-05       3.58552E-05
       4.36516E-03       4.57088E-03       4.46802E-03       2.05720E-04       2.64416E-06       1.28532E-02       5.74283E-05       3.84994E-05
       4.57088E-03       4.78630E-03       4.67859E-03       2.15420E-04       2.84016E-06       1.31843E-02       6.16840E-05       4.13395E-05
       4.78630E-03       5.01187E-03       4.89909E-03       2.25570E-04       3.03558E-06       1.34574E-02       6.59287E-05       4.43751E-05
       5.01187E-03       5.24807E-03       5.12997E-03       2.36200E-04       3.24377E-06       1.37332E-02       7.04508E-05       4.76189E-05
       5.24807E-03       5.49541E-03       5.37174E-03       2.47340E-04       3.46803E-06       1.40213E-02       7.53188E-05       5.10869E-05
       5.49541E-03       5.75440E-03       5.62491E-03       2.58990E-04       3.70975E-06       1.43239E-02       8.05708E-05       5.47967E-05
       5.75440E-03       6.02560E-03       5.89000E-03       2.71200E-04       3.97045E-06       1.46403E-02       8.62313E-05       5.87671E-05
       6.02560E-03       6.30957E-03       6.16759E-03       2.83970E-04       4.25081E-06       1.49693E-02       9.23241E-05       6.30179E-05
       6.30957E-03       6.60693E-03       6.45825E-03       2.97360E-04       4.54100E-06       1.52710E-02       9.86241E-05       6.75589E-05
       6.60693E-03       6.91831E-03       6.76262E-03       3.11380E-04       4.84908E-06       1.55729E-02       1.05313E-04       7.24080E-05
       6.91831E-03       7.24436E-03       7.08133E-03       3.26050E-04       5.18076E-06       1.58895E-02       1.12519E-04       7.75888E-05
       7.24436E-03       7.58578E-03       7.41507E-03       3.41420E-04       5.53801E-06       1.62205E-02       1.20276E-04       8.31268E-05
       7.58578E-03       7.94328E-03       7.76453E-03       3.57500E-04       5.92301E-06       1.65679E-02       1.28642E-04       8.90498E-05
       7.94328E-03       8.31764E-03       8.13046E-03       3.74360E-04       6.33816E-06       1.69307E-02       1.37654E-04       9.53880E-05
       8.31764E-03       8.70964E-03       8.51364E-03       3.92000E-04       6.78593E-06       1.73111E-02       1.47380E-04       1.02174E-04
       8.70964E-03       9.12011E-03       8.91487E-03       4.10471E-04       7.26922E-06       1.77095E-02       1.57878E-04       1.09443E-04
       9.12011E-03       9.54993E-03       9.33502E-03       4.29819E-04       7.78726E-06       1.81175E-02       1.69127E-04       1.17230E-04
       9.54993E-03       1.00000E-02       9.77496E-03       4.50070E-04       8.32393E-06       1.84947E-02       1.80785E-04       1.25554E-04
       1.00000E-02       1.04713E-02       1.02357E-02       4.71300E-04       8.89835E-06       1.88804E-02       1.93254E-04       1.34453E-04
       1.04713E-02       1.09648E-02       1.07180E-02       4.93500E-04       9.51708E-06       1.92849E-02       2.06696E-04       1.43970E-04
       1.09648E-02       1.14815E-02       1.12232E-02       5.16700E-04       1.01847E-05       1.97111E-02       2.21220E-04       1.54154E-04
       1.14815E-02       1.20226E-02       1.17521E-02       5.41100E-04       1.09044E-05       2.01523E-02       2.36830E-04       1.65059E-04
       1.20226E-02       1.25892E-02       1.23059E-02       5.66601E-04       1.16807E-05       2.06154E-02       2.53691E-04       1.76740E-04
       1.25892E-02       1.31826E-02       1.28859E-02       5.93399E-04       1.25017E-05       2.10680E-02       2.71480E-04       1.89241E-04
       1.31826E-02       1.38038E-02       1.34932E-02       6.21200E-04       1.33799E-05       2.15389E-02       2.90628E-04       2.02621E-04
       1.38038E-02       1.44544E-02       1.41291E-02       6.50601E-04       1.43279E-05       2.20225E-02       3.11158E-04       2.16949E-04
       1.44544E-02       1.51356E-02       1.47950E-02       6.81199E-04       1.53506E-05       2.25347E-02       3.33401E-04       2.32300E-04
       1.51356E-02       1.58489E-02       1.54923E-02       7.13301E-04       1.64556E-05       2.30696E-02       3.57400E-04       2.48755E-04
       1.58489E-02       1.65959E-02       1.62224E-02       7.47000E-04       1.76492E-05       2.36268E-02       3.83283E-04       2.66404E-04
       1.65959E-02       1.73780E-02       1.69870E-02       7.82100E-04       1.89394E-05       2.42161E-02       4.11359E-04       2.85344E-04
       1.73780E-02       1.81970E-02       1.77875E-02       8.19000E-04       2.03347E-05       2.48286E-02       4.41639E-04       3.05679E-04
       1.81970E-02       1.90546E-02       1.86258E-02       8.57600E-04       2.18347E-05       2.54603E-02       4.74218E-04       3.27513E-04
       1.90546E-02       1.99526E-02       1.95036E-02       8.98000E-04       2.33889E-05       2.60455E-02       5.07982E-04       3.50902E-04
       1.99526E-02       2.08930E-02       2.04228E-02       9.40400E-04       2.50526E-05       2.66404E-02       5.44071E-04       3.75955E-04
       2.08930E-02       2.18776E-02       2.13853E-02       9.84600E-04       2.68489E-05       2.72688E-02       5.83152E-04       4.02804E-04
       2.18776E-02       2.29087E-02       2.23931E-02       1.03110E-03       2.87889E-05       2.79206E-02       6.25230E-04       4.31593E-04
       2.29087E-02       2.39883E-02       2.34485E-02       1.07960E-03       3.08854E-05       2.86081E-02       6.70818E-04       4.62478E-04
       2.39883E-02       2.51189E-02       2.45536E-02       1.13060E-03       3.31478E-05       2.93188E-02       7.19881E-04       4.95626E-04
       2.51189E-02       2.63027E-02       2.57108E-02       1.18380E-03       3.54703E-05       2.99632E-02       7.70377E-04       5.31096E-04
       2.63027E-02       2.75423E-02       2.69225E-02       1.23960E-03       3.79124E-05       3.05844E-02       8.23408E-04       5.69009E-04
       2.75423E-02       2.88403E-02       2.81913E-02       1.29800E-03       4.05439E-05       3.12357E-02       8.80574E-04       6.09552E-04
       2.88403E-02       3.01995E-02       2.95199E-02       1.35920E-03       4.33808E-05       3.19165E-02       9.42171E-04       6.52933E-04
       3.01995E-02       3.16228E-02       3.09112E-02       1.42330E-03       4.64411E-05       3.26292E-02       1.00860E-03       6.99374E-04
       3.16228E-02       3.31131E-02       3.23680E-02       1.49030E-03       4.97432E-05       3.33779E-02       1.08038E-03       7.49118E-04
       3.31131E-02       3.46737E-02       3.38934E-02       1.56060E-03       5.33091E-05       3.41594E-02       1.15778E-03       8.02427E-04
       3.46737E-02       3.63078E-02       3.54908E-02       1.63410E-03       5.71601E-05       3.49795E-02       1.24145E-03       8.59587E-04
       3.63078E-02       3.80189E-02       3.71633E-02       1.71110E-03       6.13011E-05       3.58256E-02       1.33140E-03       9.20888E-04
       3.80189E-02       3.98107E-02       3.89148E-02       1.79180E-03       6.55870E-05       3.66039E-02       1.42443E-03       9.86475E-04
       3.98107E-02       4.16869E-02       4.07488E-02       1.87620E-03       7.01597E-05       3.73946E-02       1.52379E-03       1.05663E-03
       4.16869E-02       4.36516E-02       4.26693E-02       1.96470E-03       7.50911E-05       3.82201E-02       1.63082E-03       1.13173E-03
       4.36516E-02       4.57088E-02       4.46802E-02       2.05720E-03       8.04121E-05       3.90881E-02       1.74647E-03       1.21214E-03
       4.57088E-02       4.78630E-02       4.67859E-02       2.15420E-03       8.61552E-05       3.99940E-02       1.87116E-03       1.29829E-03
       4.78630E-02       5.01187E-02       4.89908E-02       2.25570E-03       9.23493E-05       4.09405E-02       2.00571E-03       1.39064E-03
       5.01187E-02       5.24808E-02       5.12998E-02       2.36210E-03       9.86988E-05       4.17843E-02       2.14353E-03       1.48934E-03
       5.24808E-02       5.49541E-02       5.37174E-02       2.47330E-03       1.05333E-04       4.25879E-02       2.28771E-03       1.59467E-03
       5.49541E-02       5.75440E-02       5.62491E-02       2.58990E-03       1.12471E-04       4.34267E-02       2.44271E-03       1.70714E-03
       5.75440E-02       6.02560E-02       5.89000E-02       2.71200E-03       1.20155E-04       4.43051E-02       2.60957E-03       1.82730E-03
       6.02560E-02       6.30957E-02       6.16758E-02       2.83970E-03       1.28431E-04       4.52271E-02       2.78942E-03       1.95573E-03
       6.30957E-02       6.60693E-02       6.45825E-02       2.97360E-03       1.37351E-04       4.61902E-02       2.98308E-03       2.09308E-03
       6.60693E-02       6.91831E-02       6.76262E-02       3.11380E-03       1.46967E-04       4.71984E-02       3.19185E-03       2.24005E-03
       6.91831E-02       7.24436E-02       7.08134E-02       3.26050E-03       1.57338E-04       4.82559E-02       3.41716E-03       2.39739E-03
       7.24436E-02       7.58578E-02       7.41507E-02       3.41420E-03       1.68486E-04       4.93486E-02       3.65924E-03       2.56587E-03
       7.58578E-02       7.94328E-02       7.76453E-02       3.57500E-03       1.79991E-04       5.03472E-02       3.90922E-03       2.74586E-03
       7.94328E-02       8.31764E-02       8.13046E-02       3.74360E-03       1.92219E-04       5.13459E-02       4.17466E-03       2.93808E-03
       8.31764E-02       8.70964E-02       8.51364E-02       3.92000E-03       2.05384E-04       5.23940E-02       4.46064E-03       3.14347E-03
       8.70964E-02       9.12011E-02       8.91488E-02       4.10470E-03       2.19566E-04       5.34913E-02       4.76868E-03       3.36303E-03
       9.12011E-02       9.54993E-02       9.33502E-02       4.29820E-03       2.34851E-04       5.46394E-02       5.10060E-03       3.59788E-03
       9.54993E-02       1.00000E-01       9.77497E-02       4.50070E-03       2.51326E-04       5.58415E-02       5.45848E-03       3.84921E-03
       1.00000E-01       1.04713E-01       1.02357E-01       4.71300E-03       2.68643E-04       5.70005E-02       5.83437E-03       4.11785E-03
       1.04713E-01       1.09648E-01       1.07180E-01       4.93500E-03       2.86965E-04       5.81489E-02       6.23243E-03       4.40482E-03
       1.09648E-01       1.14815E-01       1.12231E-01       5.16700E-03       3.06711E-04       5.93596E-02       6.66202E-03       4.71153E-03
       1.14815E-01       1.20226E-01       1.17520E-01       5.41100E-03       3.27971E-04       6.06119E-02       7.12314E-03       5.03950E-03
       1.20226E-01       1.25892E-01       1.23059E-01       5.66600E-03       3.50979E-04       6.19447E-02       7.62286E-03       5.39048E-03
       1.25892E-01       1.31826E-01       1.28859E-01       5.93400E-03       3.77250E-04       6.35744E-02       8.19213E-03       5.76773E-03
       1.31826E-01       1.38038E-01       1.34932E-01       6.21200E-03       4.06394E-04       6.54208E-02       8.82737E-03       6.17412E-03
       1.38038E-01       1.44544E-01       1.41291E-01       6.50600E-03       4.40955E-04       6.77766E-02       9.57623E-03       6.61508E-03
       1.44544E-01       1.51356E-01       1.47950E-01       6.81200E-03       4.80106E-04       7.04795E-02       1.04274E-02       7.09518E-03
       1.51356E-01       1.58489E-01       1.54923E-01       7.13300E-03       5.21554E-04       7.31184E-02       1.13277E-02       7.61674E-03
       1.58489E-01       1.65959E-01       1.62224E-01       7.47000E-03       5.66274E-04       7.58064E-02       1.22976E-02       8.18301E-03
       1.65959E-01       1.73780E-01       1.69869E-01       7.82100E-03       6.15042E-04       7.86398E-02       1.33585E-02       8.79805E-03
       1.73780E-01       1.81970E-01       1.77875E-01       8.19000E-03       6.68239E-04       8.15920E-02       1.45132E-02       9.46629E-03
       1.81970E-01       1.90546E-01       1.86258E-01       8.57600E-03       7.26280E-04       8.46875E-02       1.57737E-02       1.01926E-02
       1.90546E-01       1.99526E-01       1.95036E-01       8.98000E-03       7.89594E-04       8.79281E-02       1.71491E-02       1.09822E-02
       1.99526E-01       2.08930E-01       2.04228E-01       9.40400E-03       8.56490E-04       9.10772E-02       1.86005E-02       1.18387E-02
       2.08930E-01       2.18776E-01       2.13853E-01       9.84600E-03       9.27463E-04       9.41969E-02       2.01443E-02       1.27661E-02
       2.18776E-01       2.29087E-01       2.23931E-01       1.03110E-02       1.00472E-03       9.74420E-02       2.18203E-02       1.37708E-02
       2.29087E-01       2.39883E-01       2.34485E-01       1.07960E-02       1.08887E-03       1.00858E-01       2.36498E-02       1.48597E-02
       2.39883E-01       2.51189E-01       2.45536E-01       1.13060E-02       1.18043E-03       1.04407E-01       2.56358E-02       1.60401E-02
       2.51189E-01       2.63027E-01       2.57108E-01       1.18380E-02       1.27759E-03       1.07923E-01       2.77479E-02       1.73177E-02
       2.63027E-01       2.75423E-01       2.69225E-01       1.23960E-02       1.38199E-03       1.11487E-01       3.00150E-02       1.86997E-02
       2.75423E-01       2.88403E-01       2.81913E-01       1.29800E-02       1.49893E-03       1.15480E-01       3.25553E-02       2.01987E-02
       2.88403E-01       3.01995E-01       2.95199E-01       1.35920E-02       1.78151E-03       1.31071E-01       3.86919E-02       2.19802E-02
       3.01995E-01       3.16228E-01       3.09112E-01       1.42330E-02       2.20053E-03       1.54608E-01       4.77911E-02       2.41807E-02
       3.16228E-01       3.31131E-01       3.23680E-01       1.49030E-02       2.67785E-03       1.79685E-01       5.81605E-02       2.68586E-02
       3.31131E-01       3.46737E-01       3.38934E-01       1.56060E-02       3.21375E-03       2.05930E-01       6.97968E-02       3.00723E-02
       3.46737E-01       3.63078E-01       3.54908E-01       1.63410E-02       3.80153E-03       2.32638E-01       8.25648E-02       3.38738E-02
       3.63078E-01       3.80189E-01       3.71633E-01       1.71110E-02       4.43987E-03       2.59475E-01       9.64295E-02       3.83137E-02
       3.80189E-01       3.98107E-01       3.89148E-01       1.79180E-02       5.15226E-03       2.87547E-01       1.11898E-01       4.34660E-02
       3.98107E-01       4.16869E-01       4.07488E-01       1.87620E-02       5.92263E-03       3.15672E-01       1.28632E-01       4.93886E-02
       4.16869E-01       4.36516E-01       4.26692E-01       1.96470E-02       6.75498E-03       3.43817E-01       1.46704E-01       5.61436E-02
       4.36516E-01       4.57088E-01       4.46802E-01       2.05720E-02       7.67987E-03       3.73317E-01       1.66799E-01       6.38235E-02
       4.57088E-01       4.78630E-01       4.67859E-01       2.15420E-02       8.70682E-03       4.04179E-01       1.89099E-01       7.25303E-02
       4.78630E-01       5.01187E-01       4.89909E-01       2.25570E-02       9.83894E-03       4.36181E-01       2.13689E-01       8.23692E-02
       5.01187E-01       5.24808E-01       5.12998E-01       2.36210E-02       1.10402E-02       4.67389E-01       2.39770E-01       9.34094E-02
       5.24808E-01       5.49541E-01       5.37174E-01       2.47330E-02       1.23575E-02       4.99638E-01       2.68393E-01       1.05767E-01
       5.49541E-01       5.75440E-01       5.62490E-01       2.58990E-02       1.38139E-02       5.33375E-01       3.00018E-01       1.19581E-01
       5.75440E-01       6.02560E-01       5.89000E-01       2.71200E-02       1.53966E-02       5.67722E-01       3.34388E-01       1.34977E-01
       6.02560E-01       6.30957E-01       6.16758E-01       2.83970E-02       1.70638E-02       6.00901E-01       3.70611E-01       1.52041E-01
       6.30957E-01       6.60693E-01       6.45825E-01       2.97360E-02       1.88946E-02       6.35412E-01       4.10365E-01       1.70936E-01
       6.60693E-01       6.91831E-01       6.76262E-01       3.11380E-02       2.09109E-02       6.71556E-01       4.54148E-01       1.91847E-01
       6.91831E-01       7.24436E-01       7.08133E-01       3.26050E-02       2.31306E-02       7.09418E-01       5.02363E-01       2.14977E-01
       7.24436E-01       7.58578E-01       7.41507E-01       3.41420E-02       2.55740E-02       7.49048E-01       5.55424E-01       2.40551E-01
       7.58578E-01       7.94328E-01       7.76453E-01       3.57500E-02       2.82689E-02       7.90738E-01       6.13971E-01       2.68820E-01
       7.94328E-01       8.31764E-01       8.13046E-01       3.74360E-02       3.12508E-02       8.34778E-01       6.78713E-01       3.00071E-01
       8.31764E-01       8.70964E-01       8.51364E-01       3.92000E-02       3.45966E-02       8.82566E-01       7.51385E-01       3.34668E-01
       8.70964E-01       9.12011E-01       8.91487E-01       4.10470E-02       4.69884E-02       1.14475E+00       1.02053E+00       3.81656E-01
       9.12011E-01       9.54993E-01       9.33502E-01       4.29820E-02       4.53499E-02       1.05509E+00       9.84930E-01       4.27006E-01
       9.54993E-01       1.00000E+00       9.77497E-01       4.50070E-02       3.94546E-02       8.76632E-01       8.56904E-01       4.66460E-01
       1.00000E+00       1.04713E+00       1.02357E+00       4.71300E-02       3.88425E-02       8.24157E-01       8.43579E-01       5.05303E-01
       1.04713E+00       1.09648E+00       1.07181E+00       4.93500E-02       3.82091E-02       7.74248E-01       8.29843E-01       5.43512E-01
       1.09648E+00       1.14815E+00       1.12231E+00       5.16700E-02       3.75689E-02       7.27094E-01       8.16028E-01       5.81081E-01
       1.14815E+00       1.20226E+00       1.17520E+00       5.41100E-02       3.68269E-02       6.80593E-01       7.99837E-01       6.17908E-01
       1.20226E+00       1.25892E+00       1.23059E+00       5.66600E-02       3.59073E-02       6.33733E-01       7.79865E-01       6.53815E-01
       1.25892E+00       1.31826E+00       1.28859E+00       5.93400E-02       3.46878E-02       5.84560E-01       7.53259E-01       6.88503E-01
       1.31826E+00       1.38038E+00       1.34932E+00       6.21200E-02       3.31289E-02       5.33305E-01       7.19599E-01       7.21632E-01
       1.38038E+00       1.44544E+00       1.41291E+00       6.50600E-02       3.11897E-02       4.79399E-01       6.77348E-01       7.52822E-01
       1.44544E+00       1.51356E+00       1.47950E+00       6.81200E-02       2.88218E-02       4.23103E-01       6.25981E-01       7.81643E-01
       1.51356E+00       1.58489E+00       1.54923E+00       7.13300E-02       2.61850E-02       3.67096E-01       5.68714E-01       8.07828E-01
       1.58489E+00       1.65959E+00       1.62224E+00       7.47000E-02       2.32295E-02       3.10971E-01       5.04470E-01       8.31058E-01
       1.65959E+00       1.73780E+00       1.69869E+00       7.82100E-02       1.97669E-02       2.52742E-01       4.29331E-01       8.50825E-01
       1.73780E+00       1.81970E+00       1.77875E+00       8.19000E-02       1.58997E-02       1.94136E-01       3.45320E-01       8.66725E-01
       1.81970E+00       1.90546E+00       1.86258E+00       8.57600E-02       1.16095E-02       1.35371E-01       2.52140E-01       8.78334E-01
       1.90546E+00       1.99526E+00       1.95036E+00       8.98000E-02       1.00914E-02       1.12376E-01       2.19174E-01       8.88425E-01
       1.99526E+00       2.08930E+00       2.04228E+00       9.40400E-02       9.71534E-03       1.03311E-01       2.10990E-01       8.98141E-01
       2.08930E+00       2.18776E+00       2.13853E+00       9.84600E-02       9.23934E-03       9.38385E-02       2.00676E-01       9.07380E-01
       2.18776E+00       2.29087E+00       2.23932E+00       1.03110E-01       8.65072E-03       8.38979E-02       1.87874E-01       9.16031E-01
       2.29087E+00       2.39883E+00       2.34485E+00       1.07960E-01       7.94230E-03       7.35670E-02       1.72504E-01       9.23973E-01
       2.39883E+00       2.51189E+00       2.45536E+00       1.13060E-01       7.52101E-03       6.65223E-02       1.63336E-01       9.31494E-01
       2.51189E+00       2.63027E+00       2.57108E+00       1.18380E-01       7.30125E-03       6.16764E-02       1.58575E-01       9.38795E-01
       2.63027E+00       2.75423E+00       2.69225E+00       1.23960E-01       7.01567E-03       5.65963E-02       1.52371E-01       9.45811E-01
       2.75423E+00       2.88403E+00       2.81913E+00       1.29800E-01       6.65682E-03       5.12852E-02       1.44580E-01       9.52468E-01
       2.88403E+00       3.01995E+00       2.95199E+00       1.35920E-01       6.21942E-03       4.57579E-02       1.35077E-01       9.58687E-01
       3.01995E+00       3.16228E+00       3.09111E+00       1.42330E-01       5.68973E-03       3.99756E-02       1.23569E-01       9.64377E-01
       3.16228E+00       3.31131E+00       3.23679E+00       1.49030E-01       5.10725E-03       3.42699E-02       1.10925E-01       9.69484E-01
       3.31131E+00       3.46737E+00       3.38934E+00       1.56060E-01       4.55381E-03       2.91799E-02       9.89006E-02       9.74038E-01
       3.46737E+00       3.63078E+00       3.54908E+00       1.63410E-01       3.93247E-03       2.40650E-02       8.54086E-02       9.77971E-01
       3.63078E+00       3.80189E+00       3.71633E+00       1.71110E-01       3.44498E-03       2.01331E-02       7.48215E-02       9.81416E-01
       3.80189E+00       3.98107E+00       3.89148E+00       1.79180E-01       2.95617E-03       1.64983E-02       6.42030E-02       9.84372E-01
       3.98107E+00       4.16869E+00       4.07488E+00       1.87620E-01       2.59578E-03       1.38353E-02       5.63773E-02       9.86967E-01
       4.16869E+00       4.36516E+00       4.26692E+00       1.96470E-01       2.26309E-03       1.15187E-02       4.91496E-02       9.89231E-01
       4.36516E+00       4.57088E+00       4.46802E+00       2.05720E-01       2.00673E-03       9.75467E-03       4.35840E-02       9.91237E-01
       4.57088E+00       4.78630E+00       4.67859E+00       2.15420E-01       1.77070E-03       8.21976E-03       3.84569E-02       9.93008E-01
       4.78630E+00       5.00000E+00       4.89315E+00       2.13700E-01       1.47428E-03       6.89883E-03       3.37570E-02       9.94482E-01
       5.00000E+00       5.20000E+00       5.10000E+00       2.00000E-01       1.15776E-03       5.78879E-03       2.95228E-02       9.95640E-01
       5.20000E+00       5.40000E+00       5.30000E+00       2.00000E-01       9.65123E-04       4.82562E-03       2.55758E-02       9.96605E-01
       5.40000E+00       5.60000E+00       5.50000E+00       2.00000E-01       7.90871E-04       3.95435E-03       2.17489E-02       9.97396E-01
       5.60000E+00       5.80000E+00       5.70000E+00       2.00000E-01       6.39952E-04       3.19976E-03       1.82386E-02       9.98036E-01
       5.80000E+00       6.00000E+00       5.90000E+00       2.00000E-01       5.11138E-04       2.55569E-03       1.50786E-02       9.98547E-01
       6.00000E+00       6.20000E+00       6.10000E+00       2.00000E-01       4.00815E-04       2.00408E-03       1.22249E-02       9.98948E-01
       6.20000E+00       6.40000E+00       6.30000E+00       2.00000E-01       3.10501E-04       1.55251E-03       9.78079E-03       9.99258E-01
       6.40000E+00       6.60000E+00       6.50000E+00       2.00000E-01       2.36855E-04       1.18427E-03       7.69778E-03       9.99495E-01
       6.60000E+00       6.80000E+00       6.70000E+00       2.00000E-01       1.75877E-04       8.79387E-04       5.89189E-03       9.99671E-01
       6.80000E+00       7.00000E+00       6.90000E+00       2.00000E-01       1.26913E-04       6.34567E-04       4.37851E-03       9.99798E-01
       7.00000E+00       7.20000E+00       7.10000E+00       2.00000E-01       9.02559E-05       4.51279E-04       3.20408E-03       9.99888E-01
       7.20000E+00       7.40000E+00       7.30000E+00       2.00000E-01       6.14733E-05       3.07366E-04       2.24377E-03       9.99950E-01
       7.40000E+00       7.60000E+00       7.50000E+00       2.00000E-01       3.81461E-05       1.90730E-04       1.43048E-03       9.99988E-01
       7.60000E+00       7.80000E+00       7.70000E+00       2.00000E-01       1.16095E-05       5.80476E-05       4.46966E-04       9.99999E-01

 Sum =                                                                         9.99999E-01
 Renormalization bin#  1011 =                                                  7.63037E-02 barn        2.70000E+07        2.72000E+07        2.71000E+07
 Avg. Energy     bin#  1011 =                                                  1.23306E+00 MeV         2.70000E+07        2.72000E+07
