"        MT=  4 recoil spectrum "
" Initial neutron energy corresponds to the group:"
   2.00000E+01    2.02000E+01       0.00000E+00           389           904           516



          Low               High              Mid              Energy           Number             dn/de            E*dn/de          Cumulative
         Energy            Energy            Energy             Width          Fraction                               Sum   
         [MeV]             [MeV]             [MeV]              [MeV]

       4.32500E-06       4.35000E-06       4.33750E-06       2.50001E-08       0.00000E+00       0.00000E+00       0.00000E+00       0.00000E+00
       4.35000E-06       4.37500E-06       4.36250E-06       2.50001E-08       4.95494E-12       1.98197E-04       8.64633E-10       4.95494E-12
       4.37500E-06       4.40000E-06       4.38750E-06       2.50001E-08       4.98366E-12       1.99346E-04       8.74629E-10       9.93860E-12
       4.40000E-06       4.42500E-06       4.41250E-06       2.50001E-08       5.01189E-12       2.00475E-04       8.84595E-10       1.49505E-11
       4.42500E-06       4.45000E-06       4.43750E-06       2.49996E-08       5.04012E-12       2.01608E-04       8.94635E-10       1.99906E-11
       4.45000E-06       4.47500E-06       4.46250E-06       2.50001E-08       5.06884E-12       2.02753E-04       9.04785E-10       2.50594E-11
       4.47500E-06       4.50000E-06       4.48750E-06       2.50001E-08       5.09707E-12       2.03882E-04       9.14921E-10       3.01565E-11
       4.50000E-06       4.52500E-06       4.51250E-06       2.50001E-08       5.12530E-12       2.05011E-04       9.25113E-10       3.52818E-11
       4.52500E-06       4.55000E-06       4.53750E-06       2.50001E-08       5.15402E-12       2.06160E-04       9.35452E-10       4.04358E-11
       4.55000E-06       4.57500E-06       4.56250E-06       2.49996E-08       5.18225E-12       2.07293E-04       9.45776E-10       4.56181E-11
       4.57500E-06       4.60000E-06       4.58750E-06       2.50001E-08       5.21048E-12       2.08418E-04       9.56120E-10       5.08286E-11
       4.60000E-06       4.62500E-06       4.61250E-06       2.50001E-08       5.23921E-12       2.09567E-04       9.66630E-10       5.60678E-11
       4.62500E-06       4.65000E-06       4.63750E-06       2.50001E-08       5.26744E-12       2.10697E-04       9.77106E-10       6.13352E-11
       4.65000E-06       4.67500E-06       4.66250E-06       2.50001E-08       5.29567E-12       2.11826E-04       9.87638E-10       6.66309E-11
       4.67500E-06       4.70000E-06       4.68750E-06       2.49996E-08       5.32439E-12       2.12979E-04       9.98338E-10       7.19553E-11
       4.70000E-06       4.72500E-06       4.71250E-06       2.50001E-08       5.35262E-12       2.14104E-04       1.00896E-09       7.73079E-11
       4.72500E-06       4.75000E-06       4.73750E-06       2.50001E-08       5.38085E-12       2.15233E-04       1.01967E-09       8.26887E-11
       4.75000E-06       4.77500E-06       4.76250E-06       2.50001E-08       5.40957E-12       2.16382E-04       1.03052E-09       8.80983E-11
       4.77500E-06       4.80000E-06       4.78750E-06       2.50001E-08       5.43780E-12       2.17511E-04       1.04133E-09       9.35361E-11
       4.80000E-06       4.82500E-06       4.81250E-06       2.49996E-08       5.46603E-12       2.18645E-04       1.05223E-09       9.90022E-11
       4.82500E-06       4.85000E-06       4.83750E-06       2.50001E-08       5.49475E-12       2.19789E-04       1.06323E-09       1.04497E-10
       4.85000E-06       4.87500E-06       4.86250E-06       2.50001E-08       5.52298E-12       2.20918E-04       1.07422E-09       1.10020E-10
       4.87500E-06       4.90000E-06       4.88750E-06       2.50001E-08       5.55121E-12       2.22048E-04       1.08526E-09       1.15571E-10
       4.90000E-06       4.92500E-06       4.91250E-06       2.50001E-08       5.57994E-12       2.23197E-04       1.09645E-09       1.21151E-10
       4.92500E-06       4.95000E-06       4.93750E-06       2.49996E-08       5.60817E-12       2.24330E-04       1.10763E-09       1.26759E-10
       4.95000E-06       4.97500E-06       4.96250E-06       2.50001E-08       5.63639E-12       2.25455E-04       1.11882E-09       1.32396E-10
       4.97500E-06       5.00000E-06       4.98750E-06       2.50001E-08       5.66512E-12       2.26604E-04       1.13019E-09       1.38061E-10
       5.00000E-06       5.02500E-06       5.01250E-06       2.50001E-08       5.69335E-12       2.27733E-04       1.14151E-09       1.43754E-10
       5.02500E-06       5.05000E-06       5.03750E-06       2.50001E-08       5.72158E-12       2.28862E-04       1.15289E-09       1.49476E-10
       5.05000E-06       5.07500E-06       5.06250E-06       2.49996E-08       5.75030E-12       2.30016E-04       1.16445E-09       1.55226E-10
       5.07500E-06       5.10000E-06       5.08750E-06       2.50001E-08       5.77853E-12       2.31140E-04       1.17593E-09       1.61004E-10
       5.10000E-06       5.12500E-06       5.11250E-06       2.50001E-08       5.80676E-12       2.32269E-04       1.18748E-09       1.66811E-10
       5.12500E-06       5.15000E-06       5.13750E-06       2.50001E-08       5.83548E-12       2.33418E-04       1.19919E-09       1.72647E-10
       5.15000E-06       5.17500E-06       5.16250E-06       2.50001E-08       5.86371E-12       2.34548E-04       1.21085E-09       1.78510E-10
       5.17500E-06       5.20000E-06       5.18750E-06       2.49996E-08       5.89194E-12       2.35681E-04       1.22260E-09       1.84402E-10
       5.20000E-06       5.22500E-06       5.21250E-06       2.50001E-08       5.92067E-12       2.36826E-04       1.23445E-09       1.90323E-10
       5.22500E-06       5.25000E-06       5.23750E-06       2.50001E-08       5.94889E-12       2.37955E-04       1.24629E-09       1.96272E-10
       5.25000E-06       5.27500E-06       5.26250E-06       2.50001E-08       5.97712E-12       2.39084E-04       1.25818E-09       2.02249E-10
       5.27500E-06       5.30000E-06       5.28750E-06       2.50001E-08       6.00585E-12       2.40233E-04       1.27023E-09       2.08255E-10
       5.30000E-06       5.32500E-06       5.31250E-06       2.49996E-08       6.03408E-12       2.41367E-04       1.28226E-09       2.14289E-10
       5.32500E-06       5.35000E-06       5.33750E-06       2.50001E-08       6.06231E-12       2.42491E-04       1.29430E-09       2.20351E-10
       5.35000E-06       5.37500E-06       5.36250E-06       2.50001E-08       6.09103E-12       2.43640E-04       1.30652E-09       2.26442E-10
       5.37500E-06       5.40000E-06       5.38750E-06       2.50001E-08       6.11926E-12       2.44769E-04       1.31870E-09       2.32562E-10
       5.40000E-06       5.42500E-06       5.41250E-06       2.50001E-08       6.14749E-12       2.45899E-04       1.33093E-09       2.38709E-10
       5.42500E-06       5.45000E-06       5.43750E-06       2.49996E-08       6.17621E-12       2.47052E-04       1.34335E-09       2.44885E-10
       5.45000E-06       5.47500E-06       5.46250E-06       2.50001E-08       6.20444E-12       2.48177E-04       1.35567E-09       2.51090E-10
       5.47500E-06       5.50000E-06       5.48750E-06       2.50001E-08       6.23267E-12       2.49306E-04       1.36807E-09       2.57322E-10
       5.50000E-06       5.52500E-06       5.51250E-06       2.50001E-08       6.26139E-12       2.50455E-04       1.38063E-09       2.63584E-10
       5.52500E-06       5.55000E-06       5.53750E-06       2.50001E-08       6.28962E-12       2.51584E-04       1.39315E-09       2.69873E-10
       5.55000E-06       5.57500E-06       5.56250E-06       2.49996E-08       6.31785E-12       2.52718E-04       1.40574E-09       2.76191E-10
       5.57500E-06       5.60000E-06       5.58750E-06       2.50001E-08       6.34658E-12       2.53862E-04       1.41845E-09       2.82538E-10
       5.60000E-06       5.62500E-06       5.61250E-06       2.50001E-08       6.37481E-12       2.54991E-04       1.43114E-09       2.88913E-10
       5.62500E-06       5.65000E-06       5.63750E-06       2.50001E-08       6.40303E-12       2.56120E-04       1.44388E-09       2.95316E-10
       5.65000E-06       5.67500E-06       5.66250E-06       2.50001E-08       6.43176E-12       2.57269E-04       1.45679E-09       3.01748E-10
       5.67500E-06       5.70000E-06       5.68750E-06       2.49996E-08       6.45999E-12       2.58403E-04       1.46967E-09       3.08208E-10
       5.70000E-06       5.72500E-06       5.71250E-06       2.50001E-08       6.48822E-12       2.59528E-04       1.48255E-09       3.14696E-10
       5.72500E-06       5.75000E-06       5.73750E-06       2.50001E-08       6.51694E-12       2.60677E-04       1.49563E-09       3.21213E-10
       5.75000E-06       5.77500E-06       5.76250E-06       2.50001E-08       6.54517E-12       2.61806E-04       1.50866E-09       3.27758E-10
       5.77500E-06       5.80000E-06       5.78750E-06       2.50001E-08       6.57340E-12       2.62935E-04       1.52174E-09       3.34331E-10
       5.80000E-06       5.82500E-06       5.81250E-06       2.49996E-08       6.60212E-12       2.64089E-04       1.53502E-09       3.40933E-10
       5.82500E-06       5.85000E-06       5.83750E-06       2.50001E-08       6.63035E-12       2.65213E-04       1.54818E-09       3.47564E-10
       5.85000E-06       5.87500E-06       5.86250E-06       2.50001E-08       6.65858E-12       2.66342E-04       1.56143E-09       3.54222E-10
       5.87500E-06       5.90000E-06       5.88750E-06       2.50001E-08       6.68731E-12       2.67491E-04       1.57485E-09       3.60910E-10
       5.90000E-06       5.92500E-06       5.91250E-06       2.50001E-08       6.71553E-12       2.68620E-04       1.58822E-09       3.67625E-10
       5.92500E-06       5.95000E-06       5.93750E-06       2.49996E-08       6.74426E-12       2.69774E-04       1.60179E-09       3.74370E-10
       5.95000E-06       5.97500E-06       5.96250E-06       2.50001E-08       6.77249E-12       2.70898E-04       1.61523E-09       3.81142E-10
       5.97500E-06       6.00000E-06       5.98750E-06       2.50001E-08       6.80072E-12       2.72028E-04       1.62877E-09       3.87943E-10
       6.00000E-06       6.02500E-06       6.01250E-06       2.50001E-08       6.82944E-12       2.73177E-04       1.64247E-09       3.94772E-10
       6.02500E-06       6.05000E-06       6.03750E-06       2.50001E-08       6.85767E-12       2.74306E-04       1.65612E-09       4.01630E-10
       6.05000E-06       6.07500E-06       6.06250E-06       2.49996E-08       6.88590E-12       2.75440E-04       1.66986E-09       4.08516E-10
       6.07500E-06       6.10000E-06       6.08750E-06       2.50001E-08       6.91462E-12       2.76584E-04       1.68370E-09       4.15430E-10
       6.10000E-06       6.12500E-06       6.11250E-06       2.50001E-08       6.94285E-12       2.77713E-04       1.69752E-09       4.22373E-10
       6.12500E-06       6.15000E-06       6.13750E-06       2.50001E-08       6.97108E-12       2.78842E-04       1.71139E-09       4.29344E-10
       6.15000E-06       6.17500E-06       6.16250E-06       2.50001E-08       6.99981E-12       2.79991E-04       1.72545E-09       4.36344E-10
       6.17500E-06       6.20000E-06       6.18750E-06       2.49996E-08       7.02804E-12       2.81126E-04       1.73947E-09       4.43372E-10
       6.20000E-06       6.22500E-06       6.21250E-06       2.50001E-08       7.05626E-12       2.82250E-04       1.75348E-09       4.50429E-10
       6.22500E-06       6.25000E-06       6.23750E-06       2.50001E-08       7.08499E-12       2.83398E-04       1.76770E-09       4.57514E-10
       6.25000E-06       6.27500E-06       6.26250E-06       2.50001E-08       7.11322E-12       2.84528E-04       1.78185E-09       4.64627E-10
       6.27500E-06       6.30000E-06       6.28750E-06       2.50001E-08       7.14145E-12       2.85657E-04       1.79607E-09       4.71768E-10
       6.30000E-06       6.32500E-06       6.31250E-06       2.49996E-08       7.17017E-12       2.86811E-04       1.81050E-09       4.78938E-10
       6.32500E-06       6.35000E-06       6.33750E-06       2.50001E-08       7.19840E-12       2.87935E-04       1.82479E-09       4.86137E-10
       6.35000E-06       6.37500E-06       6.36250E-06       2.50001E-08       7.22663E-12       2.89064E-04       1.83917E-09       4.93363E-10
       6.37500E-06       6.40000E-06       6.38750E-06       2.50001E-08       7.25535E-12       2.90213E-04       1.85374E-09       5.00619E-10
       6.40000E-06       6.42500E-06       6.41250E-06       2.50001E-08       7.28358E-12       2.91342E-04       1.86823E-09       5.07902E-10
       6.42500E-06       6.45000E-06       6.43750E-06       2.49996E-08       7.31181E-12       2.92477E-04       1.88282E-09       5.15214E-10
       6.45000E-06       6.47500E-06       6.46250E-06       2.50001E-08       7.34054E-12       2.93620E-04       1.89752E-09       5.22555E-10
       6.47500E-06       6.50000E-06       6.48750E-06       2.50001E-08       7.36876E-12       2.94749E-04       1.91219E-09       5.29923E-10
       6.50000E-06       6.52500E-06       6.51250E-06       2.50001E-08       7.39699E-12       2.95879E-04       1.92691E-09       5.37320E-10
       6.52500E-06       6.55000E-06       6.53750E-06       2.50001E-08       7.42572E-12       2.97028E-04       1.94182E-09       5.44746E-10
       6.55000E-06       6.57500E-06       6.56250E-06       2.49996E-08       7.45395E-12       2.98162E-04       1.95669E-09       5.52200E-10
       6.57500E-06       6.60000E-06       6.58750E-06       2.50001E-08       7.48218E-12       2.99286E-04       1.97155E-09       5.59682E-10
       6.60000E-06       6.62500E-06       6.61250E-06       2.50001E-08       7.51090E-12       3.00435E-04       1.98663E-09       5.67193E-10
       6.62500E-06       6.65000E-06       6.63750E-06       2.50001E-08       7.53913E-12       3.01564E-04       2.00163E-09       5.74732E-10
       6.65000E-06       6.67500E-06       6.66250E-06       2.50001E-08       7.56736E-12       3.02693E-04       2.01669E-09       5.82300E-10
       6.67500E-06       6.70000E-06       6.68750E-06       2.49996E-08       7.59608E-12       3.03848E-04       2.03198E-09       5.89896E-10
       6.70000E-06       6.72500E-06       6.71250E-06       2.50001E-08       7.62431E-12       3.04971E-04       2.04712E-09       5.97520E-10
       6.72500E-06       6.75000E-06       6.73750E-06       2.50001E-08       7.65254E-12       3.06100E-04       2.06235E-09       6.05172E-10
       6.75000E-06       6.77500E-06       6.76250E-06       2.50001E-08       7.68126E-12       3.07249E-04       2.07777E-09       6.12854E-10
       6.77500E-06       6.80000E-06       6.78750E-06       2.50001E-08       7.70949E-12       3.08379E-04       2.09312E-09       6.20563E-10
       6.80000E-06       6.82500E-06       6.81250E-06       2.49996E-08       7.73772E-12       3.09514E-04       2.10856E-09       6.28301E-10
       6.82500E-06       6.85000E-06       6.83750E-06       2.50001E-08       7.76645E-12       3.10657E-04       2.12412E-09       6.36067E-10
       6.85000E-06       6.87500E-06       6.86250E-06       2.50001E-08       7.79468E-12       3.11786E-04       2.13963E-09       6.43862E-10
       6.87500E-06       6.90000E-06       6.88750E-06       2.50001E-08       7.82290E-12       3.12915E-04       2.15520E-09       6.51685E-10
       6.90000E-06       6.92500E-06       6.91250E-06       2.50001E-08       7.85163E-12       3.14064E-04       2.17097E-09       6.59537E-10
       6.92500E-06       6.95000E-06       6.93750E-06       2.49996E-08       7.87986E-12       3.15199E-04       2.18669E-09       6.67416E-10
       6.95000E-06       6.97500E-06       6.96250E-06       2.50001E-08       7.90809E-12       3.16322E-04       2.20239E-09       6.75324E-10
       6.97500E-06       7.00000E-06       6.98750E-06       2.50001E-08       7.93681E-12       3.17471E-04       2.21833E-09       6.83261E-10
       7.00000E-06       7.02500E-06       7.01250E-06       2.50001E-08       7.96504E-12       3.18600E-04       2.23419E-09       6.91226E-10
       7.02500E-06       7.05000E-06       7.03750E-06       2.50001E-08       7.99327E-12       3.19730E-04       2.25010E-09       6.99220E-10
       7.05000E-06       7.07500E-06       7.06250E-06       2.49996E-08       8.02199E-12       3.20885E-04       2.26625E-09       7.07242E-10
       7.07500E-06       7.10000E-06       7.08750E-06       2.50001E-08       8.05022E-12       3.22008E-04       2.28223E-09       7.15292E-10
       7.10000E-06       7.12500E-06       7.11250E-06       2.50001E-08       8.07845E-12       3.23137E-04       2.29831E-09       7.23370E-10
       7.12500E-06       7.15000E-06       7.13750E-06       2.50001E-08       8.10718E-12       3.24286E-04       2.31459E-09       7.31477E-10
       7.15000E-06       7.17500E-06       7.16250E-06       2.50001E-08       8.13541E-12       3.25415E-04       2.33078E-09       7.39613E-10
       7.17500E-06       7.20000E-06       7.18750E-06       2.49996E-08       8.16363E-12       3.26550E-04       2.34708E-09       7.47776E-10
       7.20000E-06       7.22500E-06       7.21250E-06       2.50001E-08       8.19236E-12       3.27693E-04       2.36349E-09       7.55969E-10
       7.22500E-06       7.25000E-06       7.23750E-06       2.50001E-08       8.22059E-12       3.28822E-04       2.37985E-09       7.64189E-10
       7.25000E-06       7.27500E-06       7.26250E-06       2.50001E-08       8.24882E-12       3.29951E-04       2.39627E-09       7.72438E-10
       7.27500E-06       7.30000E-06       7.28750E-06       2.50001E-08       8.27754E-12       3.31100E-04       2.41289E-09       7.80716E-10
       7.30000E-06       7.32500E-06       7.31250E-06       2.49996E-08       8.30577E-12       3.32236E-04       2.42948E-09       7.89021E-10
       7.32500E-06       7.35000E-06       7.33750E-06       2.50001E-08       8.33400E-12       3.33359E-04       2.44602E-09       7.97355E-10
       7.35000E-06       7.37500E-06       7.36250E-06       2.50001E-08       8.36272E-12       3.34508E-04       2.46281E-09       8.05718E-10
       7.37500E-06       7.40000E-06       7.38750E-06       2.50001E-08       8.39095E-12       3.35637E-04       2.47952E-09       8.14109E-10
       7.40000E-06       7.42500E-06       7.41250E-06       2.50001E-08       8.41918E-12       3.36766E-04       2.49628E-09       8.22528E-10
       7.42500E-06       7.45000E-06       7.43750E-06       2.49996E-08       8.44791E-12       3.37921E-04       2.51329E-09       8.30976E-10
       7.45000E-06       7.47500E-06       7.46250E-06       2.50001E-08       8.47613E-12       3.39044E-04       2.53012E-09       8.39452E-10
       7.47500E-06       7.50000E-06       7.48750E-06       2.50001E-08       8.50436E-12       3.40173E-04       2.54705E-09       8.47957E-10
       7.50000E-06       7.52500E-06       7.51250E-06       2.50001E-08       8.53309E-12       3.41322E-04       2.56418E-09       8.56490E-10
       7.52500E-06       7.55000E-06       7.53750E-06       2.50001E-08       8.56132E-12       3.42451E-04       2.58123E-09       8.65051E-10
       7.55000E-06       7.57500E-06       7.56250E-06       2.49996E-08       8.58955E-12       3.43587E-04       2.59838E-09       8.73641E-10
       7.57500E-06       7.60000E-06       7.58750E-06       2.50001E-08       8.61827E-12       3.44729E-04       2.61564E-09       8.82259E-10
       7.60000E-06       7.62500E-06       7.61250E-06       2.50001E-08       8.64650E-12       3.45859E-04       2.63285E-09       8.90905E-10
       7.62500E-06       7.65000E-06       7.63750E-06       2.50001E-08       8.67473E-12       3.46988E-04       2.65012E-09       8.99580E-10
       7.65000E-06       7.67500E-06       7.66250E-06       2.50001E-08       8.70345E-12       3.48137E-04       2.66760E-09       9.08284E-10
       7.67500E-06       7.70000E-06       7.68750E-06       2.49996E-08       8.73168E-12       3.49273E-04       2.68503E-09       9.17015E-10
       7.70000E-06       7.72500E-06       7.71250E-06       2.50001E-08       8.75991E-12       3.50395E-04       2.70242E-09       9.25775E-10
       7.72500E-06       7.75000E-06       7.73750E-06       2.50001E-08       8.78863E-12       3.51544E-04       2.72007E-09       9.34564E-10
       7.75000E-06       7.77500E-06       7.76250E-06       2.50001E-08       8.81686E-12       3.52673E-04       2.73763E-09       9.43381E-10
       7.77500E-06       7.80000E-06       7.78750E-06       2.50001E-08       8.84509E-12       3.53802E-04       2.75524E-09       9.52226E-10
       7.80000E-06       7.82500E-06       7.81250E-06       2.49996E-08       8.87382E-12       3.54958E-04       2.77311E-09       9.61100E-10
       7.82500E-06       7.85000E-06       7.83750E-06       2.50001E-08       8.90205E-12       3.56080E-04       2.79078E-09       9.70002E-10
       7.85000E-06       7.87500E-06       7.86250E-06       2.50001E-08       8.93027E-12       3.57210E-04       2.80856E-09       9.78932E-10
       7.87500E-06       7.90000E-06       7.88750E-06       2.50001E-08       8.95900E-12       3.58359E-04       2.82655E-09       9.87891E-10
       7.90000E-06       7.92500E-06       7.91250E-06       2.50001E-08       8.98723E-12       3.59488E-04       2.84445E-09       9.96878E-10
       7.92500E-06       7.95000E-06       7.93750E-06       2.49996E-08       9.01546E-12       3.60624E-04       2.86245E-09       1.00589E-09
       7.95000E-06       7.97500E-06       7.96250E-06       2.50001E-08       9.04418E-12       3.61766E-04       2.88056E-09       1.01494E-09
       7.97500E-06       8.00000E-06       7.98750E-06       2.50001E-08       9.07241E-12       3.62895E-04       2.89862E-09       1.02401E-09
       8.00000E-06       8.02500E-06       8.01250E-06       2.49996E-08       9.10064E-12       3.64031E-04       2.91680E-09       1.03311E-09
       8.02500E-06       8.05000E-06       8.03750E-06       2.50006E-08       9.12936E-12       3.65166E-04       2.93502E-09       1.04224E-09
       8.05000E-06       8.07500E-06       8.06250E-06       2.49996E-08       9.15759E-12       3.66309E-04       2.95337E-09       1.05140E-09
       8.07500E-06       8.10000E-06       8.08750E-06       2.50006E-08       9.18582E-12       3.67424E-04       2.97155E-09       1.06058E-09
       8.10000E-06       8.12500E-06       8.11250E-06       2.49996E-08       9.21455E-12       3.68587E-04       2.99017E-09       1.06980E-09
       8.12500E-06       8.15000E-06       8.13750E-06       2.49996E-08       9.24278E-12       3.69717E-04       3.00857E-09       1.07904E-09
       8.15000E-06       8.17500E-06       8.16250E-06       2.50006E-08       9.27100E-12       3.70832E-04       3.02691E-09       1.08831E-09
       8.17500E-06       8.20000E-06       8.18750E-06       2.49996E-08       9.29973E-12       3.71995E-04       3.04571E-09       1.09761E-09
       8.20000E-06       8.22500E-06       8.21250E-06       2.50006E-08       9.32796E-12       3.73110E-04       3.06416E-09       1.10694E-09
       8.22500E-06       8.25000E-06       8.23750E-06       2.49996E-08       9.35619E-12       3.74253E-04       3.08291E-09       1.11630E-09
       8.25000E-06       8.27500E-06       8.26250E-06       2.49996E-08       9.38491E-12       3.75402E-04       3.10176E-09       1.12568E-09
       8.27500E-06       8.30000E-06       8.28750E-06       2.50006E-08       9.41314E-12       3.76517E-04       3.12038E-09       1.13509E-09
       8.30000E-06       8.32500E-06       8.31250E-06       2.49996E-08       9.44186E-12       3.77680E-04       3.13947E-09       1.14454E-09
       8.32500E-06       8.35000E-06       8.33750E-06       2.50006E-08       9.47009E-12       3.78795E-04       3.15820E-09       1.15401E-09
       8.35000E-06       8.37500E-06       8.36250E-06       2.49996E-08       9.49832E-12       3.79939E-04       3.17724E-09       1.16350E-09
       8.37500E-06       8.40000E-06       8.38750E-06       2.49996E-08       9.52705E-12       3.81088E-04       3.19637E-09       1.17303E-09
       8.40000E-06       8.42500E-06       8.41250E-06       2.50006E-08       9.55528E-12       3.82202E-04       3.21528E-09       1.18259E-09
       8.42500E-06       8.45000E-06       8.43750E-06       2.49996E-08       9.58350E-12       3.83346E-04       3.23448E-09       1.19217E-09
       8.45000E-06       8.47500E-06       8.46250E-06       2.50006E-08       9.61223E-12       3.84480E-04       3.25366E-09       1.20178E-09
       8.47500E-06       8.50000E-06       8.48750E-06       2.49996E-08       9.64046E-12       3.85624E-04       3.27299E-09       1.21142E-09
       8.50000E-06       8.52500E-06       8.51250E-06       2.49996E-08       9.66869E-12       3.86753E-04       3.29224E-09       1.22109E-09
       8.52500E-06       8.55000E-06       8.53750E-06       2.50006E-08       9.69741E-12       3.87888E-04       3.31159E-09       1.23079E-09
       8.55000E-06       8.57500E-06       8.56250E-06       2.49996E-08       9.72564E-12       3.89032E-04       3.33108E-09       1.24051E-09
       8.57500E-06       8.60000E-06       8.58750E-06       2.50006E-08       9.75387E-12       3.90146E-04       3.35038E-09       1.25027E-09
       8.60000E-06       8.62500E-06       8.61250E-06       2.49996E-08       9.78259E-12       3.91310E-04       3.37015E-09       1.26005E-09
       8.62500E-06       8.65000E-06       8.63750E-06       2.49996E-08       9.81082E-12       3.92439E-04       3.38969E-09       1.26986E-09
       8.65000E-06       8.67500E-06       8.66250E-06       2.50006E-08       9.83905E-12       3.93553E-04       3.40915E-09       1.27970E-09
       8.67500E-06       8.70000E-06       8.68750E-06       2.49996E-08       9.86777E-12       3.94717E-04       3.42910E-09       1.28957E-09
       8.70000E-06       8.72500E-06       8.71250E-06       2.50006E-08       9.89601E-12       3.95831E-04       3.44868E-09       1.29946E-09
       8.72500E-06       8.75000E-06       8.73750E-06       2.49996E-08       9.92423E-12       3.96975E-04       3.46857E-09       1.30939E-09
       8.75000E-06       8.77500E-06       8.76250E-06       2.49996E-08       9.95296E-12       3.98124E-04       3.48856E-09       1.31934E-09
       8.77500E-06       8.80000E-06       8.78750E-06       2.50006E-08       9.98119E-12       3.99238E-04       3.50831E-09       1.32932E-09
       8.80000E-06       8.82500E-06       8.81250E-06       2.49996E-08       1.00094E-11       4.00383E-04       3.52837E-09       1.33933E-09
       8.82500E-06       8.85000E-06       8.83750E-06       2.50006E-08       1.00381E-11       4.01516E-04       3.54840E-09       1.34937E-09
       8.85000E-06       8.87500E-06       8.86250E-06       2.49996E-08       1.00664E-11       4.02661E-04       3.56858E-09       1.35944E-09
       8.87500E-06       8.90000E-06       8.88750E-06       2.49996E-08       1.00946E-11       4.03790E-04       3.58868E-09       1.36953E-09
       8.90000E-06       8.92500E-06       8.91250E-06       2.50006E-08       1.01233E-11       4.04924E-04       3.60888E-09       1.37966E-09
       8.92500E-06       8.95000E-06       8.93750E-06       2.49996E-08       1.01516E-11       4.06068E-04       3.62923E-09       1.38981E-09
       8.95000E-06       8.97500E-06       8.96250E-06       2.50006E-08       1.01798E-11       4.07182E-04       3.64937E-09       1.39999E-09
       8.97500E-06       9.00000E-06       8.98750E-06       2.49996E-08       1.02085E-11       4.08346E-04       3.67001E-09       1.41019E-09
       9.00000E-06       9.02500E-06       9.01250E-06       2.49996E-08       1.02367E-11       4.09476E-04       3.69040E-09       1.42043E-09
       9.02500E-06       9.05000E-06       9.03750E-06       2.50006E-08       1.02650E-11       4.10589E-04       3.71070E-09       1.43070E-09
       9.05000E-06       9.07500E-06       9.06250E-06       2.49996E-08       1.02937E-11       4.11754E-04       3.73152E-09       1.44099E-09
       9.07500E-06       9.10000E-06       9.08750E-06       2.50006E-08       1.03219E-11       4.12867E-04       3.75193E-09       1.45131E-09
       9.10000E-06       9.12500E-06       9.11250E-06       2.49996E-08       1.03501E-11       4.14012E-04       3.77269E-09       1.46166E-09
       9.12500E-06       9.15000E-06       9.13750E-06       2.49996E-08       1.03789E-11       4.15161E-04       3.79354E-09       1.47204E-09
       9.15000E-06       9.17500E-06       9.16250E-06       2.50006E-08       1.04071E-11       4.16274E-04       3.81411E-09       1.48245E-09
       9.17500E-06       9.20000E-06       9.18750E-06       2.49996E-08       1.04353E-11       4.17419E-04       3.83504E-09       1.49288E-09
       9.20000E-06       9.22500E-06       9.21250E-06       2.50006E-08       1.04641E-11       4.18552E-04       3.85591E-09       1.50335E-09
       9.22500E-06       9.25000E-06       9.23750E-06       2.49996E-08       1.04923E-11       4.19698E-04       3.87696E-09       1.51384E-09
       9.25000E-06       9.27500E-06       9.26250E-06       2.49996E-08       1.05205E-11       4.20827E-04       3.89791E-09       1.52436E-09
       9.27500E-06       9.30000E-06       9.28750E-06       2.50006E-08       1.05492E-11       4.21960E-04       3.91895E-09       1.53491E-09
       9.30000E-06       9.32500E-06       9.31250E-06       2.49996E-08       1.05775E-11       4.23105E-04       3.94017E-09       1.54549E-09
       9.32500E-06       9.35000E-06       9.33750E-06       2.50006E-08       1.06057E-11       4.24218E-04       3.96114E-09       1.55609E-09
       9.35000E-06       9.37500E-06       9.36250E-06       2.49996E-08       1.06344E-11       4.25383E-04       3.98265E-09       1.56673E-09
       9.37500E-06       9.40000E-06       9.38750E-06       2.49996E-08       1.06626E-11       4.26512E-04       4.00388E-09       1.57739E-09
       9.40000E-06       9.42500E-06       9.41250E-06       2.50006E-08       1.06909E-11       4.27625E-04       4.02502E-09       1.58808E-09
       9.42500E-06       9.45000E-06       9.43750E-06       2.49996E-08       1.07196E-11       4.28790E-04       4.04671E-09       1.59880E-09
       9.45000E-06       9.47500E-06       9.46250E-06       2.50006E-08       1.07478E-11       4.29903E-04       4.06796E-09       1.60955E-09
       9.47500E-06       9.50000E-06       9.48750E-06       2.49996E-08       1.07761E-11       4.31049E-04       4.08958E-09       1.62032E-09
       9.50000E-06       9.52500E-06       9.51250E-06       2.49996E-08       1.08048E-11       4.32198E-04       4.11128E-09       1.63113E-09
       9.52500E-06       9.55000E-06       9.53750E-06       2.50006E-08       1.08330E-11       4.33310E-04       4.13270E-09       1.64196E-09
       9.55000E-06       9.57500E-06       9.56250E-06       2.49996E-08       1.08612E-11       4.34456E-04       4.15449E-09       1.65282E-09
       9.57500E-06       9.60000E-06       9.58750E-06       2.50006E-08       1.08900E-11       4.35589E-04       4.17621E-09       1.66371E-09
       9.60000E-06       9.62500E-06       9.61250E-06       2.49996E-08       1.09182E-11       4.36734E-04       4.19811E-09       1.67463E-09
       9.62500E-06       9.65000E-06       9.63750E-06       2.49996E-08       1.09464E-11       4.37864E-04       4.21991E-09       1.68558E-09
       9.65000E-06       9.67500E-06       9.66250E-06       2.50006E-08       1.09751E-11       4.38996E-04       4.24180E-09       1.69655E-09
       9.67500E-06       9.70000E-06       9.68750E-06       2.49996E-08       1.10034E-11       4.40142E-04       4.26387E-09       1.70756E-09
       9.70000E-06       9.72500E-06       9.71250E-06       2.50006E-08       1.10316E-11       4.41254E-04       4.28568E-09       1.71859E-09
       9.72500E-06       9.75000E-06       9.73750E-06       2.49996E-08       1.10603E-11       4.42420E-04       4.30806E-09       1.72965E-09
       9.75000E-06       9.77500E-06       9.76250E-06       2.49996E-08       1.10886E-11       4.43549E-04       4.33015E-09       1.74074E-09
       9.77500E-06       9.80000E-06       9.78750E-06       2.50006E-08       1.11168E-11       4.44661E-04       4.35212E-09       1.75185E-09
       9.80000E-06       9.82500E-06       9.81250E-06       2.49996E-08       1.11455E-11       4.45827E-04       4.37468E-09       1.76300E-09
       9.82500E-06       9.85000E-06       9.83750E-06       2.50006E-08       1.11737E-11       4.46939E-04       4.39677E-09       1.77417E-09
       9.85000E-06       9.87500E-06       9.86250E-06       2.49996E-08       1.12020E-11       4.48086E-04       4.41924E-09       1.78538E-09
       9.87500E-06       9.90000E-06       9.88750E-06       2.49996E-08       1.12307E-11       4.49235E-04       4.44181E-09       1.79661E-09
       9.90000E-06       9.92500E-06       9.91250E-06       2.50006E-08       1.12589E-11       4.50347E-04       4.46406E-09       1.80786E-09
       9.92500E-06       9.95000E-06       9.93750E-06       2.49996E-08       1.12872E-11       4.51493E-04       4.48671E-09       1.81915E-09
       9.95000E-06       9.97500E-06       9.96250E-06       2.50006E-08       1.13159E-11       4.52625E-04       4.50927E-09       1.83047E-09
       9.97500E-06       1.00000E-05       9.98750E-06       2.49996E-08       1.13441E-11       4.53771E-04       4.53204E-09       1.84181E-09
       1.00000E-05       1.04713E-05       1.02356E-05       4.71300E-07       2.19166E-10       4.65025E-04       4.75983E-09       2.06098E-09
       1.04713E-05       1.09648E-05       1.07180E-05       4.93500E-07       2.40308E-10       4.86947E-04       5.21912E-09       2.30129E-09
       1.09648E-05       1.14815E-05       1.12232E-05       5.16700E-07       2.63501E-10       5.09968E-04       5.72345E-09       2.56479E-09
       1.14815E-05       1.20226E-05       1.17521E-05       5.41101E-07       2.88912E-10       5.33933E-04       6.27481E-09       2.85370E-09
       1.20226E-05       1.25892E-05       1.23059E-05       5.66600E-07       3.16794E-10       5.59114E-04       6.88040E-09       3.17049E-09
       1.25892E-05       1.31826E-05       1.28859E-05       5.93400E-07       3.47361E-10       5.85373E-04       7.54306E-09       3.51785E-09
       1.31826E-05       1.38038E-05       1.34932E-05       6.21200E-07       3.80864E-10       6.13110E-04       8.27282E-09       3.89872E-09
       1.38038E-05       1.44544E-05       1.41291E-05       6.50600E-07       4.17616E-10       6.41893E-04       9.06938E-09       4.31633E-09
       1.44544E-05       1.51356E-05       1.47950E-05       6.81200E-07       4.57899E-10       6.72195E-04       9.94513E-09       4.77423E-09
       1.51356E-05       1.58489E-05       1.54922E-05       7.13300E-07       5.02080E-10       7.03884E-04       1.09047E-08       5.27631E-09
       1.58489E-05       1.65959E-05       1.62224E-05       7.47000E-07       5.50515E-10       7.36969E-04       1.19554E-08       5.82683E-09
       1.65959E-05       1.73780E-05       1.69869E-05       7.82101E-07       6.03655E-10       7.71838E-04       1.31112E-08       6.43048E-09
       1.73780E-05       1.81970E-05       1.77875E-05       8.19000E-07       6.61896E-10       8.08176E-04       1.43754E-08       7.09238E-09
       1.81970E-05       1.90546E-05       1.86258E-05       8.57599E-07       7.25733E-10       8.46238E-04       1.57619E-08       7.81811E-09
       1.90546E-05       1.99526E-05       1.95036E-05       8.98001E-07       7.95761E-10       8.86148E-04       1.72831E-08       8.61387E-09
       1.99526E-05       2.08930E-05       2.04228E-05       9.40399E-07       8.72524E-10       9.27823E-04       1.89488E-08       9.48640E-09
       2.08930E-05       2.18776E-05       2.13853E-05       9.84600E-07       9.56716E-10       9.71680E-04       2.07797E-08       1.04431E-08
       2.18776E-05       2.29087E-05       2.23932E-05       1.03110E-06       1.04898E-09       1.01734E-03       2.27814E-08       1.14921E-08
       2.29087E-05       2.39883E-05       2.34485E-05       1.07960E-06       1.15021E-09       1.06540E-03       2.49821E-08       1.26423E-08
       2.39883E-05       2.51189E-05       2.45536E-05       1.13060E-06       1.26114E-09       1.11546E-03       2.73887E-08       1.39034E-08
       2.51189E-05       2.63027E-05       2.57108E-05       1.18380E-06       1.38288E-09       1.16817E-03       3.00345E-08       1.52863E-08
       2.63027E-05       2.75423E-05       2.69225E-05       1.23960E-06       1.51625E-09       1.22317E-03       3.29309E-08       1.68026E-08
       2.75423E-05       2.88403E-05       2.81913E-05       1.29800E-06       1.66254E-09       1.28085E-03       3.61088E-08       1.84651E-08
       2.88403E-05       3.01995E-05       2.95199E-05       1.35920E-06       1.82295E-09       1.34119E-03       3.95919E-08       2.02881E-08
       3.01995E-05       3.16228E-05       3.09111E-05       1.42330E-06       1.99881E-09       1.40435E-03       4.34100E-08       2.22869E-08
       3.16228E-05       3.31131E-05       3.23679E-05       1.49030E-06       2.19166E-09       1.47062E-03       4.76010E-08       2.44785E-08
       3.31131E-05       3.46737E-05       3.38934E-05       1.56060E-06       2.40313E-09       1.53988E-03       5.21916E-08       2.68817E-08
       3.46737E-05       3.63078E-05       3.54907E-05       1.63410E-06       2.63357E-09       1.61163E-03       5.71980E-08       2.95152E-08
       3.63078E-05       3.80189E-05       3.71634E-05       1.71110E-06       2.83964E-09       1.65954E-03       6.16741E-08       3.23549E-08
       3.80189E-05       3.98107E-05       3.89148E-05       1.79180E-06       3.03754E-09       1.69525E-03       6.59702E-08       3.53924E-08
       3.98107E-05       4.16869E-05       4.07488E-05       1.87620E-06       3.25099E-09       1.73275E-03       7.06076E-08       3.86434E-08
       4.16869E-05       4.36516E-05       4.26692E-05       1.96470E-06       3.48128E-09       1.77192E-03       7.56063E-08       4.21247E-08
       4.36516E-05       4.57088E-05       4.46802E-05       2.05720E-06       3.72985E-09       1.81307E-03       8.10082E-08       4.58545E-08
       4.57088E-05       4.78630E-05       4.67859E-05       2.15420E-06       3.99827E-09       1.85604E-03       8.68363E-08       4.98528E-08
       4.78630E-05       5.01187E-05       4.89908E-05       2.25570E-06       4.28829E-09       1.90109E-03       9.31360E-08       5.41411E-08
       5.01187E-05       5.24808E-05       5.12998E-05       2.36210E-06       4.60178E-09       1.94817E-03       9.99406E-08       5.87429E-08
       5.24808E-05       5.49541E-05       5.37174E-05       2.47330E-06       4.93929E-09       1.99704E-03       1.07276E-07       6.36822E-08
       5.49541E-05       5.75440E-05       5.62490E-05       2.58990E-06       5.28893E-09       2.04214E-03       1.14868E-07       6.89711E-08
       5.75440E-05       6.02560E-05       5.89000E-05       2.71200E-06       5.66205E-09       2.08777E-03       1.22970E-07       7.46331E-08
       6.02560E-05       6.30957E-05       6.16758E-05       2.83970E-06       6.06458E-09       2.13564E-03       1.31718E-07       8.06977E-08
       6.30957E-05       6.60693E-05       6.45825E-05       2.97360E-06       6.49926E-09       2.18566E-03       1.41155E-07       8.71970E-08
       6.60693E-05       6.91831E-05       6.76262E-05       3.11380E-06       6.96880E-09       2.23804E-03       1.51350E-07       9.41658E-08
       6.91831E-05       7.24436E-05       7.08134E-05       3.26051E-06       7.47579E-09       2.29283E-03       1.62363E-07       1.01642E-07
       7.24436E-05       7.58578E-05       7.41507E-05       3.41420E-06       8.00441E-09       2.34445E-03       1.73842E-07       1.09646E-07
       7.58578E-05       7.94328E-05       7.76453E-05       3.57500E-06       8.56211E-09       2.39500E-03       1.85960E-07       1.18208E-07
       7.94328E-05       8.31764E-05       8.13046E-05       3.74360E-06       9.16354E-09       2.44779E-03       1.99016E-07       1.27372E-07
       8.31764E-05       8.70964E-05       8.51364E-05       3.92000E-06       9.81236E-09       2.50315E-03       2.13110E-07       1.37184E-07
       8.70964E-05       9.12011E-05       8.91488E-05       4.10471E-06       1.05127E-08       2.56114E-03       2.28323E-07       1.47697E-07
       9.12011E-05       9.54993E-05       9.33502E-05       4.29820E-06       1.12691E-08       2.62182E-03       2.44747E-07       1.58966E-07
       9.54993E-05       1.00000E-04       9.77497E-05       4.50070E-06       1.20862E-08       2.68540E-03       2.62497E-07       1.71052E-07
       1.00000E-04       1.04713E-04       1.02356E-04       4.71300E-06       1.29695E-08       2.75186E-03       2.81671E-07       1.84021E-07
       1.04713E-04       1.09648E-04       1.07181E-04       4.93501E-06       1.39211E-08       2.82089E-03       3.02345E-07       1.97943E-07
       1.09648E-04       1.14815E-04       1.12232E-04       5.16700E-06       1.49086E-08       2.88536E-03       3.23828E-07       2.12851E-07
       1.14815E-04       1.20226E-04       1.17520E-04       5.41100E-06       1.59594E-08       2.94945E-03       3.46621E-07       2.28811E-07
       1.20226E-04       1.25892E-04       1.23059E-04       5.66600E-06       1.70941E-08       3.01695E-03       3.71263E-07       2.45905E-07
       1.25892E-04       1.31826E-04       1.28859E-04       5.93401E-06       1.83190E-08       3.08712E-03       3.97803E-07       2.64224E-07
       1.31826E-04       1.38038E-04       1.34932E-04       6.21199E-06       1.96415E-08       3.16187E-03       4.26637E-07       2.83865E-07
       1.38038E-04       1.44544E-04       1.41291E-04       6.50601E-06       2.10708E-08       3.23867E-03       4.57595E-07       3.04936E-07
       1.44544E-04       1.51356E-04       1.47950E-04       6.81200E-06       2.25641E-08       3.31241E-03       4.90071E-07       3.27500E-07
       1.51356E-04       1.58489E-04       1.54922E-04       7.13300E-06       2.41360E-08       3.38371E-03       5.24213E-07       3.51636E-07
       1.58489E-04       1.65959E-04       1.62224E-04       7.47000E-06       2.58309E-08       3.45795E-03       5.60962E-07       3.77467E-07
       1.65959E-04       1.73780E-04       1.69870E-04       7.82100E-06       2.76592E-08       3.53653E-03       6.00748E-07       4.05126E-07
       1.73780E-04       1.81970E-04       1.77875E-04       8.19000E-06       2.96327E-08       3.61815E-03       6.43579E-07       4.34759E-07
       1.81970E-04       1.90546E-04       1.86258E-04       8.57600E-06       3.17639E-08       3.70382E-03       6.89865E-07       4.66523E-07
       1.90546E-04       1.99526E-04       1.95036E-04       8.98000E-06       3.40661E-08       3.79356E-03       7.39880E-07       5.00589E-07
       1.99526E-04       2.08930E-04       2.04228E-04       9.40399E-06       3.65551E-08       3.88719E-03       7.93874E-07       5.37144E-07
       2.08930E-04       2.18776E-04       2.13853E-04       9.84601E-06       3.92399E-08       3.98536E-03       8.52281E-07       5.76384E-07
       2.18776E-04       2.29087E-04       2.23932E-04       1.03110E-05       4.20274E-08       4.07598E-03       9.12740E-07       6.18411E-07
       2.29087E-04       2.39883E-04       2.34485E-04       1.07960E-05       4.49899E-08       4.16728E-03       9.77164E-07       6.63401E-07
       2.39883E-04       2.51189E-04       2.45536E-04       1.13060E-05       4.81867E-08       4.26205E-03       1.04649E-06       7.11588E-07
       2.51189E-04       2.63027E-04       2.57108E-04       1.18380E-05       5.16388E-08       4.36212E-03       1.12154E-06       7.63227E-07
       2.63027E-04       2.75423E-04       2.69225E-04       1.23960E-05       5.53665E-08       4.46648E-03       1.20249E-06       8.18593E-07
       2.75423E-04       2.88403E-04       2.81913E-04       1.29800E-05       5.93944E-08       4.57583E-03       1.28999E-06       8.77988E-07
       2.88403E-04       3.01995E-04       2.95199E-04       1.35920E-05       6.36540E-08       4.68320E-03       1.38248E-06       9.41642E-07
       3.01995E-04       3.16228E-04       3.09111E-04       1.42330E-05       6.81647E-08       4.78920E-03       1.48040E-06       1.00981E-06
       3.16228E-04       3.31131E-04       3.23680E-04       1.49030E-05       7.30329E-08       4.90055E-03       1.58621E-06       1.08284E-06
       3.31131E-04       3.46737E-04       3.38934E-04       1.56060E-05       7.82915E-08       5.01676E-03       1.70035E-06       1.16113E-06
       3.46737E-04       3.63078E-04       3.54908E-04       1.63410E-05       8.39724E-08       5.13875E-03       1.82378E-06       1.24510E-06
       3.63078E-04       3.80189E-04       3.71634E-04       1.71110E-05       9.01130E-08       5.26638E-03       1.95716E-06       1.33522E-06
       3.80189E-04       3.98107E-04       3.89148E-04       1.79180E-05       9.67542E-08       5.39983E-03       2.10133E-06       1.43197E-06
       3.98107E-04       4.16869E-04       4.07488E-04       1.87620E-05       1.03939E-07       5.53986E-03       2.25742E-06       1.53591E-06
       4.16869E-04       4.36516E-04       4.26692E-04       1.96470E-05       1.11703E-07       5.68551E-03       2.42596E-06       1.64761E-06
       4.36516E-04       4.57088E-04       4.46802E-04       2.05720E-05       1.19813E-07       5.82407E-03       2.60221E-06       1.76743E-06
       4.57088E-04       4.78630E-04       4.67859E-04       2.15420E-05       1.28435E-07       5.96206E-03       2.78940E-06       1.89586E-06
       4.78630E-04       5.01187E-04       4.89909E-04       2.25570E-05       1.37750E-07       6.10676E-03       2.99175E-06       2.03361E-06
       5.01187E-04       5.24808E-04       5.12998E-04       2.36210E-05       1.47820E-07       6.25800E-03       3.21034E-06       2.18143E-06
       5.24808E-04       5.49541E-04       5.37175E-04       2.47330E-05       1.58709E-07       6.41688E-03       3.44699E-06       2.34014E-06
       5.49541E-04       5.75440E-04       5.62491E-04       2.58990E-05       1.70488E-07       6.58280E-03       3.70276E-06       2.51063E-06
       5.75440E-04       6.02560E-04       5.89000E-04       2.71200E-05       1.82869E-07       6.74296E-03       3.97160E-06       2.69350E-06
       6.02560E-04       6.30957E-04       6.16758E-04       2.83970E-05       1.95827E-07       6.89604E-03       4.25319E-06       2.88932E-06
       6.30957E-04       6.60693E-04       6.45825E-04       2.97360E-05       2.09813E-07       7.05585E-03       4.55684E-06       3.09914E-06
       6.60693E-04       6.91831E-04       6.76262E-04       3.11380E-05       2.24917E-07       7.22323E-03       4.88480E-06       3.32405E-06
       6.91831E-04       7.24436E-04       7.08133E-04       3.26050E-05       2.41235E-07       7.39873E-03       5.23928E-06       3.56529E-06
       7.24436E-04       7.58578E-04       7.41507E-04       3.41420E-05       2.58874E-07       7.58228E-03       5.62232E-06       3.82416E-06
       7.58578E-04       7.94328E-04       7.76453E-04       3.57500E-05       2.77950E-07       7.77482E-03       6.03678E-06       4.10211E-06
       7.94328E-04       8.31764E-04       8.13046E-04       3.74360E-05       2.98589E-07       7.97600E-03       6.48485E-06       4.40070E-06
       8.31764E-04       8.70964E-04       8.51364E-04       3.92000E-05       3.20901E-07       8.18625E-03       6.96948E-06       4.72160E-06
       8.70964E-04       9.12011E-04       8.91487E-04       4.10470E-05       3.44146E-07       8.38420E-03       7.47441E-06       5.06575E-06
       9.12011E-04       9.54993E-04       9.33502E-04       4.29820E-05       3.68747E-07       8.57910E-03       8.00861E-06       5.43450E-06
       9.54993E-04       1.00000E-03       9.77497E-04       4.50070E-05       3.95314E-07       8.78339E-03       8.58573E-06       5.82981E-06
       1.00000E-03       1.04713E-03       1.02356E-03       4.71300E-05       4.24025E-07       8.99692E-03       9.20893E-06       6.25383E-06
       1.04713E-03       1.09648E-03       1.07180E-03       4.93500E-05       4.55046E-07       9.22079E-03       9.88289E-06       6.70888E-06
       1.09648E-03       1.14815E-03       1.12231E-03       5.16700E-05       4.88616E-07       9.45647E-03       1.06131E-05       7.19750E-06
       1.14815E-03       1.20226E-03       1.17520E-03       5.41100E-05       5.23970E-07       9.68343E-03       1.13800E-05       7.72147E-06
       1.20226E-03       1.25892E-03       1.23059E-03       5.66600E-05       5.60906E-07       9.89949E-03       1.21822E-05       8.28237E-06
       1.25892E-03       1.31826E-03       1.28859E-03       5.93400E-05       6.00748E-07       1.01238E-02       1.30455E-05       8.88312E-06
       1.31826E-03       1.38038E-03       1.34932E-03       6.21200E-05       6.43741E-07       1.03629E-02       1.39828E-05       9.52686E-06
       1.38038E-03       1.44544E-03       1.41291E-03       6.50599E-05       6.90200E-07       1.06087E-02       1.49891E-05       1.02171E-05
       1.44544E-03       1.51356E-03       1.47950E-03       6.81201E-05       1.19898E-05       1.76010E-01       2.60407E-04       2.22069E-05
       1.51356E-03       1.58489E-03       1.54923E-03       7.13300E-05       3.25624E-05       4.56505E-01       7.07228E-04       5.47694E-05
       1.58489E-03       1.65959E-03       1.62224E-03       7.47000E-05       3.40883E-05       4.56336E-01       7.40286E-04       8.88576E-05
       1.65959E-03       1.73780E-03       1.69870E-03       7.82101E-05       3.56910E-05       4.56348E-01       7.75195E-04       1.24549E-04
       1.73780E-03       1.81970E-03       1.77875E-03       8.18999E-05       3.73620E-05       4.56191E-01       8.11450E-04       1.61911E-04
       1.81970E-03       1.90546E-03       1.86258E-03       8.57600E-05       3.91118E-05       4.56061E-01       8.49451E-04       2.01022E-04
       1.90546E-03       1.99526E-03       1.95036E-03       8.98001E-05       4.09422E-05       4.55927E-01       8.89221E-04       2.41965E-04
       1.99526E-03       2.08930E-03       2.04228E-03       9.40400E-05       4.28539E-05       4.55698E-01       9.30663E-04       2.84819E-04
       2.08930E-03       2.18776E-03       2.13853E-03       9.84600E-05       4.48596E-05       4.55613E-01       9.74342E-04       3.29678E-04
       2.18776E-03       2.29087E-03       2.23932E-03       1.03110E-04       4.69573E-05       4.55409E-01       1.01981E-03       3.76635E-04
       2.29087E-03       2.39883E-03       2.34485E-03       1.07960E-04       4.91508E-05       4.55269E-01       1.06754E-03       4.25786E-04
       2.39883E-03       2.51189E-03       2.45536E-03       1.13060E-04       5.14487E-05       4.55057E-01       1.11733E-03       4.77235E-04
       2.51189E-03       2.63027E-03       2.57108E-03       1.18380E-04       5.38424E-05       4.54826E-01       1.16939E-03       5.31077E-04
       2.63027E-03       2.75423E-03       2.69225E-03       1.23960E-04       5.63481E-05       4.54567E-01       1.22381E-03       5.87425E-04
       2.75423E-03       2.88403E-03       2.81913E-03       1.29800E-04       5.89730E-05       4.54337E-01       1.28084E-03       6.46398E-04
       2.88403E-03       3.01995E-03       2.95199E-03       1.35920E-04       6.17090E-05       4.54010E-01       1.34023E-03       7.08107E-04
       3.01995E-03       3.16228E-03       3.09112E-03       1.42330E-04       6.45813E-05       4.53743E-01       1.40257E-03       7.72689E-04
       3.16228E-03       3.31131E-03       3.23679E-03       1.49030E-04       6.75790E-05       4.53459E-01       1.46775E-03       8.40268E-04
       3.31131E-03       3.46737E-03       3.38934E-03       1.56060E-04       7.07181E-05       4.53146E-01       1.53587E-03       9.10986E-04
       3.46737E-03       3.63078E-03       3.54907E-03       1.63410E-04       7.39837E-05       4.52749E-01       1.60684E-03       9.84970E-04
       3.63078E-03       3.80189E-03       3.71633E-03       1.71110E-04       7.73930E-05       4.52300E-01       1.68090E-03       1.06236E-03
       3.80189E-03       3.98107E-03       3.89148E-03       1.79180E-04       8.09576E-05       4.51822E-01       1.75826E-03       1.14332E-03
       3.98107E-03       4.16869E-03       4.07488E-03       1.87620E-04       8.46881E-05       4.51381E-01       1.83933E-03       1.22801E-03
       4.16869E-03       4.36516E-03       4.26693E-03       1.96470E-04       8.85735E-05       4.50824E-01       1.92363E-03       1.31658E-03
       4.36516E-03       4.57088E-03       4.46802E-03       2.05720E-04       9.26499E-05       4.50369E-01       2.01226E-03       1.40923E-03
       4.57088E-03       4.78630E-03       4.67859E-03       2.15420E-04       9.68943E-05       4.49793E-01       2.10440E-03       1.50613E-03
       4.78630E-03       5.01187E-03       4.89909E-03       2.25570E-04       1.01313E-04       4.49140E-01       2.20037E-03       1.60744E-03
       5.01187E-03       5.24807E-03       5.12997E-03       2.36200E-04       1.05930E-04       4.48477E-01       2.30067E-03       1.71337E-03
       5.24807E-03       5.49541E-03       5.37174E-03       2.47340E-04       1.10753E-04       4.47776E-01       2.40534E-03       1.82412E-03
       5.49541E-03       5.75440E-03       5.62491E-03       2.58990E-04       1.15779E-04       4.47041E-01       2.51457E-03       1.93990E-03
       5.75440E-03       6.02560E-03       5.89000E-03       2.71200E-04       1.21036E-04       4.46297E-01       2.62869E-03       2.06094E-03
       6.02560E-03       6.30957E-03       6.16759E-03       2.83970E-04       1.26520E-04       4.45540E-01       2.74791E-03       2.18746E-03
       6.30957E-03       6.60693E-03       6.45825E-03       2.97360E-04       1.32249E-04       4.44743E-01       2.87226E-03       2.31971E-03
       6.60693E-03       6.91831E-03       6.76262E-03       3.11380E-04       1.38216E-04       4.43884E-01       3.00182E-03       2.45792E-03
       6.91831E-03       7.24436E-03       7.08133E-03       3.26050E-04       1.44433E-04       4.42977E-01       3.13687E-03       2.60235E-03
       7.24436E-03       7.58578E-03       7.41507E-03       3.41420E-04       1.50921E-04       4.42040E-01       3.27776E-03       2.75328E-03
       7.58578E-03       7.94328E-03       7.76453E-03       3.57500E-04       1.57666E-04       4.41024E-01       3.42435E-03       2.91094E-03
       7.94328E-03       8.31764E-03       8.13046E-03       3.74360E-04       1.64697E-04       4.39942E-01       3.57693E-03       3.07564E-03
       8.31764E-03       8.70964E-03       8.51364E-03       3.92000E-04       1.72034E-04       4.38863E-01       3.73632E-03       3.24767E-03
       8.70964E-03       9.12011E-03       8.91487E-03       4.10471E-04       1.79687E-04       4.37759E-01       3.90256E-03       3.42736E-03
       9.12011E-03       9.54993E-03       9.33502E-03       4.29819E-04       1.87631E-04       4.36534E-01       4.07506E-03       3.61499E-03
       9.54993E-03       1.00000E-02       9.77496E-03       4.50070E-04       1.95885E-04       4.35231E-01       4.25437E-03       3.81088E-03
       1.00000E-02       1.04713E-02       1.02357E-02       4.71300E-04       2.04462E-04       4.33825E-01       4.44048E-03       4.01534E-03
       1.04713E-02       1.09648E-02       1.07180E-02       4.93500E-04       2.15448E-04       4.36572E-01       4.67921E-03       4.23079E-03
       1.09648E-02       1.14815E-02       1.12232E-02       5.16700E-04       2.40059E-04       4.64600E-01       5.21427E-03       4.47084E-03
       1.14815E-02       1.20226E-02       1.17521E-02       5.41100E-04       2.50554E-04       4.63046E-01       5.44174E-03       4.72140E-03
       1.20226E-02       1.25892E-02       1.23059E-02       5.66601E-04       2.61455E-04       4.61445E-01       5.67849E-03       4.98285E-03
       1.25892E-02       1.31826E-02       1.28859E-02       5.93399E-04       2.72934E-04       4.59949E-01       5.92686E-03       5.25579E-03
       1.31826E-02       1.38038E-02       1.34932E-02       6.21200E-04       2.84818E-04       4.58496E-01       6.18658E-03       5.54060E-03
       1.38038E-02       1.44544E-02       1.41291E-02       6.50601E-04       2.97060E-04       4.56593E-01       6.45124E-03       5.83766E-03
       1.44544E-02       1.51356E-02       1.47950E-02       6.81199E-04       3.09727E-04       4.54680E-01       6.72699E-03       6.14739E-03
       1.51356E-02       1.58489E-02       1.54923E-02       7.13301E-04       3.22897E-04       4.52680E-01       7.01303E-03       6.47029E-03
       1.58489E-02       1.65959E-02       1.62224E-02       7.47000E-04       3.36576E-04       4.50571E-01       7.30934E-03       6.80686E-03
       1.65959E-02       1.73780E-02       1.69870E-02       7.82100E-04       3.50791E-04       4.48524E-01       7.61906E-03       7.15765E-03
       1.73780E-02       1.81970E-02       1.77875E-02       8.19000E-04       3.65541E-04       4.46327E-01       7.93903E-03       7.52320E-03
       1.81970E-02       1.90546E-02       1.86258E-02       8.57600E-04       3.80827E-04       4.44061E-01       8.27100E-03       7.90402E-03
       1.90546E-02       1.99526E-02       1.95036E-02       8.98000E-04       3.96589E-04       4.41636E-01       8.61350E-03       8.30061E-03
       1.99526E-02       2.08930E-02       2.04228E-02       9.40400E-04       4.12940E-04       4.39111E-01       8.96787E-03       8.71355E-03
       2.08930E-02       2.18776E-02       2.13853E-02       9.84600E-04       4.30172E-04       4.36901E-01       9.34326E-03       9.14373E-03
       2.18776E-02       2.29087E-02       2.23931E-02       1.03110E-03       4.47950E-04       4.34439E-01       9.72845E-03       9.59167E-03
       2.29087E-02       2.39883E-02       2.34485E-02       1.07960E-03       4.66217E-04       4.31841E-01       1.01260E-02       1.00579E-02
       2.39883E-02       2.51189E-02       2.45536E-02       1.13060E-03       4.85312E-04       4.29252E-01       1.05397E-02       1.05432E-02
       2.51189E-02       2.63027E-02       2.57108E-02       1.18380E-03       5.14474E-04       4.34596E-01       1.11738E-02       1.10577E-02
       2.63027E-02       2.75423E-02       2.69225E-02       1.23960E-03       5.82663E-04       4.70041E-01       1.26547E-02       1.16403E-02
       2.75423E-02       2.88403E-02       2.81913E-02       1.29800E-03       6.06789E-04       4.67480E-01       1.31789E-02       1.22471E-02
       2.88403E-02       3.01995E-02       2.95199E-02       1.35920E-03       6.31758E-04       4.64801E-01       1.37209E-02       1.28789E-02
       3.01995E-02       3.16228E-02       3.09112E-02       1.42330E-03       6.59868E-04       4.63618E-01       1.43310E-02       1.35388E-02
       3.16228E-02       3.31131E-02       3.23680E-02       1.49030E-03       6.88409E-04       4.61926E-01       1.49516E-02       1.42272E-02
       3.31131E-02       3.46737E-02       3.38934E-02       1.56060E-03       7.16646E-04       4.59212E-01       1.55643E-02       1.49438E-02
       3.46737E-02       3.63078E-02       3.54908E-02       1.63410E-03       7.46952E-04       4.57103E-01       1.62229E-02       1.56908E-02
       3.63078E-02       3.80189E-02       3.71633E-02       1.71110E-03       7.79186E-04       4.55372E-01       1.69231E-02       1.64699E-02
       3.80189E-02       3.98107E-02       3.89148E-02       1.79180E-03       8.10806E-04       4.52509E-01       1.76093E-02       1.72808E-02
       3.98107E-02       4.16869E-02       4.07488E-02       1.87620E-03       8.45992E-04       4.50908E-01       1.83739E-02       1.81267E-02
       4.16869E-02       4.36516E-02       4.26693E-02       1.96470E-03       8.80981E-04       4.48404E-01       1.91331E-02       1.90077E-02
       4.36516E-02       4.57088E-02       4.46802E-02       2.05720E-03       9.16445E-04       4.45482E-01       1.99042E-02       1.99242E-02
       4.57088E-02       4.78630E-02       4.67859E-02       2.15420E-03       9.53398E-04       4.42577E-01       2.07063E-02       2.08776E-02
       4.78630E-02       5.01187E-02       4.89908E-02       2.25570E-03       9.91946E-04       4.39751E-01       2.15438E-02       2.18695E-02
       5.01187E-02       5.24808E-02       5.12998E-02       2.36210E-03       1.03219E-03       4.36979E-01       2.24169E-02       2.29017E-02
       5.24808E-02       5.49541E-02       5.37174E-02       2.47330E-03       1.07424E-03       4.34335E-01       2.33314E-02       2.39759E-02
       5.49541E-02       5.75440E-02       5.62491E-02       2.58990E-03       1.11804E-03       4.31694E-01       2.42824E-02       2.50940E-02
       5.75440E-02       6.02560E-02       5.89000E-02       2.71200E-03       1.16355E-03       4.29036E-01       2.52702E-02       2.62575E-02
       6.02560E-02       6.30957E-02       6.16758E-02       2.83970E-03       1.21120E-03       4.26522E-01       2.63061E-02       2.74687E-02
       6.30957E-02       6.60693E-02       6.45825E-02       2.97360E-03       1.26119E-03       4.24129E-01       2.73913E-02       2.87299E-02
       6.60693E-02       6.91831E-02       6.76262E-02       3.11380E-03       1.31366E-03       4.21884E-01       2.85304E-02       3.00436E-02
       6.91831E-02       7.24436E-02       7.08134E-02       3.26050E-03       1.36886E-03       4.19830E-01       2.97296E-02       3.14124E-02
       7.24436E-02       7.58578E-02       7.41507E-02       3.41420E-03       1.42684E-03       4.17913E-01       3.09885E-02       3.28393E-02
       7.58578E-02       7.94328E-02       7.76453E-02       3.57500E-03       1.48754E-03       4.16095E-01       3.23079E-02       3.43268E-02
       7.94328E-02       8.31764E-02       8.13046E-02       3.74360E-03       1.55150E-03       4.14440E-01       3.36959E-02       3.58783E-02
       8.31764E-02       8.70964E-02       8.51364E-02       3.92000E-03       1.61903E-03       4.13017E-01       3.51628E-02       3.74973E-02
       8.70964E-02       9.12011E-02       8.91488E-02       4.10470E-03       1.69039E-03       4.11819E-01       3.67131E-02       3.91877E-02
       9.12011E-02       9.54993E-02       9.33502E-02       4.29820E-03       1.76636E-03       4.10955E-01       3.83627E-02       4.09541E-02
       9.54993E-02       1.00000E-01       9.77497E-02       4.50070E-03       1.84788E-03       4.10575E-01       4.01336E-02       4.28020E-02
       1.00000E-01       1.04713E-01       1.02357E-01       4.71300E-03       1.93539E-03       4.10650E-01       4.20327E-02       4.47374E-02
       1.04713E-01       1.09648E-01       1.07180E-01       4.93500E-03       2.03113E-03       4.11576E-01       4.41129E-02       4.67685E-02
       1.09648E-01       1.14815E-01       1.12231E-01       5.16700E-03       2.13299E-03       4.12811E-01       4.63304E-02       4.89015E-02
       1.14815E-01       1.20226E-01       1.17520E-01       5.41100E-03       2.24054E-03       4.14070E-01       4.86618E-02       5.11420E-02
       1.20226E-01       1.25892E-01       1.23059E-01       5.66600E-03       2.35510E-03       4.15655E-01       5.11501E-02       5.34971E-02
       1.25892E-01       1.31826E-01       1.28859E-01       5.93400E-03       2.47705E-03       4.17434E-01       5.37901E-02       5.59742E-02
       1.31826E-01       1.38038E-01       1.34932E-01       6.21200E-03       2.60673E-03       4.19628E-01       5.66213E-02       5.85809E-02
       1.38038E-01       1.44544E-01       1.41291E-01       6.50600E-03       2.74469E-03       4.21871E-01       5.96066E-02       6.13256E-02
       1.44544E-01       1.51356E-01       1.47950E-01       6.81200E-03       2.89071E-03       4.24356E-01       6.27834E-02       6.42163E-02
       1.51356E-01       1.58489E-01       1.54923E-01       7.13300E-03       3.04357E-03       4.26689E-01       6.61037E-02       6.72599E-02
       1.58489E-01       1.65959E-01       1.62224E-01       7.47000E-03       3.20501E-03       4.29050E-01       6.96023E-02       7.04649E-02
       1.65959E-01       1.73780E-01       1.69869E-01       7.82100E-03       3.37547E-03       4.31591E-01       7.33141E-02       7.38404E-02
       1.73780E-01       1.81970E-01       1.77875E-01       8.19000E-03       3.55516E-03       4.34086E-01       7.72130E-02       7.73955E-02
       1.81970E-01       1.90546E-01       1.86258E-01       8.57600E-03       3.74353E-03       4.36512E-01       8.13039E-02       8.11391E-02
       1.90546E-01       1.99526E-01       1.95036E-01       8.98000E-03       3.93918E-03       4.38662E-01       8.55548E-02       8.50782E-02
       1.99526E-01       2.08930E-01       2.04228E-01       9.40400E-03       4.14352E-03       4.40613E-01       8.99855E-02       8.92218E-02
       2.08930E-01       2.18776E-01       2.13853E-01       9.84600E-03       4.38307E-03       4.45162E-01       9.51992E-02       9.36048E-02
       2.18776E-01       2.29087E-01       2.23931E-01       1.03110E-02       4.72543E-03       4.58290E-01       1.02626E-01       9.83303E-02
       2.29087E-01       2.39883E-01       2.34485E-01       1.07960E-02       5.11258E-03       4.73562E-01       1.11043E-01       1.03443E-01
       2.39883E-01       2.51189E-01       2.45536E-01       1.13060E-02       5.53010E-03       4.89130E-01       1.20099E-01       1.08973E-01
       2.51189E-01       2.63027E-01       2.57108E-01       1.18380E-02       5.97810E-03       5.04992E-01       1.29838E-01       1.14951E-01
       2.63027E-01       2.75423E-01       2.69225E-01       1.23960E-02       6.44680E-03       5.20071E-01       1.40016E-01       1.21398E-01
       2.75423E-01       2.88403E-01       2.81913E-01       1.29800E-02       6.94694E-03       5.35204E-01       1.50881E-01       1.28345E-01
       2.88403E-01       3.01995E-01       2.95199E-01       1.35920E-02       7.48059E-03       5.50367E-01       1.62468E-01       1.35825E-01
       3.01995E-01       3.16228E-01       3.09112E-01       1.42330E-02       8.03345E-03       5.64425E-01       1.74470E-01       1.43859E-01
       3.16228E-01       3.31131E-01       3.23680E-01       1.49030E-02       8.62334E-03       5.78631E-01       1.87291E-01       1.52482E-01
       3.31131E-01       3.46737E-01       3.38934E-01       1.56060E-02       9.25766E-03       5.93212E-01       2.01060E-01       1.61740E-01
       3.46737E-01       3.63078E-01       3.54908E-01       1.63410E-02       9.94100E-03       6.08347E-01       2.15907E-01       1.71681E-01
       3.63078E-01       3.80189E-01       3.71633E-01       1.71110E-02       1.06609E-02       6.23046E-01       2.31545E-01       1.82342E-01
       3.80189E-01       3.98107E-01       3.89148E-01       1.79180E-02       1.14181E-02       6.37241E-01       2.47981E-01       1.93760E-01
       3.98107E-01       4.16869E-01       4.07488E-01       1.87620E-02       1.22387E-02       6.52314E-01       2.65810E-01       2.05999E-01
       4.16869E-01       4.36516E-01       4.26692E-01       1.96470E-02       1.31301E-02       6.68299E-01       2.85158E-01       2.19129E-01
       4.36516E-01       4.57088E-01       4.46802E-01       2.05720E-02       1.40638E-02       6.83636E-01       3.05450E-01       2.33192E-01
       4.57088E-01       4.78630E-01       4.67859E-01       2.15420E-02       1.50645E-02       6.99306E-01       3.27177E-01       2.48257E-01
       4.78630E-01       5.01187E-01       4.89909E-01       2.25570E-02       1.61615E-02       7.16475E-01       3.51007E-01       2.64418E-01
       5.01187E-01       5.24808E-01       5.12998E-01       2.36210E-02       1.73681E-02       7.35281E-01       3.77197E-01       2.81786E-01
       5.24808E-01       5.49541E-01       5.37174E-01       2.47330E-02       1.86980E-02       7.55996E-01       4.06101E-01       3.00484E-01
       5.49541E-01       5.75440E-01       5.62490E-01       2.58990E-02       2.01670E-02       7.78677E-01       4.37998E-01       3.20651E-01
       5.75440E-01       6.02560E-01       5.89000E-01       2.71200E-02       2.17966E-02       8.03710E-01       4.73385E-01       3.42448E-01
       6.02560E-01       6.30957E-01       6.16758E-01       2.83970E-02       2.36016E-02       8.31129E-01       5.12606E-01       3.66050E-01
       6.30957E-01       6.60693E-01       6.45825E-01       2.97360E-02       2.59459E-02       8.72543E-01       5.63510E-01       3.91996E-01
       6.60693E-01       6.91831E-01       6.76262E-01       3.11380E-02       3.43618E-02       1.10353E+00       7.46278E-01       4.26357E-01
       6.91831E-01       7.24436E-01       7.08133E-01       3.26050E-02       2.80008E-02       8.58789E-01       6.08137E-01       4.54358E-01
       7.24436E-01       7.58578E-01       7.41507E-01       3.41420E-02       2.77566E-02       8.12974E-01       6.02826E-01       4.82115E-01
       7.58578E-01       7.94328E-01       7.76453E-01       3.57500E-02       2.76181E-02       7.72535E-01       5.99837E-01       5.09733E-01
       7.94328E-01       8.31764E-01       8.13046E-01       3.74360E-02       2.75468E-02       7.35836E-01       5.98269E-01       5.37280E-01
       8.31764E-01       8.70964E-01       8.51364E-01       3.92000E-02       2.74076E-02       6.99172E-01       5.95250E-01       5.64687E-01
       8.70964E-01       9.12011E-01       8.91487E-01       4.10470E-02       2.72200E-02       6.63142E-01       5.91183E-01       5.91907E-01
       9.12011E-01       9.54993E-01       9.33502E-01       4.29820E-02       2.68765E-02       6.25296E-01       5.83715E-01       6.18784E-01
       9.54993E-01       1.00000E+00       9.77497E-01       4.50070E-02       2.63410E-02       5.85264E-01       5.72093E-01       6.45125E-01
       1.00000E+00       1.04713E+00       1.02357E+00       4.71300E-02       2.55854E-02       5.42868E-01       5.55661E-01       6.70710E-01
       1.04713E+00       1.09648E+00       1.07181E+00       4.93500E-02       2.45805E-02       4.98085E-01       5.33850E-01       6.95291E-01
       1.09648E+00       1.14815E+00       1.12231E+00       5.16700E-02       2.33325E-02       4.51568E-01       5.06801E-01       7.18623E-01
       1.14815E+00       1.20226E+00       1.17520E+00       5.41100E-02       2.19474E-02       4.05608E-01       4.76673E-01       7.40571E-01
       1.20226E+00       1.25892E+00       1.23059E+00       5.66600E-02       2.02891E-02       3.58085E-01       4.40656E-01       7.60860E-01
       1.25892E+00       1.31826E+00       1.28859E+00       5.93400E-02       1.83844E-02       3.09814E-01       3.99223E-01       7.79244E-01
       1.31826E+00       1.38038E+00       1.34932E+00       6.21200E-02       1.62144E-02       2.61017E-01       3.52196E-01       7.95459E-01
       1.38038E+00       1.44544E+00       1.41291E+00       6.50600E-02       1.44495E-02       2.22096E-01       3.13801E-01       8.09908E-01
       1.44544E+00       1.51356E+00       1.47950E+00       6.81200E-02       1.41769E-02       2.08117E-01       3.07909E-01       8.24085E-01
       1.51356E+00       1.58489E+00       1.54923E+00       7.13300E-02       1.39260E-02       1.95234E-01       3.02461E-01       8.38011E-01
       1.58489E+00       1.65959E+00       1.62224E+00       7.47000E-02       1.36077E-02       1.82165E-01       2.95515E-01       8.51619E-01
       1.65959E+00       1.73780E+00       1.69869E+00       7.82100E-02       1.32033E-02       1.68819E-01       2.86772E-01       8.64822E-01
       1.73780E+00       1.81970E+00       1.77875E+00       8.19000E-02       1.28065E-02       1.56367E-01       2.78138E-01       8.77629E-01
       1.81970E+00       1.90546E+00       1.86258E+00       8.57600E-02       1.27565E-02       1.48746E-01       2.77052E-01       8.90385E-01
       1.90546E+00       1.99526E+00       1.95036E+00       8.98000E-02       1.28286E-02       1.42858E-01       2.78624E-01       9.03214E-01
       1.99526E+00       2.08930E+00       2.04228E+00       9.40400E-02       1.31820E-02       1.40174E-01       2.86275E-01       9.16396E-01
       2.08930E+00       2.18776E+00       2.13853E+00       9.84600E-02       1.38464E-02       1.40629E-01       3.00740E-01       9.30242E-01
       2.18776E+00       2.29087E+00       2.23932E+00       1.03110E-01       1.15295E-02       1.11817E-01       2.50394E-01       9.41772E-01
       2.29087E+00       2.39883E+00       2.34485E+00       1.07960E-01       1.10607E-02       1.02452E-01       2.40234E-01       9.52832E-01
       2.39883E+00       2.51189E+00       2.45536E+00       1.13060E-01       9.71054E-03       8.58883E-02       2.10887E-01       9.62543E-01
       2.51189E+00       2.63027E+00       2.57108E+00       1.18380E-01       6.17091E-03       5.21280E-02       1.34025E-01       9.68714E-01
       2.63027E+00       2.75423E+00       2.69225E+00       1.23960E-01       4.45168E-03       3.59122E-02       9.66847E-02       9.73165E-01
       2.75423E+00       2.88403E+00       2.81913E+00       1.29800E-01       3.98429E-03       3.06956E-02       8.65349E-02       9.77150E-01
       2.88403E+00       3.01995E+00       2.95199E+00       1.35920E-01       3.52067E-03       2.59025E-02       7.64639E-02       9.80670E-01
       3.01995E+00       3.16228E+00       3.09111E+00       1.42330E-01       3.10750E-03       2.18331E-02       6.74885E-02       9.83778E-01
       3.16228E+00       3.31131E+00       3.23679E+00       1.49030E-01       2.75060E-03       1.84567E-02       5.97405E-02       9.86528E-01
       3.31131E+00       3.46737E+00       3.38934E+00       1.56060E-01       2.43480E-03       1.56017E-02       5.28795E-02       9.88963E-01
       3.46737E+00       3.63078E+00       3.54908E+00       1.63410E-01       2.17671E-03       1.33206E-02       4.72757E-02       9.91140E-01
       3.63078E+00       3.80189E+00       3.71633E+00       1.71110E-01       1.93940E-03       1.13342E-02       4.21217E-02       9.93079E-01
       3.80189E+00       3.98107E+00       3.89148E+00       1.79180E-01       1.70706E-03       9.52709E-03       3.70745E-02       9.94786E-01
       3.98107E+00       4.16869E+00       4.07488E+00       1.87620E-01       1.46488E-03       7.80771E-03       3.18155E-02       9.96251E-01
       4.16869E+00       4.36516E+00       4.26692E+00       1.96470E-01       1.20231E-03       6.11958E-03       2.61118E-02       9.97454E-01
       4.36516E+00       4.57088E+00       4.46802E+00       2.05720E-01       9.24689E-04       4.49489E-03       2.00833E-02       9.98378E-01
       4.57088E+00       4.78630E+00       4.67859E+00       2.15420E-01       6.55681E-04       3.04373E-03       1.42404E-02       9.99034E-01
       4.78630E+00       5.00000E+00       4.89315E+00       2.13700E-01       4.17644E-04       1.95435E-03       9.56291E-03       9.99452E-01
       5.00000E+00       5.20000E+00       5.10000E+00       2.00000E-01       2.53887E-04       1.26944E-03       6.47413E-03       9.99706E-01
       5.20000E+00       5.40000E+00       5.30000E+00       2.00000E-01       1.64257E-04       8.21286E-04       4.35282E-03       9.99870E-01
       5.40000E+00       5.60000E+00       5.50000E+00       2.00000E-01       1.00191E-04       5.00956E-04       2.75526E-03       9.99970E-01
       5.60000E+00       5.80000E+00       5.70000E+00       2.00000E-01       3.03196E-05       1.51598E-04       8.64107E-04       1.00000E+00

 Sum =                                                                         1.00000E+00
 Renormalization bin#   976 =                                                  2.01920E-01 barn        2.00000E+07        2.02000E+07        2.01000E+07
 Avg. Energy     bin#   976 =                                                  9.61136E-01 MeV         2.00000E+07        2.02000E+07
