"        MT= 91 recoil spectrum "
" Initial neutron energy corresponds to the group:"
   2.36000E+01    2.38000E+01       0.00000E+00           615           909           295



          Low               High              Mid              Energy           Number             dn/de            E*dn/de          Cumulative
         Energy            Energy            Energy             Width          Fraction                               Sum   
         [MeV]             [MeV]             [MeV]              [MeV]

       9.97500E-06       1.00000E-05       9.98750E-06       2.49996E-08       0.00000E+00       0.00000E+00       0.00000E+00       0.00000E+00
       1.00000E-05       1.04713E-05       1.02356E-05       4.71300E-07       1.95214E-10       4.14203E-04       4.23964E-09       1.95214E-10
       1.04713E-05       1.09648E-05       1.07180E-05       4.93500E-07       2.14034E-10       4.33706E-04       4.64848E-09       4.09248E-10
       1.09648E-05       1.14815E-05       1.12232E-05       5.16700E-07       2.34696E-10       4.54221E-04       5.09779E-09       6.43944E-10
       1.14815E-05       1.20226E-05       1.17521E-05       5.41101E-07       2.57326E-10       4.75560E-04       5.58880E-09       9.01270E-10
       1.20226E-05       1.25892E-05       1.23059E-05       5.66600E-07       2.82162E-10       4.97992E-04       6.12824E-09       1.18343E-09
       1.25892E-05       1.31826E-05       1.28859E-05       5.93400E-07       3.09382E-10       5.21372E-04       6.71835E-09       1.49281E-09
       1.31826E-05       1.38038E-05       1.34932E-05       6.21200E-07       3.39225E-10       5.46081E-04       7.36838E-09       1.83204E-09
       1.38038E-05       1.44544E-05       1.41291E-05       6.50600E-07       3.71962E-10       5.71721E-04       8.07791E-09       2.20400E-09
       1.44544E-05       1.51356E-05       1.47950E-05       6.81200E-07       4.07843E-10       5.98712E-04       8.85794E-09       2.61184E-09
       1.51356E-05       1.58489E-05       1.54922E-05       7.13300E-07       4.47189E-10       6.26931E-04       9.71256E-09       3.05903E-09
       1.58489E-05       1.65959E-05       1.62224E-05       7.47000E-07       4.90335E-10       6.56407E-04       1.06485E-08       3.54937E-09
       1.65959E-05       1.73780E-05       1.69869E-05       7.82101E-07       5.37645E-10       6.87437E-04       1.16775E-08       4.08701E-09
       1.73780E-05       1.81970E-05       1.77875E-05       8.19000E-07       5.89514E-10       7.19798E-04       1.28034E-08       4.67653E-09
       1.81970E-05       1.90546E-05       1.86258E-05       8.57599E-07       6.46390E-10       7.53721E-04       1.40386E-08       5.32292E-09
       1.90546E-05       1.99526E-05       1.95036E-05       8.98001E-07       7.08752E-10       7.89255E-04       1.53933E-08       6.03167E-09
       1.99526E-05       2.08930E-05       2.04228E-05       9.40399E-07       7.77130E-10       8.26383E-04       1.68770E-08       6.80880E-09
       2.08930E-05       2.18776E-05       2.13853E-05       9.84600E-07       8.52118E-10       8.65445E-04       1.85078E-08       7.66092E-09
       2.18776E-05       2.29087E-05       2.23932E-05       1.03110E-06       9.34319E-10       9.06137E-04       2.02913E-08       8.59524E-09
       2.29087E-05       2.39883E-05       2.34485E-05       1.07960E-06       1.02446E-09       9.48928E-04       2.22509E-08       9.61970E-09
       2.39883E-05       2.51189E-05       2.45536E-05       1.13060E-06       1.12326E-09       9.93504E-04       2.43941E-08       1.07430E-08
       2.51189E-05       2.63027E-05       2.57108E-05       1.18380E-06       1.23172E-09       1.04048E-03       2.67516E-08       1.19747E-08
       2.63027E-05       2.75423E-05       2.69225E-05       1.23960E-06       1.35049E-09       1.08946E-03       2.93309E-08       1.33252E-08
       2.75423E-05       2.88403E-05       2.81913E-05       1.29800E-06       1.48081E-09       1.14084E-03       3.21618E-08       1.48060E-08
       2.88403E-05       3.01995E-05       2.95199E-05       1.35920E-06       1.62363E-09       1.19455E-03       3.52629E-08       1.64296E-08
       3.01995E-05       3.16228E-05       3.09111E-05       1.42330E-06       1.78028E-09       1.25081E-03       3.86641E-08       1.82099E-08
       3.16228E-05       3.31131E-05       3.23679E-05       1.49030E-06       1.95204E-09       1.30983E-03       4.23965E-08       2.01619E-08
       3.31131E-05       3.46737E-05       3.38934E-05       1.56060E-06       2.14044E-09       1.37155E-03       4.64865E-08       2.23024E-08
       3.46737E-05       3.63078E-05       3.54907E-05       1.63410E-06       2.34686E-09       1.43618E-03       5.09709E-08       2.46492E-08
       3.63078E-05       3.80189E-05       3.71634E-05       1.71110E-06       2.57336E-09       1.50392E-03       5.58907E-08       2.72226E-08
       3.80189E-05       3.98107E-05       3.89148E-05       1.79180E-06       2.82162E-09       1.57474E-03       6.12808E-08       3.00442E-08
       3.98107E-05       4.16869E-05       4.07488E-05       1.87620E-06       3.09382E-09       1.64898E-03       6.71940E-08       3.31380E-08
       4.16869E-05       4.36516E-05       4.26692E-05       1.96470E-06       3.37653E-09       1.71860E-03       7.33314E-08       3.65146E-08
       4.36516E-05       4.57088E-05       4.46802E-05       2.05720E-06       3.61855E-09       1.75897E-03       7.85910E-08       4.01331E-08
       4.57088E-05       4.78630E-05       4.67859E-05       2.15420E-06       3.87160E-09       1.79723E-03       8.40852E-08       4.40047E-08
       4.78630E-05       5.01187E-05       4.89908E-05       2.25570E-06       4.14463E-09       1.83740E-03       9.00159E-08       4.81493E-08
       5.01187E-05       5.24808E-05       5.12998E-05       2.36210E-06       4.43911E-09       1.87930E-03       9.64077E-08       5.25884E-08
       5.24808E-05       5.49541E-05       5.37174E-05       2.47330E-06       4.75711E-09       1.92338E-03       1.03319E-07       5.73455E-08
       5.49541E-05       5.75440E-05       5.62490E-05       2.58990E-06       5.10061E-09       1.96943E-03       1.10778E-07       6.24461E-08
       5.75440E-05       6.02560E-05       5.89000E-05       2.71200E-06       5.47180E-09       2.01762E-03       1.18838E-07       6.79180E-08
       6.02560E-05       6.30957E-05       6.16758E-05       2.83970E-06       5.87308E-09       2.06820E-03       1.27558E-07       7.37910E-08
       6.30957E-05       6.60693E-05       6.45825E-05       2.97360E-06       6.29902E-09       2.11832E-03       1.36806E-07       8.00900E-08
       6.60693E-05       6.91831E-05       6.76262E-05       3.11380E-06       6.74193E-09       2.16518E-03       1.46423E-07       8.68320E-08
       6.91831E-05       7.24436E-05       7.08134E-05       3.26051E-06       7.21909E-09       2.21410E-03       1.56788E-07       9.40511E-08
       7.24436E-05       7.58578E-05       7.41507E-05       3.41420E-06       7.73403E-09       2.26525E-03       1.67970E-07       1.01785E-07
       7.58578E-05       7.94328E-05       7.76453E-05       3.57500E-06       8.29020E-09       2.31894E-03       1.80055E-07       1.10075E-07
       7.94328E-05       8.31764E-05       8.13046E-05       3.74360E-06       8.89101E-09       2.37499E-03       1.93098E-07       1.18966E-07
       8.31764E-05       8.70964E-05       8.51364E-05       3.92000E-06       9.53451E-09       2.43227E-03       2.07075E-07       1.28501E-07
       8.70964E-05       9.12011E-05       8.91488E-05       4.10471E-06       1.02001E-08       2.48497E-03       2.21532E-07       1.38701E-07
       9.12011E-05       9.54993E-05       9.33502E-05       4.29820E-06       1.09131E-08       2.53900E-03       2.37016E-07       1.49614E-07
       9.54993E-05       1.00000E-04       9.77497E-05       4.50070E-06       1.16821E-08       2.59563E-03       2.53721E-07       1.61296E-07
       1.00000E-04       1.04713E-04       1.02356E-04       4.71300E-06       1.25122E-08       2.65482E-03       2.71738E-07       1.73808E-07
       1.04713E-04       1.09648E-04       1.07181E-04       4.93501E-06       1.34079E-08       2.71689E-03       2.91198E-07       1.87216E-07
       1.09648E-04       1.14815E-04       1.12232E-04       5.16700E-06       1.43759E-08       2.78226E-03       3.12257E-07       2.01592E-07
       1.14815E-04       1.20226E-04       1.17520E-04       5.41100E-06       1.54213E-08       2.85000E-03       3.34933E-07       2.17013E-07
       1.20226E-04       1.25892E-04       1.23059E-04       5.66600E-06       1.65521E-08       2.92130E-03       3.59492E-07       2.33565E-07
       1.25892E-04       1.31826E-04       1.28859E-04       5.93401E-06       1.77553E-08       2.99212E-03       3.85562E-07       2.51321E-07
       1.31826E-04       1.38038E-04       1.34932E-04       6.21199E-06       1.90039E-08       3.05922E-03       4.12787E-07       2.70325E-07
       1.38038E-04       1.44544E-04       1.41291E-04       6.50601E-06       2.03485E-08       3.12765E-03       4.41909E-07       2.90673E-07
       1.44544E-04       1.51356E-04       1.47950E-04       6.81200E-06       2.17993E-08       3.20014E-03       4.73461E-07       3.12472E-07
       1.51356E-04       1.58489E-04       1.54922E-04       7.13300E-06       2.33665E-08       3.27583E-03       5.07499E-07       3.35839E-07
       1.58489E-04       1.65959E-04       1.62224E-04       7.47000E-06       2.50594E-08       3.35467E-03       5.44208E-07       3.60898E-07
       1.65959E-04       1.73780E-04       1.69870E-04       7.82100E-06       2.68755E-08       3.43633E-03       5.83727E-07       3.87774E-07
       1.73780E-04       1.81970E-04       1.77875E-04       8.19000E-06       2.87535E-08       3.51081E-03       6.24485E-07       4.16527E-07
       1.81970E-04       1.90546E-04       1.86258E-04       8.57600E-06       3.07630E-08       3.58710E-03       6.68127E-07       4.47290E-07
       1.90546E-04       1.99526E-04       1.95036E-04       8.98000E-06       3.29300E-08       3.66704E-03       7.15205E-07       4.80220E-07
       1.99526E-04       2.08930E-04       2.04228E-04       9.40399E-06       3.52688E-08       3.75041E-03       7.65939E-07       5.15489E-07
       2.08930E-04       2.18776E-04       2.13853E-04       9.84601E-06       3.77937E-08       3.83848E-03       8.20870E-07       5.53283E-07
       2.18776E-04       2.29087E-04       2.23932E-04       1.03110E-05       4.05205E-08       3.92983E-03       8.80013E-07       5.93803E-07
       2.29087E-04       2.39883E-04       2.34485E-04       1.07960E-05       4.34671E-08       4.02623E-03       9.44090E-07       6.37271E-07
       2.39883E-04       2.51189E-04       2.45536E-04       1.13060E-05       4.66527E-08       4.12636E-03       1.01317E-06       6.83923E-07
       2.51189E-04       2.63027E-04       2.57108E-04       1.18380E-05       5.00500E-08       4.22791E-03       1.08703E-06       7.33973E-07
       2.63027E-04       2.75423E-04       2.69225E-04       1.23960E-05       5.35725E-08       4.32176E-03       1.16352E-06       7.87546E-07
       2.75423E-04       2.88403E-04       2.81913E-04       1.29800E-05       5.73613E-08       4.41920E-03       1.24583E-06       8.44907E-07
       2.88403E-04       3.01995E-04       2.95199E-04       1.35920E-05       6.14506E-08       4.52109E-03       1.33462E-06       9.06358E-07
       3.01995E-04       3.16228E-04       3.09111E-04       1.42330E-05       6.58666E-08       4.62774E-03       1.43049E-06       9.72224E-07
       3.16228E-04       3.31131E-04       3.23680E-04       1.49030E-05       7.06369E-08       4.73977E-03       1.53417E-06       1.04286E-06
       3.31131E-04       3.46737E-04       3.38934E-04       1.56060E-05       7.57827E-08       4.85600E-03       1.64586E-06       1.11864E-06
       3.46737E-04       3.63078E-04       3.54908E-04       1.63410E-05       8.12622E-08       4.97290E-03       1.76492E-06       1.19991E-06
       3.63078E-04       3.80189E-04       3.71634E-04       1.71110E-05       8.71653E-08       5.09411E-03       1.89314E-06       1.28707E-06
       3.80189E-04       3.98107E-04       3.89148E-04       1.79180E-05       9.35472E-08       5.22085E-03       2.03168E-06       1.38062E-06
       3.98107E-04       4.16869E-04       4.07488E-04       1.87620E-05       1.00449E-07       5.35384E-03       2.18163E-06       1.48107E-06
       4.16869E-04       4.36516E-04       4.26692E-04       1.96470E-05       1.07916E-07       5.49276E-03       2.34372E-06       1.58898E-06
       4.36516E-04       4.57088E-04       4.46802E-04       2.05720E-05       1.16000E-07       5.63873E-03       2.51940E-06       1.70498E-06
       4.57088E-04       4.78630E-04       4.67859E-04       2.15420E-05       1.24753E-07       5.79116E-03       2.70945E-06       1.82974E-06
       4.78630E-04       5.01187E-04       4.89909E-04       2.25570E-05       1.34235E-07       5.95092E-03       2.91541E-06       1.96397E-06
       5.01187E-04       5.24808E-04       5.12998E-04       2.36210E-05       1.44399E-07       6.11319E-03       3.13605E-06       2.10837E-06
       5.24808E-04       5.49541E-04       5.37175E-04       2.47330E-05       1.54993E-07       6.26664E-03       3.36628E-06       2.26336E-06
       5.49541E-04       5.75440E-04       5.62491E-04       2.58990E-05       1.66407E-07       6.42522E-03       3.61412E-06       2.42977E-06
       5.75440E-04       6.02560E-04       5.89000E-04       2.71200E-05       1.78756E-07       6.59130E-03       3.88228E-06       2.60853E-06
       6.02560E-04       6.30957E-04       6.16758E-04       2.83970E-05       1.92121E-07       6.76556E-03       4.17272E-06       2.80065E-06
       6.30957E-04       6.60693E-04       6.45825E-04       2.97360E-05       2.06594E-07       6.94761E-03       4.48694E-06       3.00724E-06
       6.60693E-04       6.91831E-04       6.76262E-04       3.11380E-05       2.22193E-07       7.13574E-03       4.82563E-06       3.22943E-06
       6.91831E-04       7.24436E-04       7.08133E-04       3.26050E-05       2.38323E-07       7.30939E-03       5.17603E-06       3.46776E-06
       7.24436E-04       7.58578E-04       7.41507E-04       3.41420E-05       2.55546E-07       7.48478E-03       5.55002E-06       3.72330E-06
       7.58578E-04       7.94328E-04       7.76453E-04       3.57500E-05       2.74159E-07       7.66880E-03       5.95446E-06       3.99746E-06
       7.94328E-04       8.31764E-04       8.13046E-04       3.74360E-05       2.94285E-07       7.86101E-03       6.39136E-06       4.29175E-06
       8.31764E-04       8.70964E-04       8.51364E-04       3.92000E-05       3.16052E-07       8.06256E-03       6.86417E-06       4.60780E-06
       8.70964E-04       9.12011E-04       8.91487E-04       4.10470E-05       3.39608E-07       8.27365E-03       7.37585E-06       4.94741E-06
       9.12011E-04       9.54993E-04       9.33502E-04       4.29820E-05       3.65111E-07       8.49451E-03       7.92964E-06       5.31252E-06
       9.54993E-04       1.00000E-03       9.77497E-04       4.50070E-05       3.92731E-07       8.72598E-03       8.52962E-06       5.70525E-06
       1.00000E-03       1.04713E-03       1.02356E-03       4.71300E-05       4.22336E-07       8.96109E-03       9.17226E-06       6.12759E-06
       1.04713E-03       1.09648E-03       1.07180E-03       4.93500E-05       4.52958E-07       9.17849E-03       9.83755E-06       6.58054E-06
       1.09648E-03       1.14815E-03       1.12231E-03       5.16700E-05       4.85893E-07       9.40376E-03       1.05540E-05       7.06644E-06
       1.14815E-03       1.20226E-03       1.17520E-03       5.41100E-05       5.21472E-07       9.63725E-03       1.13257E-05       7.58791E-06
       1.20226E-03       1.25892E-03       1.23059E-03       5.66600E-05       5.59973E-07       9.88303E-03       1.21620E-05       8.14788E-06
       1.25892E-03       1.31826E-03       1.28859E-03       5.93400E-05       6.01630E-07       1.01387E-02       1.30646E-05       8.74951E-06
       1.31826E-03       1.38038E-03       1.34932E-03       6.21200E-05       6.46531E-07       1.04078E-02       1.40434E-05       9.39604E-06
       1.38038E-03       1.44544E-03       1.41291E-03       6.50599E-05       6.93046E-07       1.06524E-02       1.50509E-05       1.00891E-05
       1.44544E-03       1.51356E-03       1.47950E-03       6.81201E-05       7.42577E-07       1.09010E-02       1.61280E-05       1.08317E-05
       1.51356E-03       1.58489E-03       1.54923E-03       7.13300E-05       7.96088E-07       1.11606E-02       1.72903E-05       1.16278E-05
       1.58489E-03       1.65959E-03       1.62224E-03       7.47000E-05       8.53904E-07       1.14311E-02       1.85440E-05       1.24817E-05
       1.65959E-03       1.73780E-03       1.69870E-03       7.82101E-05       9.16396E-07       1.17171E-02       1.99038E-05       1.33981E-05
       1.73780E-03       1.81970E-03       1.77875E-03       8.18999E-05       9.83981E-07       1.20144E-02       2.13707E-05       1.43820E-05
       1.81970E-03       1.90546E-03       1.86258E-03       8.57600E-05       1.05711E-06       1.23263E-02       2.29588E-05       1.54391E-05
       1.90546E-03       1.99526E-03       1.95036E-03       8.98001E-05       1.13626E-06       1.26532E-02       2.46783E-05       1.65754E-05
       1.99526E-03       2.08930E-03       2.04228E-03       9.40400E-05       1.22122E-06       1.29861E-02       2.65213E-05       1.77966E-05
       2.08930E-03       2.18776E-03       2.13853E-03       9.84600E-05       1.30912E-06       1.32960E-02       2.84339E-05       1.91057E-05
       2.18776E-03       2.29087E-03       2.23932E-03       1.03110E-04       1.40343E-06       1.36110E-02       3.04793E-05       2.05092E-05
       2.29087E-03       2.39883E-03       2.34485E-03       1.07960E-04       1.50534E-06       1.39435E-02       3.26953E-05       2.20145E-05
       2.39883E-03       2.51189E-03       2.45536E-03       1.13060E-04       1.61550E-06       1.42889E-02       3.50843E-05       2.36300E-05
       2.51189E-03       2.63027E-03       2.57108E-03       1.18380E-04       1.73464E-06       1.46531E-02       3.76744E-05       2.53646E-05
       2.63027E-03       2.75423E-03       2.69225E-03       1.23960E-04       1.86318E-06       1.50305E-02       4.04659E-05       2.72278E-05
       2.75423E-03       2.88403E-03       2.81913E-03       1.29800E-04       1.99648E-06       1.53812E-02       4.33617E-05       2.92243E-05
       2.88403E-03       3.01995E-03       2.95199E-03       1.35920E-04       2.13815E-06       1.57310E-02       4.64377E-05       3.13625E-05
       3.01995E-03       3.16228E-03       3.09112E-03       1.42330E-04       2.29111E-06       1.60971E-02       4.97581E-05       3.36536E-05
       3.16228E-03       3.31131E-03       3.23679E-03       1.49030E-04       2.45628E-06       1.64818E-02       5.33481E-05       3.61098E-05
       3.31131E-03       3.46737E-03       3.38934E-03       1.56060E-04       2.63480E-06       1.68832E-02       5.72230E-05       3.87446E-05
       3.46737E-03       3.63078E-03       3.54907E-03       1.63410E-04       2.82774E-06       1.73046E-02       6.14153E-05       4.15724E-05
       3.63078E-03       3.80189E-03       3.71633E-03       1.71110E-04       3.03642E-06       1.77455E-02       6.59481E-05       4.46088E-05
       3.80189E-03       3.98107E-03       3.89148E-03       1.79180E-04       3.26223E-06       1.82064E-02       7.08500E-05       4.78710E-05
       3.98107E-03       4.16869E-03       4.07488E-03       1.87620E-04       3.50357E-06       1.86738E-02       7.60933E-05       5.13746E-05
       4.16869E-03       4.36516E-03       4.26693E-03       1.96470E-04       3.74459E-06       1.90593E-02       8.13248E-05       5.51192E-05
       4.36516E-03       4.57088E-03       4.46802E-03       2.05720E-04       4.00034E-06       1.94456E-02       8.68832E-05       5.91195E-05
       4.57088E-03       4.78630E-03       4.67859E-03       2.15420E-04       4.27576E-06       1.98485E-02       9.28630E-05       6.33953E-05
       4.78630E-03       5.01187E-03       4.89909E-03       2.25570E-04       4.57255E-06       2.02711E-02       9.93097E-05       6.79679E-05
       5.01187E-03       5.24807E-03       5.12997E-03       2.36200E-04       4.89255E-06       2.07136E-02       1.06260E-04       7.28604E-05
       5.24807E-03       5.49541E-03       5.37174E-03       2.47340E-04       5.23705E-06       2.11735E-02       1.13738E-04       7.80975E-05
       5.49541E-03       5.75440E-03       5.62491E-03       2.58990E-04       5.59487E-06       2.16027E-02       1.21513E-04       8.36923E-05
       5.75440E-03       6.02560E-03       5.89000E-03       2.71200E-04       5.97378E-06       2.20272E-02       1.29740E-04       8.96661E-05
       6.02560E-03       6.30957E-03       6.16759E-03       2.83970E-04       6.38163E-06       2.24729E-02       1.38604E-04       9.60477E-05
       6.30957E-03       6.60693E-03       6.45825E-03       2.97360E-04       6.82092E-06       2.29382E-02       1.48141E-04       1.02869E-04
       6.60693E-03       6.91831E-03       6.76262E-03       3.11380E-04       7.29427E-06       2.34256E-02       1.58419E-04       1.10163E-04
       6.91831E-03       7.24436E-03       7.08133E-03       3.26050E-04       7.80456E-06       2.39367E-02       1.69504E-04       1.17967E-04
       7.24436E-03       7.58578E-03       7.41507E-03       3.41420E-04       8.35498E-06       2.44713E-02       1.81456E-04       1.26322E-04
       7.58578E-03       7.94328E-03       7.76453E-03       3.57500E-04       8.94894E-06       2.50320E-02       1.94362E-04       1.35271E-04
       7.94328E-03       8.31764E-03       8.13046E-03       3.74360E-04       9.58684E-06       2.56086E-02       2.08210E-04       1.44858E-04
       8.31764E-03       8.70964E-03       8.51364E-03       3.92000E-04       1.02480E-05       2.61428E-02       2.22570E-04       1.55106E-04
       8.70964E-03       9.12011E-03       8.91487E-03       4.10471E-04       1.09538E-05       2.66860E-02       2.37902E-04       1.66060E-04
       9.12011E-03       9.54993E-03       9.33502E-03       4.29819E-04       1.17145E-05       2.72545E-02       2.54421E-04       1.77775E-04
       9.54993E-03       1.00000E-02       9.77496E-03       4.50070E-04       1.25346E-05       2.78504E-02       2.72237E-04       1.90309E-04
       1.00000E-02       1.04713E-02       1.02357E-02       4.71300E-04       1.34194E-05       2.84732E-02       2.91442E-04       2.03729E-04
       1.04713E-02       1.09648E-02       1.07180E-02       4.93500E-04       1.43727E-05       2.91240E-02       3.12153E-04       2.18101E-04
       1.09648E-02       1.14815E-02       1.12232E-02       5.16700E-04       1.53696E-05       2.97457E-02       3.33840E-04       2.33471E-04
       1.14815E-02       1.20226E-02       1.17521E-02       5.41100E-04       1.64252E-05       3.03552E-02       3.56736E-04       2.49896E-04
       1.20226E-02       1.25892E-02       1.23059E-02       5.66601E-04       1.75631E-05       3.09974E-02       3.81450E-04       2.67459E-04
       1.25892E-02       1.31826E-02       1.28859E-02       5.93399E-04       1.87897E-05       3.16646E-02       4.08027E-04       2.86249E-04
       1.31826E-02       1.38038E-02       1.34932E-02       6.21200E-04       2.01120E-05       3.23761E-02       4.36857E-04       3.06361E-04
       1.38038E-02       1.44544E-02       1.41291E-02       6.50601E-04       2.15396E-05       3.31073E-02       4.67777E-04       3.27901E-04
       1.44544E-02       1.51356E-02       1.47950E-02       6.81199E-04       2.30800E-05       3.38814E-02       5.01276E-04       3.50981E-04
       1.51356E-02       1.58489E-02       1.54923E-02       7.13301E-04       2.47442E-05       3.46897E-02       5.37422E-04       3.75725E-04
       1.58489E-02       1.65959E-02       1.62224E-02       7.47000E-04       2.65334E-05       3.55199E-02       5.76218E-04       4.02258E-04
       1.65959E-02       1.73780E-02       1.69870E-02       7.82100E-04       2.83752E-05       3.62807E-02       6.16299E-04       4.30633E-04
       1.73780E-02       1.81970E-02       1.77875E-02       8.19000E-04       3.03347E-05       3.70387E-02       6.58826E-04       4.60968E-04
       1.81970E-02       1.90546E-02       1.86258E-02       8.57600E-04       3.24466E-05       3.78342E-02       7.04692E-04       4.93415E-04
       1.90546E-02       1.99526E-02       1.95036E-02       8.98000E-04       3.47236E-05       3.86677E-02       7.54160E-04       5.28138E-04
       1.99526E-02       2.08930E-02       2.04228E-02       9.40400E-04       3.71807E-05       3.95371E-02       8.07458E-04       5.65319E-04
       2.08930E-02       2.18776E-02       2.13853E-02       9.84600E-04       3.98298E-05       4.04528E-02       8.65096E-04       6.05149E-04
       2.18776E-02       2.29087E-02       2.23931E-02       1.03110E-03       4.25559E-05       4.12724E-02       9.24218E-04       6.47705E-04
       2.29087E-02       2.39883E-02       2.34485E-02       1.07960E-03       4.54031E-05       4.20555E-02       9.86137E-04       6.93108E-04
       2.39883E-02       2.51189E-02       2.45536E-02       1.13060E-03       4.84658E-05       4.28674E-02       1.05255E-03       7.41574E-04
       2.51189E-02       2.63027E-02       2.57108E-02       1.18380E-03       5.17624E-05       4.37257E-02       1.12422E-03       7.93336E-04
       2.63027E-02       2.75423E-02       2.69225E-02       1.23960E-03       5.53115E-05       4.46204E-02       1.20129E-03       8.48648E-04
       2.75423E-02       2.88403E-02       2.81913E-02       1.29800E-03       5.91351E-05       4.55586E-02       1.28436E-03       9.07783E-04
       2.88403E-02       3.01995E-02       2.95199E-02       1.35920E-03       6.32559E-05       4.65391E-02       1.37383E-03       9.71039E-04
       3.01995E-02       3.16228E-02       3.09112E-02       1.42330E-03       6.77002E-05       4.75656E-02       1.47031E-03       1.03874E-03
       3.16228E-02       3.31131E-02       3.23680E-02       1.49030E-03       7.24790E-05       4.86338E-02       1.57418E-03       1.11122E-03
       3.31131E-02       3.46737E-02       3.38934E-02       1.56060E-03       7.74359E-05       4.96194E-02       1.68177E-03       1.18865E-03
       3.46737E-02       3.63078E-02       3.54908E-02       1.63410E-03       8.27047E-05       5.06117E-02       1.79625E-03       1.27136E-03
       3.63078E-02       3.80189E-02       3.71633E-02       1.71110E-03       8.83784E-05       5.16501E-02       1.91949E-03       1.35974E-03
       3.80189E-02       3.98107E-02       3.89148E-02       1.79180E-03       9.44913E-05       5.27354E-02       2.05219E-03       1.45423E-03
       3.98107E-02       4.16869E-02       4.07488E-02       1.87620E-03       1.01080E-04       5.38747E-02       2.19533E-03       1.55531E-03
       4.16869E-02       4.36516E-02       4.26693E-02       1.96470E-03       1.08180E-04       5.50616E-02       2.34944E-03       1.66349E-03
       4.36516E-02       4.57088E-02       4.46802E-02       2.05720E-03       1.15418E-04       5.61045E-02       2.50676E-03       1.77891E-03
       4.57088E-02       4.78630E-02       4.67859E-02       2.15420E-03       1.22866E-04       5.70356E-02       2.66846E-03       1.90177E-03
       4.78630E-02       5.01187E-02       4.89908E-02       2.25570E-03       1.30859E-04       5.80127E-02       2.84209E-03       2.03263E-03
       5.01187E-02       5.24808E-02       5.12998E-02       2.36210E-03       1.39443E-04       5.90333E-02       3.02839E-03       2.17207E-03
       5.24808E-02       5.49541E-02       5.37174E-02       2.47330E-03       1.48662E-04       6.01067E-02       3.22878E-03       2.32074E-03
       5.49541E-02       5.75440E-02       5.62491E-02       2.58990E-03       1.58572E-04       6.12270E-02       3.44396E-03       2.47931E-03
       5.75440E-02       6.02560E-02       5.89000E-02       2.71200E-03       1.69229E-04       6.23999E-02       3.67535E-03       2.64854E-03
       6.02560E-02       6.30957E-02       6.16758E-02       2.83970E-03       1.80695E-04       6.36318E-02       3.92455E-03       2.82923E-03
       6.30957E-02       6.60693E-02       6.45825E-02       2.97360E-03       1.93007E-04       6.49070E-02       4.19186E-03       3.02224E-03
       6.60693E-02       6.91831E-02       6.76262E-02       3.11380E-03       2.05708E-04       6.60631E-02       4.46760E-03       3.22795E-03
       6.91831E-02       7.24436E-02       7.08134E-02       3.26050E-03       2.19125E-04       6.72059E-02       4.75908E-03       3.44707E-03
       7.24436E-02       7.58578E-02       7.41507E-02       3.41420E-03       2.33535E-04       6.84013E-02       5.07201E-03       3.68061E-03
       7.58578E-02       7.94328E-02       7.76453E-02       3.57500E-03       2.49018E-04       6.96554E-02       5.40842E-03       3.92962E-03
       7.94328E-02       8.31764E-02       8.13046E-02       3.74360E-03       2.65663E-04       7.09647E-02       5.76975E-03       4.19529E-03
       8.31764E-02       8.70964E-02       8.51364E-02       3.92000E-03       2.83563E-04       7.23375E-02       6.15856E-03       4.47885E-03
       8.70964E-02       9.12011E-02       8.91488E-02       4.10470E-03       3.02400E-04       7.36715E-02       6.56772E-03       4.78125E-03
       9.12011E-02       9.54993E-02       9.33502E-02       4.29820E-03       3.22246E-04       7.49723E-02       6.99868E-03       5.10350E-03
       9.54993E-02       1.00000E-01       9.77497E-02       4.50070E-03       3.43565E-04       7.63358E-02       7.46180E-03       5.44706E-03
       1.00000E-01       1.04713E-01       1.02357E-01       4.71300E-03       3.66484E-04       7.77602E-02       7.95926E-03       5.81354E-03
       1.04713E-01       1.09648E-01       1.07180E-01       4.93500E-03       3.91163E-04       7.92630E-02       8.49545E-03       6.20471E-03
       1.09648E-01       1.14815E-01       1.12231E-01       5.16700E-03       4.19171E-04       8.11246E-02       9.10474E-03       6.62388E-03
       1.14815E-01       1.20226E-01       1.17520E-01       5.41100E-03       4.50248E-04       8.32097E-02       9.77884E-03       7.07413E-03
       1.20226E-01       1.25892E-01       1.23059E-01       5.66600E-03       4.86959E-04       8.59440E-02       1.05762E-02       7.56108E-03
       1.25892E-01       1.31826E-01       1.28859E-01       5.93400E-03       5.29007E-04       8.91484E-02       1.14876E-02       8.09009E-03
       1.31826E-01       1.38038E-01       1.34932E-01       6.21200E-03       5.73560E-04       9.23310E-02       1.24584E-02       8.66365E-03
       1.38038E-01       1.44544E-01       1.41291E-01       6.50600E-03       6.21497E-04       9.55267E-02       1.34971E-02       9.28515E-03
       1.44544E-01       1.51356E-01       1.47950E-01       6.81200E-03       6.73688E-04       9.88973E-02       1.46319E-02       9.95884E-03
       1.51356E-01       1.58489E-01       1.54923E-01       7.13300E-03       7.30566E-04       1.02421E-01       1.58673E-02       1.06894E-02
       1.58489E-01       1.65959E-01       1.62224E-01       7.47000E-03       7.92546E-04       1.06097E-01       1.72115E-02       1.14819E-02
       1.65959E-01       1.73780E-01       1.69869E-01       7.82100E-03       8.60094E-04       1.09972E-01       1.86810E-02       1.23420E-02
       1.73780E-01       1.81970E-01       1.77875E-01       8.19000E-03       9.31745E-04       1.13766E-01       2.02362E-02       1.32738E-02
       1.81970E-01       1.90546E-01       1.86258E-01       8.57600E-03       1.00749E-03       1.17478E-01       2.18813E-02       1.42813E-02
       1.90546E-01       1.99526E-01       1.95036E-01       8.98000E-03       1.08985E-03       1.21364E-01       2.36704E-02       1.53711E-02
       1.99526E-01       2.08930E-01       2.04228E-01       9.40400E-03       1.17949E-03       1.25424E-01       2.56151E-02       1.65506E-02
       2.08930E-01       2.18776E-01       2.13853E-01       9.84600E-03       1.27698E-03       1.29695E-01       2.77357E-02       1.78276E-02
       2.18776E-01       2.29087E-01       2.23931E-01       1.03110E-02       1.38062E-03       1.33898E-01       2.99840E-02       1.92082E-02
       2.29087E-01       2.39883E-01       2.34485E-01       1.07960E-02       1.49169E-03       1.38171E-01       3.23989E-02       2.06999E-02
       2.39883E-01       2.51189E-01       2.45536E-01       1.13060E-02       1.61345E-03       1.42707E-01       3.50397E-02       2.23134E-02
       2.51189E-01       2.63027E-01       2.57108E-01       1.18380E-02       1.86974E-03       1.57944E-01       4.06087E-02       2.41831E-02
       2.63027E-01       2.75423E-01       2.69225E-01       1.23960E-02       2.26518E-03       1.82734E-01       4.91967E-02       2.64483E-02
       2.75423E-01       2.88403E-01       2.81913E-01       1.29800E-02       2.71816E-03       2.09412E-01       5.90359E-02       2.91664E-02
       2.88403E-01       3.01995E-01       2.95199E-01       1.35920E-02       3.22590E-03       2.37338E-01       7.00620E-02       3.23923E-02
       3.01995E-01       3.16228E-01       3.09112E-01       1.42330E-02       3.78412E-03       2.65869E-01       8.21832E-02       3.61765E-02
       3.16228E-01       3.31131E-01       3.23680E-01       1.49030E-02       4.38809E-03       2.94443E-01       9.53053E-02       4.05645E-02
       3.31131E-01       3.46737E-01       3.38934E-01       1.56060E-02       5.06100E-03       3.24299E-01       1.09916E-01       4.56256E-02
       3.46737E-01       3.63078E-01       3.54908E-01       1.63410E-02       5.79099E-03       3.54384E-01       1.25774E-01       5.14165E-02
       3.63078E-01       3.80189E-01       3.71633E-01       1.71110E-02       6.57595E-03       3.84311E-01       1.42823E-01       5.79925E-02
       3.80189E-01       3.98107E-01       3.89148E-01       1.79180E-02       7.44699E-03       4.15615E-01       1.61736E-01       6.54395E-02
       3.98107E-01       4.16869E-01       4.07488E-01       1.87620E-02       8.41318E-03       4.48416E-01       1.82724E-01       7.38527E-02
       4.16869E-01       4.36516E-01       4.26692E-01       1.96470E-02       9.47938E-03       4.82485E-01       2.05873E-01       8.33320E-02
       4.36516E-01       4.57088E-01       4.46802E-01       2.05720E-02       1.06108E-02       5.15790E-01       2.30456E-01       9.39429E-02
       4.57088E-01       4.78630E-01       4.67859E-01       2.15420E-02       1.18472E-02       5.49959E-01       2.57303E-01       1.05790E-01
       4.78630E-01       5.01187E-01       4.89909E-01       2.25570E-02       1.32129E-02       5.85757E-01       2.86967E-01       1.19003E-01
       5.01187E-01       5.24808E-01       5.12998E-01       2.36210E-02       1.47013E-02       6.22384E-01       3.19281E-01       1.33704E-01
       5.24808E-01       5.49541E-01       5.37174E-01       2.47330E-02       1.62666E-02       6.57686E-01       3.53292E-01       1.49971E-01
       5.49541E-01       5.75440E-01       5.62490E-01       2.58990E-02       1.79812E-02       6.94280E-01       3.90526E-01       1.67952E-01
       5.75440E-01       6.02560E-01       5.89000E-01       2.71200E-02       1.98681E-02       7.32601E-01       4.31502E-01       1.87820E-01
       6.02560E-01       6.30957E-01       6.16758E-01       2.83970E-02       2.19441E-02       7.72763E-01       4.76608E-01       2.09764E-01
       6.30957E-01       6.60693E-01       6.45825E-01       2.97360E-02       2.42281E-02       8.14774E-01       5.26202E-01       2.33992E-01
       6.60693E-01       6.91831E-01       6.76262E-01       3.11380E-02       2.67438E-02       8.58881E-01       5.80828E-01       2.60736E-01
       6.91831E-01       7.24436E-01       7.08133E-01       3.26050E-02       2.95242E-02       9.05512E-01       6.41223E-01       2.90260E-01
       7.24436E-01       7.58578E-01       7.41507E-01       3.41420E-02       3.26133E-02       9.55224E-01       7.08305E-01       3.22874E-01
       7.58578E-01       7.94328E-01       7.76453E-01       3.57500E-02       4.13997E-02       1.15803E+00       8.99158E-01       3.64273E-01
       7.94328E-01       8.31764E-01       8.13046E-01       3.74360E-02       4.53966E-02       1.21265E+00       9.85936E-01       4.09670E-01
       8.31764E-01       8.70964E-01       8.51364E-01       3.92000E-02       3.76137E-02       9.59534E-01       8.16913E-01       4.47284E-01
       8.70964E-01       9.12011E-01       8.91487E-01       4.10470E-02       3.70901E-02       9.03602E-01       8.05550E-01       4.84374E-01
       9.12011E-01       9.54993E-01       9.33502E-01       4.29820E-02       3.65299E-02       8.49889E-01       7.93373E-01       5.20904E-01
       9.54993E-01       1.00000E+00       9.77497E-01       4.50070E-02       3.59940E-02       7.99741E-01       7.81744E-01       5.56898E-01
       1.00000E+00       1.04713E+00       1.02357E+00       4.71300E-02       3.53559E-02       7.50178E-01       7.67856E-01       5.92254E-01
       1.04713E+00       1.09648E+00       1.07181E+00       4.93500E-02       3.45712E-02       7.00531E-01       7.50833E-01       6.26825E-01
       1.09648E+00       1.14815E+00       1.12231E+00       5.16700E-02       3.35149E-02       6.48634E-01       7.27971E-01       6.60340E-01
       1.14815E+00       1.20226E+00       1.17520E+00       5.41100E-02       3.21478E-02       5.94119E-01       6.98211E-01       6.92487E-01
       1.20226E+00       1.25892E+00       1.23059E+00       5.66600E-02       3.04336E-02       5.37126E-01       6.60982E-01       7.22921E-01
       1.25892E+00       1.31826E+00       1.28859E+00       5.93400E-02       2.83269E-02       4.77365E-01       6.15128E-01       7.51248E-01
       1.31826E+00       1.38038E+00       1.34932E+00       6.21200E-02       2.59480E-02       4.17708E-01       5.63622E-01       7.77196E-01
       1.38038E+00       1.44544E+00       1.41291E+00       6.50600E-02       2.33047E-02       3.58204E-01       5.06110E-01       8.00501E-01
       1.44544E+00       1.51356E+00       1.47950E+00       6.81200E-02       2.01893E-02       2.96378E-01       4.38491E-01       8.20690E-01
       1.51356E+00       1.58489E+00       1.54923E+00       7.13300E-02       1.67034E-02       2.34171E-01       3.62784E-01       8.37393E-01
       1.58489E+00       1.65959E+00       1.62224E+00       7.47000E-02       1.27601E-02       1.70818E-01       2.77108E-01       8.50154E-01
       1.65959E+00       1.73780E+00       1.69869E+00       7.82100E-02       1.11118E-02       1.42077E-01       2.41345E-01       8.61265E-01
       1.73780E+00       1.81970E+00       1.77875E+00       8.19000E-02       1.07698E-02       1.31499E-01       2.33904E-01       8.72035E-01
       1.81970E+00       1.90546E+00       1.86258E+00       8.57600E-02       1.03280E-02       1.20430E-01       2.24310E-01       8.82363E-01
       1.90546E+00       1.99526E+00       1.95036E+00       8.98000E-02       9.77387E-03       1.08840E-01       2.12278E-01       8.92137E-01
       1.99526E+00       2.08930E+00       2.04228E+00       9.40400E-02       9.09614E-03       9.67262E-02       1.97542E-01       9.01233E-01
       2.08930E+00       2.18776E+00       2.13853E+00       9.84600E-02       8.68523E-03       8.82108E-02       1.88641E-01       9.09918E-01
       2.18776E+00       2.29087E+00       2.23932E+00       1.03110E-01       8.55685E-03       8.29876E-02       1.85835E-01       9.18475E-01
       2.29087E+00       2.39883E+00       2.34485E+00       1.07960E-01       8.37134E-03       7.75412E-02       1.81822E-01       9.26847E-01
       2.39883E+00       2.51189E+00       2.45536E+00       1.13060E-01       8.11421E-03       7.17690E-02       1.76219E-01       9.34961E-01
       2.51189E+00       2.63027E+00       2.57108E+00       1.18380E-01       7.73771E-03       6.53633E-02       1.68054E-01       9.42698E-01
       2.63027E+00       2.75423E+00       2.69225E+00       1.23960E-01       7.26044E-03       5.85709E-02       1.57687E-01       9.49959E-01
       2.75423E+00       2.88403E+00       2.81913E+00       1.29800E-01       6.70004E-03       5.16182E-02       1.45518E-01       9.56659E-01
       2.88403E+00       3.01995E+00       2.95199E+00       1.35920E-01       6.09875E-03       4.48701E-02       1.32456E-01       9.62758E-01
       3.01995E+00       3.16228E+00       3.09111E+00       1.42330E-01       5.40374E-03       3.79662E-02       1.17358E-01       9.68161E-01
       3.16228E+00       3.31131E+00       3.23679E+00       1.49030E-01       4.79631E-03       3.21835E-02       1.04171E-01       9.72958E-01
       3.31131E+00       3.46737E+00       3.38934E+00       1.56060E-01       4.16959E-03       2.67179E-02       9.05559E-02       9.77127E-01
       3.46737E+00       3.63078E+00       3.54908E+00       1.63410E-01       3.67092E-03       2.24645E-02       7.97281E-02       9.80798E-01
       3.63078E+00       3.80189E+00       3.71633E+00       1.71110E-01       3.20504E-03       1.87309E-02       6.96103E-02       9.84003E-01
       3.80189E+00       3.98107E+00       3.89148E+00       1.79180E-01       2.84822E-03       1.58958E-02       6.18583E-02       9.86852E-01
       3.98107E+00       4.16869E+00       4.07488E+00       1.87620E-01       2.52698E-03       1.34686E-02       5.48829E-02       9.89379E-01
       4.16869E+00       4.36516E+00       4.26692E+00       1.96470E-01       2.24248E-03       1.14139E-02       4.87021E-02       9.91621E-01
       4.36516E+00       4.57088E+00       4.46802E+00       2.05720E-01       1.97096E-03       9.58079E-03       4.28072E-02       9.93592E-01
       4.57088E+00       4.78630E+00       4.67859E+00       2.15420E-01       1.69322E-03       7.86010E-03       3.67742E-02       9.95285E-01
       4.78630E+00       5.00000E+00       4.89315E+00       2.13700E-01       1.34024E-03       6.27158E-03       3.06878E-02       9.96625E-01
       5.00000E+00       5.20000E+00       5.10000E+00       2.00000E-01       9.79346E-04       4.89673E-03       2.49733E-02       9.97605E-01
       5.20000E+00       5.40000E+00       5.30000E+00       2.00000E-01       7.47029E-04       3.73515E-03       1.97963E-02       9.98352E-01
       5.40000E+00       5.60000E+00       5.50000E+00       2.00000E-01       5.50986E-04       2.75493E-03       1.51521E-02       9.98903E-01
       5.60000E+00       5.80000E+00       5.70000E+00       2.00000E-01       3.92486E-04       1.96243E-03       1.11859E-02       9.99295E-01
       5.80000E+00       6.00000E+00       5.90000E+00       2.00000E-01       2.72662E-04       1.36331E-03       8.04352E-03       9.99568E-01
       6.00000E+00       6.20000E+00       6.10000E+00       2.00000E-01       1.88255E-04       9.41277E-04       5.74179E-03       9.99756E-01
       6.20000E+00       6.40000E+00       6.30000E+00       2.00000E-01       1.29591E-04       6.47957E-04       4.08213E-03       9.99886E-01
       6.40000E+00       6.60000E+00       6.50000E+00       2.00000E-01       8.24713E-05       4.12357E-04       2.68032E-03       9.99968E-01
       6.60000E+00       6.80000E+00       6.70000E+00       2.00000E-01       3.21251E-05       1.60625E-04       1.07619E-03       1.00000E+00

 Sum =                                                                         1.00000E+00
 Renormalization bin#   994 =                                                  9.60689E-02 barn        2.36000E+07        2.38000E+07        2.37000E+07
 Avg. Energy     bin#   994 =                                                  1.13563E+00 MeV         2.36000E+07        2.38000E+07
