"        MT= 91 recoil spectrum "
" Initial neutron energy corresponds to the group:"
   1.90000E+01    1.92000E+01       0.00000E+00           347           903           557



          Low               High              Mid              Energy           Number             dn/de            E*dn/de          Cumulative
         Energy            Energy            Energy             Width          Fraction                               Sum   
         [MeV]             [MeV]             [MeV]              [MeV]

       3.27500E-06       3.30000E-06       3.28750E-06       2.49999E-08       0.00000E+00       0.00000E+00       0.00000E+00       0.00000E+00
       3.30000E-06       3.32500E-06       3.31250E-06       2.50001E-08       6.89637E-12       2.75854E-04       9.13765E-10       6.89637E-12
       3.32500E-06       3.35000E-06       3.33750E-06       2.49999E-08       6.94776E-12       2.77912E-04       9.27531E-10       1.38441E-11
       3.35000E-06       3.37500E-06       3.36250E-06       2.50001E-08       6.99984E-12       2.79993E-04       9.41475E-10       2.08440E-11
       3.37500E-06       3.40000E-06       3.38750E-06       2.50001E-08       7.05192E-12       2.82076E-04       9.55531E-10       2.78959E-11
       3.40000E-06       3.42500E-06       3.41250E-06       2.49999E-08       7.10400E-12       2.84162E-04       9.69701E-10       3.49999E-11
       3.42500E-06       3.45000E-06       3.43750E-06       2.50001E-08       7.15608E-12       2.86242E-04       9.83957E-10       4.21560E-11
       3.45000E-06       3.47500E-06       3.46250E-06       2.49999E-08       7.20816E-12       2.88328E-04       9.98335E-10       4.93641E-11
       3.47500E-06       3.50000E-06       3.48750E-06       2.50001E-08       7.26024E-12       2.90408E-04       1.01280E-09       5.66244E-11
       3.50000E-06       3.52500E-06       3.51250E-06       2.50001E-08       7.31232E-12       2.92491E-04       1.02738E-09       6.39367E-11
       3.52500E-06       3.55000E-06       3.53750E-06       2.49999E-08       7.36439E-12       2.94577E-04       1.04207E-09       7.13011E-11
       3.55000E-06       3.57500E-06       3.56250E-06       2.50001E-08       7.41647E-12       2.96658E-04       1.05684E-09       7.87175E-11
       3.57500E-06       3.60000E-06       3.58750E-06       2.49999E-08       7.46855E-12       2.98744E-04       1.07174E-09       8.61861E-11
       3.60000E-06       3.62500E-06       3.61250E-06       2.50001E-08       7.52063E-12       3.00824E-04       1.08673E-09       9.37067E-11
       3.62500E-06       3.65000E-06       3.63750E-06       2.50001E-08       7.57271E-12       3.02907E-04       1.10183E-09       1.01279E-10
       3.65000E-06       3.67500E-06       3.66250E-06       2.49999E-08       7.62479E-12       3.04993E-04       1.11704E-09       1.08904E-10
       3.67500E-06       3.70000E-06       3.68750E-06       2.50001E-08       7.67687E-12       3.07074E-04       1.13233E-09       1.16581E-10
       3.70000E-06       3.72500E-06       3.71250E-06       2.49999E-08       7.72895E-12       3.09160E-04       1.14776E-09       1.24310E-10
       3.72500E-06       3.75000E-06       3.73750E-06       2.50001E-08       7.78103E-12       3.11240E-04       1.16326E-09       1.32091E-10
       3.75000E-06       3.77500E-06       3.76250E-06       2.50001E-08       7.83311E-12       3.13323E-04       1.17888E-09       1.39924E-10
       3.77500E-06       3.80000E-06       3.78750E-06       2.49999E-08       7.88518E-12       3.15409E-04       1.19461E-09       1.47809E-10
       3.80000E-06       3.82500E-06       3.81250E-06       2.50001E-08       7.93726E-12       3.17489E-04       1.21043E-09       1.55747E-10
       3.82500E-06       3.85000E-06       3.83750E-06       2.49999E-08       7.98934E-12       3.19576E-04       1.22637E-09       1.63736E-10
       3.85000E-06       3.87500E-06       3.86250E-06       2.50001E-08       8.04074E-12       3.21628E-04       1.24229E-09       1.71777E-10
       3.87500E-06       3.90000E-06       3.88750E-06       2.50001E-08       8.09282E-12       3.23711E-04       1.25843E-09       1.79870E-10
       3.90000E-06       3.92500E-06       3.91250E-06       2.49999E-08       8.14489E-12       3.25798E-04       1.27468E-09       1.88014E-10
       3.92500E-06       3.95000E-06       3.93750E-06       2.50001E-08       8.19697E-12       3.27878E-04       1.29102E-09       1.96211E-10
       3.95000E-06       3.97500E-06       3.96250E-06       2.49999E-08       8.24905E-12       3.29964E-04       1.30748E-09       2.04460E-10
       3.97500E-06       4.00000E-06       3.98750E-06       2.50001E-08       8.30113E-12       3.32044E-04       1.32403E-09       2.12762E-10
       4.00000E-06       4.02500E-06       4.01250E-06       2.50001E-08       8.35321E-12       3.34127E-04       1.34069E-09       2.21115E-10
       4.02500E-06       4.05000E-06       4.03750E-06       2.50001E-08       8.40529E-12       3.36210E-04       1.35745E-09       2.29520E-10
       4.05000E-06       4.07500E-06       4.06250E-06       2.49996E-08       8.45737E-12       3.38300E-04       1.37434E-09       2.37977E-10
       4.07500E-06       4.10000E-06       4.08750E-06       2.50001E-08       8.50945E-12       3.40377E-04       1.39129E-09       2.46487E-10
       4.10000E-06       4.12500E-06       4.11250E-06       2.50001E-08       8.56153E-12       3.42460E-04       1.40837E-09       2.55048E-10
       4.12500E-06       4.15000E-06       4.13750E-06       2.50001E-08       8.61361E-12       3.44543E-04       1.42555E-09       2.63662E-10
       4.15000E-06       4.17500E-06       4.16250E-06       2.50001E-08       8.66569E-12       3.46626E-04       1.44283E-09       2.72328E-10
       4.17500E-06       4.20000E-06       4.18750E-06       2.49996E-08       8.71777E-12       3.48716E-04       1.46025E-09       2.81045E-10
       4.20000E-06       4.22500E-06       4.21250E-06       2.50001E-08       8.76984E-12       3.50792E-04       1.47771E-09       2.89815E-10
       4.22500E-06       4.25000E-06       4.23750E-06       2.50001E-08       8.82192E-12       3.52876E-04       1.49531E-09       2.98637E-10
       4.25000E-06       4.27500E-06       4.26250E-06       2.50001E-08       8.87400E-12       3.54959E-04       1.51301E-09       3.07511E-10
       4.27500E-06       4.30000E-06       4.28750E-06       2.50001E-08       8.92608E-12       3.57042E-04       1.53082E-09       3.16437E-10
       4.30000E-06       4.32500E-06       4.31250E-06       2.49996E-08       8.97816E-12       3.59132E-04       1.54876E-09       3.25416E-10
       4.32500E-06       4.35000E-06       4.33750E-06       2.50001E-08       9.03024E-12       3.61208E-04       1.56674E-09       3.34446E-10
       4.35000E-06       4.37500E-06       4.36250E-06       2.50001E-08       9.08163E-12       3.63264E-04       1.58474E-09       3.43527E-10
       4.37500E-06       4.40000E-06       4.38750E-06       2.50001E-08       9.13371E-12       3.65347E-04       1.60296E-09       3.52661E-10
       4.40000E-06       4.42500E-06       4.41250E-06       2.50001E-08       9.18579E-12       3.67430E-04       1.62129E-09       3.61847E-10
       4.42500E-06       4.45000E-06       4.43750E-06       2.49996E-08       9.23787E-12       3.69520E-04       1.63975E-09       3.71085E-10
       4.45000E-06       4.47500E-06       4.46250E-06       2.50001E-08       9.28995E-12       3.71597E-04       1.65825E-09       3.80375E-10
       4.47500E-06       4.50000E-06       4.48750E-06       2.50001E-08       9.34203E-12       3.73680E-04       1.67689E-09       3.89717E-10
       4.50000E-06       4.52500E-06       4.51250E-06       2.50001E-08       9.39411E-12       3.75763E-04       1.69563E-09       3.99111E-10
       4.52500E-06       4.55000E-06       4.53750E-06       2.50001E-08       9.44619E-12       3.77846E-04       1.71448E-09       4.08557E-10
       4.55000E-06       4.57500E-06       4.56250E-06       2.49996E-08       9.49827E-12       3.79936E-04       1.73346E-09       4.18055E-10
       4.57500E-06       4.60000E-06       4.58750E-06       2.50001E-08       9.55035E-12       3.82012E-04       1.75248E-09       4.27606E-10
       4.60000E-06       4.62500E-06       4.61250E-06       2.50001E-08       9.60242E-12       3.84095E-04       1.77164E-09       4.37208E-10
       4.62500E-06       4.65000E-06       4.63750E-06       2.50001E-08       9.65450E-12       3.86179E-04       1.79090E-09       4.46863E-10
       4.65000E-06       4.67500E-06       4.66250E-06       2.50001E-08       9.70658E-12       3.88262E-04       1.81027E-09       4.56569E-10
       4.67500E-06       4.70000E-06       4.68750E-06       2.49996E-08       9.75866E-12       3.90352E-04       1.82978E-09       4.66328E-10
       4.70000E-06       4.72500E-06       4.71250E-06       2.50001E-08       9.81074E-12       3.92428E-04       1.84932E-09       4.76139E-10
       4.72500E-06       4.75000E-06       4.73750E-06       2.50001E-08       9.86282E-12       3.94511E-04       1.86900E-09       4.86001E-10
       4.75000E-06       4.77500E-06       4.76250E-06       2.50001E-08       9.91490E-12       3.96594E-04       1.88878E-09       4.95916E-10
       4.77500E-06       4.80000E-06       4.78750E-06       2.50001E-08       9.96698E-12       3.98678E-04       1.90867E-09       5.05883E-10
       4.80000E-06       4.82500E-06       4.81250E-06       2.49996E-08       1.00191E-11       4.00768E-04       1.92870E-09       5.15902E-10
       4.82500E-06       4.85000E-06       4.83750E-06       2.50001E-08       1.00711E-11       4.02844E-04       1.94876E-09       5.25973E-10
       4.85000E-06       4.87500E-06       4.86250E-06       2.50001E-08       1.01232E-11       4.04927E-04       1.96896E-09       5.36097E-10
       4.87500E-06       4.90000E-06       4.88750E-06       2.50001E-08       1.01746E-11       4.06983E-04       1.98913E-09       5.46271E-10
       4.90000E-06       4.92500E-06       4.91250E-06       2.50001E-08       1.02267E-11       4.09066E-04       2.00954E-09       5.56498E-10
       4.92500E-06       4.95000E-06       4.93750E-06       2.49996E-08       1.02788E-11       4.11157E-04       2.03009E-09       5.66777E-10
       4.95000E-06       4.97500E-06       4.96250E-06       2.50001E-08       1.03308E-11       4.13232E-04       2.05066E-09       5.77108E-10
       4.97500E-06       5.00000E-06       4.98750E-06       2.50001E-08       1.03829E-11       4.15315E-04       2.07139E-09       5.87490E-10
       5.00000E-06       5.02500E-06       5.01250E-06       2.50001E-08       1.04350E-11       4.17399E-04       2.09221E-09       5.97925E-10
       5.02500E-06       5.05000E-06       5.03750E-06       2.50001E-08       1.04871E-11       4.19482E-04       2.11314E-09       6.08413E-10
       5.05000E-06       5.07500E-06       5.06250E-06       2.49996E-08       1.05392E-11       4.21573E-04       2.13421E-09       6.18952E-10
       5.07500E-06       5.10000E-06       5.08750E-06       2.50001E-08       1.05912E-11       4.23648E-04       2.15531E-09       6.29543E-10
       5.10000E-06       5.12500E-06       5.11250E-06       2.50001E-08       1.06433E-11       4.25731E-04       2.17655E-09       6.40186E-10
       5.12500E-06       5.15000E-06       5.13750E-06       2.50001E-08       1.06954E-11       4.27814E-04       2.19790E-09       6.50882E-10
       5.15000E-06       5.17500E-06       5.16250E-06       2.50001E-08       1.07475E-11       4.29898E-04       2.21935E-09       6.61629E-10
       5.17500E-06       5.20000E-06       5.18750E-06       2.49996E-08       1.07996E-11       4.31989E-04       2.24094E-09       6.72429E-10
       5.20000E-06       5.22500E-06       5.21250E-06       2.50001E-08       1.08516E-11       4.34064E-04       2.26256E-09       6.83280E-10
       5.22500E-06       5.25000E-06       5.23750E-06       2.50001E-08       1.09037E-11       4.36147E-04       2.28432E-09       6.94184E-10
       5.25000E-06       5.27500E-06       5.26250E-06       2.50001E-08       1.09558E-11       4.38230E-04       2.30619E-09       7.05140E-10
       5.27500E-06       5.30000E-06       5.28750E-06       2.50001E-08       1.10079E-11       4.40313E-04       2.32816E-09       7.16148E-10
       5.30000E-06       5.32500E-06       5.31250E-06       2.49996E-08       1.10600E-11       4.42405E-04       2.35028E-09       7.27208E-10
       5.32500E-06       5.35000E-06       5.33750E-06       2.50001E-08       1.11120E-11       4.44480E-04       2.37241E-09       7.38320E-10
       5.35000E-06       5.37500E-06       5.36250E-06       2.50001E-08       1.11641E-11       4.46563E-04       2.39469E-09       7.49484E-10
       5.37500E-06       5.40000E-06       5.38750E-06       2.50001E-08       1.12155E-11       4.48618E-04       2.41693E-09       7.60699E-10
       5.40000E-06       5.42500E-06       5.41250E-06       2.50001E-08       1.12676E-11       4.50702E-04       2.43942E-09       7.71967E-10
       5.42500E-06       5.45000E-06       5.43750E-06       2.49996E-08       1.13197E-11       4.52793E-04       2.46206E-09       7.83287E-10
       5.45000E-06       5.47500E-06       5.46250E-06       2.50001E-08       1.13717E-11       4.54868E-04       2.48472E-09       7.94658E-10
       5.47500E-06       5.50000E-06       5.48750E-06       2.50001E-08       1.14238E-11       4.56951E-04       2.50752E-09       8.06082E-10
       5.50000E-06       5.52500E-06       5.51250E-06       2.50001E-08       1.14759E-11       4.59034E-04       2.53043E-09       8.17558E-10
       5.52500E-06       5.55000E-06       5.53750E-06       2.50001E-08       1.15280E-11       4.61117E-04       2.55344E-09       8.29086E-10
       5.55000E-06       5.57500E-06       5.56250E-06       2.49996E-08       1.15801E-11       4.63209E-04       2.57660E-09       8.40666E-10
       5.57500E-06       5.60000E-06       5.58750E-06       2.50001E-08       1.16321E-11       4.65284E-04       2.59977E-09       8.52298E-10
       5.60000E-06       5.62500E-06       5.61250E-06       2.50001E-08       1.16842E-11       4.67367E-04       2.62310E-09       8.63982E-10
       5.62500E-06       5.65000E-06       5.63750E-06       2.50001E-08       1.17363E-11       4.69450E-04       2.64652E-09       8.75719E-10
       5.65000E-06       5.67500E-06       5.66250E-06       2.50001E-08       1.17884E-11       4.71533E-04       2.67006E-09       8.87507E-10
       5.67500E-06       5.70000E-06       5.68750E-06       2.49996E-08       1.18405E-11       4.73625E-04       2.69374E-09       8.99348E-10
       5.70000E-06       5.72500E-06       5.71250E-06       2.50001E-08       1.18925E-11       4.75699E-04       2.71743E-09       9.11240E-10
       5.72500E-06       5.75000E-06       5.73750E-06       2.50001E-08       1.19446E-11       4.77783E-04       2.74128E-09       9.23185E-10
       5.75000E-06       5.77500E-06       5.76250E-06       2.50001E-08       1.19967E-11       4.79866E-04       2.76523E-09       9.35181E-10
       5.77500E-06       5.80000E-06       5.78750E-06       2.50001E-08       1.20488E-11       4.81949E-04       2.78928E-09       9.47230E-10
       5.80000E-06       5.82500E-06       5.81250E-06       2.49996E-08       1.21008E-11       4.84041E-04       2.81349E-09       9.59331E-10
       5.82500E-06       5.85000E-06       5.83750E-06       2.50001E-08       1.21529E-11       4.86115E-04       2.83770E-09       9.71484E-10
       5.85000E-06       5.87500E-06       5.86250E-06       2.50001E-08       1.22050E-11       4.88198E-04       2.86206E-09       9.83689E-10
       5.87500E-06       5.90000E-06       5.88750E-06       2.50001E-08       1.22571E-11       4.90282E-04       2.88653E-09       9.95946E-10
       5.90000E-06       5.92500E-06       5.91250E-06       2.50001E-08       1.23085E-11       4.92337E-04       2.91094E-09       1.00825E-09
       5.92500E-06       5.95000E-06       5.93750E-06       2.49996E-08       1.23606E-11       4.94430E-04       2.93568E-09       1.02062E-09
       5.95000E-06       5.97500E-06       5.96250E-06       2.50001E-08       1.24126E-11       4.96504E-04       2.96040E-09       1.03303E-09
       5.97500E-06       6.00000E-06       5.98750E-06       2.50001E-08       1.24647E-11       4.98587E-04       2.98529E-09       1.04549E-09
       6.00000E-06       6.02500E-06       6.01250E-06       2.50001E-08       1.25168E-11       5.00670E-04       3.01028E-09       1.05801E-09
       6.02500E-06       6.05000E-06       6.03750E-06       2.50001E-08       1.25689E-11       5.02753E-04       3.03537E-09       1.07058E-09
       6.05000E-06       6.07500E-06       6.06250E-06       2.49996E-08       1.26210E-11       5.04846E-04       3.06063E-09       1.08320E-09
       6.07500E-06       6.10000E-06       6.08750E-06       2.50001E-08       1.26730E-11       5.06919E-04       3.08587E-09       1.09587E-09
       6.10000E-06       6.12500E-06       6.11250E-06       2.50001E-08       1.27251E-11       5.09003E-04       3.11128E-09       1.10860E-09
       6.12500E-06       6.15000E-06       6.13750E-06       2.50001E-08       1.27772E-11       5.11086E-04       3.13679E-09       1.12137E-09
       6.15000E-06       6.17500E-06       6.16250E-06       2.50001E-08       1.28293E-11       5.13169E-04       3.16240E-09       1.13420E-09
       6.17500E-06       6.20000E-06       6.18750E-06       2.49996E-08       1.28814E-11       5.15262E-04       3.18818E-09       1.14709E-09
       6.20000E-06       6.22500E-06       6.21250E-06       2.50001E-08       1.29334E-11       5.17335E-04       3.21394E-09       1.16002E-09
       6.22500E-06       6.25000E-06       6.23750E-06       2.50001E-08       1.29855E-11       5.19418E-04       3.23987E-09       1.17300E-09
       6.25000E-06       6.27500E-06       6.26250E-06       2.50001E-08       1.30376E-11       5.21502E-04       3.26590E-09       1.18604E-09
       6.27500E-06       6.30000E-06       6.28750E-06       2.50001E-08       1.30897E-11       5.23585E-04       3.29204E-09       1.19913E-09
       6.30000E-06       6.32500E-06       6.31250E-06       2.49996E-08       1.31417E-11       5.25678E-04       3.31834E-09       1.21227E-09
       6.32500E-06       6.35000E-06       6.33750E-06       2.50001E-08       1.31938E-11       5.27751E-04       3.34462E-09       1.22547E-09
       6.35000E-06       6.37500E-06       6.36250E-06       2.50001E-08       1.32459E-11       5.29834E-04       3.37107E-09       1.23871E-09
       6.37500E-06       6.40000E-06       6.38750E-06       2.50001E-08       1.32980E-11       5.31917E-04       3.39762E-09       1.25201E-09
       6.40000E-06       6.42500E-06       6.41250E-06       2.50001E-08       1.33494E-11       5.33973E-04       3.42410E-09       1.26536E-09
       6.42500E-06       6.45000E-06       6.43750E-06       2.49996E-08       1.34015E-11       5.36066E-04       3.45093E-09       1.27876E-09
       6.45000E-06       6.47500E-06       6.46250E-06       2.50001E-08       1.34535E-11       5.38139E-04       3.47773E-09       1.29222E-09
       6.47500E-06       6.50000E-06       6.48750E-06       2.50001E-08       1.35056E-11       5.40223E-04       3.50469E-09       1.30572E-09
       6.50000E-06       6.52500E-06       6.51250E-06       2.50001E-08       1.35577E-11       5.42306E-04       3.53177E-09       1.31928E-09
       6.52500E-06       6.55000E-06       6.53750E-06       2.50001E-08       1.36098E-11       5.44389E-04       3.55894E-09       1.33289E-09
       6.55000E-06       6.57500E-06       6.56250E-06       2.49996E-08       1.36619E-11       5.46482E-04       3.58629E-09       1.34655E-09
       6.57500E-06       6.60000E-06       6.58750E-06       2.50001E-08       1.37139E-11       5.48555E-04       3.61361E-09       1.36026E-09
       6.60000E-06       6.62500E-06       6.61250E-06       2.50001E-08       1.37660E-11       5.50638E-04       3.64110E-09       1.37403E-09
       6.62500E-06       6.65000E-06       6.63750E-06       2.50001E-08       1.38181E-11       5.52721E-04       3.66869E-09       1.38785E-09
       6.65000E-06       6.67500E-06       6.66250E-06       2.50001E-08       1.38702E-11       5.54805E-04       3.69639E-09       1.40172E-09
       6.67500E-06       6.70000E-06       6.68750E-06       2.49996E-08       1.39222E-11       5.56898E-04       3.72426E-09       1.41564E-09
       6.70000E-06       6.72500E-06       6.71250E-06       2.50001E-08       1.39743E-11       5.58971E-04       3.75209E-09       1.42961E-09
       6.72500E-06       6.75000E-06       6.73750E-06       2.50001E-08       1.40264E-11       5.61054E-04       3.78010E-09       1.44364E-09
       6.75000E-06       6.77500E-06       6.76250E-06       2.50001E-08       1.40785E-11       5.63137E-04       3.80822E-09       1.45772E-09
       6.77500E-06       6.80000E-06       6.78750E-06       2.50001E-08       1.41306E-11       5.65220E-04       3.83643E-09       1.47185E-09
       6.80000E-06       6.82500E-06       6.81250E-06       2.49996E-08       1.41826E-11       5.67314E-04       3.86483E-09       1.48603E-09
       6.82500E-06       6.85000E-06       6.83750E-06       2.50001E-08       1.42347E-11       5.69387E-04       3.89318E-09       1.50027E-09
       6.85000E-06       6.87500E-06       6.86250E-06       2.50001E-08       1.42868E-11       5.71470E-04       3.92171E-09       1.51455E-09
       6.87500E-06       6.90000E-06       6.88750E-06       2.50001E-08       1.43389E-11       5.73553E-04       3.95035E-09       1.52889E-09
       6.90000E-06       6.92500E-06       6.91250E-06       2.50001E-08       1.43910E-11       5.75636E-04       3.97909E-09       1.54328E-09
       6.92500E-06       6.95000E-06       6.93750E-06       2.49996E-08       1.44424E-11       5.77703E-04       4.00781E-09       1.55773E-09
       6.95000E-06       6.97500E-06       6.96250E-06       2.50001E-08       1.44944E-11       5.79775E-04       4.03668E-09       1.57222E-09
       6.97500E-06       7.00000E-06       6.98750E-06       2.50001E-08       1.45465E-11       5.81858E-04       4.06573E-09       1.58677E-09
       7.00000E-06       7.02500E-06       7.01250E-06       2.50001E-08       1.45986E-11       5.83941E-04       4.09489E-09       1.60137E-09
       7.02500E-06       7.05000E-06       7.03750E-06       2.50001E-08       1.46507E-11       5.86025E-04       4.12415E-09       1.61602E-09
       7.05000E-06       7.07500E-06       7.06250E-06       2.49996E-08       1.47027E-11       5.88119E-04       4.15359E-09       1.63072E-09
       7.07500E-06       7.10000E-06       7.08750E-06       2.50001E-08       1.47548E-11       5.90191E-04       4.18298E-09       1.64547E-09
       7.10000E-06       7.12500E-06       7.11250E-06       2.50001E-08       1.48069E-11       5.92274E-04       4.21255E-09       1.66028E-09
       7.12500E-06       7.15000E-06       7.13750E-06       2.50001E-08       1.48590E-11       5.94357E-04       4.24222E-09       1.67514E-09
       7.15000E-06       7.17500E-06       7.16250E-06       2.50001E-08       1.49111E-11       5.96440E-04       4.27200E-09       1.69005E-09
       7.17500E-06       7.20000E-06       7.18750E-06       2.49996E-08       1.49631E-11       5.98535E-04       4.30197E-09       1.70501E-09
       7.20000E-06       7.22500E-06       7.21250E-06       2.50001E-08       1.50152E-11       6.00607E-04       4.33187E-09       1.72003E-09
       7.22500E-06       7.25000E-06       7.23750E-06       2.50001E-08       1.50673E-11       6.02690E-04       4.36197E-09       1.73510E-09
       7.25000E-06       7.27500E-06       7.26250E-06       2.50001E-08       1.51194E-11       6.04773E-04       4.39216E-09       1.75022E-09
       7.27500E-06       7.30000E-06       7.28750E-06       2.50001E-08       1.51715E-11       6.06856E-04       4.42246E-09       1.76539E-09
       7.30000E-06       7.32500E-06       7.31250E-06       2.49996E-08       1.52235E-11       6.08951E-04       4.45295E-09       1.78061E-09
       7.32500E-06       7.35000E-06       7.33750E-06       2.50001E-08       1.52756E-11       6.11022E-04       4.48338E-09       1.79589E-09
       7.35000E-06       7.37500E-06       7.36250E-06       2.50001E-08       1.53277E-11       6.13106E-04       4.51399E-09       1.81121E-09
       7.37500E-06       7.40000E-06       7.38750E-06       2.50001E-08       1.53798E-11       6.15189E-04       4.54471E-09       1.82659E-09
       7.40000E-06       7.42500E-06       7.41250E-06       2.50001E-08       1.54319E-11       6.17272E-04       4.57553E-09       1.84203E-09
       7.42500E-06       7.45000E-06       7.43750E-06       2.49996E-08       1.54833E-11       6.19339E-04       4.60634E-09       1.85751E-09
       7.45000E-06       7.47500E-06       7.46250E-06       2.50001E-08       1.55353E-11       6.21411E-04       4.63728E-09       1.87304E-09
       7.47500E-06       7.50000E-06       7.48750E-06       2.50001E-08       1.55874E-11       6.23494E-04       4.66841E-09       1.88863E-09
       7.50000E-06       7.52500E-06       7.51250E-06       2.50001E-08       1.56395E-11       6.25577E-04       4.69965E-09       1.90427E-09
       7.52500E-06       7.55000E-06       7.53750E-06       2.50001E-08       1.56916E-11       6.27660E-04       4.73099E-09       1.91996E-09
       7.55000E-06       7.57500E-06       7.56250E-06       2.49996E-08       1.57436E-11       6.29755E-04       4.76253E-09       1.93571E-09
       7.57500E-06       7.60000E-06       7.58750E-06       2.50001E-08       1.57957E-11       6.31827E-04       4.79398E-09       1.95150E-09
       7.60000E-06       7.62500E-06       7.61250E-06       2.50001E-08       1.58478E-11       6.33910E-04       4.82564E-09       1.96735E-09
       7.62500E-06       7.65000E-06       7.63750E-06       2.50001E-08       1.58999E-11       6.35993E-04       4.85740E-09       1.98325E-09
       7.65000E-06       7.67500E-06       7.66250E-06       2.50001E-08       1.59520E-11       6.38076E-04       4.88926E-09       1.99920E-09
       7.67500E-06       7.70000E-06       7.68750E-06       2.49996E-08       1.60040E-11       6.40171E-04       4.92132E-09       2.01521E-09
       7.70000E-06       7.72500E-06       7.71250E-06       2.50001E-08       1.60561E-11       6.42242E-04       4.95329E-09       2.03126E-09
       7.72500E-06       7.75000E-06       7.73750E-06       2.50001E-08       1.61082E-11       6.44325E-04       4.98547E-09       2.04737E-09
       7.75000E-06       7.77500E-06       7.76250E-06       2.50001E-08       1.61603E-11       6.46409E-04       5.01775E-09       2.06353E-09
       7.77500E-06       7.80000E-06       7.78750E-06       2.50001E-08       1.62124E-11       6.48492E-04       5.05013E-09       2.07974E-09
       7.80000E-06       7.82500E-06       7.81250E-06       2.49996E-08       1.62644E-11       6.50587E-04       5.08271E-09       2.09601E-09
       7.82500E-06       7.85000E-06       7.83750E-06       2.50001E-08       1.63165E-11       6.52658E-04       5.11521E-09       2.11232E-09
       7.85000E-06       7.87500E-06       7.86250E-06       2.50001E-08       1.63686E-11       6.54741E-04       5.14790E-09       2.12869E-09
       7.87500E-06       7.90000E-06       7.88750E-06       2.50001E-08       1.64207E-11       6.56824E-04       5.18070E-09       2.14511E-09
       7.90000E-06       7.92500E-06       7.91250E-06       2.50001E-08       1.64728E-11       6.58908E-04       5.21361E-09       2.16159E-09
       7.92500E-06       7.95000E-06       7.93750E-06       2.49996E-08       1.65241E-11       6.60976E-04       5.24650E-09       2.17811E-09
       7.95000E-06       7.97500E-06       7.96250E-06       2.50001E-08       1.65762E-11       6.63046E-04       5.27951E-09       2.19469E-09
       7.97500E-06       8.00000E-06       7.98750E-06       2.50001E-08       1.66283E-11       6.65130E-04       5.31272E-09       2.21132E-09
       8.00000E-06       8.02500E-06       8.01250E-06       2.49996E-08       1.66804E-11       6.67226E-04       5.34614E-09       2.22800E-09
       8.02500E-06       8.05000E-06       8.03750E-06       2.50006E-08       1.67325E-11       6.69283E-04       5.37936E-09       2.24473E-09
       8.05000E-06       8.07500E-06       8.06250E-06       2.49996E-08       1.67845E-11       6.71392E-04       5.41310E-09       2.26151E-09
       8.07500E-06       8.10000E-06       8.08750E-06       2.50006E-08       1.68366E-11       6.73449E-04       5.44652E-09       2.27835E-09
       8.10000E-06       8.12500E-06       8.11250E-06       2.49996E-08       1.68887E-11       6.75558E-04       5.48047E-09       2.29524E-09
       8.12500E-06       8.15000E-06       8.13750E-06       2.49996E-08       1.69408E-11       6.77641E-04       5.51431E-09       2.31218E-09
       8.15000E-06       8.17500E-06       8.16250E-06       2.50006E-08       1.69929E-11       6.79699E-04       5.54804E-09       2.32917E-09
       8.17500E-06       8.20000E-06       8.18750E-06       2.49996E-08       1.70449E-11       6.81808E-04       5.58230E-09       2.34622E-09
       8.20000E-06       8.22500E-06       8.21250E-06       2.50006E-08       1.70970E-11       6.83865E-04       5.61624E-09       2.36331E-09
       8.22500E-06       8.25000E-06       8.23750E-06       2.49996E-08       1.71491E-11       6.85974E-04       5.65071E-09       2.38046E-09
       8.25000E-06       8.27500E-06       8.26250E-06       2.49996E-08       1.72012E-11       6.88058E-04       5.68507E-09       2.39766E-09
       8.27500E-06       8.30000E-06       8.28750E-06       2.50006E-08       1.72533E-11       6.90114E-04       5.71932E-09       2.41492E-09
       8.30000E-06       8.32500E-06       8.31250E-06       2.49996E-08       1.73053E-11       6.92224E-04       5.75411E-09       2.43222E-09
       8.32500E-06       8.35000E-06       8.33750E-06       2.50006E-08       1.73574E-11       6.94281E-04       5.78856E-09       2.44958E-09
       8.35000E-06       8.37500E-06       8.36250E-06       2.49996E-08       1.74095E-11       6.96390E-04       5.82356E-09       2.46699E-09
       8.37500E-06       8.40000E-06       8.38750E-06       2.49996E-08       1.74616E-11       6.98473E-04       5.85845E-09       2.48445E-09
       8.40000E-06       8.42500E-06       8.41250E-06       2.50006E-08       1.75136E-11       7.00530E-04       5.89321E-09       2.50196E-09
       8.42500E-06       8.45000E-06       8.43750E-06       2.49996E-08       1.75657E-11       7.02640E-04       5.92852E-09       2.51953E-09
       8.45000E-06       8.47500E-06       8.46250E-06       2.50006E-08       1.76171E-11       7.04669E-04       5.96326E-09       2.53715E-09
       8.47500E-06       8.50000E-06       8.48750E-06       2.49996E-08       1.76692E-11       7.06779E-04       5.99879E-09       2.55482E-09
       8.50000E-06       8.52500E-06       8.51250E-06       2.49996E-08       1.77213E-11       7.08862E-04       6.03419E-09       2.57254E-09
       8.52500E-06       8.55000E-06       8.53750E-06       2.50006E-08       1.77734E-11       7.10918E-04       6.06946E-09       2.59031E-09
       8.55000E-06       8.57500E-06       8.56250E-06       2.49996E-08       1.78254E-11       7.13028E-04       6.10531E-09       2.60814E-09
       8.57500E-06       8.60000E-06       8.58750E-06       2.50006E-08       1.78775E-11       7.15084E-04       6.14079E-09       2.62601E-09
       8.60000E-06       8.62500E-06       8.61250E-06       2.49996E-08       1.79296E-11       7.17195E-04       6.17684E-09       2.64394E-09
       8.62500E-06       8.65000E-06       8.63750E-06       2.49996E-08       1.79817E-11       7.19278E-04       6.21276E-09       2.66193E-09
       8.65000E-06       8.67500E-06       8.66250E-06       2.50006E-08       1.80338E-11       7.21334E-04       6.24855E-09       2.67996E-09
       8.67500E-06       8.70000E-06       8.68750E-06       2.49996E-08       1.80858E-11       7.23444E-04       6.28492E-09       2.69804E-09
       8.70000E-06       8.72500E-06       8.71250E-06       2.50006E-08       1.81379E-11       7.25500E-04       6.32092E-09       2.71618E-09
       8.72500E-06       8.75000E-06       8.73750E-06       2.49996E-08       1.81900E-11       7.27611E-04       6.35750E-09       2.73437E-09
       8.75000E-06       8.77500E-06       8.76250E-06       2.49996E-08       1.82421E-11       7.29694E-04       6.39394E-09       2.75261E-09
       8.77500E-06       8.80000E-06       8.78750E-06       2.50006E-08       1.82941E-11       7.31749E-04       6.43025E-09       2.77091E-09
       8.80000E-06       8.82500E-06       8.81250E-06       2.49996E-08       1.83462E-11       7.33860E-04       6.46714E-09       2.78926E-09
       8.82500E-06       8.85000E-06       8.83750E-06       2.50006E-08       1.83983E-11       7.35915E-04       6.50365E-09       2.80765E-09
       8.85000E-06       8.87500E-06       8.86250E-06       2.49996E-08       1.84504E-11       7.38027E-04       6.54076E-09       2.82610E-09
       8.87500E-06       8.90000E-06       8.88750E-06       2.49996E-08       1.85025E-11       7.40110E-04       6.57773E-09       2.84461E-09
       8.90000E-06       8.92500E-06       8.91250E-06       2.50006E-08       1.85545E-11       7.42165E-04       6.61454E-09       2.86316E-09
       8.92500E-06       8.95000E-06       8.93750E-06       2.49996E-08       1.86066E-11       7.44276E-04       6.65197E-09       2.88177E-09
       8.95000E-06       8.97500E-06       8.96250E-06       2.50006E-08       1.86580E-11       7.46304E-04       6.68875E-09       2.90043E-09
       8.97500E-06       9.00000E-06       8.98750E-06       2.49996E-08       1.87101E-11       7.48415E-04       6.72638E-09       2.91914E-09
       9.00000E-06       9.02500E-06       9.01250E-06       2.49996E-08       1.87622E-11       7.50498E-04       6.76387E-09       2.93790E-09
       9.02500E-06       9.05000E-06       9.03750E-06       2.50006E-08       1.88143E-11       7.52553E-04       6.80120E-09       2.95671E-09
       9.05000E-06       9.07500E-06       9.06250E-06       2.49996E-08       1.88663E-11       7.54665E-04       6.83915E-09       2.97558E-09
       9.07500E-06       9.10000E-06       9.08750E-06       2.50006E-08       1.89184E-11       7.56719E-04       6.87669E-09       2.99450E-09
       9.10000E-06       9.12500E-06       9.11250E-06       2.49996E-08       1.89705E-11       7.58831E-04       6.91485E-09       3.01347E-09
       9.12500E-06       9.15000E-06       9.13750E-06       2.49996E-08       1.90226E-11       7.60914E-04       6.95286E-09       3.03249E-09
       9.15000E-06       9.17500E-06       9.16250E-06       2.50006E-08       1.90747E-11       7.62969E-04       6.99070E-09       3.05156E-09
       9.17500E-06       9.20000E-06       9.18750E-06       2.49996E-08       1.91267E-11       7.65081E-04       7.02918E-09       3.07069E-09
       9.20000E-06       9.22500E-06       9.21250E-06       2.50006E-08       1.91788E-11       7.67135E-04       7.06723E-09       3.08987E-09
       9.22500E-06       9.25000E-06       9.23750E-06       2.49996E-08       1.92309E-11       7.69247E-04       7.10592E-09       3.10910E-09
       9.25000E-06       9.27500E-06       9.26250E-06       2.49996E-08       1.92830E-11       7.71330E-04       7.14445E-09       3.12838E-09
       9.27500E-06       9.30000E-06       9.28750E-06       2.50006E-08       1.93350E-11       7.73384E-04       7.18281E-09       3.14772E-09
       9.30000E-06       9.32500E-06       9.31250E-06       2.49996E-08       1.93871E-11       7.75497E-04       7.22181E-09       3.16711E-09
       9.32500E-06       9.35000E-06       9.33750E-06       2.50006E-08       1.94392E-11       7.77550E-04       7.26038E-09       3.18655E-09
       9.35000E-06       9.37500E-06       9.36250E-06       2.49996E-08       1.94913E-11       7.79663E-04       7.29960E-09       3.20604E-09
       9.37500E-06       9.40000E-06       9.38750E-06       2.49996E-08       1.95434E-11       7.81746E-04       7.33864E-09       3.22558E-09
       9.40000E-06       9.42500E-06       9.41250E-06       2.50006E-08       1.95954E-11       7.83800E-04       7.37752E-09       3.24518E-09
       9.42500E-06       9.45000E-06       9.43750E-06       2.49996E-08       1.96475E-11       7.85913E-04       7.41705E-09       3.26482E-09
       9.45000E-06       9.47500E-06       9.46250E-06       2.50006E-08       1.96996E-11       7.87966E-04       7.45613E-09       3.28452E-09
       9.47500E-06       9.50000E-06       9.48750E-06       2.49996E-08       1.97510E-11       7.90052E-04       7.49562E-09       3.30427E-09
       9.50000E-06       9.52500E-06       9.51250E-06       2.49996E-08       1.98031E-11       7.92135E-04       7.53518E-09       3.32408E-09
       9.52500E-06       9.55000E-06       9.53750E-06       2.50006E-08       1.98552E-11       7.94188E-04       7.57457E-09       3.34393E-09
       9.55000E-06       9.57500E-06       9.56250E-06       2.49996E-08       1.99072E-11       7.96301E-04       7.61463E-09       3.36384E-09
       9.57500E-06       9.60000E-06       9.58750E-06       2.50006E-08       1.99593E-11       7.98354E-04       7.65422E-09       3.38380E-09
       9.60000E-06       9.62500E-06       9.61250E-06       2.49996E-08       2.00114E-11       8.00468E-04       7.69450E-09       3.40381E-09
       9.62500E-06       9.65000E-06       9.63750E-06       2.49996E-08       2.00635E-11       8.02551E-04       7.73458E-09       3.42387E-09
       9.65000E-06       9.67500E-06       9.66250E-06       2.50006E-08       2.01155E-11       8.04603E-04       7.77448E-09       3.44399E-09
       9.67500E-06       9.70000E-06       9.68750E-06       2.49996E-08       2.01676E-11       8.06717E-04       7.81507E-09       3.46416E-09
       9.70000E-06       9.72500E-06       9.71250E-06       2.50006E-08       2.02197E-11       8.08770E-04       7.85518E-09       3.48438E-09
       9.72500E-06       9.75000E-06       9.73750E-06       2.49996E-08       2.02718E-11       8.10884E-04       7.89598E-09       3.50465E-09
       9.75000E-06       9.77500E-06       9.76250E-06       2.49996E-08       2.03239E-11       8.12967E-04       7.93659E-09       3.52497E-09
       9.77500E-06       9.80000E-06       9.78750E-06       2.50006E-08       2.03759E-11       8.15019E-04       7.97700E-09       3.54535E-09
       9.80000E-06       9.82500E-06       9.81250E-06       2.49996E-08       2.04280E-11       8.17133E-04       8.01812E-09       3.56578E-09
       9.82500E-06       9.85000E-06       9.83750E-06       2.50006E-08       2.04801E-11       8.19185E-04       8.05874E-09       3.58626E-09
       9.85000E-06       9.87500E-06       9.86250E-06       2.49996E-08       2.05322E-11       8.21300E-04       8.10007E-09       3.60679E-09
       9.87500E-06       9.90000E-06       9.88750E-06       2.49996E-08       2.05843E-11       8.23383E-04       8.14120E-09       3.62737E-09
       9.90000E-06       9.92500E-06       9.91250E-06       2.50006E-08       2.06363E-11       8.25435E-04       8.18212E-09       3.64801E-09
       9.92500E-06       9.95000E-06       9.93750E-06       2.49996E-08       2.06884E-11       8.27549E-04       8.22377E-09       3.66870E-09
       9.95000E-06       9.97500E-06       9.96250E-06       2.50006E-08       2.07405E-11       8.29601E-04       8.26490E-09       3.68944E-09
       9.97500E-06       1.00000E-05       9.98750E-06       2.49996E-08       2.07919E-11       8.31688E-04       8.30649E-09       3.71023E-09
       1.00000E-05       1.04713E-05       1.02356E-05       4.71300E-07       4.01708E-10       8.52340E-04       8.72425E-09       4.11194E-09
       1.04713E-05       1.09648E-05       1.07180E-05       4.93500E-07       4.40452E-10       8.92507E-04       9.56593E-09       4.55239E-09
       1.09648E-05       1.14815E-05       1.12232E-05       5.16700E-07       4.82958E-10       9.34698E-04       1.04903E-08       5.03535E-09
       1.14815E-05       1.20226E-05       1.17521E-05       5.41101E-07       5.29535E-10       9.78625E-04       1.15009E-08       5.56488E-09
       1.20226E-05       1.25892E-05       1.23059E-05       5.66600E-07       5.80634E-10       1.02477E-03       1.26107E-08       6.14552E-09
       1.25892E-05       1.31826E-05       1.28859E-05       5.93400E-07       6.36660E-10       1.07290E-03       1.38253E-08       6.78218E-09
       1.31826E-05       1.38038E-05       1.34932E-05       6.21200E-07       6.98065E-10       1.12374E-03       1.51628E-08       7.48024E-09
       1.38038E-05       1.44544E-05       1.41291E-05       6.50600E-07       7.65426E-10       1.17649E-03       1.66228E-08       8.24567E-09
       1.44544E-05       1.51356E-05       1.47950E-05       6.81200E-07       8.39296E-10       1.23208E-03       1.82287E-08       9.08496E-09
       1.51356E-05       1.58489E-05       1.54922E-05       7.13300E-07       9.20224E-10       1.29009E-03       1.99865E-08       1.00052E-08
       1.58489E-05       1.65959E-05       1.62224E-05       7.47000E-07       1.00903E-09       1.35078E-03       2.19129E-08       1.10142E-08
       1.65959E-05       1.73780E-05       1.69869E-05       7.82101E-07       1.10641E-09       1.41466E-03       2.40308E-08       1.21206E-08
       1.73780E-05       1.81970E-05       1.77875E-05       8.19000E-07       1.21310E-09       1.48120E-03       2.63468E-08       1.33337E-08
       1.81970E-05       1.90546E-05       1.86258E-05       8.57599E-07       1.33014E-09       1.55101E-03       2.88887E-08       1.46639E-08
       1.90546E-05       1.99526E-05       1.95036E-05       8.98001E-07       1.45849E-09       1.62415E-03       3.16768E-08       1.61224E-08
       1.99526E-05       2.08930E-05       2.04228E-05       9.40399E-07       1.59924E-09       1.70060E-03       3.47309E-08       1.77216E-08
       2.08930E-05       2.18776E-05       2.13853E-05       9.84600E-07       1.75349E-09       1.78092E-03       3.80854E-08       1.94751E-08
       2.18776E-05       2.29087E-05       2.23932E-05       1.03110E-06       1.92268E-09       1.86468E-03       4.17561E-08       2.13978E-08
       2.29087E-05       2.39883E-05       2.34485E-05       1.07960E-06       2.10817E-09       1.95274E-03       4.57888E-08       2.35059E-08
       2.39883E-05       2.51189E-05       2.45536E-05       1.13060E-06       2.31156E-09       2.04454E-03       5.02008E-08       2.58175E-08
       2.51189E-05       2.63027E-05       2.57108E-05       1.18380E-06       2.53461E-09       2.14108E-03       5.50488E-08       2.83521E-08
       2.63027E-05       2.75423E-05       2.69225E-05       1.23960E-06       2.77910E-09       2.24194E-03       6.03586E-08       3.11312E-08
       2.75423E-05       2.88403E-05       2.81913E-05       1.29800E-06       3.04724E-09       2.34764E-03       6.61831E-08       3.41784E-08
       2.88403E-05       3.01995E-05       2.95199E-05       1.35920E-06       3.34122E-09       2.45822E-03       7.25665E-08       3.75197E-08
       3.01995E-05       3.16228E-05       3.09111E-05       1.42330E-06       3.66356E-09       2.57399E-03       7.95649E-08       4.11832E-08
       3.16228E-05       3.31131E-05       3.23679E-05       1.49030E-06       4.01701E-09       2.69544E-03       8.72459E-08       4.52002E-08
       3.31131E-05       3.46737E-05       3.38934E-05       1.56060E-06       4.39897E-09       2.81877E-03       9.55376E-08       4.95992E-08
       3.46737E-05       3.63078E-05       3.54907E-05       1.63410E-06       4.73337E-09       2.89662E-03       1.02803E-07       5.43326E-08
       3.63078E-05       3.80189E-05       3.71634E-05       1.71110E-06       5.06359E-09       2.95926E-03       1.09976E-07       5.93962E-08
       3.80189E-05       3.98107E-05       3.89148E-05       1.79180E-06       5.41979E-09       3.02478E-03       1.17709E-07       6.48160E-08
       3.98107E-05       4.16869E-05       4.07488E-05       1.87620E-06       5.80401E-09       3.09349E-03       1.26056E-07       7.06200E-08
       4.16869E-05       4.36516E-05       4.26692E-05       1.96470E-06       6.21879E-09       3.16526E-03       1.35059E-07       7.68388E-08
       4.36516E-05       4.57088E-05       4.46802E-05       2.05720E-06       6.66674E-09       3.24068E-03       1.44794E-07       8.35055E-08
       4.57088E-05       4.78630E-05       4.67859E-05       2.15420E-06       7.15073E-09       3.31944E-03       1.55303E-07       9.06562E-08
       4.78630E-05       5.01187E-05       4.89908E-05       2.25570E-06       7.67392E-09       3.40201E-03       1.66668E-07       9.83301E-08
       5.01187E-05       5.24808E-05       5.12998E-05       2.36210E-06       8.23555E-09       3.48654E-03       1.78858E-07       1.06566E-07
       5.24808E-05       5.49541E-05       5.37174E-05       2.47330E-06       8.81699E-09       3.56487E-03       1.91496E-07       1.15383E-07
       5.49541E-05       5.75440E-05       5.62490E-05       2.58990E-06       9.43947E-09       3.64473E-03       2.05012E-07       1.24822E-07
       5.75440E-05       6.02560E-05       5.89000E-05       2.71200E-06       1.01113E-08       3.72835E-03       2.19600E-07       1.34933E-07
       6.02560E-05       6.30957E-05       6.16758E-05       2.83970E-06       1.08366E-08       3.81610E-03       2.35361E-07       1.45770E-07
       6.30957E-05       6.60693E-05       6.45825E-05       2.97360E-06       1.16201E-08       3.90775E-03       2.52372E-07       1.57390E-07
       6.60693E-05       6.91831E-05       6.76262E-05       3.11380E-06       1.24651E-08       4.00317E-03       2.70719E-07       1.69855E-07
       6.91831E-05       7.24436E-05       7.08134E-05       3.26051E-06       1.33426E-08       4.09219E-03       2.89781E-07       1.83198E-07
       7.24436E-05       7.58578E-05       7.41507E-05       3.41420E-06       1.42731E-08       4.18051E-03       3.09988E-07       1.97471E-07
       7.58578E-05       7.94328E-05       7.76453E-05       3.57500E-06       1.52765E-08       4.27315E-03       3.31790E-07       2.12747E-07
       7.94328E-05       8.31764E-05       8.13046E-05       3.74360E-06       1.63593E-08       4.36993E-03       3.55296E-07       2.29107E-07
       8.31764E-05       8.70964E-05       8.51364E-05       3.92000E-06       1.75279E-08       4.47141E-03       3.80679E-07       2.46635E-07
       8.70964E-05       9.12011E-05       8.91488E-05       4.10471E-06       1.87900E-08       4.57767E-03       4.08094E-07       2.65425E-07
       9.12011E-05       9.54993E-05       9.33502E-05       4.29820E-06       2.01537E-08       4.68888E-03       4.37708E-07       2.85578E-07
       9.54993E-05       1.00000E-04       9.77497E-05       4.50070E-06       2.16278E-08       4.80542E-03       4.69728E-07       3.07206E-07
       1.00000E-04       1.04713E-04       1.02356E-04       4.71300E-06       2.32125E-08       4.92520E-03       5.04127E-07       3.30418E-07
       1.04713E-04       1.09648E-04       1.07181E-04       4.93501E-06       2.48529E-08       5.03604E-03       5.39765E-07       3.55271E-07
       1.09648E-04       1.14815E-04       1.12232E-04       5.16700E-06       2.66075E-08       5.14950E-03       5.77936E-07       3.81879E-07
       1.14815E-04       1.20226E-04       1.17520E-04       5.41100E-06       2.84997E-08       5.26699E-03       6.18979E-07       4.10379E-07
       1.20226E-04       1.25892E-04       1.23059E-04       5.66600E-06       3.05438E-08       5.39072E-03       6.63377E-07       4.40922E-07
       1.25892E-04       1.31826E-04       1.28859E-04       5.93401E-06       3.27519E-08       5.51935E-03       7.11218E-07       4.73674E-07
       1.31826E-04       1.38038E-04       1.34932E-04       6.21199E-06       3.51336E-08       5.65577E-03       7.63144E-07       5.08808E-07
       1.38038E-04       1.44544E-04       1.41291E-04       6.50601E-06       3.76128E-08       5.78124E-03       8.16837E-07       5.46421E-07
       1.44544E-04       1.51356E-04       1.47950E-04       6.81200E-06       4.02345E-08       5.90641E-03       8.73853E-07       5.86655E-07
       1.51356E-04       1.58489E-04       1.54922E-04       7.13300E-06       4.30625E-08       6.03708E-03       9.35280E-07       6.29718E-07
       1.58489E-04       1.65959E-04       1.62224E-04       7.47000E-06       4.61135E-08       6.17316E-03       1.00143E-06       6.75831E-07
       1.65959E-04       1.73780E-04       1.69870E-04       7.82100E-06       4.94066E-08       6.31717E-03       1.07310E-06       7.25238E-07
       1.73780E-04       1.81970E-04       1.77875E-04       8.19000E-06       5.29630E-08       6.46679E-03       1.15028E-06       7.78201E-07
       1.81970E-04       1.90546E-04       1.86258E-04       8.57600E-06       5.68056E-08       6.62379E-03       1.23373E-06       8.35006E-07
       1.90546E-04       1.99526E-04       1.95036E-04       8.98000E-06       6.09587E-08       6.78828E-03       1.32396E-06       8.95965E-07
       1.99526E-04       2.08930E-04       2.04228E-04       9.40399E-06       6.54295E-08       6.95763E-03       1.42094E-06       9.61394E-07
       2.08930E-04       2.18776E-04       2.13853E-04       9.84601E-06       7.00621E-08       7.11579E-03       1.52173E-06       1.03146E-06
       2.18776E-04       2.29087E-04       2.23932E-04       1.03110E-05       7.50048E-08       7.27425E-03       1.62893E-06       1.10646E-06
       2.29087E-04       2.39883E-04       2.34485E-04       1.07960E-05       8.03395E-08       7.44161E-03       1.74495E-06       1.18680E-06
       2.39883E-04       2.51189E-04       2.45536E-04       1.13060E-05       8.60984E-08       7.61528E-03       1.86983E-06       1.27290E-06
       2.51189E-04       2.63027E-04       2.57108E-04       1.18380E-05       9.23205E-08       7.79864E-03       2.00509E-06       1.36522E-06
       2.63027E-04       2.75423E-04       2.69225E-04       1.23960E-05       9.90387E-08       7.98957E-03       2.15099E-06       1.46426E-06
       2.75423E-04       2.88403E-04       2.81913E-04       1.29800E-05       1.06095E-07       8.17370E-03       2.30427E-06       1.57035E-06
       2.88403E-04       3.01995E-04       2.95199E-04       1.35920E-05       1.13580E-07       8.35638E-03       2.46679E-06       1.68393E-06
       3.01995E-04       3.16228E-04       3.09111E-04       1.42330E-05       1.21658E-07       8.54761E-03       2.64216E-06       1.80559E-06
       3.16228E-04       3.31131E-04       3.23680E-04       1.49030E-05       1.30379E-07       8.74847E-03       2.83170E-06       1.93597E-06
       3.31131E-04       3.46737E-04       3.38934E-04       1.56060E-05       1.39801E-07       8.95815E-03       3.03622E-06       2.07577E-06
       3.46737E-04       3.63078E-04       3.54908E-04       1.63410E-05       1.49981E-07       9.17819E-03       3.25741E-06       2.22575E-06
       3.63078E-04       3.80189E-04       3.71634E-04       1.71110E-05       1.60987E-07       9.40842E-03       3.49648E-06       2.38674E-06
       3.80189E-04       3.98107E-04       3.89148E-04       1.79180E-05       1.72894E-07       9.64920E-03       3.75497E-06       2.55963E-06
       3.98107E-04       4.16869E-04       4.07488E-04       1.87620E-05       1.85733E-07       9.89944E-03       4.03390E-06       2.74537E-06
       4.16869E-04       4.36516E-04       4.26692E-04       1.96470E-05       1.99094E-07       1.01336E-02       4.32392E-06       2.94446E-06
       4.36516E-04       4.57088E-04       4.46802E-04       2.05720E-05       2.13352E-07       1.03710E-02       4.63377E-06       3.15781E-06
       4.57088E-04       4.78630E-04       4.67859E-04       2.15420E-05       2.28750E-07       1.06188E-02       4.96810E-06       3.38656E-06
       4.78630E-04       5.01187E-04       4.89909E-04       2.25570E-05       2.45390E-07       1.08787E-02       5.32954E-06       3.63195E-06
       5.01187E-04       5.24808E-04       5.12998E-04       2.36210E-05       2.63380E-07       1.11503E-02       5.72006E-06       3.89533E-06
       5.24808E-04       5.49541E-04       5.37175E-04       2.47330E-05       2.82825E-07       1.14351E-02       6.14265E-06       4.17816E-06
       5.49541E-04       5.75440E-04       5.62491E-04       2.58990E-05       3.03145E-07       1.17049E-02       6.58389E-06       4.48130E-06
       5.75440E-04       6.02560E-04       5.89000E-04       2.71200E-05       3.24538E-07       1.19668E-02       7.04842E-06       4.80584E-06
       6.02560E-04       6.30957E-04       6.16758E-04       2.83970E-05       3.47623E-07       1.22416E-02       7.55008E-06       5.15346E-06
       6.30957E-04       6.60693E-04       6.45825E-04       2.97360E-05       3.72549E-07       1.25285E-02       8.09125E-06       5.52601E-06
       6.60693E-04       6.91831E-04       6.76262E-04       3.11380E-05       3.99475E-07       1.28292E-02       8.67588E-06       5.92549E-06
       6.91831E-04       7.24436E-04       7.08133E-04       3.26050E-05       4.28570E-07       1.31443E-02       9.30794E-06       6.35406E-06
       7.24436E-04       7.58578E-04       7.41507E-04       3.41420E-05       4.60029E-07       1.34740E-02       9.99105E-06       6.81409E-06
       7.58578E-04       7.94328E-04       7.76453E-04       3.57500E-05       4.94057E-07       1.38198E-02       1.07304E-05       7.30814E-06
       7.94328E-04       8.31764E-04       8.13046E-04       3.74360E-05       5.30778E-07       1.41783E-02       1.15276E-05       7.83892E-06
       8.31764E-04       8.70964E-04       8.51364E-04       3.92000E-05       5.68901E-07       1.45128E-02       1.23557E-05       8.40782E-06
       8.70964E-04       9.12011E-04       8.91487E-04       4.10470E-05       6.09439E-07       1.48473E-02       1.32362E-05       9.01726E-06
       9.12011E-04       9.54993E-04       9.33502E-04       4.29820E-05       6.53213E-07       1.51974E-02       1.41868E-05       9.67047E-06
       9.54993E-04       1.00000E-03       9.77497E-04       4.50070E-05       7.00498E-07       1.55642E-02       1.52139E-05       1.03710E-05
       1.00000E-03       1.04713E-03       1.02356E-03       4.71300E-05       7.51618E-07       1.59478E-02       1.63236E-05       1.11226E-05
       1.04713E-03       1.09648E-03       1.07180E-03       4.93500E-05       8.06842E-07       1.63494E-02       1.75234E-05       1.19294E-05
       1.09648E-03       1.14815E-03       1.12231E-03       5.16700E-05       8.64746E-07       1.67359E-02       1.87830E-05       1.27942E-05
       1.14815E-03       1.20226E-03       1.17520E-03       5.41100E-05       9.25493E-07       1.71039E-02       2.01006E-05       1.37197E-05
       1.20226E-03       1.25892E-03       1.23059E-03       5.66600E-05       9.91072E-07       1.74915E-02       2.15249E-05       1.47107E-05
       1.25892E-03       1.31826E-03       1.28859E-03       5.93400E-05       1.06186E-06       1.78945E-02       2.30587E-05       1.57726E-05
       1.31826E-03       1.38038E-03       1.34932E-03       6.21200E-05       1.13827E-06       1.83237E-02       2.47246E-05       1.69109E-05
       1.38038E-03       1.44544E-03       1.41291E-03       6.50599E-05       1.22086E-06       1.87652E-02       2.65136E-05       1.81317E-05
       1.44544E-03       1.51356E-03       1.47950E-03       6.81201E-05       1.31011E-06       1.92324E-02       2.84543E-05       1.94418E-05
       1.51356E-03       1.58489E-03       1.54923E-03       7.13300E-05       1.40665E-06       1.97203E-02       3.05512E-05       2.08485E-05
       1.58489E-03       1.65959E-03       1.62224E-03       7.47000E-05       1.51088E-06       2.02259E-02       3.28113E-05       2.23594E-05
       1.65959E-03       1.73780E-03       1.69870E-03       7.82101E-05       1.61926E-06       2.07040E-02       3.51698E-05       2.39786E-05
       1.73780E-03       1.81970E-03       1.77875E-03       8.18999E-05       1.73425E-06       2.11753E-02       3.76655E-05       2.57129E-05
       1.81970E-03       1.90546E-03       1.86258E-03       8.57600E-05       1.85841E-06       2.16699E-02       4.03619E-05       2.75713E-05
       1.90546E-03       1.99526E-03       1.95036E-03       8.98001E-05       1.99248E-06       2.21879E-02       4.32745E-05       2.95638E-05
       1.99526E-03       2.08930E-03       2.04228E-03       9.40400E-05       2.13739E-06       2.27286E-02       4.64181E-05       3.17012E-05
       2.08930E-03       2.18776E-03       2.13853E-03       9.84600E-05       2.29402E-06       2.32990E-02       4.98257E-05       3.39952E-05
       2.18776E-03       2.29087E-03       2.23932E-03       1.03110E-04       2.45848E-06       2.38433E-02       5.33926E-05       3.64537E-05
       2.29087E-03       2.39883E-03       2.34485E-03       1.07960E-04       2.63069E-06       2.43673E-02       5.71377E-05       3.90844E-05
       2.39883E-03       2.51189E-03       2.45536E-03       1.13060E-04       2.81642E-06       2.49109E-02       6.11651E-05       4.19008E-05
       2.51189E-03       2.63027E-03       2.57108E-03       1.18380E-04       3.01688E-06       2.54847E-02       6.55231E-05       4.49177E-05
       2.63027E-03       2.75423E-03       2.69225E-03       1.23960E-04       3.23330E-06       2.60834E-02       7.02230E-05       4.81510E-05
       2.75423E-03       2.88403E-03       2.81913E-03       1.29800E-04       3.46708E-06       2.67109E-02       7.53015E-05       5.16180E-05
       2.88403E-03       3.01995E-03       2.95199E-03       1.35920E-04       3.71971E-06       2.73670E-02       8.07870E-05       5.53378E-05
       3.01995E-03       3.16228E-03       3.09112E-03       1.42330E-04       3.99289E-06       2.80537E-02       8.67173E-05       5.93306E-05
       3.16228E-03       3.31131E-03       3.23679E-03       1.49030E-04       4.28774E-06       2.87710E-02       9.31258E-05       6.36184E-05
       3.31131E-03       3.46737E-03       3.38934E-03       1.56060E-04       4.58804E-06       2.93992E-02       9.96439E-05       6.82064E-05
       3.46737E-03       3.63078E-03       3.54907E-03       1.63410E-04       4.90131E-06       2.99940E-02       1.06451E-04       7.31077E-05
       3.63078E-03       3.80189E-03       3.71633E-03       1.71110E-04       5.23872E-06       3.06161E-02       1.13780E-04       7.83465E-05
       3.80189E-03       3.98107E-03       3.89148E-03       1.79180E-04       5.60233E-06       3.12665E-02       1.21673E-04       8.39488E-05
       3.98107E-03       4.16869E-03       4.07488E-03       1.87620E-04       5.99430E-06       3.19492E-02       1.30189E-04       8.99431E-05
       4.16869E-03       4.36516E-03       4.26693E-03       1.96470E-04       6.41708E-06       3.26619E-02       1.39366E-04       9.63602E-05
       4.36516E-03       4.57088E-03       4.46802E-03       2.05720E-04       6.86224E-06       3.33572E-02       1.49041E-04       1.03222E-04
       4.57088E-03       4.78630E-03       4.67859E-03       2.15420E-04       7.32746E-06       3.40148E-02       1.59141E-04       1.10550E-04
       4.78630E-03       5.01187E-03       4.89909E-03       2.25570E-04       7.82810E-06       3.47036E-02       1.70016E-04       1.18378E-04
       5.01187E-03       5.24807E-03       5.12997E-03       2.36200E-04       8.36733E-06       3.54248E-02       1.81728E-04       1.26745E-04
       5.24807E-03       5.49541E-03       5.37174E-03       2.47340E-04       8.94835E-06       3.61783E-02       1.94340E-04       1.35694E-04
       5.49541E-03       5.75440E-03       5.62491E-03       2.58990E-04       9.57481E-06       3.69698E-02       2.07952E-04       1.45268E-04
       5.75440E-03       6.02560E-03       5.89000E-03       2.71200E-04       1.02505E-05       3.77969E-02       2.22624E-04       1.55519E-04
       6.02560E-03       6.30957E-03       6.16759E-03       2.83970E-04       1.09797E-05       3.86651E-02       2.38470E-04       1.66499E-04
       6.30957E-03       6.60693E-03       6.45825E-03       2.97360E-04       1.17664E-05       3.95697E-02       2.55551E-04       1.78265E-04
       6.60693E-03       6.91831E-03       6.76262E-03       3.11380E-04       1.25881E-05       4.04269E-02       2.73392E-04       1.90853E-04
       6.91831E-03       7.24436E-03       7.08133E-03       3.26050E-04       1.34554E-05       4.12679E-02       2.92232E-04       2.04309E-04
       7.24436E-03       7.58578E-03       7.41507E-03       3.41420E-04       1.43900E-05       4.21475E-02       3.12527E-04       2.18699E-04
       7.58578E-03       7.94328E-03       7.76453E-03       3.57500E-04       1.53975E-05       4.30700E-02       3.34418E-04       2.34096E-04
       7.94328E-03       8.31764E-03       8.13046E-03       3.74360E-04       1.64845E-05       4.40338E-02       3.58015E-04       2.50581E-04
       8.31764E-03       8.70964E-03       8.51364E-03       3.92000E-04       1.76574E-05       4.50444E-02       3.83492E-04       2.68238E-04
       8.70964E-03       9.12011E-03       8.91487E-03       4.10471E-04       1.88879E-05       4.60153E-02       4.10220E-04       2.87126E-04
       9.12011E-03       9.54993E-03       9.33502E-03       4.29819E-04       2.01585E-05       4.69000E-02       4.37812E-04       3.07284E-04
       9.54993E-03       1.00000E-02       9.77496E-03       4.50070E-04       2.15244E-05       4.78244E-02       4.67482E-04       3.28809E-04
       1.00000E-02       1.04713E-02       1.02357E-02       4.71300E-04       2.29949E-05       4.87904E-02       4.99401E-04       3.51804E-04
       1.04713E-02       1.09648E-02       1.07180E-02       4.93500E-04       2.45780E-05       4.98034E-02       5.33795E-04       3.76382E-04
       1.09648E-02       1.14815E-02       1.12232E-02       5.16700E-04       2.62850E-05       5.08709E-02       5.70932E-04       4.02667E-04
       1.14815E-02       1.20226E-02       1.17521E-02       5.41100E-04       2.81241E-05       5.19758E-02       6.10822E-04       4.30791E-04
       1.20226E-02       1.25892E-02       1.23059E-02       5.66601E-04       3.01090E-05       5.31397E-02       6.53932E-04       4.60900E-04
       1.25892E-02       1.31826E-02       1.28859E-02       5.93399E-04       3.22495E-05       5.43470E-02       7.00310E-04       4.93149E-04
       1.31826E-02       1.38038E-02       1.34932E-02       6.21200E-04       3.44617E-05       5.54760E-02       7.48549E-04       5.27611E-04
       1.38038E-02       1.44544E-02       1.41291E-02       6.50601E-04       3.67676E-05       5.65133E-02       7.98482E-04       5.64379E-04
       1.44544E-02       1.51356E-02       1.47950E-02       6.81199E-04       3.92466E-05       5.76140E-02       8.52399E-04       6.03625E-04
       1.51356E-02       1.58489E-02       1.54923E-02       7.13301E-04       4.19154E-05       5.87626E-02       9.10366E-04       6.45541E-04
       1.58489E-02       1.65959E-02       1.62224E-02       7.47000E-04       4.47888E-05       5.99583E-02       9.72667E-04       6.90329E-04
       1.65959E-02       1.73780E-02       1.69870E-02       7.82100E-04       4.78840E-05       6.12250E-02       1.04003E-03       7.38213E-04
       1.73780E-02       1.81970E-02       1.77875E-02       8.19000E-04       5.11306E-05       6.24306E-02       1.11048E-03       7.89344E-04
       1.81970E-02       1.90546E-02       1.86258E-02       8.57600E-04       5.44574E-05       6.34998E-02       1.18273E-03       8.43801E-04
       1.90546E-02       1.99526E-02       1.95036E-02       8.98000E-04       5.80230E-05       6.46136E-02       1.26020E-03       9.01825E-04
       1.99526E-02       2.08930E-02       2.04228E-02       9.40400E-04       6.18542E-05       6.57743E-02       1.34330E-03       9.63679E-04
       2.08930E-02       2.18776E-02       2.13853E-02       9.84600E-04       6.59714E-05       6.70033E-02       1.43288E-03       1.02965E-03
       2.18776E-02       2.29087E-02       2.23931E-02       1.03110E-03       7.03979E-05       6.82746E-02       1.52888E-03       1.10005E-03
       2.29087E-02       2.39883E-02       2.34485E-02       1.07960E-03       7.51604E-05       6.96186E-02       1.63245E-03       1.17521E-03
       2.39883E-02       2.51189E-02       2.45536E-02       1.13060E-03       8.02868E-05       7.10125E-02       1.74361E-03       1.25550E-03
       2.51189E-02       2.63027E-02       2.57108E-02       1.18380E-03       8.58071E-05       7.24846E-02       1.86364E-03       1.34130E-03
       2.63027E-02       2.75423E-02       2.69225E-02       1.23960E-03       9.15941E-05       7.38899E-02       1.98930E-03       1.43290E-03
       2.75423E-02       2.88403E-02       2.81913E-02       1.29800E-03       9.76668E-05       7.52441E-02       2.12123E-03       1.53056E-03
       2.88403E-02       3.01995E-02       2.95199E-02       1.35920E-03       1.04194E-04       7.66587E-02       2.26296E-03       1.63476E-03
       3.01995E-02       3.16228E-02       3.09112E-02       1.42330E-03       1.11216E-04       7.81397E-02       2.41539E-03       1.74597E-03
       3.16228E-02       3.31131E-02       3.23680E-02       1.49030E-03       1.18772E-04       7.96966E-02       2.57961E-03       1.86475E-03
       3.31131E-02       3.46737E-02       3.38934E-02       1.56060E-03       1.26909E-04       8.13204E-02       2.75623E-03       1.99165E-03
       3.46737E-02       3.63078E-02       3.54908E-02       1.63410E-03       1.35380E-04       8.28469E-02       2.94030E-03       2.12703E-03
       3.63078E-02       3.80189E-02       3.71633E-02       1.71110E-03       1.43838E-04       8.40616E-02       3.12401E-03       2.27087E-03
       3.80189E-02       3.98107E-02       3.89148E-02       1.79180E-03       1.52863E-04       8.53125E-02       3.31992E-03       2.42374E-03
       3.98107E-02       4.16869E-02       4.07488E-02       1.87620E-03       1.62530E-04       8.66272E-02       3.52995E-03       2.58627E-03
       4.16869E-02       4.36516E-02       4.26693E-02       1.96470E-03       1.72890E-04       8.79978E-02       3.75480E-03       2.75915E-03
       4.36516E-02       4.57088E-02       4.46802E-02       2.05720E-03       1.84000E-04       8.94418E-02       3.99628E-03       2.94315E-03
       4.57088E-02       4.78630E-02       4.67859E-02       2.15420E-03       1.95917E-04       9.09467E-02       4.25503E-03       3.13907E-03
       4.78630E-02       5.01187E-02       4.89908E-02       2.25570E-03       2.08710E-04       9.25258E-02       4.53292E-03       3.34778E-03
       5.01187E-02       5.24808E-02       5.12998E-02       2.36210E-03       2.22449E-04       9.41742E-02       4.83111E-03       3.57023E-03
       5.24808E-02       5.49541E-02       5.37174E-02       2.47330E-03       2.36774E-04       9.57320E-02       5.14248E-03       3.80701E-03
       5.49541E-02       5.75440E-02       5.62491E-02       2.58990E-03       2.51647E-04       9.71648E-02       5.46543E-03       4.05865E-03
       5.75440E-02       6.02560E-02       5.89000E-02       2.71200E-03       2.67575E-04       9.86635E-02       5.81128E-03       4.32623E-03
       6.02560E-02       6.30957E-02       6.16758E-02       2.83970E-03       2.84646E-04       1.00238E-01       6.18226E-03       4.61087E-03
       6.30957E-02       6.60693E-02       6.45825E-02       2.97360E-03       3.02952E-04       1.01881E-01       6.57971E-03       4.91383E-03
       6.60693E-02       6.91831E-02       6.76262E-02       3.11380E-03       3.22594E-04       1.03601E-01       7.00615E-03       5.23642E-03
       6.91831E-02       7.24436E-02       7.08134E-02       3.26050E-03       3.43425E-04       1.05329E-01       7.45870E-03       5.57984E-03
       7.24436E-02       7.58578E-02       7.41507E-02       3.41420E-03       3.65115E-04       1.06940E-01       7.92969E-03       5.94496E-03
       7.58578E-02       7.94328E-02       7.76453E-02       3.57500E-03       3.88314E-04       1.08619E-01       8.43378E-03       6.33327E-03
       7.94328E-02       8.31764E-02       8.13046E-02       3.74360E-03       4.13186E-04       1.10371E-01       8.97369E-03       6.74646E-03
       8.31764E-02       8.70964E-02       8.51364E-02       3.92000E-03       4.39862E-04       1.12210E-01       9.55313E-03       7.18632E-03
       8.70964E-02       9.12011E-02       8.91488E-02       4.10470E-03       4.69442E-04       1.14367E-01       1.01957E-02       7.65576E-03
       9.12011E-02       9.54993E-02       9.33502E-02       4.29820E-03       5.02772E-04       1.16973E-01       1.09194E-02       8.15853E-03
       9.54993E-02       1.00000E-01       9.77497E-02       4.50070E-03       5.40872E-04       1.20175E-01       1.17471E-02       8.69941E-03
       1.00000E-01       1.04713E-01       1.02357E-01       4.71300E-03       5.86344E-04       1.24410E-01       1.27342E-02       9.28575E-03
       1.04713E-01       1.09648E-01       1.07180E-01       4.93500E-03       6.35133E-04       1.28700E-01       1.37941E-02       9.92088E-03
       1.09648E-01       1.14815E-01       1.12231E-01       5.16700E-03       6.87074E-04       1.32973E-01       1.49238E-02       1.06080E-02
       1.14815E-01       1.20226E-01       1.17520E-01       5.41100E-03       7.43532E-04       1.37411E-01       1.61486E-02       1.13515E-02
       1.20226E-01       1.25892E-01       1.23059E-01       5.66600E-03       8.05006E-04       1.42077E-01       1.74838E-02       1.21565E-02
       1.25892E-01       1.31826E-01       1.28859E-01       5.93400E-03       8.71920E-04       1.46936E-01       1.89341E-02       1.30284E-02
       1.31826E-01       1.38038E-01       1.34932E-01       6.21200E-03       9.44756E-04       1.52086E-01       2.05212E-02       1.39732E-02
       1.38038E-01       1.44544E-01       1.41291E-01       6.50600E-03       1.02309E-03       1.57254E-01       2.22186E-02       1.49963E-02
       1.44544E-01       1.51356E-01       1.47950E-01       6.81200E-03       1.10508E-03       1.62226E-01       2.40013E-02       1.61013E-02
       1.51356E-01       1.58489E-01       1.54923E-01       7.13300E-03       1.19393E-03       1.67382E-01       2.59312E-02       1.72953E-02
       1.58489E-01       1.65959E-01       1.62224E-01       7.47000E-03       1.29052E-03       1.72760E-01       2.80259E-02       1.85858E-02
       1.65959E-01       1.73780E-01       1.69869E-01       7.82100E-03       1.39554E-03       1.78435E-01       3.03107E-02       1.99813E-02
       1.73780E-01       1.81970E-01       1.77875E-01       8.19000E-03       1.50828E-03       1.84161E-01       3.27576E-02       2.14896E-02
       1.81970E-01       1.90546E-01       1.86258E-01       8.57600E-03       1.62806E-03       1.89839E-01       3.53591E-02       2.31177E-02
       1.90546E-01       1.99526E-01       1.95036E-01       8.98000E-03       1.75763E-03       1.95728E-01       3.81739E-02       2.48753E-02
       1.99526E-01       2.08930E-01       2.04228E-01       9.40400E-03       1.95225E-03       2.07597E-01       4.23972E-02       2.68276E-02
       2.08930E-01       2.18776E-01       2.13853E-01       9.84600E-03       2.29402E-03       2.32990E-01       4.98255E-02       2.91216E-02
       2.18776E-01       2.29087E-01       2.23931E-01       1.03110E-02       2.69843E-03       2.61704E-01       5.86038E-02       3.18200E-02
       2.29087E-01       2.39883E-01       2.34485E-01       1.07960E-02       3.15093E-03       2.91861E-01       6.84370E-02       3.49709E-02
       2.39883E-01       2.51189E-01       2.45536E-01       1.13060E-02       3.65239E-03       3.23049E-01       7.93201E-02       3.86233E-02
       2.51189E-01       2.63027E-01       2.57108E-01       1.18380E-02       4.19124E-03       3.54049E-01       9.10289E-02       4.28146E-02
       2.63027E-01       2.75423E-01       2.69225E-01       1.23960E-02       4.78736E-03       3.86202E-01       1.03975E-01       4.76019E-02
       2.75423E-01       2.88403E-01       2.81913E-01       1.29800E-02       5.44194E-03       4.19255E-01       1.18194E-01       5.30439E-02
       2.88403E-01       3.01995E-01       2.95199E-01       1.35920E-02       6.13804E-03       4.51592E-01       1.33310E-01       5.91819E-02
       3.01995E-01       3.16228E-01       3.09112E-01       1.42330E-02       6.90596E-03       4.85208E-01       1.49983E-01       6.60879E-02
       3.16228E-01       3.31131E-01       3.23680E-01       1.49030E-02       7.75622E-03       5.20447E-01       1.68458E-01       7.38441E-02
       3.31131E-01       3.46737E-01       3.38934E-01       1.56060E-02       8.69687E-03       5.57277E-01       1.88880E-01       8.25409E-02
       3.46737E-01       3.63078E-01       3.54908E-01       1.63410E-02       9.70364E-03       5.93821E-01       2.10752E-01       9.22446E-02
       3.63078E-01       3.80189E-01       3.71633E-01       1.71110E-02       1.07881E-02       6.30478E-01       2.34307E-01       1.03033E-01
       3.80189E-01       3.98107E-01       3.89148E-01       1.79180E-02       1.19842E-02       6.68837E-01       2.60277E-01       1.15017E-01
       3.98107E-01       4.16869E-01       4.07488E-01       1.87620E-02       1.32981E-02       7.08779E-01       2.88819E-01       1.28315E-01
       4.16869E-01       4.36516E-01       4.26692E-01       1.96470E-02       1.46813E-02       7.47254E-01       3.18848E-01       1.42996E-01
       4.36516E-01       4.57088E-01       4.46802E-01       2.05720E-02       1.61795E-02       7.86483E-01       3.51402E-01       1.59176E-01
       4.57088E-01       4.78630E-01       4.67859E-01       2.15420E-02       1.78260E-02       8.27499E-01       3.87153E-01       1.77002E-01
       4.78630E-01       5.01187E-01       4.89909E-01       2.25570E-02       1.96353E-02       8.70476E-01       4.26454E-01       1.96637E-01
       5.01187E-01       5.24808E-01       5.12998E-01       2.36210E-02       2.16236E-02       9.15439E-01       4.69618E-01       2.18261E-01
       5.24808E-01       5.49541E-01       5.37174E-01       2.47330E-02       2.38085E-02       9.62621E-01       5.17095E-01       2.42069E-01
       5.49541E-01       5.75440E-01       5.62490E-01       2.58990E-02       2.62174E-02       1.01229E+00       5.69405E-01       2.68287E-01
       5.75440E-01       6.02560E-01       5.89000E-01       2.71200E-02       2.88670E-02       1.06442E+00       6.26941E-01       2.97154E-01
       6.02560E-01       6.30957E-01       6.16758E-01       2.83970E-02       3.26393E-02       1.14939E+00       7.08898E-01       3.29793E-01
       6.30957E-01       6.60693E-01       6.45825E-01       2.97360E-02       4.44307E-02       1.49417E+00       9.64973E-01       3.74224E-01
       6.60693E-01       6.91831E-01       6.76262E-01       3.11380E-02       3.45798E-02       1.11053E+00       7.51011E-01       4.08803E-01
       6.91831E-01       7.24436E-01       7.08133E-01       3.26050E-02       3.40959E-02       1.04573E+00       7.40514E-01       4.42899E-01
       7.24436E-01       7.58578E-01       7.41507E-01       3.41420E-02       3.36510E-02       9.85620E-01       7.30844E-01       4.76550E-01
       7.58578E-01       7.94328E-01       7.76453E-01       3.57500E-02       3.32911E-02       9.31221E-01       7.23049E-01       5.09841E-01
       7.94328E-01       8.31764E-01       8.13046E-01       3.74360E-02       3.28255E-02       8.76844E-01       7.12914E-01       5.42667E-01
       8.31764E-01       8.70964E-01       8.51364E-01       3.92000E-02       3.22874E-02       8.23658E-01       7.01233E-01       5.74954E-01
       8.70964E-01       9.12011E-01       8.91487E-01       4.10470E-02       3.15303E-02       7.68150E-01       6.84796E-01       6.06485E-01
       9.12011E-01       9.54993E-01       9.33502E-01       4.29820E-02       3.05177E-02       7.10010E-01       6.62796E-01       6.37002E-01
       9.54993E-01       1.00000E+00       9.77497E-01       4.50070E-02       2.92162E-02       6.49147E-01       6.34539E-01       6.66218E-01
       1.00000E+00       1.04713E+00       1.02357E+00       4.71300E-02       2.75893E-02       5.85387E-01       5.99182E-01       6.93808E-01
       1.04713E+00       1.09648E+00       1.07181E+00       4.93500E-02       2.56642E-02       5.20044E-01       5.57386E-01       7.19472E-01
       1.09648E+00       1.14815E+00       1.12231E+00       5.16700E-02       2.35750E-02       4.56262E-01       5.12069E-01       7.43047E-01
       1.14815E+00       1.20226E+00       1.17520E+00       5.41100E-02       2.10941E-02       3.89837E-01       4.58138E-01       7.64141E-01
       1.20226E+00       1.25892E+00       1.23059E+00       5.66600E-02       1.82796E-02       3.22620E-01       3.97012E-01       7.82421E-01
       1.25892E+00       1.31826E+00       1.28859E+00       5.93400E-02       1.50489E-02       2.53604E-01       3.26792E-01       7.97469E-01
       1.31826E+00       1.38038E+00       1.34932E+00       6.21200E-02       1.27613E-02       2.05430E-01       2.77190E-01       8.10231E-01
       1.38038E+00       1.44544E+00       1.41291E+00       6.50600E-02       1.24389E-02       1.91191E-01       2.70136E-01       8.22670E-01
       1.44544E+00       1.51356E+00       1.47950E+00       6.81200E-02       1.20663E-02       1.77133E-01       2.62069E-01       8.34736E-01
       1.51356E+00       1.58489E+00       1.54923E+00       7.13300E-02       1.15840E-02       1.62400E-01       2.51594E-01       8.46320E-01
       1.58489E+00       1.65959E+00       1.62224E+00       7.47000E-02       1.09774E-02       1.46953E-01       2.38393E-01       8.57297E-01
       1.65959E+00       1.73780E+00       1.69869E+00       7.82100E-02       1.04676E-02       1.33839E-01       2.27352E-01       8.67765E-01
       1.73780E+00       1.81970E+00       1.77875E+00       8.19000E-02       1.04650E-02       1.27777E-01       2.27284E-01       8.78230E-01
       1.81970E+00       1.90546E+00       1.86258E+00       8.57600E-02       1.04558E-02       1.21920E-01       2.27085E-01       8.88686E-01
       1.90546E+00       1.99526E+00       1.95036E+00       8.98000E-02       1.03962E-02       1.15770E-01       2.25793E-01       8.99082E-01
       1.99526E+00       2.08930E+00       2.04228E+00       9.40400E-02       1.02172E-02       1.08647E-01       2.21888E-01       9.09299E-01
       2.08930E+00       2.18776E+00       2.13853E+00       9.84600E-02       9.92497E-03       1.00802E-01       2.15568E-01       9.19224E-01
       2.18776E+00       2.29087E+00       2.23932E+00       1.03110E-01       9.53986E-03       9.25212E-02       2.07184E-01       9.28764E-01
       2.29087E+00       2.39883E+00       2.34485E+00       1.07960E-01       9.00303E-03       8.33923E-02       1.95542E-01       9.37767E-01
       2.39883E+00       2.51189E+00       2.45536E+00       1.13060E-01       8.33005E-03       7.36781E-02       1.80906E-01       9.46097E-01
       2.51189E+00       2.63027E+00       2.57108E+00       1.18380E-01       7.60985E-03       6.42833E-02       1.65277E-01       9.53707E-01
       2.63027E+00       2.75423E+00       2.69225E+00       1.23960E-01       6.83925E-03       5.51730E-02       1.48539E-01       9.60546E-01
       2.75423E+00       2.88403E+00       2.81913E+00       1.29800E-01       6.09190E-03       4.69329E-02       1.32310E-01       9.66638E-01
       2.88403E+00       3.01995E+00       2.95199E+00       1.35920E-01       5.38612E-03       3.96271E-02       1.16979E-01       9.72024E-01
       3.01995E+00       3.16228E+00       3.09111E+00       1.42330E-01       4.78468E-03       3.36168E-02       1.03913E-01       9.76809E-01
       3.16228E+00       3.31131E+00       3.23679E+00       1.49030E-01       4.23448E-03       2.84136E-02       9.19691E-02       9.81043E-01
       3.31131E+00       3.46737E+00       3.38934E+00       1.56060E-01       3.77825E-03       2.42102E-02       8.20567E-02       9.84821E-01
       3.46737E+00       3.63078E+00       3.54908E+00       1.63410E-01       3.35980E-03       2.05606E-02       7.29709E-02       9.88181E-01
       3.63078E+00       3.80189E+00       3.71633E+00       1.71110E-01       2.94655E-03       1.72202E-02       6.39961E-02       9.91128E-01
       3.80189E+00       3.98107E+00       3.89148E+00       1.79180E-01       2.51468E-03       1.40344E-02       5.46145E-02       9.93642E-01
       3.98107E+00       4.16869E+00       4.07488E+00       1.87620E-01       2.04728E-03       1.09118E-02       4.44644E-02       9.95690E-01
       4.16869E+00       4.36516E+00       4.26692E+00       1.96470E-01       1.56016E-03       7.94095E-03       3.38835E-02       9.97250E-01
       4.36516E+00       4.57088E+00       4.46802E+00       2.05720E-01       1.10818E-03       5.38684E-03       2.40685E-02       9.98358E-01
       4.57088E+00       4.78630E+00       4.67859E+00       2.15420E-01       7.48959E-04       3.47674E-03       1.62662E-02       9.99107E-01
       4.78630E+00       5.00000E+00       4.89315E+00       2.13700E-01       4.69133E-04       2.19529E-03       1.07419E-02       9.99576E-01
       5.00000E+00       5.20000E+00       5.10000E+00       2.00000E-01       2.68213E-04       1.34106E-03       6.83943E-03       9.99844E-01
       5.20000E+00       5.40000E+00       5.30000E+00       2.00000E-01       1.44451E-04       7.22255E-04       3.82795E-03       9.99989E-01
       5.40000E+00       5.60000E+00       5.50000E+00       2.00000E-01       1.07354E-05       5.36771E-05       2.95224E-04       9.99999E-01

 Sum =                                                                         9.99999E-01
 Renormalization bin#   971 =                                                  1.45932E-01 barn        1.90000E+07        1.92000E+07        1.91000E+07
 Avg. Energy     bin#   971 =                                                  1.00194E+00 MeV         1.90000E+07        1.92000E+07
