"        MT= 91 recoil spectrum "
" Initial neutron energy corresponds to the group:"
   2.46000E+01    2.48000E+01       0.00000E+00           615           911           297



          Low               High              Mid              Energy           Number             dn/de            E*dn/de          Cumulative
         Energy            Energy            Energy             Width          Fraction                               Sum   
         [MeV]             [MeV]             [MeV]              [MeV]

       9.97500E-06       1.00000E-05       9.98750E-06       2.49996E-08       0.00000E+00       0.00000E+00       0.00000E+00       0.00000E+00
       1.00000E-05       1.04713E-05       1.02356E-05       4.71300E-07       1.66890E-10       3.54106E-04       3.62451E-09       1.66890E-10
       1.04713E-05       1.09648E-05       1.07180E-05       4.93500E-07       1.82988E-10       3.70797E-04       3.97422E-09       3.49879E-10
       1.09648E-05       1.14815E-05       1.12232E-05       5.16700E-07       2.00647E-10       3.88325E-04       4.35823E-09       5.50526E-10
       1.14815E-05       1.20226E-05       1.17521E-05       5.41101E-07       2.19990E-10       4.06560E-04       4.77791E-09       7.70516E-10
       1.20226E-05       1.25892E-05       1.23059E-05       5.66600E-07       2.41227E-10       4.25745E-04       5.23918E-09       1.01174E-09
       1.25892E-05       1.31826E-05       1.28859E-05       5.93400E-07       2.64494E-10       4.45726E-04       5.74358E-09       1.27624E-09
       1.31826E-05       1.38038E-05       1.34932E-05       6.21200E-07       2.90012E-10       4.66858E-04       6.29941E-09       1.56625E-09
       1.38038E-05       1.44544E-05       1.41291E-05       6.50600E-07       3.17994E-10       4.88771E-04       6.90589E-09       1.88424E-09
       1.44544E-05       1.51356E-05       1.47950E-05       6.81200E-07       3.48675E-10       5.11853E-04       7.57287E-09       2.23292E-09
       1.51356E-05       1.58489E-05       1.54922E-05       7.13300E-07       3.82309E-10       5.35972E-04       8.30342E-09       2.61523E-09
       1.58489E-05       1.65959E-05       1.62224E-05       7.47000E-07       4.19199E-10       5.61177E-04       9.10363E-09       3.03443E-09
       1.65959E-05       1.73780E-05       1.69869E-05       7.82101E-07       4.59634E-10       5.87691E-04       9.98308E-09       3.49406E-09
       1.73780E-05       1.81970E-05       1.77875E-05       8.19000E-07       5.03982E-10       6.15362E-04       1.09458E-08       3.99804E-09
       1.81970E-05       1.90546E-05       1.86258E-05       8.57599E-07       5.52611E-10       6.44369E-04       1.20019E-08       4.55065E-09
       1.90546E-05       1.99526E-05       1.95036E-05       8.98001E-07       6.05922E-10       6.74745E-04       1.31600E-08       5.15657E-09
       1.99526E-05       2.08930E-05       2.04228E-05       9.40399E-07       6.64384E-10       7.06491E-04       1.44285E-08       5.82096E-09
       2.08930E-05       2.18776E-05       2.13853E-05       9.84600E-07       7.28486E-10       7.39880E-04       1.58226E-08       6.54944E-09
       2.18776E-05       2.29087E-05       2.23932E-05       1.03110E-06       7.98765E-10       7.74672E-04       1.73473E-08       7.34821E-09
       2.29087E-05       2.39883E-05       2.34485E-05       1.07960E-06       8.75822E-10       8.11248E-04       1.90225E-08       8.22403E-09
       2.39883E-05       2.51189E-05       2.45536E-05       1.13060E-06       9.60316E-10       8.49386E-04       2.08555E-08       9.18435E-09
       2.51189E-05       2.63027E-05       2.57108E-05       1.18380E-06       1.05298E-09       8.89492E-04       2.28695E-08       1.02373E-08
       2.63027E-05       2.75423E-05       2.69225E-05       1.23960E-06       1.15452E-09       9.31365E-04       2.50747E-08       1.13918E-08
       2.75423E-05       2.88403E-05       2.81913E-05       1.29800E-06       1.26600E-09       9.75348E-04       2.74963E-08       1.26578E-08
       2.88403E-05       3.01995E-05       2.95199E-05       1.35920E-06       1.38808E-09       1.02125E-03       3.01471E-08       1.40459E-08
       3.01995E-05       3.16228E-05       3.09111E-05       1.42330E-06       1.52197E-09       1.06932E-03       3.30540E-08       1.55679E-08
       3.16228E-05       3.31131E-05       3.23679E-05       1.49030E-06       1.66879E-09       1.11977E-03       3.62447E-08       1.72367E-08
       3.31131E-05       3.46737E-05       3.38934E-05       1.56060E-06       1.82988E-09       1.17255E-03       3.97417E-08       1.90666E-08
       3.46737E-05       3.63078E-05       3.54907E-05       1.63410E-06       2.00636E-09       1.22781E-03       4.35758E-08       2.10729E-08
       3.63078E-05       3.80189E-05       3.71634E-05       1.71110E-06       2.20001E-09       1.28573E-03       4.77819E-08       2.32729E-08
       3.80189E-05       3.98107E-05       3.89148E-05       1.79180E-06       2.41227E-09       1.34629E-03       5.23904E-08       2.56852E-08
       3.98107E-05       4.16869E-05       4.07488E-05       1.87620E-06       2.64494E-09       1.40973E-03       5.74448E-08       2.83301E-08
       4.16869E-05       4.36516E-05       4.26692E-05       1.96470E-06       2.90012E-09       1.47611E-03       6.29847E-08       3.12303E-08
       4.36516E-05       4.57088E-05       4.46802E-05       2.05720E-06       3.15999E-09       1.53606E-03       6.86316E-08       3.43903E-08
       4.57088E-05       4.78630E-05       4.67859E-05       2.15420E-06       3.38374E-09       1.57076E-03       7.34896E-08       3.77740E-08
       4.78630E-05       5.01187E-05       4.89908E-05       2.25570E-06       3.62053E-09       1.60506E-03       7.86331E-08       4.13945E-08
       5.01187E-05       5.24808E-05       5.12998E-05       2.36210E-06       3.87593E-09       1.64088E-03       8.41769E-08       4.52704E-08
       5.24808E-05       5.49541E-05       5.37174E-05       2.47330E-06       4.15163E-09       1.67858E-03       9.01690E-08       4.94221E-08
       5.49541E-05       5.75440E-05       5.62490E-05       2.58990E-06       4.44929E-09       1.71794E-03       9.66326E-08       5.38714E-08
       5.75440E-05       6.02560E-05       5.89000E-05       2.71200E-06       4.77081E-09       1.75915E-03       1.03614E-07       5.86422E-08
       6.02560E-05       6.30957E-05       6.16758E-05       2.83970E-06       5.11819E-09       1.80237E-03       1.11163E-07       6.37604E-08
       6.30957E-05       6.60693E-05       6.45825E-05       2.97360E-06       5.49389E-09       1.84756E-03       1.19320E-07       6.92543E-08
       6.60693E-05       6.91831E-05       6.76262E-05       3.11380E-06       5.89077E-09       1.89183E-03       1.27937E-07       7.51450E-08
       6.91831E-05       7.24436E-05       7.08134E-05       3.26051E-06       6.30482E-09       1.93369E-03       1.36931E-07       8.14498E-08
       7.24436E-05       7.58578E-05       7.41507E-05       3.41420E-06       6.75142E-09       1.97745E-03       1.46629E-07       8.82013E-08
       7.58578E-05       7.94328E-05       7.76453E-05       3.57500E-06       7.23336E-09       2.02332E-03       1.57101E-07       9.54346E-08
       7.94328E-05       8.31764E-05       8.13046E-05       3.74360E-06       7.75387E-09       2.07124E-03       1.68401E-07       1.03188E-07
       8.31764E-05       8.70964E-05       8.51364E-05       3.92000E-06       8.31631E-09       2.12151E-03       1.80618E-07       1.11505E-07
       8.70964E-05       9.12011E-05       8.91488E-05       4.10471E-06       8.91664E-09       2.17230E-03       1.93658E-07       1.20421E-07
       9.12011E-05       9.54993E-05       9.33502E-05       4.29820E-06       9.53794E-09       2.21906E-03       2.07149E-07       1.29959E-07
       9.54993E-05       1.00000E-04       9.77497E-05       4.50070E-06       1.02053E-08       2.26749E-03       2.21646E-07       1.40165E-07
       1.00000E-04       1.04713E-04       1.02356E-04       4.71300E-06       1.09251E-08       2.31808E-03       2.37271E-07       1.51090E-07
       1.04713E-04       1.09648E-04       1.07181E-04       4.93501E-06       1.17016E-08       2.37114E-03       2.54140E-07       1.62791E-07
       1.09648E-04       1.14815E-04       1.12232E-04       5.16700E-06       1.25405E-08       2.42704E-03       2.72390E-07       1.75332E-07
       1.14815E-04       1.20226E-04       1.17520E-04       5.41100E-06       1.34460E-08       2.48494E-03       2.92031E-07       1.88778E-07
       1.20226E-04       1.25892E-04       1.23059E-04       5.66600E-06       1.44251E-08       2.54591E-03       3.13297E-07       2.03203E-07
       1.25892E-04       1.31826E-04       1.28859E-04       5.93401E-06       1.54836E-08       2.60929E-03       3.36231E-07       2.18687E-07
       1.31826E-04       1.38038E-04       1.34932E-04       6.21199E-06       1.66043E-08       2.67294E-03       3.60665E-07       2.35291E-07
       1.38038E-04       1.44544E-04       1.41291E-04       6.50601E-06       1.77720E-08       2.73162E-03       3.85954E-07       2.53063E-07
       1.44544E-04       1.51356E-04       1.47950E-04       6.81200E-06       1.90299E-08       2.79359E-03       4.13312E-07       2.72093E-07
       1.51356E-04       1.58489E-04       1.54922E-04       7.13300E-06       2.03883E-08       2.85830E-03       4.42815E-07       2.92481E-07
       1.58489E-04       1.65959E-04       1.62224E-04       7.47000E-06       2.18549E-08       2.92569E-03       4.74618E-07       3.14336E-07
       1.65959E-04       1.73780E-04       1.69870E-04       7.82100E-06       2.34394E-08       2.99699E-03       5.09097E-07       3.37775E-07
       1.73780E-04       1.81970E-04       1.77875E-04       8.19000E-06       2.51341E-08       3.06887E-03       5.45876E-07       3.62910E-07
       1.81970E-04       1.90546E-04       1.86258E-04       8.57600E-06       2.68871E-08       3.13515E-03       5.83947E-07       3.89797E-07
       1.90546E-04       1.99526E-04       1.95036E-04       8.98000E-06       2.87673E-08       3.20349E-03       6.24796E-07       4.18564E-07
       1.99526E-04       2.08930E-04       2.04228E-04       9.40399E-06       3.07959E-08       3.27477E-03       6.68799E-07       4.49360E-07
       2.08930E-04       2.18776E-04       2.13853E-04       9.84601E-06       3.29848E-08       3.35007E-03       7.16423E-07       4.82345E-07
       2.18776E-04       2.29087E-04       2.23932E-04       1.03110E-05       3.53477E-08       3.42816E-03       7.67672E-07       5.17692E-07
       2.29087E-04       2.39883E-04       2.34485E-04       1.07960E-05       3.79001E-08       3.51057E-03       8.23177E-07       5.55592E-07
       2.39883E-04       2.51189E-04       2.45536E-04       1.13060E-05       4.06582E-08       3.59616E-03       8.82988E-07       5.96251E-07
       2.51189E-04       2.63027E-04       2.57108E-04       1.18380E-05       4.36407E-08       3.68649E-03       9.47826E-07       6.39891E-07
       2.63027E-04       2.75423E-04       2.69225E-04       1.23960E-05       4.68072E-08       3.77599E-03       1.01659E-06       6.86699E-07
       2.75423E-04       2.88403E-04       2.81913E-04       1.29800E-05       5.00988E-08       3.85969E-03       1.08810E-06       7.36797E-07
       2.88403E-04       3.01995E-04       2.95199E-04       1.35920E-05       5.36448E-08       3.94680E-03       1.16509E-06       7.90442E-07
       3.01995E-04       3.16228E-04       3.09111E-04       1.42330E-05       5.74723E-08       4.03796E-03       1.24818E-06       8.47915E-07
       3.16228E-04       3.31131E-04       3.23680E-04       1.49030E-05       6.16052E-08       4.13374E-03       1.33801E-06       9.09520E-07
       3.31131E-04       3.46737E-04       3.38934E-04       1.56060E-05       6.60712E-08       4.23371E-03       1.43495E-06       9.75591E-07
       3.46737E-04       3.63078E-04       3.54908E-04       1.63410E-05       7.08873E-08       4.33800E-03       1.53959E-06       1.04648E-06
       3.63078E-04       3.80189E-04       3.71634E-04       1.71110E-05       7.60424E-08       4.44407E-03       1.65156E-06       1.12252E-06
       3.80189E-04       3.98107E-04       3.89148E-04       1.79180E-05       8.16079E-08       4.55452E-03       1.77238E-06       1.20413E-06
       3.98107E-04       4.16869E-04       4.07488E-04       1.87620E-05       8.76264E-08       4.67042E-03       1.90314E-06       1.29175E-06
       4.16869E-04       4.36516E-04       4.26692E-04       1.96470E-05       9.41381E-08       4.79147E-03       2.04449E-06       1.38589E-06
       4.36516E-04       4.57088E-04       4.46802E-04       2.05720E-05       1.01187E-07       4.91867E-03       2.19767E-06       1.48708E-06
       4.57088E-04       4.78630E-04       4.67859E-04       2.15420E-05       1.08820E-07       5.05151E-03       2.36340E-06       1.59590E-06
       4.78630E-04       5.01187E-04       4.89909E-04       2.25570E-05       1.17088E-07       5.19078E-03       2.54301E-06       1.71299E-06
       5.01187E-04       5.24808E-04       5.12998E-04       2.36210E-05       1.26051E-07       5.33639E-03       2.73755E-06       1.83904E-06
       5.24808E-04       5.49541E-04       5.37175E-04       2.47330E-05       1.35623E-07       5.48346E-03       2.94557E-06       1.97466E-06
       5.49541E-04       5.75440E-04       5.62491E-04       2.58990E-05       1.45615E-07       5.62241E-03       3.16255E-06       2.12028E-06
       5.75440E-04       6.02560E-04       5.89000E-04       2.71200E-05       1.56404E-07       5.76711E-03       3.39683E-06       2.27668E-06
       6.02560E-04       6.30957E-04       6.16758E-04       2.83970E-05       1.68079E-07       5.91889E-03       3.65053E-06       2.44476E-06
       6.30957E-04       6.60693E-04       6.45825E-04       2.97360E-05       1.80720E-07       6.07747E-03       3.92498E-06       2.62548E-06
       6.60693E-04       6.91831E-04       6.76262E-04       3.11380E-05       1.94412E-07       6.24356E-03       4.22228E-06       2.81989E-06
       6.91831E-04       7.24436E-04       7.08133E-04       3.26050E-05       2.09131E-07       6.41409E-03       4.54203E-06       3.02902E-06
       7.24436E-04       7.58578E-04       7.41507E-04       3.41420E-05       2.24337E-07       6.57071E-03       4.87223E-06       3.25336E-06
       7.58578E-04       7.94328E-04       7.76453E-04       3.57500E-05       2.40633E-07       6.73099E-03       5.22630E-06       3.49399E-06
       7.94328E-04       8.31764E-04       8.13046E-04       3.74360E-05       2.58250E-07       6.89843E-03       5.60874E-06       3.75224E-06
       8.31764E-04       8.70964E-04       8.51364E-04       3.92000E-05       2.77301E-07       7.07400E-03       6.02255E-06       4.02954E-06
       8.70964E-04       9.12011E-04       8.91487E-04       4.10470E-05       2.97914E-07       7.25788E-03       6.47031E-06       4.32746E-06
       9.12011E-04       9.54993E-04       9.33502E-04       4.29820E-05       3.20227E-07       7.45027E-03       6.95484E-06       4.64768E-06
       9.54993E-04       1.00000E-03       9.77497E-04       4.50070E-05       3.44389E-07       7.65190E-03       7.47970E-06       4.99207E-06
       1.00000E-03       1.04713E-03       1.02356E-03       4.71300E-05       3.70569E-07       7.86269E-03       8.04798E-06       5.36264E-06
       1.04713E-03       1.09648E-03       1.07180E-03       4.93500E-05       3.98511E-07       8.07520E-03       8.65504E-06       5.76115E-06
       1.09648E-03       1.14815E-03       1.12231E-03       5.16700E-05       4.27483E-07       8.27332E-03       9.28528E-06       6.18864E-06
       1.14815E-03       1.20226E-03       1.17520E-03       5.41100E-05       4.58674E-07       8.47670E-03       9.96185E-06       6.64731E-06
       1.20226E-03       1.25892E-03       1.23059E-03       5.66600E-05       4.92421E-07       8.69080E-03       1.06948E-05       7.13973E-06
       1.25892E-03       1.31826E-03       1.28859E-03       5.93400E-05       5.28926E-07       8.91349E-03       1.14858E-05       7.66866E-06
       1.31826E-03       1.38038E-03       1.34932E-03       6.21200E-05       5.68418E-07       9.15032E-03       1.23467E-05       8.23708E-06
       1.38038E-03       1.44544E-03       1.41291E-03       6.50599E-05       6.10932E-07       9.39029E-03       1.32676E-05       8.84801E-06
       1.44544E-03       1.51356E-03       1.47950E-03       6.81201E-05       6.54861E-07       9.61332E-03       1.42229E-05       9.50287E-06
       1.51356E-03       1.58489E-03       1.54923E-03       7.13300E-05       7.01851E-07       9.83950E-03       1.52436E-05       1.02047E-05
       1.58489E-03       1.65959E-03       1.62224E-03       7.47000E-05       7.52608E-07       1.00751E-02       1.63442E-05       1.09573E-05
       1.65959E-03       1.73780E-03       1.69870E-03       7.82101E-05       8.07459E-07       1.03242E-02       1.75377E-05       1.17648E-05
       1.73780E-03       1.81970E-03       1.77875E-03       8.18999E-05       8.66764E-07       1.05832E-02       1.88249E-05       1.26315E-05
       1.81970E-03       1.90546E-03       1.86258E-03       8.57600E-05       9.30920E-07       1.08549E-02       2.02182E-05       1.35625E-05
       1.90546E-03       1.99526E-03       1.95036E-03       8.98001E-05       1.00034E-06       1.11396E-02       2.17262E-05       1.45628E-05
       1.99526E-03       2.08930E-03       2.04228E-03       9.40400E-05       1.07551E-06       1.14367E-02       2.33569E-05       1.56383E-05
       2.08930E-03       2.18776E-03       2.13853E-03       9.84600E-05       1.15591E-06       1.17399E-02       2.51062E-05       1.67942E-05
       2.18776E-03       2.29087E-03       2.23932E-03       1.03110E-04       1.23916E-06       1.20178E-02       2.69116E-05       1.80334E-05
       2.29087E-03       2.39883E-03       2.34485E-03       1.07960E-04       1.32870E-06       1.23073E-02       2.88589E-05       1.93621E-05
       2.39883E-03       2.51189E-03       2.45536E-03       1.13060E-04       1.42548E-06       1.26082E-02       3.09576E-05       2.07876E-05
       2.51189E-03       2.63027E-03       2.57108E-03       1.18380E-04       1.53013E-06       1.29255E-02       3.32326E-05       2.23177E-05
       2.63027E-03       2.75423E-03       2.69225E-03       1.23960E-04       1.64332E-06       1.32568E-02       3.56907E-05       2.39610E-05
       2.75423E-03       2.88403E-03       2.81913E-03       1.29800E-04       1.76520E-06       1.35994E-02       3.83384E-05       2.57262E-05
       2.88403E-03       3.01995E-03       2.95199E-03       1.35920E-04       1.89132E-06       1.39150E-02       4.10769E-05       2.76175E-05
       3.01995E-03       3.16228E-03       3.09112E-03       1.42330E-04       2.02592E-06       1.42339E-02       4.39987E-05       2.96434E-05
       3.16228E-03       3.31131E-03       3.23679E-03       1.49030E-04       2.17122E-06       1.45690E-02       4.71570E-05       3.18147E-05
       3.31131E-03       3.46737E-03       3.38934E-03       1.56060E-04       2.32821E-06       1.49187E-02       5.05645E-05       3.41429E-05
       3.46737E-03       3.63078E-03       3.54907E-03       1.63410E-04       2.49783E-06       1.52857E-02       5.42501E-05       3.66407E-05
       3.63078E-03       3.80189E-03       3.71633E-03       1.71110E-04       2.68125E-06       1.56697E-02       5.82340E-05       3.93220E-05
       3.80189E-03       3.98107E-03       3.89148E-03       1.79180E-04       2.87966E-06       1.60713E-02       6.25413E-05       4.22016E-05
       3.98107E-03       4.16869E-03       4.07488E-03       1.87620E-04       3.09436E-06       1.64927E-02       6.72058E-05       4.52960E-05
       4.16869E-03       4.36516E-03       4.26693E-03       1.96470E-04       3.32254E-06       1.69112E-02       7.21587E-05       4.86185E-05
       4.36516E-03       4.57088E-03       4.46802E-03       2.05720E-04       3.55032E-06       1.72581E-02       7.71094E-05       5.21689E-05
       4.57088E-03       4.78630E-03       4.67859E-03       2.15420E-04       3.79317E-06       1.76083E-02       8.23818E-05       5.59620E-05
       4.78630E-03       5.01187E-03       4.89909E-03       2.25570E-04       4.05474E-06       1.79755E-02       8.80635E-05       6.00168E-05
       5.01187E-03       5.24807E-03       5.12997E-03       2.36200E-04       4.33665E-06       1.83601E-02       9.41867E-05       6.43534E-05
       5.24807E-03       5.49541E-03       5.37174E-03       2.47340E-04       4.64057E-06       1.87619E-02       1.00784E-04       6.89940E-05
       5.49541E-03       5.75440E-03       5.62491E-03       2.58990E-04       4.96732E-06       1.91796E-02       1.07883E-04       7.39613E-05
       5.75440E-03       6.02560E-03       5.89000E-03       2.71200E-04       5.30572E-06       1.95638E-02       1.15231E-04       7.92670E-05
       6.02560E-03       6.30957E-03       6.16759E-03       2.83970E-04       5.66535E-06       1.99505E-02       1.23047E-04       8.49324E-05
       6.30957E-03       6.60693E-03       6.45825E-03       2.97360E-04       6.05253E-06       2.03542E-02       1.31452E-04       9.09849E-05
       6.60693E-03       6.91831E-03       6.76262E-03       3.11380E-04       6.46955E-06       2.07770E-02       1.40507E-04       9.74545E-05
       6.91831E-03       7.24436E-03       7.08133E-03       3.26050E-04       6.91892E-06       2.12204E-02       1.50269E-04       1.04373E-04
       7.24436E-03       7.58578E-03       7.41507E-03       3.41420E-04       7.40342E-06       2.16842E-02       1.60790E-04       1.11777E-04
       7.58578E-03       7.94328E-03       7.76453E-03       3.57500E-04       7.92601E-06       2.21707E-02       1.72145E-04       1.19703E-04
       7.94328E-03       8.31764E-03       8.13046E-03       3.74360E-04       8.49004E-06       2.26788E-02       1.84389E-04       1.28193E-04
       8.31764E-03       8.70964E-03       8.51364E-03       3.92000E-04       9.09413E-06       2.31993E-02       1.97511E-04       1.37287E-04
       8.70964E-03       9.12011E-03       8.91487E-03       4.10471E-04       9.72006E-06       2.36803E-02       2.11107E-04       1.47007E-04
       9.12011E-03       9.54993E-03       9.33502E-03       4.29819E-04       1.03902E-05       2.41735E-02       2.25660E-04       1.57397E-04
       9.54993E-03       1.00000E-02       9.77496E-03       4.50070E-04       1.11124E-05       2.46904E-02       2.41348E-04       1.68510E-04
       1.00000E-02       1.04713E-02       1.02357E-02       4.71300E-04       1.18912E-05       2.52307E-02       2.58253E-04       1.80401E-04
       1.04713E-02       1.09648E-02       1.07180E-02       4.93500E-04       1.27309E-05       2.57972E-02       2.76496E-04       1.93132E-04
       1.09648E-02       1.14815E-02       1.12232E-02       5.16700E-04       1.36359E-05       2.63904E-02       2.96184E-04       2.06768E-04
       1.14815E-02       1.20226E-02       1.17521E-02       5.41100E-04       1.45822E-05       2.69492E-02       3.16709E-04       2.21350E-04
       1.20226E-02       1.25892E-02       1.23059E-02       5.66601E-04       1.55910E-05       2.75168E-02       3.38619E-04       2.36941E-04
       1.25892E-02       1.31826E-02       1.28859E-02       5.93399E-04       1.66784E-05       2.81066E-02       3.62179E-04       2.53619E-04
       1.31826E-02       1.38038E-02       1.34932E-02       6.21200E-04       1.78505E-05       2.87354E-02       3.87733E-04       2.71470E-04
       1.38038E-02       1.44544E-02       1.41291E-02       6.50601E-04       1.91158E-05       2.93818E-02       4.15138E-04       2.90586E-04
       1.44544E-02       1.51356E-02       1.47950E-02       6.81199E-04       2.04809E-05       3.00659E-02       4.44826E-04       3.11067E-04
       1.51356E-02       1.58489E-02       1.54923E-02       7.13301E-04       2.19557E-05       3.07804E-02       4.76858E-04       3.33022E-04
       1.58489E-02       1.65959E-02       1.62224E-02       7.47000E-04       2.35490E-05       3.15248E-02       5.11408E-04       3.56571E-04
       1.65959E-02       1.73780E-02       1.69870E-02       7.82100E-04       2.52582E-05       3.22953E-02       5.48599E-04       3.81829E-04
       1.73780E-02       1.81970E-02       1.77875E-02       8.19000E-04       2.70198E-05       3.29912E-02       5.86832E-04       4.08849E-04
       1.81970E-02       1.90546E-02       1.86258E-02       8.57600E-04       2.89024E-05       3.37016E-02       6.27718E-04       4.37752E-04
       1.90546E-02       1.99526E-02       1.95036E-02       8.98000E-04       3.09322E-05       3.44457E-02       6.71815E-04       4.68684E-04
       1.99526E-02       2.08930E-02       2.04228E-02       9.40400E-04       3.31227E-05       3.52220E-02       7.19331E-04       5.01807E-04
       2.08930E-02       2.18776E-02       2.13853E-02       9.84600E-04       3.54870E-05       3.60420E-02       7.70770E-04       5.37294E-04
       2.18776E-02       2.29087E-02       2.23931E-02       1.03110E-03       3.80337E-05       3.68865E-02       8.26006E-04       5.75327E-04
       2.29087E-02       2.39883E-02       2.34485E-02       1.07960E-03       4.06423E-05       3.76456E-02       8.82734E-04       6.15970E-04
       2.39883E-02       2.51189E-02       2.45536E-02       1.13060E-03       4.33852E-05       3.83736E-02       9.42211E-04       6.59355E-04
       2.51189E-02       2.63027E-02       2.57108E-02       1.18380E-03       4.63377E-05       3.91432E-02       1.00640E-03       7.05693E-04
       2.63027E-02       2.75423E-02       2.69225E-02       1.23960E-03       4.95166E-05       3.99455E-02       1.07543E-03       7.55209E-04
       2.75423E-02       2.88403E-02       2.81913E-02       1.29800E-03       5.29411E-05       4.07867E-02       1.14983E-03       8.08150E-04
       2.88403E-02       3.01995E-02       2.95199E-02       1.35920E-03       5.66323E-05       4.16659E-02       1.22997E-03       8.64782E-04
       3.01995E-02       3.16228E-02       3.09112E-02       1.42330E-03       6.06130E-05       4.25862E-02       1.31639E-03       9.25396E-04
       3.16228E-02       3.31131E-02       3.23680E-02       1.49030E-03       6.49076E-05       4.35533E-02       1.40973E-03       9.90303E-04
       3.31131E-02       3.46737E-02       3.38934E-02       1.56060E-03       6.95193E-05       4.45466E-02       1.50984E-03       1.05982E-03
       3.46737E-02       3.63078E-02       3.54908E-02       1.63410E-03       7.42927E-05       4.54639E-02       1.61355E-03       1.13412E-03
       3.63078E-02       3.80189E-02       3.71633E-02       1.71110E-03       7.93861E-05       4.63949E-02       1.72419E-03       1.21350E-03
       3.80189E-02       3.98107E-02       3.89148E-02       1.79180E-03       8.48738E-05       4.73679E-02       1.84331E-03       1.29837E-03
       3.98107E-02       4.16869E-02       4.07488E-02       1.87620E-03       9.07879E-05       4.83893E-02       1.97181E-03       1.38916E-03
       4.16869E-02       4.36516E-02       4.26693E-02       1.96470E-03       9.71656E-05       4.94556E-02       2.11023E-03       1.48633E-03
       4.36516E-02       4.57088E-02       4.46802E-02       2.05720E-03       1.04034E-04       5.05707E-02       2.25951E-03       1.59036E-03
       4.57088E-02       4.78630E-02       4.67859E-02       2.15420E-03       1.11004E-04       5.15291E-02       2.41083E-03       1.70137E-03
       4.78630E-02       5.01187E-02       4.89908E-02       2.25570E-03       1.18253E-04       5.24243E-02       2.56831E-03       1.81962E-03
       5.01187E-02       5.24808E-02       5.12998E-02       2.36210E-03       1.26039E-04       5.33590E-02       2.73731E-03       1.94566E-03
       5.24808E-02       5.49541E-02       5.37174E-02       2.47330E-03       1.34405E-04       5.43424E-02       2.91914E-03       2.08006E-03
       5.49541E-02       5.75440E-02       5.62491E-02       2.58990E-03       1.43400E-04       5.53688E-02       3.11444E-03       2.22346E-03
       5.75440E-02       6.02560E-02       5.89000E-02       2.71200E-03       1.53075E-04       5.64437E-02       3.32453E-03       2.37654E-03
       6.02560E-02       6.30957E-02       6.16758E-02       2.83970E-03       1.63488E-04       5.75722E-02       3.55081E-03       2.54003E-03
       6.30957E-02       6.60693E-02       6.45825E-02       2.97360E-03       1.74700E-04       5.87502E-02       3.79424E-03       2.71473E-03
       6.60693E-02       6.91831E-02       6.76262E-02       3.11380E-03       1.86724E-04       5.99666E-02       4.05531E-03       2.90145E-03
       6.91831E-02       7.24436E-02       7.08134E-02       3.26050E-03       1.99107E-04       6.10663E-02       4.32431E-03       3.10056E-03
       7.24436E-02       7.58578E-02       7.41507E-02       3.41420E-03       2.12253E-04       6.21677E-02       4.60978E-03       3.31281E-03
       7.58578E-02       7.94328E-02       7.76453E-02       3.57500E-03       2.26381E-04       6.33233E-02       4.91676E-03       3.53919E-03
       7.94328E-02       8.31764E-02       8.13046E-02       3.74360E-03       2.41575E-04       6.45301E-02       5.24659E-03       3.78077E-03
       8.31764E-02       8.70964E-02       8.51364E-02       3.92000E-03       2.57920E-04       6.57958E-02       5.60162E-03       4.03869E-03
       8.70964E-02       9.12011E-02       8.91488E-02       4.10470E-03       2.75504E-04       6.71190E-02       5.98358E-03       4.31419E-03
       9.12011E-02       9.54993E-02       9.33502E-02       4.29820E-03       2.93955E-04       6.83904E-02       6.38426E-03       4.60814E-03
       9.54993E-02       1.00000E-01       9.77497E-02       4.50070E-03       3.13476E-04       6.96505E-02       6.80831E-03       4.92162E-03
       1.00000E-01       1.04713E-01       1.02357E-01       4.71300E-03       3.34466E-04       7.09667E-02       7.26390E-03       5.25609E-03
       1.04713E-01       1.09648E-01       1.07180E-01       4.93500E-03       3.57035E-04       7.23474E-02       7.75424E-03       5.61312E-03
       1.09648E-01       1.14815E-01       1.12231E-01       5.16700E-03       3.81432E-04       7.38207E-02       8.28501E-03       5.99455E-03
       1.14815E-01       1.20226E-01       1.17520E-01       5.41100E-03       4.09217E-04       7.56268E-02       8.88770E-03       6.40377E-03
       1.20226E-01       1.25892E-01       1.23059E-01       5.66600E-03       4.40009E-04       7.76578E-02       9.55650E-03       6.84378E-03
       1.25892E-01       1.31826E-01       1.28859E-01       5.93400E-03       4.76646E-04       8.03246E-02       1.03505E-02       7.32042E-03
       1.31826E-01       1.38038E-01       1.34932E-01       6.21200E-03       5.18078E-04       8.33995E-02       1.12533E-02       7.83850E-03
       1.38038E-01       1.44544E-01       1.41291E-01       6.50600E-03       5.61927E-04       8.63706E-02       1.22034E-02       8.40043E-03
       1.44544E-01       1.51356E-01       1.47950E-01       6.81200E-03       6.09221E-04       8.94334E-02       1.32317E-02       9.00965E-03
       1.51356E-01       1.58489E-01       1.54923E-01       7.13300E-03       6.60765E-04       9.26349E-02       1.43512E-02       9.67042E-03
       1.58489E-01       1.65959E-01       1.62224E-01       7.47000E-03       7.16939E-04       9.59758E-02       1.55696E-02       1.03874E-02
       1.65959E-01       1.73780E-01       1.69869E-01       7.82100E-03       7.78170E-04       9.94975E-02       1.69016E-02       1.11655E-02
       1.73780E-01       1.81970E-01       1.77875E-01       8.19000E-03       8.44910E-04       1.03164E-01       1.83502E-02       1.20104E-02
       1.81970E-01       1.90546E-01       1.86258E-01       8.57600E-03       9.15354E-04       1.06734E-01       1.98801E-02       1.29258E-02
       1.90546E-01       1.99526E-01       1.95036E-01       8.98000E-03       9.90167E-04       1.10264E-01       2.15054E-02       1.39160E-02
       1.99526E-01       2.08930E-01       2.04228E-01       9.40400E-03       1.07158E-03       1.13949E-01       2.32716E-02       1.49875E-02
       2.08930E-01       2.18776E-01       2.13853E-01       9.84600E-03       1.16017E-03       1.17832E-01       2.51987E-02       1.61477E-02
       2.18776E-01       2.29087E-01       2.23931E-01       1.03110E-02       1.25649E-03       1.21859E-01       2.72882E-02       1.74042E-02
       2.29087E-01       2.39883E-01       2.34485E-01       1.07960E-02       1.35864E-03       1.25847E-01       2.95092E-02       1.87628E-02
       2.39883E-01       2.51189E-01       2.45536E-01       1.13060E-02       1.46844E-03       1.29882E-01       3.18907E-02       2.02313E-02
       2.51189E-01       2.63027E-01       2.57108E-01       1.18380E-02       1.59180E-03       1.34465E-01       3.45721E-02       2.18231E-02
       2.63027E-01       2.75423E-01       2.69225E-01       1.23960E-02       1.87207E-03       1.51022E-01       4.06589E-02       2.36952E-02
       2.75423E-01       2.88403E-01       2.81913E-01       1.29800E-02       2.27964E-03       1.75627E-01       4.95116E-02       2.59748E-02
       2.88403E-01       3.01995E-01       2.95199E-01       1.35920E-02       2.74410E-03       2.01891E-01       5.95980E-02       2.87189E-02
       3.01995E-01       3.16228E-01       3.09112E-01       1.42330E-02       3.26493E-03       2.29391E-01       7.09075E-02       3.19838E-02
       3.16228E-01       3.31131E-01       3.23680E-01       1.49030E-02       3.83510E-03       2.57337E-01       8.32948E-02       3.58189E-02
       3.31131E-01       3.46737E-01       3.38934E-01       1.56060E-02       4.45450E-03       2.85435E-01       9.67436E-02       4.02734E-02
       3.46737E-01       3.63078E-01       3.54908E-01       1.63410E-02       5.14499E-03       3.14852E-01       1.11743E-01       4.54184E-02
       3.63078E-01       3.80189E-01       3.71633E-01       1.71110E-02       5.89035E-03       3.44244E-01       1.27933E-01       5.13088E-02
       3.80189E-01       3.98107E-01       3.89148E-01       1.79180E-02       6.69605E-03       3.73705E-01       1.45427E-01       5.80048E-02
       3.98107E-01       4.16869E-01       4.07488E-01       1.87620E-02       7.59060E-03       4.04573E-01       1.64859E-01       6.55954E-02
       4.16869E-01       4.36516E-01       4.26692E-01       1.96470E-02       8.58314E-03       4.36868E-01       1.86408E-01       7.41786E-02
       4.36516E-01       4.57088E-01       4.46802E-01       2.05720E-02       9.67598E-03       4.70347E-01       2.10152E-01       8.38545E-02
       4.57088E-01       4.78630E-01       4.67859E-01       2.15420E-02       1.08347E-02       5.02958E-01       2.35314E-01       9.46893E-02
       4.78630E-01       5.01187E-01       4.89909E-01       2.25570E-02       1.21055E-02       5.36663E-01       2.62916E-01       1.06795E-01
       5.01187E-01       5.24808E-01       5.12998E-01       2.36210E-02       1.35095E-02       5.71929E-01       2.93398E-01       1.20304E-01
       5.24808E-01       5.49541E-01       5.37174E-01       2.47330E-02       1.50332E-02       6.07818E-01       3.26504E-01       1.35337E-01
       5.49541E-01       5.75440E-01       5.62490E-01       2.58990E-02       1.66389E-02       6.42452E-01       3.61373E-01       1.51976E-01
       5.75440E-01       6.02560E-01       5.89000E-01       2.71200E-02       1.84018E-02       6.78534E-01       3.99657E-01       1.70378E-01
       6.02560E-01       6.30957E-01       6.16758E-01       2.83970E-02       2.03423E-02       7.16355E-01       4.41818E-01       1.90720E-01
       6.30957E-01       6.60693E-01       6.45825E-01       2.97360E-02       2.24778E-02       7.55911E-01       4.88187E-01       2.13198E-01
       6.60693E-01       6.91831E-01       6.76262E-01       3.11380E-02       2.48275E-02       7.97338E-01       5.39209E-01       2.38026E-01
       6.91831E-01       7.24436E-01       7.08133E-01       3.26050E-02       2.74175E-02       8.40898E-01       5.95468E-01       2.65443E-01
       7.24436E-01       7.58578E-01       7.41507E-01       3.41420E-02       3.02806E-02       8.86902E-01       6.57644E-01       2.95724E-01
       7.58578E-01       7.94328E-01       7.76453E-01       3.57500E-02       3.35001E-02       9.37066E-01       7.27588E-01       3.29224E-01
       7.94328E-01       8.31764E-01       8.13046E-01       3.74360E-02       4.53445E-02       1.21125E+00       9.84806E-01       3.74568E-01
       8.31764E-01       8.70964E-01       8.51364E-01       3.92000E-02       4.33657E-02       1.10627E+00       9.41837E-01       4.17934E-01
       8.70964E-01       9.12011E-01       8.91487E-01       4.10470E-02       3.81460E-02       9.29324E-01       8.28481E-01       4.56080E-01
       9.12011E-01       9.54993E-01       9.33502E-01       4.29820E-02       3.75866E-02       8.74474E-01       8.16323E-01       4.93667E-01
       9.54993E-01       1.00000E+00       9.77497E-01       4.50070E-02       3.70169E-02       8.22469E-01       8.03960E-01       5.30684E-01
       1.00000E+00       1.04713E+00       1.02357E+00       4.71300E-02       3.64361E-02       7.73099E-01       7.91317E-01       5.67120E-01
       1.04713E+00       1.09648E+00       1.07181E+00       4.93500E-02       3.57627E-02       7.24674E-01       7.76709E-01       6.02882E-01
       1.09648E+00       1.14815E+00       1.12231E+00       5.16700E-02       3.49185E-02       6.75799E-01       7.58459E-01       6.37801E-01
       1.14815E+00       1.20226E+00       1.17520E+00       5.41100E-02       3.37886E-02       6.24443E-01       7.33849E-01       6.71590E-01
       1.20226E+00       1.25892E+00       1.23059E+00       5.66600E-02       3.23392E-02       5.70760E-01       7.02371E-01       7.03929E-01
       1.25892E+00       1.31826E+00       1.28859E+00       5.93400E-02       3.05278E-02       5.14455E-01       6.62921E-01       7.34457E-01
       1.31826E+00       1.38038E+00       1.34932E+00       6.21200E-02       2.83101E-02       4.55733E-01       6.14930E-01       7.62767E-01
       1.38038E+00       1.44544E+00       1.41291E+00       6.50600E-02       2.58437E-02       3.97228E-01       5.61248E-01       7.88610E-01
       1.44544E+00       1.51356E+00       1.47950E+00       6.81200E-02       2.30694E-02       3.38659E-01       5.01045E-01       8.11680E-01
       1.51356E+00       1.58489E+00       1.54923E+00       7.13300E-02       1.98170E-02       2.77822E-01       4.30408E-01       8.31497E-01
       1.58489E+00       1.65959E+00       1.62224E+00       7.47000E-02       1.61804E-02       2.16606E-01       3.51386E-01       8.47677E-01
       1.65959E+00       1.73780E+00       1.69869E+00       7.82100E-02       1.21637E-02       1.55526E-01       2.64191E-01       8.59841E-01
       1.73780E+00       1.81970E+00       1.77875E+00       8.19000E-02       1.07851E-02       1.31686E-01       2.34237E-01       8.70626E-01
       1.81970E+00       1.90546E+00       1.86258E+00       8.57600E-02       1.04252E-02       1.21563E-01       2.26420E-01       8.81051E-01
       1.90546E+00       1.99526E+00       1.95036E+00       8.98000E-02       9.96452E-03       1.10963E-01       2.16419E-01       8.91016E-01
       1.99526E+00       2.08930E+00       2.04228E+00       9.40400E-02       9.39043E-03       9.98557E-02       2.03933E-01       9.00406E-01
       2.08930E+00       2.18776E+00       2.13853E+00       9.84600E-02       8.69772E-03       8.83376E-02       1.88913E-01       9.09104E-01
       2.18776E+00       2.29087E+00       2.23932E+00       1.03110E-01       8.32556E-03       8.07444E-02       1.80812E-01       9.17430E-01
       2.29087E+00       2.39883E+00       2.34485E+00       1.07960E-01       8.16381E-03       7.56188E-02       1.77315E-01       9.25593E-01
       2.39883E+00       2.51189E+00       2.45536E+00       1.13060E-01       7.94098E-03       7.02368E-02       1.72457E-01       9.33534E-01
       2.51189E+00       2.63027E+00       2.57108E+00       1.18380E-01       7.64290E-03       6.45624E-02       1.65995E-01       9.41177E-01
       2.63027E+00       2.75423E+00       2.69225E+00       1.23960E-01       7.23515E-03       5.83668E-02       1.57138E-01       9.48412E-01
       2.75423E+00       2.88403E+00       2.81913E+00       1.29800E-01       6.72957E-03       5.18457E-02       1.46160E-01       9.55142E-01
       2.88403E+00       3.01995E+00       2.95199E+00       1.35920E-01       6.15482E-03       4.52826E-02       1.33674E-01       9.61297E-01
       3.01995E+00       3.16228E+00       3.09111E+00       1.42330E-01       5.55818E-03       3.90514E-02       1.20712E-01       9.66855E-01
       3.16228E+00       3.31131E+00       3.23679E+00       1.49030E-01       4.88080E-03       3.27504E-02       1.06006E-01       9.71736E-01
       3.31131E+00       3.46737E+00       3.38934E+00       1.56060E-01       4.31455E-03       2.76468E-02       9.37043E-02       9.76050E-01
       3.46737E+00       3.63078E+00       3.54908E+00       1.63410E-01       3.73047E-03       2.28289E-02       8.10215E-02       9.79781E-01
       3.63078E+00       3.80189E+00       3.71633E+00       1.71110E-01       3.28454E-03       1.91955E-02       7.13368E-02       9.83065E-01
       3.80189E+00       3.98107E+00       3.89148E+00       1.79180E-01       2.86694E-03       1.60004E-02       6.22651E-02       9.85932E-01
       3.98107E+00       4.16869E+00       4.07488E+00       1.87620E-01       2.54683E-03       1.35744E-02       5.53141E-02       9.88479E-01
       4.16869E+00       4.36516E+00       4.26692E+00       1.96470E-01       2.25974E-03       1.15017E-02       4.90769E-02       9.90739E-01
       4.36516E+00       4.57088E+00       4.46802E+00       2.05720E-01       1.99631E-03       9.70399E-03       4.33576E-02       9.92735E-01
       4.57088E+00       4.78630E+00       4.67859E+00       2.15420E-01       1.74220E-03       8.08747E-03       3.78379E-02       9.94477E-01
       4.78630E+00       5.00000E+00       4.89315E+00       2.13700E-01       1.41289E-03       6.61157E-03       3.23514E-02       9.95890E-01
       5.00000E+00       5.20000E+00       5.10000E+00       2.00000E-01       1.06608E-03       5.33039E-03       2.71850E-02       9.96956E-01
       5.20000E+00       5.40000E+00       5.30000E+00       2.00000E-01       8.44692E-04       4.22346E-03       2.23843E-02       9.97801E-01
       5.40000E+00       5.60000E+00       5.50000E+00       2.00000E-01       6.53086E-04       3.26543E-03       1.79599E-02       9.98454E-01
       5.60000E+00       5.80000E+00       5.70000E+00       2.00000E-01       4.92141E-04       2.46071E-03       1.40260E-02       9.98946E-01
       5.80000E+00       6.00000E+00       5.90000E+00       2.00000E-01       3.60105E-04       1.80052E-03       1.06231E-02       9.99306E-01
       6.00000E+00       6.20000E+00       6.10000E+00       2.00000E-01       2.55685E-04       1.27843E-03       7.79840E-03       9.99562E-01
       6.20000E+00       6.40000E+00       6.30000E+00       2.00000E-01       1.78635E-04       8.93175E-04       5.62700E-03       9.99741E-01
       6.40000E+00       6.60000E+00       6.50000E+00       2.00000E-01       1.25216E-04       6.26078E-04       4.06951E-03       9.99866E-01
       6.60000E+00       6.80000E+00       6.70000E+00       2.00000E-01       8.31913E-05       4.15956E-04       2.78691E-03       9.99949E-01
       6.80000E+00       7.00000E+00       6.90000E+00       2.00000E-01       4.74999E-05       2.37500E-04       1.63875E-03       9.99997E-01
       7.00000E+00       7.20000E+00       7.10000E+00       2.00000E-01       3.49639E-06       1.74819E-05       1.24122E-04       1.00000E+00

 Sum =                                                                         1.00000E+00
 Renormalization bin#   999 =                                                  8.96997E-02 barn        2.46000E+07        2.48000E+07        2.47000E+07
 Avg. Energy     bin#   999 =                                                  1.16447E+00 MeV         2.46000E+07        2.48000E+07
