"        MT=  4 recoil spectrum "
" Initial neutron energy corresponds to the group:"
   1.80000E+01    1.82000E+01       0.00000E+00           312           901           590



          Low               High              Mid              Energy           Number             dn/de            E*dn/de          Cumulative
         Energy            Energy            Energy             Width          Fraction                               Sum   
         [MeV]             [MeV]             [MeV]              [MeV]

       2.40000E-06       2.42500E-06       2.41250E-06       2.49999E-08       0.00000E+00       0.00000E+00       0.00000E+00       0.00000E+00
       2.42500E-06       2.45000E-06       2.43750E-06       2.50001E-08       3.92736E-12       1.57094E-04       3.82916E-10       3.92736E-12
       2.45000E-06       2.47500E-06       2.46250E-06       2.49999E-08       3.96759E-12       1.58704E-04       3.90810E-10       7.89494E-12
       2.47500E-06       2.50000E-06       2.48750E-06       2.50001E-08       4.00782E-12       1.60312E-04       3.98776E-10       1.19028E-11
       2.50000E-06       2.52500E-06       2.51250E-06       2.50001E-08       4.04805E-12       1.61921E-04       4.06827E-10       1.59508E-11
       2.52500E-06       2.55000E-06       2.53750E-06       2.49999E-08       4.08828E-12       1.63532E-04       4.14963E-10       2.00391E-11
       2.55000E-06       2.57500E-06       2.56250E-06       2.50001E-08       4.12890E-12       1.65155E-04       4.23211E-10       2.41680E-11
       2.57500E-06       2.60000E-06       2.58750E-06       2.49999E-08       4.16913E-12       1.66766E-04       4.31507E-10       2.83371E-11
       2.60000E-06       2.62500E-06       2.61250E-06       2.50001E-08       4.20936E-12       1.68374E-04       4.39876E-10       3.25465E-11
       2.62500E-06       2.65000E-06       2.63750E-06       2.50001E-08       4.24959E-12       1.69983E-04       4.48330E-10       3.67961E-11
       2.65000E-06       2.67500E-06       2.66250E-06       2.49999E-08       4.28982E-12       1.71594E-04       4.56869E-10       4.10859E-11
       2.67500E-06       2.70000E-06       2.68750E-06       2.50001E-08       4.33005E-12       1.73201E-04       4.65479E-10       4.54159E-11
       2.70000E-06       2.72500E-06       2.71250E-06       2.49999E-08       4.37028E-12       1.74812E-04       4.74178E-10       4.97862E-11
       2.72500E-06       2.75000E-06       2.73750E-06       2.50001E-08       4.41051E-12       1.76420E-04       4.82949E-10       5.41967E-11
       2.75000E-06       2.77500E-06       2.76250E-06       2.50001E-08       4.45113E-12       1.78045E-04       4.91848E-10       5.86479E-11
       2.77500E-06       2.80000E-06       2.78750E-06       2.49999E-08       4.49136E-12       1.79656E-04       5.00790E-10       6.31392E-11
       2.80000E-06       2.82500E-06       2.81250E-06       2.50001E-08       4.53159E-12       1.81263E-04       5.09802E-10       6.76708E-11
       2.82500E-06       2.85000E-06       2.83750E-06       2.49999E-08       4.57183E-12       1.82874E-04       5.18905E-10       7.22426E-11
       2.85000E-06       2.87500E-06       2.86250E-06       2.50001E-08       4.61206E-12       1.84482E-04       5.28078E-10       7.68547E-11
       2.87500E-06       2.90000E-06       2.88750E-06       2.50001E-08       4.65229E-12       1.86091E-04       5.37337E-10       8.15070E-11
       2.90000E-06       2.92500E-06       2.91250E-06       2.49999E-08       4.69252E-12       1.87702E-04       5.46681E-10       8.61995E-11
       2.92500E-06       2.95000E-06       2.93750E-06       2.50001E-08       4.73275E-12       1.89309E-04       5.56096E-10       9.09323E-11
       2.95000E-06       2.97500E-06       2.96250E-06       2.49999E-08       4.77337E-12       1.90936E-04       5.65647E-10       9.57056E-11
       2.97500E-06       3.00000E-06       2.98750E-06       2.50001E-08       4.81360E-12       1.92543E-04       5.75223E-10       1.00519E-10
       3.00000E-06       3.02500E-06       3.01250E-06       2.50001E-08       4.85383E-12       1.94152E-04       5.84884E-10       1.05373E-10
       3.02500E-06       3.05000E-06       3.03750E-06       2.49999E-08       4.89406E-12       1.95764E-04       5.94632E-10       1.10267E-10
       3.05000E-06       3.07500E-06       3.06250E-06       2.50001E-08       4.93429E-12       1.97371E-04       6.04448E-10       1.15201E-10
       3.07500E-06       3.10000E-06       3.08750E-06       2.49999E-08       4.97452E-12       1.98982E-04       6.14357E-10       1.20176E-10
       3.10000E-06       3.12500E-06       3.11250E-06       2.50001E-08       5.01475E-12       2.00589E-04       6.24334E-10       1.25191E-10
       3.12500E-06       3.15000E-06       3.13750E-06       2.50001E-08       5.05498E-12       2.02198E-04       6.34398E-10       1.30246E-10
       3.15000E-06       3.17500E-06       3.16250E-06       2.49999E-08       5.09560E-12       2.03825E-04       6.44597E-10       1.35341E-10
       3.17500E-06       3.20000E-06       3.18750E-06       2.50001E-08       5.13583E-12       2.05433E-04       6.54816E-10       1.40477E-10
       3.20000E-06       3.22500E-06       3.21250E-06       2.49999E-08       5.17606E-12       2.07044E-04       6.65128E-10       1.45653E-10
       3.22500E-06       3.25000E-06       3.23750E-06       2.50001E-08       5.21629E-12       2.08651E-04       6.75508E-10       1.50869E-10
       3.25000E-06       3.27500E-06       3.26250E-06       2.50001E-08       5.25652E-12       2.10260E-04       6.85974E-10       1.56126E-10
       3.27500E-06       3.30000E-06       3.28750E-06       2.49999E-08       5.29676E-12       2.11871E-04       6.96527E-10       1.61423E-10
       3.30000E-06       3.32500E-06       3.31250E-06       2.50001E-08       5.33699E-12       2.13479E-04       7.07148E-10       1.66760E-10
       3.32500E-06       3.35000E-06       3.33750E-06       2.49999E-08       5.37722E-12       2.15090E-04       7.17863E-10       1.72137E-10
       3.35000E-06       3.37500E-06       3.36250E-06       2.50001E-08       5.41784E-12       2.16713E-04       7.28696E-10       1.77555E-10
       3.37500E-06       3.40000E-06       3.38750E-06       2.50001E-08       5.45807E-12       2.18322E-04       7.39565E-10       1.83013E-10
       3.40000E-06       3.42500E-06       3.41250E-06       2.49999E-08       5.49830E-12       2.19933E-04       7.50522E-10       1.88511E-10
       3.42500E-06       3.45000E-06       3.43750E-06       2.50001E-08       5.53853E-12       2.21540E-04       7.61545E-10       1.94050E-10
       3.45000E-06       3.47500E-06       3.46250E-06       2.49999E-08       5.57876E-12       2.23152E-04       7.72663E-10       1.99628E-10
       3.47500E-06       3.50000E-06       3.48750E-06       2.50001E-08       5.61899E-12       2.24759E-04       7.83846E-10       2.05247E-10
       3.50000E-06       3.52500E-06       3.51250E-06       2.50001E-08       5.65922E-12       2.26368E-04       7.95117E-10       2.10907E-10
       3.52500E-06       3.55000E-06       3.53750E-06       2.49999E-08       5.69945E-12       2.27979E-04       8.06477E-10       2.16606E-10
       3.55000E-06       3.57500E-06       3.56250E-06       2.50001E-08       5.74007E-12       2.29602E-04       8.17957E-10       2.22346E-10
       3.57500E-06       3.60000E-06       3.58750E-06       2.49999E-08       5.78030E-12       2.31213E-04       8.29478E-10       2.28126E-10
       3.60000E-06       3.62500E-06       3.61250E-06       2.50001E-08       5.82053E-12       2.32820E-04       8.41064E-10       2.33947E-10
       3.62500E-06       3.65000E-06       3.63750E-06       2.50001E-08       5.86076E-12       2.34430E-04       8.52738E-10       2.39808E-10
       3.65000E-06       3.67500E-06       3.66250E-06       2.49999E-08       5.90099E-12       2.36041E-04       8.64501E-10       2.45709E-10
       3.67500E-06       3.70000E-06       3.68750E-06       2.50001E-08       5.94122E-12       2.37648E-04       8.76327E-10       2.51650E-10
       3.70000E-06       3.72500E-06       3.71250E-06       2.49999E-08       5.98145E-12       2.39260E-04       8.88251E-10       2.57631E-10
       3.72500E-06       3.75000E-06       3.73750E-06       2.50001E-08       6.02169E-12       2.40867E-04       9.00238E-10       2.63653E-10
       3.75000E-06       3.77500E-06       3.76250E-06       2.50001E-08       6.06231E-12       2.42491E-04       9.12374E-10       2.69715E-10
       3.77500E-06       3.80000E-06       3.78750E-06       2.49999E-08       6.10254E-12       2.44103E-04       9.24540E-10       2.75818E-10
       3.80000E-06       3.82500E-06       3.81250E-06       2.50001E-08       6.14277E-12       2.45710E-04       9.36768E-10       2.81961E-10
       3.82500E-06       3.85000E-06       3.83750E-06       2.49999E-08       6.18300E-12       2.47321E-04       9.49096E-10       2.88144E-10
       3.85000E-06       3.87500E-06       3.86250E-06       2.50001E-08       6.22323E-12       2.48928E-04       9.61485E-10       2.94367E-10
       3.87500E-06       3.90000E-06       3.88750E-06       2.50001E-08       6.26346E-12       2.50537E-04       9.73964E-10       3.00630E-10
       3.90000E-06       3.92500E-06       3.91250E-06       2.49999E-08       6.30369E-12       2.52149E-04       9.86533E-10       3.06934E-10
       3.92500E-06       3.95000E-06       3.93750E-06       2.50001E-08       6.34392E-12       2.53756E-04       9.99164E-10       3.13278E-10
       3.95000E-06       3.97500E-06       3.96250E-06       2.49999E-08       6.38454E-12       2.55383E-04       1.01196E-09       3.19663E-10
       3.97500E-06       4.00000E-06       3.98750E-06       2.50001E-08       6.42477E-12       2.56990E-04       1.02475E-09       3.26087E-10
       4.00000E-06       4.02500E-06       4.01250E-06       2.50001E-08       6.46500E-12       2.58599E-04       1.03763E-09       3.32552E-10
       4.02500E-06       4.05000E-06       4.03750E-06       2.50001E-08       6.50523E-12       2.60208E-04       1.05059E-09       3.39058E-10
       4.05000E-06       4.07500E-06       4.06250E-06       2.49996E-08       6.54546E-12       2.61823E-04       1.06365E-09       3.45603E-10
       4.07500E-06       4.10000E-06       4.08750E-06       2.50001E-08       6.58569E-12       2.63427E-04       1.07676E-09       3.52189E-10
       4.10000E-06       4.12500E-06       4.11250E-06       2.50001E-08       6.62592E-12       2.65036E-04       1.08996E-09       3.58815E-10
       4.12500E-06       4.15000E-06       4.13750E-06       2.50001E-08       6.66615E-12       2.66645E-04       1.10324E-09       3.65481E-10
       4.15000E-06       4.17500E-06       4.16250E-06       2.50001E-08       6.70678E-12       2.68270E-04       1.11667E-09       3.72188E-10
       4.17500E-06       4.20000E-06       4.18750E-06       2.49996E-08       6.74701E-12       2.69884E-04       1.13014E-09       3.78935E-10
       4.20000E-06       4.22500E-06       4.21250E-06       2.50001E-08       6.78724E-12       2.71488E-04       1.14364E-09       3.85722E-10
       4.22500E-06       4.25000E-06       4.23750E-06       2.50001E-08       6.82747E-12       2.73098E-04       1.15725E-09       3.92549E-10
       4.25000E-06       4.27500E-06       4.26250E-06       2.50001E-08       6.86770E-12       2.74707E-04       1.17094E-09       3.99417E-10
       4.27500E-06       4.30000E-06       4.28750E-06       2.50001E-08       6.90793E-12       2.76316E-04       1.18471E-09       4.06325E-10
       4.30000E-06       4.32500E-06       4.31250E-06       2.49996E-08       6.94816E-12       2.77931E-04       1.19858E-09       4.13273E-10
       4.32500E-06       4.35000E-06       4.33750E-06       2.50001E-08       6.98878E-12       2.79550E-04       1.21255E-09       4.20262E-10
       4.35000E-06       4.37500E-06       4.36250E-06       2.50001E-08       7.02901E-12       2.81159E-04       1.22656E-09       4.27291E-10
       4.37500E-06       4.40000E-06       4.38750E-06       2.50001E-08       7.06924E-12       2.82769E-04       1.24065E-09       4.34360E-10
       4.40000E-06       4.42500E-06       4.41250E-06       2.50001E-08       7.10947E-12       2.84378E-04       1.25482E-09       4.41470E-10
       4.42500E-06       4.45000E-06       4.43750E-06       2.49996E-08       7.14970E-12       2.85992E-04       1.26909E-09       4.48619E-10
       4.45000E-06       4.47500E-06       4.46250E-06       2.50001E-08       7.18993E-12       2.87596E-04       1.28340E-09       4.55809E-10
       4.47500E-06       4.50000E-06       4.48750E-06       2.50001E-08       7.23016E-12       2.89205E-04       1.29781E-09       4.63039E-10
       4.50000E-06       4.52500E-06       4.51250E-06       2.50001E-08       7.27039E-12       2.90815E-04       1.31230E-09       4.70310E-10
       4.52500E-06       4.55000E-06       4.53750E-06       2.50001E-08       7.31101E-12       2.92439E-04       1.32694E-09       4.77621E-10
       4.55000E-06       4.57500E-06       4.56250E-06       2.49996E-08       7.35124E-12       2.94054E-04       1.34162E-09       4.84972E-10
       4.57500E-06       4.60000E-06       4.58750E-06       2.50001E-08       7.39148E-12       2.95658E-04       1.35633E-09       4.92364E-10
       4.60000E-06       4.62500E-06       4.61250E-06       2.50001E-08       7.43171E-12       2.97267E-04       1.37114E-09       4.99795E-10
       4.62500E-06       4.65000E-06       4.63750E-06       2.50001E-08       7.47194E-12       2.98876E-04       1.38604E-09       5.07267E-10
       4.65000E-06       4.67500E-06       4.66250E-06       2.50001E-08       7.51217E-12       3.00486E-04       1.40101E-09       5.14779E-10
       4.67500E-06       4.70000E-06       4.68750E-06       2.49996E-08       7.55240E-12       3.02100E-04       1.41610E-09       5.22332E-10
       4.70000E-06       4.72500E-06       4.71250E-06       2.50001E-08       7.59263E-12       3.03704E-04       1.43120E-09       5.29924E-10
       4.72500E-06       4.75000E-06       4.73750E-06       2.50001E-08       7.63325E-12       3.05329E-04       1.44650E-09       5.37558E-10
       4.75000E-06       4.77500E-06       4.76250E-06       2.50001E-08       7.67348E-12       3.06938E-04       1.46179E-09       5.45231E-10
       4.77500E-06       4.80000E-06       4.78750E-06       2.50001E-08       7.71371E-12       3.08547E-04       1.47717E-09       5.52945E-10
       4.80000E-06       4.82500E-06       4.81250E-06       2.49996E-08       7.75394E-12       3.10162E-04       1.49266E-09       5.60699E-10
       4.82500E-06       4.85000E-06       4.83750E-06       2.50001E-08       7.79417E-12       3.11766E-04       1.50817E-09       5.68493E-10
       4.85000E-06       4.87500E-06       4.86250E-06       2.50001E-08       7.83440E-12       3.13375E-04       1.52379E-09       5.76327E-10
       4.87500E-06       4.90000E-06       4.88750E-06       2.50001E-08       7.87463E-12       3.14984E-04       1.53948E-09       5.84202E-10
       4.90000E-06       4.92500E-06       4.91250E-06       2.50001E-08       7.91486E-12       3.16593E-04       1.55526E-09       5.92117E-10
       4.92500E-06       4.95000E-06       4.93750E-06       2.49996E-08       7.95548E-12       3.18224E-04       1.57123E-09       6.00072E-10
       4.95000E-06       4.97500E-06       4.96250E-06       2.50001E-08       7.99571E-12       3.19827E-04       1.58714E-09       6.08068E-10
       4.97500E-06       5.00000E-06       4.98750E-06       2.50001E-08       8.03595E-12       3.21437E-04       1.60316E-09       6.16104E-10
       5.00000E-06       5.02500E-06       5.01250E-06       2.50001E-08       8.07618E-12       3.23046E-04       1.61927E-09       6.24180E-10
       5.02500E-06       5.05000E-06       5.03750E-06       2.50001E-08       8.11641E-12       3.24655E-04       1.63545E-09       6.32296E-10
       5.05000E-06       5.07500E-06       5.06250E-06       2.49996E-08       8.15664E-12       3.26270E-04       1.65174E-09       6.40453E-10
       5.07500E-06       5.10000E-06       5.08750E-06       2.50001E-08       8.19687E-12       3.27873E-04       1.66806E-09       6.48650E-10
       5.10000E-06       5.12500E-06       5.11250E-06       2.50001E-08       8.23710E-12       3.29483E-04       1.68448E-09       6.56887E-10
       5.12500E-06       5.15000E-06       5.13750E-06       2.50001E-08       8.27772E-12       3.31107E-04       1.70106E-09       6.65165E-10
       5.15000E-06       5.17500E-06       5.16250E-06       2.50001E-08       8.31795E-12       3.32717E-04       1.71765E-09       6.73483E-10
       5.17500E-06       5.20000E-06       5.18750E-06       2.49996E-08       8.35818E-12       3.34332E-04       1.73435E-09       6.81841E-10
       5.20000E-06       5.22500E-06       5.21250E-06       2.50001E-08       8.39841E-12       3.35935E-04       1.75106E-09       6.90239E-10
       5.22500E-06       5.25000E-06       5.23750E-06       2.50001E-08       8.43864E-12       3.37544E-04       1.76789E-09       6.98678E-10
       5.25000E-06       5.27500E-06       5.26250E-06       2.50001E-08       8.47887E-12       3.39154E-04       1.78480E-09       7.07157E-10
       5.27500E-06       5.30000E-06       5.28750E-06       2.50001E-08       8.51910E-12       3.40763E-04       1.80178E-09       7.15676E-10
       5.30000E-06       5.32500E-06       5.31250E-06       2.49996E-08       8.55933E-12       3.42379E-04       1.81889E-09       7.24235E-10
       5.32500E-06       5.35000E-06       5.33750E-06       2.50001E-08       8.59995E-12       3.43997E-04       1.83608E-09       7.32835E-10
       5.35000E-06       5.37500E-06       5.36250E-06       2.50001E-08       8.64018E-12       3.45606E-04       1.85331E-09       7.41475E-10
       5.37500E-06       5.40000E-06       5.38750E-06       2.50001E-08       8.68041E-12       3.47215E-04       1.87062E-09       7.50156E-10
       5.40000E-06       5.42500E-06       5.41250E-06       2.50001E-08       8.72064E-12       3.48824E-04       1.88801E-09       7.58876E-10
       5.42500E-06       5.45000E-06       5.43750E-06       2.49996E-08       8.76087E-12       3.50440E-04       1.90552E-09       7.67637E-10
       5.45000E-06       5.47500E-06       5.46250E-06       2.50001E-08       8.80111E-12       3.52043E-04       1.92303E-09       7.76438E-10
       5.47500E-06       5.50000E-06       5.48750E-06       2.50001E-08       8.84134E-12       3.53652E-04       1.94067E-09       7.85280E-10
       5.50000E-06       5.52500E-06       5.51250E-06       2.50001E-08       8.88157E-12       3.55261E-04       1.95838E-09       7.94161E-10
       5.52500E-06       5.55000E-06       5.53750E-06       2.50001E-08       8.92219E-12       3.56886E-04       1.97626E-09       8.03084E-10
       5.55000E-06       5.57500E-06       5.56250E-06       2.49996E-08       8.96242E-12       3.58502E-04       1.99417E-09       8.12046E-10
       5.57500E-06       5.60000E-06       5.58750E-06       2.50001E-08       9.00265E-12       3.60105E-04       2.01208E-09       8.21049E-10
       5.60000E-06       5.62500E-06       5.61250E-06       2.50001E-08       9.04288E-12       3.61714E-04       2.03012E-09       8.30091E-10
       5.62500E-06       5.65000E-06       5.63750E-06       2.50001E-08       9.08311E-12       3.63323E-04       2.04823E-09       8.39175E-10
       5.65000E-06       5.67500E-06       5.66250E-06       2.50001E-08       9.12334E-12       3.64932E-04       2.06643E-09       8.48298E-10
       5.67500E-06       5.70000E-06       5.68750E-06       2.49996E-08       9.16357E-12       3.66548E-04       2.08474E-09       8.57461E-10
       5.70000E-06       5.72500E-06       5.71250E-06       2.50001E-08       9.20380E-12       3.68151E-04       2.10306E-09       8.66665E-10
       5.72500E-06       5.75000E-06       5.73750E-06       2.50001E-08       9.24442E-12       3.69775E-04       2.12159E-09       8.75910E-10
       5.75000E-06       5.77500E-06       5.76250E-06       2.50001E-08       9.28465E-12       3.71385E-04       2.14010E-09       8.85194E-10
       5.77500E-06       5.80000E-06       5.78750E-06       2.50001E-08       9.32488E-12       3.72994E-04       2.15870E-09       8.94519E-10
       5.80000E-06       5.82500E-06       5.81250E-06       2.49996E-08       9.36511E-12       3.74610E-04       2.17742E-09       9.03884E-10
       5.82500E-06       5.85000E-06       5.83750E-06       2.50001E-08       9.40534E-12       3.76212E-04       2.19614E-09       9.13290E-10
       5.85000E-06       5.87500E-06       5.86250E-06       2.50001E-08       9.44557E-12       3.77822E-04       2.21498E-09       9.22735E-10
       5.87500E-06       5.90000E-06       5.88750E-06       2.50001E-08       9.48581E-12       3.79431E-04       2.23390E-09       9.32221E-10
       5.90000E-06       5.92500E-06       5.91250E-06       2.50001E-08       9.52604E-12       3.81040E-04       2.25290E-09       9.41747E-10
       5.92500E-06       5.95000E-06       5.93750E-06       2.49996E-08       9.56666E-12       3.82672E-04       2.27212E-09       9.51314E-10
       5.95000E-06       5.97500E-06       5.96250E-06       2.50001E-08       9.60689E-12       3.84274E-04       2.29123E-09       9.60921E-10
       5.97500E-06       6.00000E-06       5.98750E-06       2.50001E-08       9.64712E-12       3.85883E-04       2.31048E-09       9.70568E-10
       6.00000E-06       6.02500E-06       6.01250E-06       2.50001E-08       9.68735E-12       3.87492E-04       2.32980E-09       9.80255E-10
       6.02500E-06       6.05000E-06       6.03750E-06       2.50001E-08       9.72758E-12       3.89102E-04       2.34920E-09       9.89983E-10
       6.05000E-06       6.07500E-06       6.06250E-06       2.49996E-08       9.76781E-12       3.90718E-04       2.36873E-09       9.99751E-10
       6.07500E-06       6.10000E-06       6.08750E-06       2.50001E-08       9.80804E-12       3.92320E-04       2.38825E-09       1.00956E-09
       6.10000E-06       6.12500E-06       6.11250E-06       2.50001E-08       9.84866E-12       3.93945E-04       2.40799E-09       1.01941E-09
       6.12500E-06       6.15000E-06       6.13750E-06       2.50001E-08       9.88889E-12       3.95554E-04       2.42771E-09       1.02930E-09
       6.15000E-06       6.17500E-06       6.16250E-06       2.50001E-08       9.92912E-12       3.97163E-04       2.44752E-09       1.03923E-09
       6.17500E-06       6.20000E-06       6.18750E-06       2.49996E-08       9.96935E-12       3.98780E-04       2.46745E-09       1.04919E-09
       6.20000E-06       6.22500E-06       6.21250E-06       2.50001E-08       1.00096E-11       4.00382E-04       2.48737E-09       1.05920E-09
       6.22500E-06       6.25000E-06       6.23750E-06       2.50001E-08       1.00498E-11       4.01991E-04       2.50742E-09       1.06925E-09
       6.25000E-06       6.27500E-06       6.26250E-06       2.50001E-08       1.00900E-11       4.03600E-04       2.52755E-09       1.07934E-09
       6.27500E-06       6.30000E-06       6.28750E-06       2.50001E-08       1.01303E-11       4.05209E-04       2.54775E-09       1.08947E-09
       6.30000E-06       6.32500E-06       6.31250E-06       2.49996E-08       1.01709E-11       4.06842E-04       2.56819E-09       1.09965E-09
       6.32500E-06       6.35000E-06       6.33750E-06       2.50001E-08       1.02111E-11       4.08443E-04       2.58851E-09       1.10986E-09
       6.35000E-06       6.37500E-06       6.36250E-06       2.50001E-08       1.02514E-11       4.10053E-04       2.60896E-09       1.12011E-09
       6.37500E-06       6.40000E-06       6.38750E-06       2.50001E-08       1.02916E-11       4.11662E-04       2.62949E-09       1.13040E-09
       6.40000E-06       6.42500E-06       6.41250E-06       2.50001E-08       1.03318E-11       4.13271E-04       2.65010E-09       1.14073E-09
       6.42500E-06       6.45000E-06       6.43750E-06       2.49996E-08       1.03720E-11       4.14888E-04       2.67084E-09       1.15110E-09
       6.45000E-06       6.47500E-06       6.46250E-06       2.50001E-08       1.04123E-11       4.16490E-04       2.69156E-09       1.16152E-09
       6.47500E-06       6.50000E-06       6.48750E-06       2.50001E-08       1.04525E-11       4.18099E-04       2.71242E-09       1.17197E-09
       6.50000E-06       6.52500E-06       6.51250E-06       2.50001E-08       1.04931E-11       4.19724E-04       2.73345E-09       1.18246E-09
       6.52500E-06       6.55000E-06       6.53750E-06       2.50001E-08       1.05334E-11       4.21333E-04       2.75446E-09       1.19299E-09
       6.55000E-06       6.57500E-06       6.56250E-06       2.49996E-08       1.05736E-11       4.22950E-04       2.77561E-09       1.20357E-09
       6.57500E-06       6.60000E-06       6.58750E-06       2.50001E-08       1.06138E-11       4.24551E-04       2.79673E-09       1.21418E-09
       6.60000E-06       6.62500E-06       6.61250E-06       2.50001E-08       1.06541E-11       4.26160E-04       2.81799E-09       1.22484E-09
       6.62500E-06       6.65000E-06       6.63750E-06       2.50001E-08       1.06943E-11       4.27770E-04       2.83932E-09       1.23553E-09
       6.65000E-06       6.67500E-06       6.66250E-06       2.50001E-08       1.07345E-11       4.29379E-04       2.86074E-09       1.24626E-09
       6.67500E-06       6.70000E-06       6.68750E-06       2.49996E-08       1.07747E-11       4.30996E-04       2.88229E-09       1.25704E-09
       6.70000E-06       6.72500E-06       6.71250E-06       2.50001E-08       1.08154E-11       4.32613E-04       2.90391E-09       1.26785E-09
       6.72500E-06       6.75000E-06       6.73750E-06       2.50001E-08       1.08556E-11       4.34222E-04       2.92557E-09       1.27871E-09
       6.75000E-06       6.77500E-06       6.76250E-06       2.50001E-08       1.08958E-11       4.35831E-04       2.94731E-09       1.28961E-09
       6.77500E-06       6.80000E-06       6.78750E-06       2.50001E-08       1.09361E-11       4.37441E-04       2.96913E-09       1.30054E-09
       6.80000E-06       6.82500E-06       6.81250E-06       2.49996E-08       1.09763E-11       4.39058E-04       2.99108E-09       1.31152E-09
       6.82500E-06       6.85000E-06       6.83750E-06       2.50001E-08       1.10165E-11       4.40659E-04       3.01301E-09       1.32254E-09
       6.85000E-06       6.87500E-06       6.86250E-06       2.50001E-08       1.10567E-11       4.42268E-04       3.03507E-09       1.33359E-09
       6.87500E-06       6.90000E-06       6.88750E-06       2.50001E-08       1.10970E-11       4.43877E-04       3.05721E-09       1.34469E-09
       6.90000E-06       6.92500E-06       6.91250E-06       2.50001E-08       1.11376E-11       4.45502E-04       3.07953E-09       1.35583E-09
       6.92500E-06       6.95000E-06       6.93750E-06       2.49996E-08       1.11778E-11       4.47120E-04       3.10189E-09       1.36700E-09
       6.95000E-06       6.97500E-06       6.96250E-06       2.50001E-08       1.12181E-11       4.48721E-04       3.12422E-09       1.37822E-09
       6.97500E-06       7.00000E-06       6.98750E-06       2.50001E-08       1.12583E-11       4.50330E-04       3.14668E-09       1.38948E-09
       7.00000E-06       7.02500E-06       7.01250E-06       2.50001E-08       1.12985E-11       4.51939E-04       3.16922E-09       1.40078E-09
       7.02500E-06       7.05000E-06       7.03750E-06       2.50001E-08       1.13388E-11       4.53548E-04       3.19185E-09       1.41212E-09
       7.05000E-06       7.07500E-06       7.06250E-06       2.49996E-08       1.13790E-11       4.55166E-04       3.21461E-09       1.42350E-09
       7.07500E-06       7.10000E-06       7.08750E-06       2.50001E-08       1.14192E-11       4.56767E-04       3.23733E-09       1.43492E-09
       7.10000E-06       7.12500E-06       7.11250E-06       2.50001E-08       1.14598E-11       4.58392E-04       3.26031E-09       1.44638E-09
       7.12500E-06       7.15000E-06       7.13750E-06       2.50001E-08       1.15001E-11       4.60001E-04       3.28326E-09       1.45788E-09
       7.15000E-06       7.17500E-06       7.16250E-06       2.50001E-08       1.15403E-11       4.61610E-04       3.30628E-09       1.46942E-09
       7.17500E-06       7.20000E-06       7.18750E-06       2.49996E-08       1.15805E-11       4.63228E-04       3.32945E-09       1.48100E-09
       7.20000E-06       7.22500E-06       7.21250E-06       2.50001E-08       1.16208E-11       4.64828E-04       3.35257E-09       1.49262E-09
       7.22500E-06       7.25000E-06       7.23750E-06       2.50001E-08       1.16610E-11       4.66438E-04       3.37584E-09       1.50428E-09
       7.25000E-06       7.27500E-06       7.26250E-06       2.50001E-08       1.17012E-11       4.68047E-04       3.39919E-09       1.51598E-09
       7.27500E-06       7.30000E-06       7.28750E-06       2.50001E-08       1.17414E-11       4.69656E-04       3.42262E-09       1.52772E-09
       7.30000E-06       7.32500E-06       7.31250E-06       2.49996E-08       1.17821E-11       4.71290E-04       3.44631E-09       1.53950E-09
       7.32500E-06       7.35000E-06       7.33750E-06       2.50001E-08       1.18223E-11       4.72890E-04       3.46983E-09       1.55133E-09
       7.35000E-06       7.37500E-06       7.36250E-06       2.50001E-08       1.18625E-11       4.74499E-04       3.49350E-09       1.56319E-09
       7.37500E-06       7.40000E-06       7.38750E-06       2.50001E-08       1.19028E-11       4.76109E-04       3.51725E-09       1.57509E-09
       7.40000E-06       7.42500E-06       7.41250E-06       2.50001E-08       1.19430E-11       4.77718E-04       3.54108E-09       1.58703E-09
       7.42500E-06       7.45000E-06       7.43750E-06       2.49996E-08       1.19832E-11       4.79336E-04       3.56506E-09       1.59902E-09
       7.45000E-06       7.47500E-06       7.46250E-06       2.50001E-08       1.20235E-11       4.80936E-04       3.58899E-09       1.61104E-09
       7.47500E-06       7.50000E-06       7.48750E-06       2.50001E-08       1.20637E-11       4.82545E-04       3.61306E-09       1.62310E-09
       7.50000E-06       7.52500E-06       7.51250E-06       2.50001E-08       1.21043E-11       4.84170E-04       3.63733E-09       1.63521E-09
       7.52500E-06       7.55000E-06       7.53750E-06       2.50001E-08       1.21445E-11       4.85779E-04       3.66156E-09       1.64735E-09
       7.55000E-06       7.57500E-06       7.56250E-06       2.49996E-08       1.21848E-11       4.87398E-04       3.68595E-09       1.65954E-09
       7.57500E-06       7.60000E-06       7.58750E-06       2.50001E-08       1.22250E-11       4.88998E-04       3.71027E-09       1.67176E-09
       7.60000E-06       7.62500E-06       7.61250E-06       2.50001E-08       1.22652E-11       4.90607E-04       3.73475E-09       1.68403E-09
       7.62500E-06       7.65000E-06       7.63750E-06       2.50001E-08       1.23055E-11       4.92216E-04       3.75930E-09       1.69633E-09
       7.65000E-06       7.67500E-06       7.66250E-06       2.50001E-08       1.23457E-11       4.93826E-04       3.78394E-09       1.70868E-09
       7.67500E-06       7.70000E-06       7.68750E-06       2.49996E-08       1.23859E-11       4.95444E-04       3.80873E-09       1.72107E-09
       7.70000E-06       7.72500E-06       7.71250E-06       2.50001E-08       1.24265E-11       4.97060E-04       3.83357E-09       1.73349E-09
       7.72500E-06       7.75000E-06       7.73750E-06       2.50001E-08       1.24668E-11       4.98669E-04       3.85845E-09       1.74596E-09
       7.75000E-06       7.77500E-06       7.76250E-06       2.50001E-08       1.25070E-11       5.00278E-04       3.88341E-09       1.75847E-09
       7.77500E-06       7.80000E-06       7.78750E-06       2.50001E-08       1.25472E-11       5.01887E-04       3.90845E-09       1.77101E-09
       7.80000E-06       7.82500E-06       7.81250E-06       2.49996E-08       1.25875E-11       5.03506E-04       3.93364E-09       1.78360E-09
       7.82500E-06       7.85000E-06       7.83750E-06       2.50001E-08       1.26277E-11       5.05106E-04       3.95877E-09       1.79623E-09
       7.85000E-06       7.87500E-06       7.86250E-06       2.50001E-08       1.26679E-11       5.06715E-04       3.98405E-09       1.80890E-09
       7.87500E-06       7.90000E-06       7.88750E-06       2.50001E-08       1.27085E-11       5.08340E-04       4.00953E-09       1.82160E-09
       7.90000E-06       7.92500E-06       7.91250E-06       2.50001E-08       1.27488E-11       5.09949E-04       4.03497E-09       1.83435E-09
       7.92500E-06       7.95000E-06       7.93750E-06       2.49996E-08       1.27890E-11       5.11568E-04       4.06057E-09       1.84714E-09
       7.95000E-06       7.97500E-06       7.96250E-06       2.50001E-08       1.28292E-11       5.13167E-04       4.08610E-09       1.85997E-09
       7.97500E-06       8.00000E-06       7.98750E-06       2.50001E-08       1.28695E-11       5.14777E-04       4.11178E-09       1.87284E-09
       8.00000E-06       8.02500E-06       8.01250E-06       2.49996E-08       1.29097E-11       5.16396E-04       4.13762E-09       1.88575E-09
       8.02500E-06       8.05000E-06       8.03750E-06       2.50006E-08       1.29499E-11       5.17985E-04       4.16330E-09       1.89870E-09
       8.05000E-06       8.07500E-06       8.06250E-06       2.49996E-08       1.29902E-11       5.19614E-04       4.18939E-09       1.91169E-09
       8.07500E-06       8.10000E-06       8.08750E-06       2.50006E-08       1.30308E-11       5.21219E-04       4.21536E-09       1.92472E-09
       8.10000E-06       8.12500E-06       8.11250E-06       2.49996E-08       1.30710E-11       5.22848E-04       4.24161E-09       1.93779E-09
       8.12500E-06       8.15000E-06       8.13750E-06       2.49996E-08       1.31112E-11       5.24458E-04       4.26777E-09       1.95090E-09
       8.15000E-06       8.17500E-06       8.16250E-06       2.50006E-08       1.31515E-11       5.26047E-04       4.29386E-09       1.96405E-09
       8.17500E-06       8.20000E-06       8.18750E-06       2.49996E-08       1.31917E-11       5.27676E-04       4.32035E-09       1.97725E-09
       8.20000E-06       8.22500E-06       8.21250E-06       2.50006E-08       1.32319E-11       5.29265E-04       4.34659E-09       1.99048E-09
       8.22500E-06       8.25000E-06       8.23750E-06       2.49996E-08       1.32722E-11       5.30894E-04       4.37324E-09       2.00375E-09
       8.25000E-06       8.27500E-06       8.26250E-06       2.49996E-08       1.33124E-11       5.32504E-04       4.39981E-09       2.01706E-09
       8.27500E-06       8.30000E-06       8.28750E-06       2.50006E-08       1.33530E-11       5.34108E-04       4.42642E-09       2.03042E-09
       8.30000E-06       8.32500E-06       8.31250E-06       2.49996E-08       1.33932E-11       5.35738E-04       4.45332E-09       2.04381E-09
       8.32500E-06       8.35000E-06       8.33750E-06       2.50006E-08       1.34335E-11       5.37327E-04       4.47996E-09       2.05724E-09
       8.35000E-06       8.37500E-06       8.36250E-06       2.49996E-08       1.34737E-11       5.38956E-04       4.50702E-09       2.07072E-09
       8.37500E-06       8.40000E-06       8.38750E-06       2.49996E-08       1.35139E-11       5.40566E-04       4.53399E-09       2.08423E-09
       8.40000E-06       8.42500E-06       8.41250E-06       2.50006E-08       1.35542E-11       5.42154E-04       4.56087E-09       2.09778E-09
       8.42500E-06       8.45000E-06       8.43750E-06       2.49996E-08       1.35944E-11       5.43784E-04       4.58818E-09       2.11138E-09
       8.45000E-06       8.47500E-06       8.46250E-06       2.50006E-08       1.36346E-11       5.45372E-04       4.61521E-09       2.12501E-09
       8.47500E-06       8.50000E-06       8.48750E-06       2.49996E-08       1.36752E-11       5.47018E-04       4.64282E-09       2.13869E-09
       8.50000E-06       8.52500E-06       8.51250E-06       2.49996E-08       1.37155E-11       5.48627E-04       4.67019E-09       2.15240E-09
       8.52500E-06       8.55000E-06       8.53750E-06       2.50006E-08       1.37557E-11       5.50216E-04       4.69747E-09       2.16616E-09
       8.55000E-06       8.57500E-06       8.56250E-06       2.49996E-08       1.37959E-11       5.51846E-04       4.72518E-09       2.17996E-09
       8.57500E-06       8.60000E-06       8.58750E-06       2.50006E-08       1.38362E-11       5.53434E-04       4.75261E-09       2.19379E-09
       8.60000E-06       8.62500E-06       8.61250E-06       2.49996E-08       1.38764E-11       5.55064E-04       4.78049E-09       2.20767E-09
       8.62500E-06       8.65000E-06       8.63750E-06       2.49996E-08       1.39166E-11       5.56674E-04       4.80827E-09       2.22159E-09
       8.65000E-06       8.67500E-06       8.66250E-06       2.50006E-08       1.39569E-11       5.58262E-04       4.83594E-09       2.23554E-09
       8.67500E-06       8.70000E-06       8.68750E-06       2.49996E-08       1.39975E-11       5.59908E-04       4.86420E-09       2.24954E-09
       8.70000E-06       8.72500E-06       8.71250E-06       2.50006E-08       1.40377E-11       5.61496E-04       4.89203E-09       2.26358E-09
       8.72500E-06       8.75000E-06       8.73750E-06       2.49996E-08       1.40779E-11       5.63126E-04       4.92032E-09       2.27765E-09
       8.75000E-06       8.77500E-06       8.76250E-06       2.49996E-08       1.41182E-11       5.64735E-04       4.94849E-09       2.29177E-09
       8.77500E-06       8.80000E-06       8.78750E-06       2.50006E-08       1.41584E-11       5.66323E-04       4.97656E-09       2.30593E-09
       8.80000E-06       8.82500E-06       8.81250E-06       2.49996E-08       1.41986E-11       5.67954E-04       5.00509E-09       2.32013E-09
       8.82500E-06       8.85000E-06       8.83750E-06       2.50006E-08       1.42389E-11       5.69542E-04       5.03332E-09       2.33437E-09
       8.85000E-06       8.87500E-06       8.86250E-06       2.49996E-08       1.42791E-11       5.71172E-04       5.06202E-09       2.34865E-09
       8.87500E-06       8.90000E-06       8.88750E-06       2.49996E-08       1.43197E-11       5.72797E-04       5.09074E-09       2.36297E-09
       8.90000E-06       8.92500E-06       8.91250E-06       2.50006E-08       1.43599E-11       5.74385E-04       5.11920E-09       2.37733E-09
       8.92500E-06       8.95000E-06       8.93750E-06       2.49996E-08       1.44002E-11       5.76016E-04       5.14814E-09       2.39173E-09
       8.95000E-06       8.97500E-06       8.96250E-06       2.50006E-08       1.44404E-11       5.77603E-04       5.17677E-09       2.40617E-09
       8.97500E-06       9.00000E-06       8.98750E-06       2.49996E-08       1.44806E-11       5.79234E-04       5.20587E-09       2.42065E-09
       9.00000E-06       9.02500E-06       9.01250E-06       2.49996E-08       1.45209E-11       5.80844E-04       5.23485E-09       2.43517E-09
       9.02500E-06       9.05000E-06       9.03750E-06       2.50006E-08       1.45611E-11       5.82431E-04       5.26372E-09       2.44973E-09
       9.05000E-06       9.07500E-06       9.06250E-06       2.49996E-08       1.46013E-11       5.84062E-04       5.29306E-09       2.46433E-09
       9.07500E-06       9.10000E-06       9.08750E-06       2.50006E-08       1.46419E-11       5.85664E-04       5.32223E-09       2.47897E-09
       9.10000E-06       9.12500E-06       9.11250E-06       2.49996E-08       1.46822E-11       5.87296E-04       5.35174E-09       2.49366E-09
       9.12500E-06       9.15000E-06       9.13750E-06       2.49996E-08       1.47224E-11       5.88905E-04       5.38112E-09       2.50838E-09
       9.15000E-06       9.17500E-06       9.16250E-06       2.50006E-08       1.47626E-11       5.90492E-04       5.41038E-09       2.52314E-09
       9.17500E-06       9.20000E-06       9.18750E-06       2.49996E-08       1.48029E-11       5.92124E-04       5.44014E-09       2.53794E-09
       9.20000E-06       9.22500E-06       9.21250E-06       2.50006E-08       1.48431E-11       5.93711E-04       5.46956E-09       2.55279E-09
       9.22500E-06       9.25000E-06       9.23750E-06       2.49996E-08       1.48833E-11       5.95342E-04       5.49948E-09       2.56767E-09
       9.25000E-06       9.27500E-06       9.26250E-06       2.49996E-08       1.49236E-11       5.96952E-04       5.52926E-09       2.58259E-09
       9.27500E-06       9.30000E-06       9.28750E-06       2.50006E-08       1.49642E-11       5.98554E-04       5.55907E-09       2.59756E-09
       9.30000E-06       9.32500E-06       9.31250E-06       2.49996E-08       1.50044E-11       6.00186E-04       5.58923E-09       2.61256E-09
       9.32500E-06       9.35000E-06       9.33750E-06       2.50006E-08       1.50446E-11       6.01772E-04       5.61905E-09       2.62761E-09
       9.35000E-06       9.37500E-06       9.36250E-06       2.49996E-08       1.50849E-11       6.03404E-04       5.64937E-09       2.64269E-09
       9.37500E-06       9.40000E-06       9.38750E-06       2.49996E-08       1.51251E-11       6.05013E-04       5.67956E-09       2.65782E-09
       9.40000E-06       9.42500E-06       9.41250E-06       2.50006E-08       1.51653E-11       6.06600E-04       5.70962E-09       2.67298E-09
       9.42500E-06       9.45000E-06       9.43750E-06       2.49996E-08       1.52056E-11       6.08232E-04       5.74019E-09       2.68819E-09
       9.45000E-06       9.47500E-06       9.46250E-06       2.50006E-08       1.52458E-11       6.09818E-04       5.77040E-09       2.70343E-09
       9.47500E-06       9.50000E-06       9.48750E-06       2.49996E-08       1.52864E-11       6.11466E-04       5.80128E-09       2.71872E-09
       9.50000E-06       9.52500E-06       9.51250E-06       2.49996E-08       1.53266E-11       6.13075E-04       5.83188E-09       2.73405E-09
       9.52500E-06       9.55000E-06       9.53750E-06       2.50006E-08       1.53669E-11       6.14661E-04       5.86233E-09       2.74941E-09
       9.55000E-06       9.57500E-06       9.56250E-06       2.49996E-08       1.54071E-11       6.16294E-04       5.89331E-09       2.76482E-09
       9.57500E-06       9.60000E-06       9.58750E-06       2.50006E-08       1.54473E-11       6.17880E-04       5.92392E-09       2.78027E-09
       9.60000E-06       9.62500E-06       9.61250E-06       2.49996E-08       1.54876E-11       6.19512E-04       5.95506E-09       2.79576E-09
       9.62500E-06       9.65000E-06       9.63750E-06       2.49996E-08       1.55278E-11       6.21122E-04       5.98606E-09       2.81128E-09
       9.65000E-06       9.67500E-06       9.66250E-06       2.50006E-08       1.55684E-11       6.22723E-04       6.01706E-09       2.82685E-09
       9.67500E-06       9.70000E-06       9.68750E-06       2.49996E-08       1.56087E-11       6.24356E-04       6.04845E-09       2.84246E-09
       9.70000E-06       9.72500E-06       9.71250E-06       2.50006E-08       1.56489E-11       6.25941E-04       6.07945E-09       2.85811E-09
       9.72500E-06       9.75000E-06       9.73750E-06       2.49996E-08       1.56891E-11       6.27574E-04       6.11100E-09       2.87380E-09
       9.75000E-06       9.77500E-06       9.76250E-06       2.49996E-08       1.57293E-11       6.29183E-04       6.14240E-09       2.88953E-09
       9.77500E-06       9.80000E-06       9.78750E-06       2.50006E-08       1.57696E-11       6.30768E-04       6.17365E-09       2.90530E-09
       9.80000E-06       9.82500E-06       9.81250E-06       2.49996E-08       1.58098E-11       6.32402E-04       6.20544E-09       2.92111E-09
       9.82500E-06       9.85000E-06       9.83750E-06       2.50006E-08       1.58500E-11       6.33987E-04       6.23685E-09       2.93696E-09
       9.85000E-06       9.87500E-06       9.86250E-06       2.49996E-08       1.58907E-11       6.35636E-04       6.26896E-09       2.95285E-09
       9.87500E-06       9.90000E-06       9.88750E-06       2.49996E-08       1.59309E-11       6.37245E-04       6.30076E-09       2.96878E-09
       9.90000E-06       9.92500E-06       9.91250E-06       2.50006E-08       1.59711E-11       6.38830E-04       6.33240E-09       2.98475E-09
       9.92500E-06       9.95000E-06       9.93750E-06       2.49996E-08       1.60113E-11       6.40464E-04       6.36461E-09       3.00076E-09
       9.95000E-06       9.97500E-06       9.96250E-06       2.50006E-08       1.60516E-11       6.42048E-04       6.39641E-09       3.01681E-09
       9.97500E-06       1.00000E-05       9.98750E-06       2.49996E-08       1.60918E-11       6.43682E-04       6.42878E-09       3.03291E-09
       1.00000E-05       1.04713E-05       1.02356E-05       4.71300E-07       3.10896E-10       6.59656E-04       6.75201E-09       3.34380E-09
       1.04713E-05       1.09648E-05       1.07180E-05       4.93500E-07       3.40881E-10       6.90742E-04       7.40341E-09       3.68468E-09
       1.09648E-05       1.14815E-05       1.12232E-05       5.16700E-07       3.73776E-10       7.23392E-04       8.11874E-09       4.05846E-09
       1.14815E-05       1.20226E-05       1.17521E-05       5.41101E-07       4.09843E-10       7.57425E-04       8.90130E-09       4.46830E-09
       1.20226E-05       1.25892E-05       1.23059E-05       5.66600E-07       4.49371E-10       7.93101E-04       9.75982E-09       4.91767E-09
       1.25892E-05       1.31826E-05       1.28859E-05       5.93400E-07       4.92726E-10       8.30344E-04       1.06997E-08       5.41040E-09
       1.31826E-05       1.38038E-05       1.34932E-05       6.21200E-07       5.40261E-10       8.69705E-04       1.17351E-08       5.95066E-09
       1.38038E-05       1.44544E-05       1.41291E-05       6.50600E-07       5.92404E-10       9.10549E-04       1.28652E-08       6.54306E-09
       1.44544E-05       1.51356E-05       1.47950E-05       6.81200E-07       6.49547E-10       9.53533E-04       1.41075E-08       7.19261E-09
       1.51356E-05       1.58489E-05       1.54922E-05       7.13300E-07       7.12197E-10       9.98454E-04       1.54683E-08       7.90481E-09
       1.58489E-05       1.65959E-05       1.62224E-05       7.47000E-07       7.80940E-10       1.04544E-03       1.69595E-08       8.68575E-09
       1.65959E-05       1.73780E-05       1.69869E-05       7.82101E-07       8.56285E-10       1.09485E-03       1.85982E-08       9.54203E-09
       1.73780E-05       1.81970E-05       1.77875E-05       8.19000E-07       9.38894E-10       1.14639E-03       2.03914E-08       1.04809E-08
       1.81970E-05       1.90546E-05       1.86258E-05       8.57599E-07       1.02947E-09       1.20041E-03       2.23586E-08       1.15104E-08
       1.90546E-05       1.99526E-05       1.95036E-05       8.98001E-07       1.12876E-09       1.25697E-03       2.45154E-08       1.26392E-08
       1.99526E-05       2.08930E-05       2.04228E-05       9.40399E-07       1.23769E-09       1.31614E-03       2.68792E-08       1.38768E-08
       2.08930E-05       2.18776E-05       2.13853E-05       9.84600E-07       1.35710E-09       1.37832E-03       2.94758E-08       1.52339E-08
       2.18776E-05       2.29087E-05       2.23932E-05       1.03110E-06       1.48802E-09       1.44314E-03       3.23164E-08       1.67220E-08
       2.29087E-05       2.39883E-05       2.34485E-05       1.07960E-06       1.63156E-09       1.51127E-03       3.54369E-08       1.83535E-08
       2.39883E-05       2.51189E-05       2.45536E-05       1.13060E-06       1.78897E-09       1.58232E-03       3.88516E-08       2.01425E-08
       2.51189E-05       2.63027E-05       2.57108E-05       1.18380E-06       1.96161E-09       1.65704E-03       4.26039E-08       2.21041E-08
       2.63027E-05       2.75423E-05       2.69225E-05       1.23960E-06       2.15085E-09       1.73512E-03       4.67136E-08       2.42550E-08
       2.75423E-05       2.88403E-05       2.81913E-05       1.29800E-06       2.35837E-09       1.81692E-03       5.12214E-08       2.66133E-08
       2.88403E-05       3.01995E-05       2.95199E-05       1.35920E-06       2.58588E-09       1.90250E-03       5.61618E-08       2.91992E-08
       3.01995E-05       3.16228E-05       3.09111E-05       1.42330E-06       2.83535E-09       1.99210E-03       6.15779E-08       3.20346E-08
       3.16228E-05       3.31131E-05       3.23679E-05       1.49030E-06       3.09970E-09       2.07992E-03       6.73228E-08       3.51343E-08
       3.31131E-05       3.46737E-05       3.38934E-05       1.56060E-06       3.32683E-09       2.13176E-03       7.22526E-08       3.84611E-08
       3.46737E-05       3.63078E-05       3.54907E-05       1.63410E-06       3.55923E-09       2.17809E-03       7.73022E-08       4.20203E-08
       3.63078E-05       3.80189E-05       3.71634E-05       1.71110E-06       3.80991E-09       2.22658E-03       8.27472E-08       4.58302E-08
       3.80189E-05       3.98107E-05       3.89148E-05       1.79180E-06       4.08039E-09       2.27726E-03       8.86191E-08       4.99106E-08
       3.98107E-05       4.16869E-05       4.07488E-05       1.87620E-06       4.37239E-09       2.33045E-03       9.49630E-08       5.42830E-08
       4.16869E-05       4.36516E-05       4.26692E-05       1.96470E-06       4.68775E-09       2.38599E-03       1.01808E-07       5.89707E-08
       4.36516E-05       4.57088E-05       4.46802E-05       2.05720E-06       5.02854E-09       2.44436E-03       1.09214E-07       6.39993E-08
       4.57088E-05       4.78630E-05       4.67859E-05       2.15420E-06       5.39694E-09       2.50531E-03       1.17213E-07       6.93962E-08
       4.78630E-05       5.01187E-05       4.89908E-05       2.25570E-06       5.79015E-09       2.56690E-03       1.25754E-07       7.51864E-08
       5.01187E-05       5.24808E-05       5.12998E-05       2.36210E-06       6.19776E-09       2.62383E-03       1.34602E-07       8.13841E-08
       5.24808E-05       5.49541E-05       5.37174E-05       2.47330E-06       6.63592E-09       2.68302E-03       1.44125E-07       8.80201E-08
       5.49541E-05       5.75440E-05       5.62490E-05       2.58990E-06       7.10881E-09       2.74482E-03       1.54394E-07       9.51289E-08
       5.75440E-05       6.02560E-05       5.89000E-05       2.71200E-06       7.61946E-09       2.80953E-03       1.65482E-07       1.02748E-07
       6.02560E-05       6.30957E-05       6.16758E-05       2.83970E-06       8.17109E-09       2.87745E-03       1.77469E-07       1.10919E-07
       6.30957E-05       6.60693E-05       6.45825E-05       2.97360E-06       8.76408E-09       2.94730E-03       1.90344E-07       1.19684E-07
       6.60693E-05       6.91831E-05       6.76262E-05       3.11380E-06       9.37769E-09       3.01165E-03       2.03667E-07       1.29061E-07
       6.91831E-05       7.24436E-05       7.08134E-05       3.26051E-06       1.00325E-08       3.07699E-03       2.17892E-07       1.39094E-07
       7.24436E-05       7.58578E-05       7.41507E-05       3.41420E-06       1.07388E-08       3.14535E-03       2.33230E-07       1.49833E-07
       7.58578E-05       7.94328E-05       7.76453E-05       3.57500E-06       1.15010E-08       3.21705E-03       2.49789E-07       1.61334E-07
       7.94328E-05       8.31764E-05       8.13046E-05       3.74360E-06       1.23237E-08       3.29195E-03       2.67651E-07       1.73657E-07
       8.31764E-05       8.70964E-05       8.51364E-05       3.92000E-06       1.32123E-08       3.37048E-03       2.86951E-07       1.86870E-07
       8.70964E-05       9.12011E-05       8.91488E-05       4.10471E-06       1.41724E-08       3.45273E-03       3.07806E-07       2.01042E-07
       9.12011E-05       9.54993E-05       9.33502E-05       4.29820E-06       1.52104E-08       3.53879E-03       3.30347E-07       2.16252E-07
       9.54993E-05       1.00000E-04       9.77497E-05       4.50070E-06       1.63203E-08       3.62617E-03       3.54457E-07       2.32573E-07
       1.00000E-04       1.04713E-04       1.02356E-04       4.71300E-06       1.74702E-08       3.70682E-03       3.79417E-07       2.50043E-07
       1.04713E-04       1.09648E-04       1.07181E-04       4.93501E-06       1.87044E-08       3.79016E-03       4.06231E-07       2.68747E-07
       1.09648E-04       1.14815E-04       1.12232E-04       5.16700E-06       2.00374E-08       3.87797E-03       4.35230E-07       2.88785E-07
       1.14815E-04       1.20226E-04       1.17520E-04       5.41100E-06       2.14757E-08       3.96890E-03       4.66427E-07       3.10261E-07
       1.20226E-04       1.25892E-04       1.23059E-04       5.66600E-06       2.30304E-08       4.06466E-03       5.00193E-07       3.33291E-07
       1.25892E-04       1.31826E-04       1.28859E-04       5.93401E-06       2.47034E-08       4.16302E-03       5.36442E-07       3.57994E-07
       1.31826E-04       1.38038E-04       1.34932E-04       6.21199E-06       2.64351E-08       4.25550E-03       5.74203E-07       3.84429E-07
       1.38038E-04       1.44544E-04       1.41291E-04       6.50601E-06       2.82811E-08       4.34691E-03       6.14180E-07       4.12710E-07
       1.44544E-04       1.51356E-04       1.47950E-04       6.81200E-06       3.02710E-08       4.44378E-03       6.57457E-07       4.42981E-07
       1.51356E-04       1.58489E-04       1.54922E-04       7.13300E-06       3.24188E-08       4.54491E-03       7.04109E-07       4.75400E-07
       1.58489E-04       1.65959E-04       1.62224E-04       7.47000E-06       3.47373E-08       4.65024E-03       7.54380E-07       5.10138E-07
       1.65959E-04       1.73780E-04       1.69870E-04       7.82100E-06       3.72411E-08       4.76168E-03       8.08863E-07       5.47379E-07
       1.73780E-04       1.81970E-04       1.77875E-04       8.19000E-06       3.99465E-08       4.87748E-03       8.67581E-07       5.87325E-07
       1.81970E-04       1.90546E-04       1.86258E-04       8.57600E-06       4.28713E-08       4.99898E-03       9.31100E-07       6.30196E-07
       1.90546E-04       1.99526E-04       1.95036E-04       8.98000E-06       4.60038E-08       5.12292E-03       9.99153E-07       6.76200E-07
       1.99526E-04       2.08930E-04       2.04228E-04       9.40399E-06       4.92484E-08       5.23697E-03       1.06953E-06       7.25449E-07
       2.08930E-04       2.18776E-04       2.13853E-04       9.84601E-06       5.27281E-08       5.35528E-03       1.14524E-06       7.78177E-07
       2.18776E-04       2.29087E-04       2.23932E-04       1.03110E-05       5.64832E-08       5.47796E-03       1.22669E-06       8.34660E-07
       2.29087E-04       2.39883E-04       2.34485E-04       1.07960E-05       6.05375E-08       5.60741E-03       1.31485E-06       8.95198E-07
       2.39883E-04       2.51189E-04       2.45536E-04       1.13060E-05       6.49180E-08       5.74190E-03       1.40984E-06       9.60115E-07
       2.51189E-04       2.63027E-04       2.57108E-04       1.18380E-05       6.96390E-08       5.88266E-03       1.51248E-06       1.02975E-06
       2.63027E-04       2.75423E-04       2.69225E-04       1.23960E-05       7.45581E-08       6.01469E-03       1.61930E-06       1.10431E-06
       2.75423E-04       2.88403E-04       2.81913E-04       1.29800E-05       7.98005E-08       6.14796E-03       1.73319E-06       1.18411E-06
       2.88403E-04       3.01995E-04       2.95199E-04       1.35920E-05       8.54566E-08       6.28728E-03       1.85600E-06       1.26957E-06
       3.01995E-04       3.16228E-04       3.09111E-04       1.42330E-05       9.15623E-08       6.43310E-03       1.98854E-06       1.36113E-06
       3.16228E-04       3.31131E-04       3.23680E-04       1.49030E-05       9.81562E-08       6.58633E-03       2.13186E-06       1.45929E-06
       3.31131E-04       3.46737E-04       3.38934E-04       1.56060E-05       1.05282E-07       6.74624E-03       2.28653E-06       1.56457E-06
       3.46737E-04       3.63078E-04       3.54908E-04       1.63410E-05       1.12982E-07       6.91405E-03       2.45385E-06       1.67755E-06
       3.63078E-04       3.80189E-04       3.71634E-04       1.71110E-05       1.21311E-07       7.08965E-03       2.63475E-06       1.79886E-06
       3.80189E-04       3.98107E-04       3.89148E-04       1.79180E-05       1.30255E-07       7.26949E-03       2.82891E-06       1.92912E-06
       3.98107E-04       4.16869E-04       4.07488E-04       1.87620E-05       1.39536E-07       7.43717E-03       3.03056E-06       2.06865E-06
       4.16869E-04       4.36516E-04       4.26692E-04       1.96470E-05       1.49487E-07       7.60865E-03       3.24655E-06       2.21814E-06
       4.36516E-04       4.57088E-04       4.46802E-04       2.05720E-05       1.60234E-07       7.78892E-03       3.48010E-06       2.37838E-06
       4.57088E-04       4.78630E-04       4.67859E-04       2.15420E-05       1.71843E-07       7.97711E-03       3.73216E-06       2.55022E-06
       4.78630E-04       5.01187E-04       4.89909E-04       2.25570E-05       1.84390E-07       8.17440E-03       4.00471E-06       2.73461E-06
       5.01187E-04       5.24808E-04       5.12998E-04       2.36210E-05       1.97927E-07       8.37929E-03       4.29856E-06       2.93253E-06
       5.24808E-04       5.49541E-04       5.37175E-04       2.47330E-05       2.11975E-07       8.57053E-03       4.60387E-06       3.14451E-06
       5.49541E-04       5.75440E-04       5.62491E-04       2.58990E-05       2.26886E-07       8.76040E-03       4.92764E-06       3.37140E-06
       5.75440E-04       6.02560E-04       5.89000E-04       2.71200E-05       2.42975E-07       8.95924E-03       5.27699E-06       3.61437E-06
       6.02560E-04       6.30957E-04       6.16758E-04       2.83970E-05       2.60341E-07       9.16790E-03       5.65438E-06       3.87471E-06
       6.30957E-04       6.60693E-04       6.45825E-04       2.97360E-05       2.79097E-07       9.38583E-03       6.06160E-06       4.15381E-06
       6.60693E-04       6.91831E-04       6.76262E-04       3.11380E-05       2.99364E-07       9.61410E-03       6.50165E-06       4.45317E-06
       6.91831E-04       7.24436E-04       7.08133E-04       3.26050E-05       3.21271E-07       9.85342E-03       6.97754E-06       4.77444E-06
       7.24436E-04       7.58578E-04       7.41507E-04       3.41420E-05       3.44962E-07       1.01037E-02       7.49199E-06       5.11940E-06
       7.58578E-04       7.94328E-04       7.76453E-04       3.57500E-05       3.70427E-07       1.03616E-02       8.04530E-06       5.48983E-06
       7.94328E-04       8.31764E-04       8.13046E-04       3.74360E-05       3.96794E-07       1.05993E-02       8.61769E-06       5.88663E-06
       8.31764E-04       8.70964E-04       8.51364E-04       3.92000E-05       4.25002E-07       1.08419E-02       9.23039E-06       6.31163E-06
       8.70964E-04       9.12011E-04       8.91487E-04       4.10470E-05       4.55452E-07       1.10959E-02       9.89183E-06       6.76708E-06
       9.12011E-04       9.54993E-04       9.33502E-04       4.29820E-05       4.88347E-07       1.13617E-02       1.06061E-05       7.25543E-06
       9.54993E-04       1.00000E-03       9.77497E-04       4.50070E-05       5.23895E-07       1.16403E-02       1.13783E-05       7.77932E-06
       1.00000E-03       1.04713E-03       1.02356E-03       4.71300E-05       5.62266E-07       1.19301E-02       1.22112E-05       8.34159E-06
       1.04713E-03       1.09648E-03       1.07180E-03       4.93500E-05       6.02145E-07       1.22015E-02       1.30777E-05       8.94373E-06
       1.09648E-03       1.14815E-03       1.12231E-03       5.16700E-05       6.44399E-07       1.24714E-02       1.39969E-05       9.58813E-06
       1.14815E-03       1.20226E-03       1.17520E-03       5.41100E-05       6.89949E-07       1.27509E-02       1.49849E-05       1.02781E-05
       1.20226E-03       1.25892E-03       1.23059E-03       5.66600E-05       7.39144E-07       1.30452E-02       1.60533E-05       1.10172E-05
       1.25892E-03       1.31826E-03       1.28859E-03       5.93400E-05       7.92260E-07       1.33512E-02       1.72042E-05       1.18095E-05
       1.31826E-03       1.38038E-03       1.34932E-03       6.21200E-05       8.49621E-07       1.36771E-02       1.84548E-05       1.26591E-05
       1.38038E-03       1.44544E-03       1.41291E-03       6.50599E-05       9.11647E-07       1.40124E-02       1.97983E-05       1.35708E-05
       1.44544E-03       1.51356E-03       1.47950E-03       6.81201E-05       9.78683E-07       1.43670E-02       2.12560E-05       1.45494E-05
       1.51356E-03       1.58489E-03       1.54923E-03       7.13300E-05       1.05085E-06       1.47323E-02       2.28236E-05       1.56003E-05
       1.58489E-03       1.65959E-03       1.62224E-03       7.47000E-05       2.21731E-06       2.96829E-02       4.81528E-05       1.78176E-05
       1.65959E-03       1.73780E-03       1.69870E-03       7.82101E-05       2.65850E-05       3.39918E-01       5.77417E-04       4.44026E-05
       1.73780E-03       1.81970E-03       1.77875E-03       8.18999E-05       2.98069E-05       3.63943E-01       6.47363E-04       7.42095E-05
       1.81970E-03       1.90546E-03       1.86258E-03       8.57600E-05       3.12274E-05       3.64125E-01       6.78212E-04       1.05437E-04
       1.90546E-03       1.99526E-03       1.95036E-03       8.98001E-05       3.27026E-05       3.64171E-01       7.10265E-04       1.38139E-04
       1.99526E-03       2.08930E-03       2.04228E-03       9.40400E-05       3.42447E-05       3.64150E-01       7.43697E-04       1.72384E-04
       2.08930E-03       2.18776E-03       2.13853E-03       9.84600E-05       3.58595E-05       3.64204E-01       7.78862E-04       2.08244E-04
       2.18776E-03       2.29087E-03       2.23932E-03       1.03110E-04       3.75510E-05       3.64183E-01       8.15521E-04       2.45795E-04
       2.29087E-03       2.39883E-03       2.34485E-03       1.07960E-04       3.93084E-05       3.64102E-01       8.53764E-04       2.85103E-04
       2.39883E-03       2.51189E-03       2.45536E-03       1.13060E-04       4.11685E-05       3.64131E-01       8.94072E-04       3.26272E-04
       2.51189E-03       2.63027E-03       2.57108E-03       1.18380E-04       4.30993E-05       3.64076E-01       9.36068E-04       3.69371E-04
       2.63027E-03       2.75423E-03       2.69225E-03       1.23960E-04       4.51323E-05       3.64088E-01       9.80216E-04       4.14503E-04
       2.75423E-03       2.88403E-03       2.81913E-03       1.29800E-04       4.72608E-05       3.64105E-01       1.02646E-03       4.61764E-04
       2.88403E-03       3.01995E-03       2.95199E-03       1.35920E-04       4.94942E-05       3.64142E-01       1.07494E-03       5.11258E-04
       3.01995E-03       3.16228E-03       3.09112E-03       1.42330E-04       5.18237E-05       3.64109E-01       1.12550E-03       5.63082E-04
       3.16228E-03       3.31131E-03       3.23679E-03       1.49030E-04       5.42372E-05       3.63934E-01       1.17798E-03       6.17319E-04
       3.31131E-03       3.46737E-03       3.38934E-03       1.56060E-04       5.67771E-05       3.63816E-01       1.23309E-03       6.74096E-04
       3.46737E-03       3.63078E-03       3.54907E-03       1.63410E-04       5.94264E-05       3.63665E-01       1.29067E-03       7.33523E-04
       3.63078E-03       3.80189E-03       3.71633E-03       1.71110E-04       6.21982E-05       3.63499E-01       1.35088E-03       7.95721E-04
       3.80189E-03       3.98107E-03       3.89148E-03       1.79180E-04       6.51047E-05       3.63348E-01       1.41396E-03       8.60826E-04
       3.98107E-03       4.16869E-03       4.07488E-03       1.87620E-04       6.81482E-05       3.63225E-01       1.48010E-03       9.28974E-04
       4.16869E-03       4.36516E-03       4.26693E-03       1.96470E-04       7.13109E-05       3.62960E-01       1.54872E-03       1.00028E-03
       4.36516E-03       4.57088E-03       4.46802E-03       2.05720E-04       7.46146E-05       3.62700E-01       1.62055E-03       1.07490E-03
       4.57088E-03       4.78630E-03       4.67859E-03       2.15420E-04       7.80818E-05       3.62463E-01       1.69582E-03       1.15298E-03
       4.78630E-03       5.01187E-03       4.89909E-03       2.25570E-04       8.17040E-05       3.62211E-01       1.77450E-03       1.23469E-03
       5.01187E-03       5.24807E-03       5.12997E-03       2.36200E-04       8.54824E-05       3.61907E-01       1.85657E-03       1.32017E-03
       5.24807E-03       5.49541E-03       5.37174E-03       2.47340E-04       8.94420E-05       3.61615E-01       1.94250E-03       1.40961E-03
       5.49541E-03       5.75440E-03       5.62491E-03       2.58990E-04       9.35750E-05       3.61308E-01       2.03232E-03       1.50318E-03
       5.75440E-03       6.02560E-03       5.89000E-03       2.71200E-04       9.79067E-05       3.61013E-01       2.12637E-03       1.60109E-03
       6.02560E-03       6.30957E-03       6.16759E-03       2.83970E-04       1.02417E-04       3.60662E-01       2.22442E-03       1.70351E-03
       6.30957E-03       6.60693E-03       6.45825E-03       2.97360E-04       1.07132E-04       3.60278E-01       2.32677E-03       1.81064E-03
       6.60693E-03       6.91831E-03       6.76262E-03       3.11380E-04       1.12035E-04       3.59801E-01       2.43320E-03       1.92268E-03
       6.91831E-03       7.24436E-03       7.08133E-03       3.26050E-04       1.17157E-04       3.59322E-01       2.54448E-03       2.03983E-03
       7.24436E-03       7.58578E-03       7.41507E-03       3.41420E-04       1.22515E-04       3.58839E-01       2.66082E-03       2.16235E-03
       7.58578E-03       7.94328E-03       7.76453E-03       3.57500E-04       1.28124E-04       3.58390E-01       2.78273E-03       2.29047E-03
       7.94328E-03       8.31764E-03       8.13046E-03       3.74360E-04       1.33978E-04       3.57886E-01       2.90978E-03       2.42445E-03
       8.31764E-03       8.70964E-03       8.51364E-03       3.92000E-04       1.40046E-04       3.57261E-01       3.04159E-03       2.56450E-03
       8.70964E-03       9.12011E-03       8.91487E-03       4.10471E-04       1.46358E-04       3.56561E-01       3.17870E-03       2.71085E-03
       9.12011E-03       9.54993E-03       9.33502E-03       4.29819E-04       1.52944E-04       3.55834E-01       3.32172E-03       2.86380E-03
       9.54993E-03       1.00000E-02       9.77496E-03       4.50070E-04       1.59822E-04       3.55105E-01       3.47114E-03       3.02362E-03
       1.00000E-02       1.04713E-02       1.02357E-02       4.71300E-04       1.66998E-04       3.54335E-01       3.62685E-03       3.19062E-03
       1.04713E-02       1.09648E-02       1.07180E-02       4.93500E-04       1.74478E-04       3.53552E-01       3.78939E-03       3.36510E-03
       1.09648E-02       1.14815E-02       1.12232E-02       5.16700E-04       1.82305E-04       3.52826E-01       3.95982E-03       3.54740E-03
       1.14815E-02       1.20226E-02       1.17521E-02       5.41100E-04       1.90441E-04       3.51951E-01       4.13615E-03       3.73784E-03
       1.20226E-02       1.25892E-02       1.23059E-02       5.66601E-04       2.07441E-04       3.66116E-01       4.50539E-03       3.94528E-03
       1.25892E-02       1.31826E-02       1.28859E-02       5.93399E-04       2.25689E-04       3.80332E-01       4.90092E-03       4.17097E-03
       1.31826E-02       1.38038E-02       1.34932E-02       6.21200E-04       2.35634E-04       3.79320E-01       5.11825E-03       4.40661E-03
       1.38038E-02       1.44544E-02       1.41291E-02       6.50601E-04       2.46008E-04       3.78124E-01       5.34255E-03       4.65262E-03
       1.44544E-02       1.51356E-02       1.47950E-02       6.81199E-04       2.57357E-04       3.77800E-01       5.58954E-03       4.90997E-03
       1.51356E-02       1.58489E-02       1.54923E-02       7.13301E-04       2.68706E-04       3.76708E-01       5.83605E-03       5.17868E-03
       1.58489E-02       1.65959E-02       1.62224E-02       7.47000E-04       2.80464E-04       3.75454E-01       6.09076E-03       5.45914E-03
       1.65959E-02       1.73780E-02       1.69870E-02       7.82100E-04       2.92623E-04       3.74151E-01       6.35568E-03       5.75176E-03
       1.73780E-02       1.81970E-02       1.77875E-02       8.19000E-04       3.05214E-04       3.72667E-01       6.62881E-03       6.05698E-03
       1.81970E-02       1.90546E-02       1.86258E-02       8.57600E-04       3.18320E-04       3.71176E-01       6.91345E-03       6.37530E-03
       1.90546E-02       1.99526E-02       1.95036E-02       8.98000E-04       3.31947E-04       3.69651E-01       7.20953E-03       6.70725E-03
       1.99526E-02       2.08930E-02       2.04228E-02       9.40400E-04       3.46156E-04       3.68094E-01       7.51751E-03       7.05340E-03
       2.08930E-02       2.18776E-02       2.13853E-02       9.84600E-04       3.60945E-04       3.66591E-01       7.83965E-03       7.41435E-03
       2.18776E-02       2.29087E-02       2.23931E-02       1.03110E-03       3.76339E-04       3.64988E-01       8.17324E-03       7.79069E-03
       2.29087E-02       2.39883E-02       2.34485E-02       1.07960E-03       3.92388E-04       3.63457E-01       8.52252E-03       8.18307E-03
       2.39883E-02       2.51189E-02       2.45536E-02       1.13060E-03       4.10257E-04       3.62866E-01       8.90968E-03       8.59333E-03
       2.51189E-02       2.63027E-02       2.57108E-02       1.18380E-03       4.27903E-04       3.61466E-01       9.29357E-03       9.02123E-03
       2.63027E-02       2.75423E-02       2.69225E-02       1.23960E-03       4.45907E-04       3.59718E-01       9.68452E-03       9.46714E-03
       2.75423E-02       2.88403E-02       2.81913E-02       1.29800E-03       4.65355E-04       3.58517E-01       1.01070E-02       9.93250E-03
       2.88403E-02       3.01995E-02       2.95199E-02       1.35920E-03       5.03397E-04       3.70363E-01       1.09331E-02       1.04359E-02
       3.01995E-02       3.16228E-02       3.09112E-02       1.42330E-03       5.70325E-04       4.00706E-01       1.23863E-02       1.10062E-02
       3.16228E-02       3.31131E-02       3.23680E-02       1.49030E-03       5.94903E-04       3.99183E-01       1.29207E-02       1.16011E-02
       3.31131E-02       3.46737E-02       3.38934E-02       1.56060E-03       6.20303E-04       3.97478E-01       1.34719E-02       1.22214E-02
       3.46737E-02       3.63078E-02       3.54908E-02       1.63410E-03       6.50502E-04       3.98079E-01       1.41281E-02       1.28719E-02
       3.63078E-02       3.80189E-02       3.71633E-02       1.71110E-03       6.80203E-04       3.97525E-01       1.47733E-02       1.35521E-02
       3.80189E-02       3.98107E-02       3.89148E-02       1.79180E-03       7.09177E-04       3.95790E-01       1.54021E-02       1.42613E-02
       3.98107E-02       4.16869E-02       4.07488E-02       1.87620E-03       7.41773E-04       3.95360E-01       1.61104E-02       1.50031E-02
       4.16869E-02       4.36516E-02       4.26693E-02       1.96470E-03       7.76655E-04       3.95304E-01       1.68673E-02       1.57797E-02
       4.36516E-02       4.57088E-02       4.46802E-02       2.05720E-03       8.10393E-04       3.93930E-01       1.76009E-02       1.65901E-02
       4.57088E-02       4.78630E-02       4.67859E-02       2.15420E-03       8.50465E-04       3.94794E-01       1.84708E-02       1.74406E-02
       4.78630E-02       5.01187E-02       4.89908E-02       2.25570E-03       8.90690E-04       3.94862E-01       1.93446E-02       1.83313E-02
       5.01187E-02       5.24808E-02       5.12998E-02       2.36210E-03       9.29238E-04       3.93395E-01       2.01810E-02       1.92605E-02
       5.24808E-02       5.49541E-02       5.37174E-02       2.47330E-03       9.69381E-04       3.91938E-01       2.10539E-02       2.02299E-02
       5.49541E-02       5.75440E-02       5.62491E-02       2.58990E-03       1.01158E-03       3.90586E-01       2.19701E-02       2.12415E-02
       5.75440E-02       6.02560E-02       5.89000E-02       2.71200E-03       1.05599E-03       3.89378E-01       2.29344E-02       2.22975E-02
       6.02560E-02       6.30957E-02       6.16758E-02       2.83970E-03       1.10278E-03       3.88345E-01       2.39515E-02       2.34003E-02
       6.30957E-02       6.60693E-02       6.45825E-02       2.97360E-03       1.15215E-03       3.87459E-01       2.50231E-02       2.45524E-02
       6.60693E-02       6.91831E-02       6.76262E-02       3.11380E-03       1.20403E-03       3.86675E-01       2.61493E-02       2.57564E-02
       6.91831E-02       7.24436E-02       7.08134E-02       3.26050E-03       1.25848E-03       3.85977E-01       2.73323E-02       2.70149E-02
       7.24436E-02       7.58578E-02       7.41507E-02       3.41420E-03       1.31607E-03       3.85470E-01       2.85829E-02       2.83310E-02
       7.58578E-02       7.94328E-02       7.76453E-02       3.57500E-03       1.37706E-03       3.85191E-01       2.99082E-02       2.97080E-02
       7.94328E-02       8.31764E-02       8.13046E-02       3.74360E-03       1.44173E-03       3.85120E-01       3.13120E-02       3.11498E-02
       8.31764E-02       8.70964E-02       8.51364E-02       3.92000E-03       1.51126E-03       3.85525E-01       3.28222E-02       3.26610E-02
       8.70964E-02       9.12011E-02       8.91488E-02       4.10470E-03       1.58597E-03       3.86378E-01       3.44451E-02       3.42470E-02
       9.12011E-02       9.54993E-02       9.33502E-02       4.29820E-03       1.66761E-03       3.87979E-01       3.62179E-02       3.59146E-02
       9.54993E-02       1.00000E-01       9.77497E-02       4.50070E-03       1.75707E-03       3.90400E-01       3.81614E-02       3.76717E-02
       1.00000E-01       1.04713E-01       1.02357E-01       4.71300E-03       1.85207E-03       3.92970E-01       4.02231E-02       3.95237E-02
       1.04713E-01       1.09648E-01       1.07180E-01       4.93500E-03       1.95305E-03       3.95755E-01       4.24173E-02       4.14768E-02
       1.09648E-01       1.14815E-01       1.12231E-01       5.16700E-03       2.06119E-03       3.98913E-01       4.47706E-02       4.35380E-02
       1.14815E-01       1.20226E-01       1.17520E-01       5.41100E-03       2.17681E-03       4.02293E-01       4.72776E-02       4.57148E-02
       1.20226E-01       1.25892E-01       1.23059E-01       5.66600E-03       2.30061E-03       4.06038E-01       4.99666E-02       4.80154E-02
       1.25892E-01       1.31826E-01       1.28859E-01       5.93400E-03       2.43303E-03       4.10016E-01       5.28342E-02       5.04484E-02
       1.31826E-01       1.38038E-01       1.34932E-01       6.21200E-03       2.57342E-03       4.14266E-01       5.58978E-02       5.30219E-02
       1.38038E-01       1.44544E-01       1.41291E-01       6.50600E-03       2.72149E-03       4.18304E-01       5.91026E-02       5.57434E-02
       1.44544E-01       1.51356E-01       1.47950E-01       6.81200E-03       2.87915E-03       4.22659E-01       6.25324E-02       5.86225E-02
       1.51356E-01       1.58489E-01       1.54923E-01       7.13300E-03       3.04708E-03       4.27181E-01       6.61799E-02       6.16696E-02
       1.58489E-01       1.65959E-01       1.62224E-01       7.47000E-03       3.22563E-03       4.31811E-01       7.00502E-02       6.48952E-02
       1.65959E-01       1.73780E-01       1.69869E-01       7.82100E-03       3.41371E-03       4.36480E-01       7.41447E-02       6.83089E-02
       1.73780E-01       1.81970E-01       1.77875E-01       8.19000E-03       3.61143E-03       4.40957E-01       7.84351E-02       7.19204E-02
       1.81970E-01       1.90546E-01       1.86258E-01       8.57600E-03       3.82011E-03       4.45442E-01       8.29672E-02       7.57405E-02
       1.90546E-01       1.99526E-01       1.95036E-01       8.98000E-03       4.08942E-03       4.55392E-01       8.88178E-02       7.98299E-02
       1.99526E-01       2.08930E-01       2.04228E-01       9.40400E-03       4.44582E-03       4.72758E-01       9.65505E-02       8.42757E-02
       2.08930E-01       2.18776E-01       2.13853E-01       9.84600E-03       4.84088E-03       4.91659E-01       1.05143E-01       8.91166E-02
       2.18776E-01       2.29087E-01       2.23931E-01       1.03110E-02       5.26858E-03       5.10966E-01       1.14421E-01       9.43852E-02
       2.29087E-01       2.39883E-01       2.34485E-01       1.07960E-02       5.72704E-03       5.30478E-01       1.24389E-01       1.00112E-01
       2.39883E-01       2.51189E-01       2.45536E-01       1.13060E-02       6.20990E-03       5.49257E-01       1.34862E-01       1.06322E-01
       2.51189E-01       2.63027E-01       2.57108E-01       1.18380E-02       6.72964E-03       5.68478E-01       1.46160E-01       1.13052E-01
       2.63027E-01       2.75423E-01       2.69225E-01       1.23960E-02       7.28138E-03       5.87397E-01       1.58142E-01       1.20333E-01
       2.75423E-01       2.88403E-01       2.81913E-01       1.29800E-02       7.85777E-03       6.05375E-01       1.70663E-01       1.28191E-01
       2.88403E-01       3.01995E-01       2.95199E-01       1.35920E-02       8.47661E-03       6.23647E-01       1.84100E-01       1.36668E-01
       3.01995E-01       3.16228E-01       3.09112E-01       1.42330E-02       9.14234E-03       6.42334E-01       1.98553E-01       1.45810E-01
       3.16228E-01       3.31131E-01       3.23680E-01       1.49030E-02       9.85771E-03       6.61458E-01       2.14100E-01       1.55668E-01
       3.31131E-01       3.46737E-01       3.38934E-01       1.56060E-02       1.06031E-02       6.79424E-01       2.30280E-01       1.66271E-01
       3.46737E-01       3.63078E-01       3.54908E-01       1.63410E-02       1.13943E-02       6.97283E-01       2.47471E-01       1.77665E-01
       3.63078E-01       3.80189E-01       3.71633E-01       1.71110E-02       1.22479E-02       7.15790E-01       2.66012E-01       1.89913E-01
       3.80189E-01       3.98107E-01       3.89148E-01       1.79180E-02       1.31639E-02       7.34676E-01       2.85898E-01       2.03077E-01
       3.98107E-01       4.16869E-01       4.07488E-01       1.87620E-02       1.41127E-02       7.52197E-01       3.06511E-01       2.17189E-01
       4.16869E-01       4.36516E-01       4.26692E-01       1.96470E-02       1.51327E-02       7.70227E-01       3.28650E-01       2.32322E-01
       4.36516E-01       4.57088E-01       4.46802E-01       2.05720E-02       1.62411E-02       7.89478E-01       3.52740E-01       2.48563E-01
       4.57088E-01       4.78630E-01       4.67859E-01       2.15420E-02       1.74493E-02       8.10012E-01       3.78971E-01       2.66013E-01
       4.78630E-01       5.01187E-01       4.89909E-01       2.25570E-02       1.87699E-02       8.32111E-01       4.07658E-01       2.84782E-01
       5.01187E-01       5.24808E-01       5.12998E-01       2.36210E-02       2.02181E-02       8.55940E-01       4.39095E-01       3.05001E-01
       5.24808E-01       5.49541E-01       5.37174E-01       2.47330E-02       2.18135E-02       8.81961E-01       4.73767E-01       3.26814E-01
       5.49541E-01       5.75440E-01       5.62490E-01       2.58990E-02       2.35743E-02       9.10239E-01       5.12001E-01       3.50388E-01
       5.75440E-01       6.02560E-01       5.89000E-01       2.71200E-02       2.69246E-02       9.92793E-01       5.84755E-01       3.77313E-01
       6.02560E-01       6.30957E-01       6.16758E-01       2.83970E-02       3.25645E-02       1.14676E+00       7.07274E-01       4.09878E-01
       6.30957E-01       6.60693E-01       6.45825E-01       2.97360E-02       2.70232E-02       9.08770E-01       5.86906E-01       4.36901E-01
       6.60693E-01       6.91831E-01       6.76262E-01       3.11380E-02       2.68800E-02       8.63254E-01       5.83786E-01       4.63781E-01
       6.91831E-01       7.24436E-01       7.08133E-01       3.26050E-02       2.67364E-02       8.20008E-01       5.80675E-01       4.90517E-01
       7.24436E-01       7.58578E-01       7.41507E-01       3.41420E-02       2.66531E-02       7.80653E-01       5.78860E-01       5.17170E-01
       7.58578E-01       7.94328E-01       7.76453E-01       3.57500E-02       2.65271E-02       7.42017E-01       5.76141E-01       5.43697E-01
       7.94328E-01       8.31764E-01       8.13046E-01       3.74360E-02       2.63572E-02       7.04060E-01       5.72433E-01       5.70054E-01
       8.31764E-01       8.70964E-01       8.51364E-01       3.92000E-02       2.60562E-02       6.64698E-01       5.65900E-01       5.96111E-01
       8.70964E-01       9.12011E-01       8.91487E-01       4.10470E-02       2.55993E-02       6.23659E-01       5.55984E-01       6.21710E-01
       9.12011E-01       9.54993E-01       9.33502E-01       4.29820E-02       2.49596E-02       5.80699E-01       5.42084E-01       6.46669E-01
       9.54993E-01       1.00000E+00       9.77497E-01       4.50070E-02       2.41068E-02       5.35624E-01       5.23570E-01       6.70776E-01
       1.00000E+00       1.04713E+00       1.02357E+00       4.71300E-02       2.30779E-02       4.89666E-01       5.01204E-01       6.93854E-01
       1.04713E+00       1.09648E+00       1.07181E+00       4.93500E-02       2.19111E-02       4.43993E-01       4.75874E-01       7.15765E-01
       1.09648E+00       1.14815E+00       1.12231E+00       5.16700E-02       2.04673E-02       3.96116E-01       4.44567E-01       7.36233E-01
       1.14815E+00       1.20226E+00       1.17520E+00       5.41100E-02       1.87917E-02       3.47287E-01       4.08133E-01       7.55024E-01
       1.20226E+00       1.25892E+00       1.23059E+00       5.66600E-02       1.68133E-02       2.96740E-01       3.65165E-01       7.71838E-01
       1.25892E+00       1.31826E+00       1.28859E+00       5.93400E-02       1.57326E-02       2.65126E-01       3.41639E-01       7.87570E-01
       1.31826E+00       1.38038E+00       1.34932E+00       6.21200E-02       1.55475E-02       2.50282E-01       3.37710E-01       8.03118E-01
       1.38038E+00       1.44544E+00       1.41291E+00       6.50600E-02       1.52573E-02       2.34511E-01       3.31343E-01       8.18375E-01
       1.44544E+00       1.51356E+00       1.47950E+00       6.81200E-02       1.48589E-02       2.18128E-01       3.22720E-01       8.33234E-01
       1.51356E+00       1.58489E+00       1.54923E+00       7.13300E-02       1.43674E-02       2.01421E-01       3.12047E-01       8.47601E-01
       1.58489E+00       1.65959E+00       1.62224E+00       7.47000E-02       1.40702E-02       1.88357E-01       3.05559E-01       8.61671E-01
       1.65959E+00       1.73780E+00       1.69869E+00       7.82100E-02       1.42187E-02       1.81801E-01       3.08825E-01       8.75890E-01
       1.73780E+00       1.81970E+00       1.77875E+00       8.19000E-02       1.46422E-02       1.78781E-01       3.18007E-01       8.90532E-01
       1.81970E+00       1.90546E+00       1.86258E+00       8.57600E-02       1.52405E-02       1.77711E-01       3.31002E-01       9.05773E-01
       1.90546E+00       1.99526E+00       1.95036E+00       8.98000E-02       1.36545E-02       1.52054E-01       2.96561E-01       9.19427E-01
       1.99526E+00       2.08930E+00       2.04228E+00       9.40400E-02       1.33556E-02       1.42020E-01       2.90045E-01       9.32783E-01
       2.08930E+00       2.18776E+00       2.13853E+00       9.84600E-02       1.26329E-02       1.28305E-01       2.74384E-01       9.45416E-01
       2.18776E+00       2.29087E+00       2.23932E+00       1.03110E-01       1.00170E-02       9.71490E-02       2.17547E-01       9.55433E-01
       2.29087E+00       2.39883E+00       2.34485E+00       1.07960E-01       6.11562E-03       5.66471E-02       1.32829E-01       9.61548E-01
       2.39883E+00       2.51189E+00       2.45536E+00       1.13060E-01       5.41881E-03       4.79287E-02       1.17682E-01       9.66967E-01
       2.51189E+00       2.63027E+00       2.57108E+00       1.18380E-01       4.88121E-03       4.12334E-02       1.06014E-01       9.71848E-01
       2.63027E+00       2.75423E+00       2.69225E+00       1.23960E-01       4.37583E-03       3.53003E-02       9.50373E-02       9.76224E-01
       2.75423E+00       2.88403E+00       2.81913E+00       1.29800E-01       3.87130E-03       2.98251E-02       8.40808E-02       9.80096E-01
       2.88403E+00       3.01995E+00       2.95199E+00       1.35920E-01       3.44661E-03       2.53577E-02       7.48556E-02       9.83542E-01
       3.01995E+00       3.16228E+00       3.09111E+00       1.42330E-01       3.05264E-03       2.14476E-02       6.62970E-02       9.86595E-01
       3.16228E+00       3.31131E+00       3.23679E+00       1.49030E-01       2.71641E-03       1.82273E-02       5.89980E-02       9.89311E-01
       3.31131E+00       3.46737E+00       3.38934E+00       1.56060E-01       2.40939E-03       1.54388E-02       5.23275E-02       9.91721E-01
       3.46737E+00       3.63078E+00       3.54908E+00       1.63410E-01       2.10297E-03       1.28693E-02       4.56741E-02       9.93824E-01
       3.63078E+00       3.80189E+00       3.71633E+00       1.71110E-01       1.77980E-03       1.04015E-02       3.86554E-02       9.95604E-01
       3.80189E+00       3.98107E+00       3.89148E+00       1.79180E-01       1.43162E-03       7.98986E-03       3.10924E-02       9.97035E-01
       3.98107E+00       4.16869E+00       4.07488E+00       1.87620E-01       1.07805E-03       5.74591E-03       2.34139E-02       9.98113E-01
       4.16869E+00       4.36516E+00       4.26692E+00       1.96470E-01       7.66321E-04       3.90045E-03       1.66429E-02       9.98880E-01
       4.36516E+00       4.57088E+00       4.46802E+00       2.05720E-01       5.24188E-04       2.54806E-03       1.13848E-02       9.99404E-01
       4.57088E+00       4.78630E+00       4.67859E+00       2.15420E-01       3.41733E-04       1.58636E-03       7.42192E-03       9.99745E-01
       4.78630E+00       5.00000E+00       4.89315E+00       2.13700E-01       1.91607E-04       8.96615E-04       4.38727E-03       9.99937E-01
       5.00000E+00       5.20000E+00       5.10000E+00       2.00000E-01       6.33279E-05       3.16639E-04       1.61486E-03       1.00000E+00

 Sum =                                                                         1.00000E+00
 Renormalization bin#   966 =                                                  2.56025E-01 barn        1.80000E+07        1.82000E+07        1.81000E+07
 Avg. Energy     bin#   966 =                                                  9.19006E-01 MeV         1.80000E+07        1.82000E+07
