"        MT= 91 recoil spectrum "
" Initial neutron energy corresponds to the group:"
   2.78000E+01    2.80000E+01       0.00000E+00           615           915           301



          Low               High              Mid              Energy           Number             dn/de            E*dn/de          Cumulative
         Energy            Energy            Energy             Width          Fraction                               Sum   
         [MeV]             [MeV]             [MeV]              [MeV]

       9.97500E-06       1.00000E-05       9.98750E-06       2.49996E-08       0.00000E+00       0.00000E+00       0.00000E+00       0.00000E+00
       1.00000E-05       1.04713E-05       1.02356E-05       4.71300E-07       1.01153E-10       2.14625E-04       2.19683E-09       1.01153E-10
       1.04713E-05       1.09648E-05       1.07180E-05       4.93500E-07       1.10909E-10       2.24739E-04       2.40877E-09       2.12062E-10
       1.09648E-05       1.14815E-05       1.12232E-05       5.16700E-07       1.21613E-10       2.35364E-04       2.64153E-09       3.33674E-10
       1.14815E-05       1.20226E-05       1.17521E-05       5.41101E-07       1.33341E-10       2.46426E-04       2.89601E-09       4.67015E-10
       1.20226E-05       1.25892E-05       1.23059E-05       5.66600E-07       1.46211E-10       2.58050E-04       3.17554E-09       6.13227E-10
       1.25892E-05       1.31826E-05       1.28859E-05       5.93400E-07       1.60317E-10       2.70167E-04       3.48134E-09       7.73544E-10
       1.31826E-05       1.38038E-05       1.34932E-05       6.21200E-07       1.75783E-10       2.82973E-04       3.81822E-09       9.49326E-10
       1.38038E-05       1.44544E-05       1.41291E-05       6.50600E-07       1.92746E-10       2.96258E-04       4.18586E-09       1.14207E-09
       1.44544E-05       1.51356E-05       1.47950E-05       6.81200E-07       2.11330E-10       3.10231E-04       4.58987E-09       1.35340E-09
       1.51356E-05       1.58489E-05       1.54922E-05       7.13300E-07       2.31726E-10       3.24865E-04       5.03289E-09       1.58513E-09
       1.58489E-05       1.65959E-05       1.62224E-05       7.47000E-07       2.54087E-10       3.40144E-04       5.51794E-09       1.83922E-09
       1.65959E-05       1.73780E-05       1.69869E-05       7.82101E-07       2.78591E-10       3.56208E-04       6.05089E-09       2.11781E-09
       1.73780E-05       1.81970E-05       1.77875E-05       8.19000E-07       3.05470E-10       3.72980E-04       6.63438E-09       2.42328E-09
       1.81970E-05       1.90546E-05       1.86258E-05       8.57599E-07       3.34946E-10       3.90563E-04       7.27454E-09       2.75822E-09
       1.90546E-05       1.99526E-05       1.95036E-05       8.98001E-07       3.67251E-10       4.08965E-04       7.97630E-09       3.12547E-09
       1.99526E-05       2.08930E-05       2.04228E-05       9.40399E-07       4.02688E-10       4.28210E-04       8.74524E-09       3.52816E-09
       2.08930E-05       2.18776E-05       2.13853E-05       9.84600E-07       4.41545E-10       4.48451E-04       9.59026E-09       3.96971E-09
       2.18776E-05       2.29087E-05       2.23932E-05       1.03110E-06       4.84138E-10       4.69535E-04       1.05144E-08       4.45384E-09
       2.29087E-05       2.39883E-05       2.34485E-05       1.07960E-06       5.30851E-10       4.91711E-04       1.15299E-08       4.98470E-09
       2.39883E-05       2.51189E-05       2.45536E-05       1.13060E-06       5.82070E-10       5.14832E-04       1.26410E-08       5.56676E-09
       2.51189E-05       2.63027E-05       2.57108E-05       1.18380E-06       6.38219E-10       5.39128E-04       1.38614E-08       6.20498E-09
       2.63027E-05       2.75423E-05       2.69225E-05       1.23960E-06       6.99794E-10       5.64532E-04       1.51986E-08       6.90478E-09
       2.75423E-05       2.88403E-05       2.81913E-05       1.29800E-06       7.67316E-10       5.91152E-04       1.66654E-08       7.67209E-09
       2.88403E-05       3.01995E-05       2.95199E-05       1.35920E-06       8.41335E-10       6.18993E-04       1.82726E-08       8.51343E-09
       3.01995E-05       3.16228E-05       3.09111E-05       1.42330E-06       9.22510E-10       6.48148E-04       2.00350E-08       9.43594E-09
       3.16228E-05       3.31131E-05       3.23679E-05       1.49030E-06       1.01151E-09       6.78733E-04       2.19692E-08       1.04475E-08
       3.31131E-05       3.46737E-05       3.38934E-05       1.56060E-06       1.10910E-09       7.10690E-04       2.40877E-08       1.15566E-08
       3.46737E-05       3.63078E-05       3.54907E-05       1.63410E-06       1.21611E-09       7.44209E-04       2.64125E-08       1.27727E-08
       3.63078E-05       3.80189E-05       3.71634E-05       1.71110E-06       1.33344E-09       7.79287E-04       2.89609E-08       1.41061E-08
       3.80189E-05       3.98107E-05       3.89148E-05       1.79180E-06       1.46211E-09       8.16002E-04       3.17546E-08       1.55682E-08
       3.98107E-05       4.16869E-05       4.07488E-05       1.87620E-06       1.60317E-09       8.54477E-04       3.48189E-08       1.71714E-08
       4.16869E-05       4.36516E-05       4.26692E-05       1.96470E-06       1.75783E-09       8.94706E-04       3.81765E-08       1.89292E-08
       4.36516E-05       4.57088E-05       4.46802E-05       2.05720E-06       1.92746E-09       9.36932E-04       4.18623E-08       2.08567E-08
       4.57088E-05       4.78630E-05       4.67859E-05       2.15420E-06       2.11330E-09       9.81013E-04       4.58976E-08       2.29700E-08
       4.78630E-05       5.01187E-05       4.89908E-05       2.25570E-06       2.31699E-09       1.02717E-03       5.03220E-08       2.52870E-08
       5.01187E-05       5.24808E-05       5.12998E-05       2.36210E-06       2.50626E-09       1.06103E-03       5.44305E-08       2.77932E-08
       5.24808E-05       5.49541E-05       5.37174E-05       2.47330E-06       2.68083E-09       1.08391E-03       5.82248E-08       3.04740E-08
       5.49541E-05       5.75440E-05       5.62490E-05       2.58990E-06       2.86901E-09       1.10777E-03       6.23109E-08       3.33431E-08
       5.75440E-05       6.02560E-05       5.89000E-05       2.71200E-06       3.07187E-09       1.13270E-03       6.67158E-08       3.64149E-08
       6.02560E-05       6.30957E-05       6.16758E-05       2.83970E-06       3.29095E-09       1.15891E-03       7.14766E-08       3.97059E-08
       6.30957E-05       6.60693E-05       6.45825E-05       2.97360E-06       3.52761E-09       1.18631E-03       7.66148E-08       4.32335E-08
       6.60693E-05       6.91831E-05       6.76262E-05       3.11380E-06       3.78322E-09       1.21498E-03       8.21648E-08       4.70167E-08
       6.91831E-05       7.24436E-05       7.08134E-05       3.26051E-06       4.05943E-09       1.24503E-03       8.81649E-08       5.10761E-08
       7.24436E-05       7.58578E-05       7.41507E-05       3.41420E-06       4.35762E-09       1.27632E-03       9.46403E-08       5.54338E-08
       7.58578E-05       7.94328E-05       7.76453E-05       3.57500E-06       4.66763E-09       1.30563E-03       1.01376E-07       6.01014E-08
       7.94328E-05       8.31764E-05       8.13046E-05       3.74360E-06       4.99645E-09       1.33466E-03       1.08514E-07       6.50978E-08
       8.31764E-05       8.70964E-05       8.51364E-05       3.92000E-06       5.35137E-09       1.36514E-03       1.16224E-07       7.04492E-08
       8.70964E-05       9.12011E-05       8.91488E-05       4.10471E-06       5.73444E-09       1.39704E-03       1.24544E-07       7.61837E-08
       9.12011E-05       9.54993E-05       9.33502E-05       4.29820E-06       6.14814E-09       1.43040E-03       1.33528E-07       8.23318E-08
       9.54993E-05       1.00000E-04       9.77497E-05       4.50070E-06       6.59522E-09       1.46538E-03       1.43240E-07       8.89270E-08
       1.00000E-04       1.04713E-04       1.02356E-04       4.71300E-06       7.06483E-09       1.49901E-03       1.53433E-07       9.59918E-08
       1.04713E-04       1.09648E-04       1.07181E-04       4.93501E-06       7.55641E-09       1.53119E-03       1.64113E-07       1.03548E-07
       1.09648E-04       1.14815E-04       1.12232E-04       5.16700E-06       8.08686E-09       1.56510E-03       1.75653E-07       1.11635E-07
       1.14815E-04       1.20226E-04       1.17520E-04       5.41100E-06       8.65852E-09       1.60017E-03       1.88053E-07       1.20294E-07
       1.20226E-04       1.25892E-04       1.23059E-04       5.66600E-06       9.27592E-09       1.63712E-03       2.01462E-07       1.29570E-07
       1.25892E-04       1.31826E-04       1.28859E-04       5.93401E-06       9.94262E-09       1.67553E-03       2.15908E-07       1.39512E-07
       1.31826E-04       1.38038E-04       1.34932E-04       6.21199E-06       1.06625E-08       1.71644E-03       2.31602E-07       1.50175E-07
       1.38038E-04       1.44544E-04       1.41291E-04       6.50601E-06       1.14410E-08       1.75853E-03       2.48464E-07       1.61616E-07
       1.44544E-04       1.51356E-04       1.47950E-04       6.81200E-06       1.22815E-08       1.80292E-03       2.66741E-07       1.73897E-07
       1.51356E-04       1.58489E-04       1.54922E-04       7.13300E-06       1.31571E-08       1.84454E-03       2.85760E-07       1.87054E-07
       1.58489E-04       1.65959E-04       1.62224E-04       7.47000E-06       1.40838E-08       1.88538E-03       3.05854E-07       2.01138E-07
       1.65959E-04       1.73780E-04       1.69870E-04       7.82100E-06       1.50836E-08       1.92860E-03       3.27610E-07       2.16222E-07
       1.73780E-04       1.81970E-04       1.77875E-04       8.19000E-06       1.61630E-08       1.97351E-03       3.51037E-07       2.32385E-07
       1.81970E-04       1.90546E-04       1.86258E-04       8.57600E-06       1.73290E-08       2.02064E-03       3.76360E-07       2.49714E-07
       1.90546E-04       1.99526E-04       1.95036E-04       8.98000E-06       1.85886E-08       2.07001E-03       4.03726E-07       2.68302E-07
       1.99526E-04       2.08930E-04       2.04228E-04       9.40399E-06       1.99155E-08       2.11777E-03       4.32507E-07       2.88218E-07
       2.08930E-04       2.18776E-04       2.13853E-04       9.84601E-06       2.13015E-08       2.16346E-03       4.62663E-07       3.09519E-07
       2.18776E-04       2.29087E-04       2.23932E-04       1.03110E-05       2.27955E-08       2.21079E-03       4.95065E-07       3.32315E-07
       2.29087E-04       2.39883E-04       2.34485E-04       1.07960E-05       2.44070E-08       2.26075E-03       5.30111E-07       3.56722E-07
       2.39883E-04       2.51189E-04       2.45536E-04       1.13060E-05       2.61464E-08       2.31262E-03       5.67830E-07       3.82868E-07
       2.51189E-04       2.63027E-04       2.57108E-04       1.18380E-05       2.80250E-08       2.36737E-03       6.08671E-07       4.10893E-07
       2.63027E-04       2.75423E-04       2.69225E-04       1.23960E-05       3.00541E-08       2.42450E-03       6.52736E-07       4.40947E-07
       2.75423E-04       2.88403E-04       2.81913E-04       1.29800E-05       3.22472E-08       2.48437E-03       7.00377E-07       4.73194E-07
       2.88403E-04       3.01995E-04       2.95199E-04       1.35920E-05       3.46169E-08       2.54686E-03       7.51832E-07       5.07811E-07
       3.01995E-04       3.16228E-04       3.09111E-04       1.42330E-05       3.70904E-08       2.60594E-03       8.05526E-07       5.44902E-07
       3.16228E-04       3.31131E-04       3.23680E-04       1.49030E-05       3.97017E-08       2.66400E-03       8.62283E-07       5.84603E-07
       3.31131E-04       3.46737E-04       3.38934E-04       1.56060E-05       4.25199E-08       2.72459E-03       9.23455E-07       6.27123E-07
       3.46737E-04       3.63078E-04       3.54908E-04       1.63410E-05       4.55617E-08       2.78818E-03       9.89546E-07       6.72685E-07
       3.63078E-04       3.80189E-04       3.71634E-04       1.71110E-05       4.88471E-08       2.85472E-03       1.06091E-06       7.21532E-07
       3.80189E-04       3.98107E-04       3.89148E-04       1.79180E-05       5.23975E-08       2.92430E-03       1.13798E-06       7.73929E-07
       3.98107E-04       4.16869E-04       4.07488E-04       1.87620E-05       5.62508E-08       2.99812E-03       1.22170E-06       8.30180E-07
       4.16869E-04       4.36516E-04       4.26692E-04       1.96470E-05       6.04443E-08       3.07651E-03       1.31273E-06       8.90624E-07
       4.36516E-04       4.57088E-04       4.46802E-04       2.05720E-05       6.49850E-08       3.15890E-03       1.41140E-06       9.55609E-07
       4.57088E-04       4.78630E-04       4.67859E-04       2.15420E-05       6.99026E-08       3.24495E-03       1.51818E-06       1.02551E-06
       4.78630E-04       5.01187E-04       4.89909E-04       2.25570E-05       7.52310E-08       3.33515E-03       1.63392E-06       1.10074E-06
       5.01187E-04       5.24808E-04       5.12998E-04       2.36210E-05       8.10072E-08       3.42946E-03       1.75931E-06       1.18175E-06
       5.24808E-04       5.49541E-04       5.37175E-04       2.47330E-05       8.72702E-08       3.52849E-03       1.89541E-06       1.26902E-06
       5.49541E-04       5.75440E-04       5.62491E-04       2.58990E-05       9.40643E-08       3.63197E-03       2.04295E-06       1.36308E-06
       5.75440E-04       6.02560E-04       5.89000E-04       2.71200E-05       1.01435E-07       3.74025E-03       2.20300E-06       1.46452E-06
       6.02560E-04       6.30957E-04       6.16758E-04       2.83970E-05       1.09175E-07       3.84459E-03       2.37119E-06       1.57370E-06
       6.30957E-04       6.60693E-04       6.45825E-04       2.97360E-05       1.17357E-07       3.94663E-03       2.54883E-06       1.69105E-06
       6.60693E-04       6.91831E-04       6.76262E-04       3.11380E-05       1.26218E-07       4.05351E-03       2.74124E-06       1.81727E-06
       6.91831E-04       7.24436E-04       7.08133E-04       3.26050E-05       1.35818E-07       4.16555E-03       2.94976E-06       1.95309E-06
       7.24436E-04       7.58578E-04       7.41507E-04       3.41420E-05       1.46222E-07       4.28276E-03       3.17569E-06       2.09931E-06
       7.58578E-04       7.94328E-04       7.76453E-04       3.57500E-05       1.57503E-07       4.40567E-03       3.42080E-06       2.25681E-06
       7.94328E-04       8.31764E-04       8.13046E-04       3.74360E-05       1.69461E-07       4.52668E-03       3.68040E-06       2.42627E-06
       8.31764E-04       8.70964E-04       8.51364E-04       3.92000E-05       1.81888E-07       4.64000E-03       3.95033E-06       2.60816E-06
       8.70964E-04       9.12011E-04       8.91487E-04       4.10470E-05       1.95316E-07       4.75834E-03       4.24200E-06       2.80348E-06
       9.12011E-04       9.54993E-04       9.33502E-04       4.29820E-05       2.09843E-07       4.88212E-03       4.55747E-06       3.01332E-06
       9.54993E-04       1.00000E-03       9.77497E-04       4.50070E-05       2.25569E-07       5.01186E-03       4.89907E-06       3.23889E-06
       1.00000E-03       1.04713E-03       1.02356E-03       4.71300E-05       2.42602E-07       5.14750E-03       5.26880E-06       3.48149E-06
       1.04713E-03       1.09648E-03       1.07180E-03       4.93500E-05       2.61047E-07       5.28970E-03       5.66953E-06       3.74254E-06
       1.09648E-03       1.14815E-03       1.12231E-03       5.16700E-05       2.81051E-07       5.43934E-03       6.10465E-06       4.02359E-06
       1.14815E-03       1.20226E-03       1.17520E-03       5.41100E-05       3.02721E-07       5.59454E-03       6.57474E-06       4.32631E-06
       1.20226E-03       1.25892E-03       1.23059E-03       5.66600E-05       3.25466E-07       5.74419E-03       7.06875E-06       4.65178E-06
       1.25892E-03       1.31826E-03       1.28859E-03       5.93400E-05       3.49363E-07       5.88748E-03       7.58654E-06       5.00114E-06
       1.31826E-03       1.38038E-03       1.34932E-03       6.21200E-05       3.75199E-07       6.03990E-03       8.14976E-06       5.37634E-06
       1.38038E-03       1.44544E-03       1.41291E-03       6.50599E-05       4.03170E-07       6.19690E-03       8.75567E-06       5.77951E-06
       1.44544E-03       1.51356E-03       1.47950E-03       6.81201E-05       4.33441E-07       6.36290E-03       9.41390E-06       6.21295E-06
       1.51356E-03       1.58489E-03       1.54923E-03       7.13300E-05       4.66234E-07       6.53630E-03       1.01262E-05       6.67918E-06
       1.58489E-03       1.65959E-03       1.62224E-03       7.47000E-05       5.01075E-07       6.70783E-03       1.08817E-05       7.18026E-06
       1.65959E-03       1.73780E-03       1.69870E-03       7.82101E-05       5.37221E-07       6.86895E-03       1.16683E-05       7.71748E-06
       1.73780E-03       1.81970E-03       1.77875E-03       8.18999E-05       5.76214E-07       7.03559E-03       1.25146E-05       8.29369E-06
       1.81970E-03       1.90546E-03       1.86258E-03       8.57600E-05       6.18368E-07       7.21044E-03       1.34300E-05       8.91206E-06
       1.90546E-03       1.99526E-03       1.95036E-03       8.98001E-05       6.63945E-07       7.39359E-03       1.44202E-05       9.57600E-06
       1.99526E-03       2.08930E-03       2.04228E-03       9.40400E-05       7.13269E-07       7.58474E-03       1.54902E-05       1.02893E-05
       2.08930E-03       2.18776E-03       2.13853E-03       9.84600E-05       7.66655E-07       7.78647E-03       1.66516E-05       1.10559E-05
       2.18776E-03       2.29087E-03       2.23932E-03       1.03110E-04       8.24456E-07       7.99588E-03       1.79053E-05       1.18804E-05
       2.29087E-03       2.39883E-03       2.34485E-03       1.07960E-04       8.87072E-07       8.21667E-03       1.92669E-05       1.27675E-05
       2.39883E-03       2.51189E-03       2.45536E-03       1.13060E-04       9.52944E-07       8.42867E-03       2.06954E-05       1.37204E-05
       2.51189E-03       2.63027E-03       2.57108E-03       1.18380E-04       1.02198E-06       8.63300E-03       2.21961E-05       1.47424E-05
       2.63027E-03       2.75423E-03       2.69225E-03       1.23960E-04       1.09657E-06       8.84613E-03       2.38160E-05       1.58389E-05
       2.75423E-03       2.88403E-03       2.81913E-03       1.29800E-04       1.17722E-06       9.06949E-03       2.55681E-05       1.70162E-05
       2.88403E-03       3.01995E-03       2.95199E-03       1.35920E-04       1.26447E-06       9.30305E-03       2.74625E-05       1.82806E-05
       3.01995E-03       3.16228E-03       3.09112E-03       1.42330E-04       1.35890E-06       9.54754E-03       2.95125E-05       1.96395E-05
       3.16228E-03       3.31131E-03       3.23679E-03       1.49030E-04       1.45943E-06       9.79287E-03       3.16975E-05       2.10990E-05
       3.31131E-03       3.46737E-03       3.38934E-03       1.56060E-04       1.56364E-06       1.00195E-02       3.39594E-05       2.26626E-05
       3.46737E-03       3.63078E-03       3.54907E-03       1.63410E-04       1.67588E-06       1.02557E-02       3.63983E-05       2.43385E-05
       3.63078E-03       3.80189E-03       3.71633E-03       1.71110E-04       1.79714E-06       1.05028E-02       3.90321E-05       2.61356E-05
       3.80189E-03       3.98107E-03       3.89148E-03       1.79180E-04       1.92819E-06       1.07612E-02       4.18768E-05       2.80638E-05
       3.98107E-03       4.16869E-03       4.07488E-03       1.87620E-04       2.06988E-06       1.10323E-02       4.49553E-05       3.01337E-05
       4.16869E-03       4.36516E-03       4.26693E-03       1.96470E-04       2.22315E-06       1.13155E-02       4.82822E-05       3.23568E-05
       4.36516E-03       4.57088E-03       4.46802E-03       2.05720E-04       2.38904E-06       1.16131E-02       5.18875E-05       3.47459E-05
       4.57088E-03       4.78630E-03       4.67859E-03       2.15420E-04       2.56862E-06       1.19238E-02       5.57864E-05       3.73145E-05
       4.78630E-03       5.01187E-03       4.89909E-03       2.25570E-04       2.75422E-06       1.22100E-02       5.98180E-05       4.00687E-05
       5.01187E-03       5.24807E-03       5.12997E-03       2.36200E-04       2.94249E-06       1.24576E-02       6.39073E-05       4.30112E-05
       5.24807E-03       5.49541E-03       5.37174E-03       2.47340E-04       3.14511E-06       1.27157E-02       6.83055E-05       4.61563E-05
       5.49541E-03       5.75440E-03       5.62491E-03       2.58990E-04       3.36346E-06       1.29868E-02       7.30497E-05       4.95198E-05
       5.75440E-03       6.02560E-03       5.89000E-03       2.71200E-04       3.59889E-06       1.32702E-02       7.81617E-05       5.31187E-05
       6.02560E-03       6.30957E-03       6.16759E-03       2.83970E-04       3.85280E-06       1.35676E-02       8.36796E-05       5.69715E-05
       6.30957E-03       6.60693E-03       6.45825E-03       2.97360E-04       4.12307E-06       1.38656E-02       8.95473E-05       6.10945E-05
       6.60693E-03       6.91831E-03       6.76262E-03       3.11380E-04       4.40244E-06       1.41385E-02       9.56133E-05       6.54970E-05
       6.91831E-03       7.24436E-03       7.08133E-03       3.26050E-04       4.70217E-06       1.44216E-02       1.02124E-04       7.01992E-05
       7.24436E-03       7.58578E-03       7.41507E-03       3.41420E-04       5.02493E-06       1.47178E-02       1.09133E-04       7.52241E-05
       7.58578E-03       7.94328E-03       7.76453E-03       3.57500E-04       5.37267E-06       1.50284E-02       1.16689E-04       8.05968E-05
       7.94328E-03       8.31764E-03       8.13046E-03       3.74360E-04       5.74751E-06       1.53529E-02       1.24826E-04       8.63443E-05
       8.31764E-03       8.70964E-03       8.51364E-03       3.92000E-04       6.15173E-06       1.56932E-02       1.33606E-04       9.24960E-05
       8.70964E-03       9.12011E-03       8.91487E-03       4.10471E-04       6.58786E-06       1.60495E-02       1.43080E-04       9.90839E-05
       9.12011E-03       9.54993E-03       9.33502E-03       4.29819E-04       7.05869E-06       1.64225E-02       1.53304E-04       1.06143E-04
       9.54993E-03       1.00000E-02       9.77496E-03       4.50070E-04       7.55640E-06       1.67894E-02       1.64116E-04       1.13699E-04
       1.00000E-02       1.04713E-02       1.02357E-02       4.71300E-04       8.07574E-06       1.71350E-02       1.75388E-04       1.21775E-04
       1.04713E-02       1.09648E-02       1.07180E-02       4.93500E-04       8.63466E-06       1.74968E-02       1.87531E-04       1.30409E-04
       1.09648E-02       1.14815E-02       1.12232E-02       5.16700E-04       9.23758E-06       1.78780E-02       2.00648E-04       1.39647E-04
       1.14815E-02       1.20226E-02       1.17521E-02       5.41100E-04       9.88731E-06       1.82726E-02       2.14741E-04       1.49534E-04
       1.20226E-02       1.25892E-02       1.23059E-02       5.66601E-04       1.05888E-05       1.86883E-02       2.29976E-04       1.60123E-04
       1.25892E-02       1.31826E-02       1.28859E-02       5.93399E-04       1.13423E-05       1.91141E-02       2.46302E-04       1.71465E-04
       1.31826E-02       1.38038E-02       1.34932E-02       6.21200E-04       1.21411E-05       1.95446E-02       2.63719E-04       1.83606E-04
       1.38038E-02       1.44544E-02       1.41291E-02       6.50601E-04       1.30020E-05       1.99847E-02       2.82365E-04       1.96608E-04
       1.44544E-02       1.51356E-02       1.47950E-02       6.81199E-04       1.39310E-05       2.04508E-02       3.02569E-04       2.10539E-04
       1.51356E-02       1.58489E-02       1.54923E-02       7.13301E-04       1.49345E-05       2.09372E-02       3.24365E-04       2.25474E-04
       1.58489E-02       1.65959E-02       1.62224E-02       7.47000E-04       1.60188E-05       2.14442E-02       3.47876E-04       2.41493E-04
       1.65959E-02       1.73780E-02       1.69870E-02       7.82100E-04       1.71908E-05       2.19803E-02       3.73379E-04       2.58684E-04
       1.73780E-02       1.81970E-02       1.77875E-02       8.19000E-04       1.84583E-05       2.25376E-02       4.00888E-04       2.77142E-04
       1.81970E-02       1.90546E-02       1.86258E-02       8.57600E-04       1.98296E-05       2.31222E-02       4.30670E-04       2.96972E-04
       1.90546E-02       1.99526E-02       1.95036E-02       8.98000E-04       2.12857E-05       2.37034E-02       4.62302E-04       3.18257E-04
       1.99526E-02       2.08930E-02       2.04228E-02       9.40400E-04       2.28052E-05       2.42505E-02       4.95264E-04       3.41062E-04
       2.08930E-02       2.18776E-02       2.13853E-02       9.84600E-04       2.44442E-05       2.48266E-02       5.30924E-04       3.65507E-04
       2.18776E-02       2.29087E-02       2.23931E-02       1.03110E-03       2.62147E-05       2.54240E-02       5.69324E-04       3.91721E-04
       2.29087E-02       2.39883E-02       2.34485E-02       1.07960E-03       2.81284E-05       2.60544E-02       6.10938E-04       4.19850E-04
       2.39883E-02       2.51189E-02       2.45536E-02       1.13060E-03       3.01978E-05       2.67095E-02       6.55815E-04       4.50048E-04
       2.51189E-02       2.63027E-02       2.57108E-02       1.18380E-03       3.24073E-05       2.73757E-02       7.03852E-04       4.82455E-04
       2.63027E-02       2.75423E-02       2.69225E-02       1.23960E-03       3.46600E-05       2.79606E-02       7.52770E-04       5.17115E-04
       2.75423E-02       2.88403E-02       2.81913E-02       1.29800E-03       3.70707E-05       2.85599E-02       8.05140E-04       5.54186E-04
       2.88403E-02       3.01995E-02       2.95199E-02       1.35920E-03       3.96700E-05       2.91863E-02       8.61576E-04       5.93856E-04
       3.01995E-02       3.16228E-02       3.09112E-02       1.42330E-03       4.24741E-05       2.98420E-02       9.22450E-04       6.36330E-04
       3.16228E-02       3.31131E-02       3.23680E-02       1.49030E-03       4.55003E-05       3.05309E-02       9.88224E-04       6.81830E-04
       3.31131E-02       3.46737E-02       3.38934E-02       1.56060E-03       4.87684E-05       3.12498E-02       1.05916E-03       7.30598E-04
       3.46737E-02       3.63078E-02       3.54908E-02       1.63410E-03       5.22985E-05       3.20044E-02       1.13586E-03       7.82897E-04
       3.63078E-02       3.80189E-02       3.71633E-02       1.71110E-03       5.61137E-05       3.27940E-02       1.21873E-03       8.39011E-04
       3.80189E-02       3.98107E-02       3.89148E-02       1.79180E-03       6.01664E-05       3.35787E-02       1.30671E-03       8.99177E-04
       3.98107E-02       4.16869E-02       4.07488E-02       1.87620E-03       6.43725E-05       3.43101E-02       1.39809E-03       9.63550E-04
       4.16869E-02       4.36516E-02       4.26693E-02       1.96470E-03       6.89010E-05       3.50694E-02       1.49639E-03       1.03245E-03
       4.36516E-02       4.57088E-02       4.46802E-02       2.05720E-03       7.37876E-05       3.58680E-02       1.60259E-03       1.10624E-03
       4.57088E-02       4.78630E-02       4.67859E-02       2.15420E-03       7.90622E-05       3.67014E-02       1.71711E-03       1.18530E-03
       4.78630E-02       5.01187E-02       4.89908E-02       2.25570E-03       8.47587E-05       3.75754E-02       1.84085E-03       1.27006E-03
       5.01187E-02       5.24808E-02       5.12998E-02       2.36210E-03       9.08467E-05       3.84601E-02       1.97299E-03       1.36091E-03
       5.24808E-02       5.49541E-02       5.37174E-02       2.47330E-03       9.70435E-05       3.92364E-02       2.10768E-03       1.45795E-03
       5.49541E-02       5.75440E-02       5.62491E-02       2.58990E-03       1.03655E-04       4.00227E-02       2.25124E-03       1.56160E-03
       5.75440E-02       6.02560E-02       5.89000E-02       2.71200E-03       1.10775E-04       4.08461E-02       2.40583E-03       1.67238E-03
       6.02560E-02       6.30957E-02       6.16758E-02       2.83970E-03       1.18445E-04       4.17103E-02       2.57252E-03       1.79082E-03
       6.30957E-02       6.60693E-02       6.45825E-02       2.97360E-03       1.26713E-04       4.26128E-02       2.75204E-03       1.91754E-03
       6.60693E-02       6.91831E-02       6.76262E-02       3.11380E-03       1.35631E-04       4.35580E-02       2.94566E-03       2.05317E-03
       6.91831E-02       7.24436E-02       7.08134E-02       3.26050E-03       1.45252E-04       4.45491E-02       3.15467E-03       2.19842E-03
       7.24436E-02       7.58578E-02       7.41507E-02       3.41420E-03       1.55639E-04       4.55858E-02       3.38022E-03       2.35406E-03
       7.58578E-02       7.94328E-02       7.76453E-02       3.57500E-03       1.66676E-04       4.66228E-02       3.62004E-03       2.52074E-03
       7.94328E-02       8.31764E-02       8.13046E-02       3.74360E-03       1.78088E-04       4.75712E-02       3.86776E-03       2.69882E-03
       8.31764E-02       8.70964E-02       8.51364E-02       3.92000E-03       1.90345E-04       4.85574E-02       4.13400E-03       2.88917E-03
       8.70964E-02       9.12011E-02       8.91488E-02       4.10470E-03       2.03553E-04       4.95901E-02       4.42090E-03       3.09272E-03
       9.12011E-02       9.54993E-02       9.33502E-02       4.29820E-03       2.17792E-04       5.06706E-02       4.73011E-03       3.31051E-03
       9.54993E-02       1.00000E-01       9.77497E-02       4.50070E-03       2.33151E-04       5.18032E-02       5.06374E-03       3.54366E-03
       1.00000E-01       1.04713E-01       1.02357E-01       4.71300E-03       2.49642E-04       5.29689E-02       5.42171E-03       3.79331E-03
       1.04713E-01       1.09648E-01       1.07180E-01       4.93500E-03       2.66850E-04       5.40729E-02       5.79556E-03       4.06016E-03
       1.09648E-01       1.14815E-01       1.12231E-01       5.16700E-03       2.85288E-04       5.52135E-02       6.19669E-03       4.34544E-03
       1.14815E-01       1.20226E-01       1.17520E-01       5.41100E-03       3.05145E-04       5.63935E-02       6.62739E-03       4.65059E-03
       1.20226E-01       1.25892E-01       1.23059E-01       5.66600E-03       3.26570E-04       5.76369E-02       7.09274E-03       4.97716E-03
       1.25892E-01       1.31826E-01       1.28859E-01       5.93400E-03       3.50088E-04       5.89969E-02       7.60229E-03       5.32725E-03
       1.31826E-01       1.38038E-01       1.34932E-01       6.21200E-03       3.77039E-04       6.06953E-02       8.18973E-03       5.70429E-03
       1.38038E-01       1.44544E-01       1.41291E-01       6.50600E-03       4.07116E-04       6.25755E-02       8.84136E-03       6.11140E-03
       1.44544E-01       1.51356E-01       1.47950E-01       6.81200E-03       4.43094E-04       6.50461E-02       9.62358E-03       6.55450E-03
       1.51356E-01       1.58489E-01       1.54923E-01       7.13300E-03       4.82469E-04       6.76390E-02       1.04788E-02       7.03697E-03
       1.58489E-01       1.65959E-01       1.62224E-01       7.47000E-03       5.24113E-04       7.01623E-02       1.13820E-02       7.56108E-03
       1.65959E-01       1.73780E-01       1.69869E-01       7.82100E-03       5.69421E-04       7.28067E-02       1.23676E-02       8.13050E-03
       1.73780E-01       1.81970E-01       1.77875E-01       8.19000E-03       6.18854E-04       7.55621E-02       1.34406E-02       8.74935E-03
       1.81970E-01       1.90546E-01       1.86258E-01       8.57600E-03       6.72799E-04       7.84513E-02       1.46122E-02       9.42215E-03
       1.90546E-01       1.99526E-01       1.95036E-01       8.98000E-03       7.31669E-04       8.14776E-02       1.58911E-02       1.01538E-02
       1.99526E-01       2.08930E-01       2.04228E-01       9.40400E-03       7.95593E-04       8.46015E-02       1.72780E-02       1.09494E-02
       2.08930E-01       2.18776E-01       2.13853E-01       9.84600E-03       8.62324E-04       8.75811E-02       1.87295E-02       1.18117E-02
       2.18776E-01       2.29087E-01       2.23931E-01       1.03110E-02       9.34267E-04       9.06088E-02       2.02902E-02       1.27460E-02
       2.29087E-01       2.39883E-01       2.34485E-01       1.07960E-02       1.01262E-03       9.37962E-02       2.19938E-02       1.37586E-02
       2.39883E-01       2.51189E-01       2.45536E-01       1.13060E-02       1.09799E-03       9.71153E-02       2.38453E-02       1.48566E-02
       2.51189E-01       2.63027E-01       2.57108E-01       1.18380E-02       1.19038E-03       1.00556E-01       2.58536E-02       1.60470E-02
       2.63027E-01       2.75423E-01       2.69225E-01       1.23960E-02       1.28807E-03       1.03910E-01       2.79753E-02       1.73351E-02
       2.75423E-01       2.88403E-01       2.81913E-01       1.29800E-02       1.39383E-03       1.07383E-01       3.02727E-02       1.87289E-02
       2.88403E-01       3.01995E-01       2.95199E-01       1.35920E-02       1.54371E-03       1.13575E-01       3.35272E-02       2.02726E-02
       3.01995E-01       3.16228E-01       3.09112E-01       1.42330E-02       1.90122E-03       1.33579E-01       4.12907E-02       2.21738E-02
       3.16228E-01       3.31131E-01       3.23680E-01       1.49030E-02       2.34692E-03       1.57480E-01       5.09729E-02       2.45207E-02
       3.31131E-01       3.46737E-01       3.38934E-01       1.56060E-02       2.84962E-03       1.82598E-01       6.18887E-02       2.73704E-02
       3.46737E-01       3.63078E-01       3.54908E-01       1.63410E-02       3.41263E-03       2.08838E-01       7.41184E-02       3.07830E-02
       3.63078E-01       3.80189E-01       3.71633E-01       1.71110E-02       4.02117E-03       2.35005E-01       8.73357E-02       3.48042E-02
       3.80189E-01       3.98107E-01       3.89148E-01       1.79180E-02       4.69236E-03       2.61880E-01       1.01910E-01       3.94965E-02
       3.98107E-01       4.16869E-01       4.07488E-01       1.87620E-02       5.43828E-03       2.89856E-01       1.18113E-01       4.49348E-02
       4.16869E-01       4.36516E-01       4.26692E-01       1.96470E-02       6.23382E-03       3.17291E-01       1.35386E-01       5.11686E-02
       4.36516E-01       4.57088E-01       4.46802E-01       2.05720E-02       7.10829E-03       3.45532E-01       1.54384E-01       5.82769E-02
       4.57088E-01       4.78630E-01       4.67859E-01       2.15420E-02       8.07993E-03       3.75078E-01       1.75484E-01       6.63569E-02
       4.78630E-01       5.01187E-01       4.89909E-01       2.25570E-02       9.15878E-03       4.06028E-01       1.98917E-01       7.55156E-02
       5.01187E-01       5.24808E-01       5.12998E-01       2.36210E-02       1.03316E-02       4.37391E-01       2.24381E-01       8.58473E-02
       5.24808E-01       5.49541E-01       5.37174E-01       2.47330E-02       1.15831E-02       4.68327E-01       2.51573E-01       9.74304E-02
       5.49541E-01       5.75440E-01       5.62490E-01       2.58990E-02       1.29659E-02       5.00633E-01       2.81601E-01       1.10396E-01
       5.75440E-01       6.02560E-01       5.89000E-01       2.71200E-02       1.44942E-02       5.34446E-01       3.14789E-01       1.24890E-01
       6.02560E-01       6.30957E-01       6.16758E-01       2.83970E-02       1.61210E-02       5.67700E-01       3.50134E-01       1.41011E-01
       6.30957E-01       6.60693E-01       6.45825E-01       2.97360E-02       1.78638E-02       6.00748E-01       3.87978E-01       1.58875E-01
       6.60693E-01       6.91831E-01       6.76262E-01       3.11380E-02       1.97839E-02       6.35361E-01       4.29671E-01       1.78659E-01
       6.91831E-01       7.24436E-01       7.08133E-01       3.26050E-02       2.18981E-02       6.71619E-01       4.75596E-01       2.00557E-01
       7.24436E-01       7.58578E-01       7.41507E-01       3.41420E-02       2.42263E-02       7.09573E-01       5.26154E-01       2.24784E-01
       7.58578E-01       7.94328E-01       7.76453E-01       3.57500E-02       2.67891E-02       7.49345E-01       5.81832E-01       2.51573E-01
       7.94328E-01       8.31764E-01       8.13046E-01       3.74360E-02       2.96234E-02       7.91307E-01       6.43369E-01       2.81196E-01
       8.31764E-01       8.70964E-01       8.51364E-01       3.92000E-02       3.27535E-02       8.35548E-01       7.11355E-01       3.13949E-01
       8.70964E-01       9.12011E-01       8.91487E-01       4.10470E-02       3.66052E-02       8.91788E-01       7.95018E-01       3.50555E-01
       9.12011E-01       9.54993E-01       9.33502E-01       4.29820E-02       5.33550E-02       1.24133E+00       1.15879E+00       4.03910E-01
       9.54993E-01       1.00000E+00       9.77497E-01       4.50070E-02       4.07998E-02       9.06521E-01       8.86122E-01       4.44710E-01
       1.00000E+00       1.04713E+00       1.02357E+00       4.71300E-02       3.96559E-02       8.41416E-01       8.61244E-01       4.84366E-01
       1.04713E+00       1.09648E+00       1.07181E+00       4.93500E-02       3.89649E-02       7.89563E-01       8.46258E-01       5.23330E-01
       1.09648E+00       1.14815E+00       1.12231E+00       5.16700E-02       3.83628E-02       7.42458E-01       8.33271E-01       5.61693E-01
       1.14815E+00       1.20226E+00       1.17520E+00       5.41100E-02       3.76385E-02       6.95593E-01       8.17464E-01       5.99332E-01
       1.20226E+00       1.25892E+00       1.23059E+00       5.66600E-02       3.68393E-02       6.50181E-01       8.00107E-01       6.36171E-01
       1.25892E+00       1.31826E+00       1.28859E+00       5.93400E-02       3.57866E-02       6.03077E-01       7.77119E-01       6.71958E-01
       1.31826E+00       1.38038E+00       1.34932E+00       6.21200E-02       3.44142E-02       5.53995E-01       7.47517E-01       7.06372E-01
       1.38038E+00       1.44544E+00       1.41291E+00       6.50600E-02       3.26833E-02       5.02356E-01       7.09784E-01       7.39055E-01
       1.44544E+00       1.51356E+00       1.47950E+00       6.81200E-02       3.05462E-02       4.48418E-01       6.63434E-01       7.69601E-01
       1.51356E+00       1.58489E+00       1.54923E+00       7.13300E-02       2.79883E-02       3.92378E-01       6.07882E-01       7.97590E-01
       1.58489E+00       1.65959E+00       1.62224E+00       7.47000E-02       2.52254E-02       3.37689E-01       5.47812E-01       8.22815E-01
       1.65959E+00       1.73780E+00       1.69869E+00       7.82100E-02       2.20142E-02       2.81476E-01       4.78141E-01       8.44829E-01
       1.73780E+00       1.81970E+00       1.77875E+00       8.19000E-02       1.83336E-02       2.23853E-01       3.98179E-01       8.63163E-01
       1.81970E+00       1.90546E+00       1.86258E+00       8.57600E-02       1.41861E-02       1.65416E-01       3.08101E-01       8.77349E-01
       1.90546E+00       1.99526E+00       1.95036E+00       8.98000E-02       1.03842E-02       1.15637E-01       2.25534E-01       8.87733E-01
       1.99526E+00       2.08930E+00       2.04228E+00       9.40400E-02       9.73484E-03       1.03518E-01       2.11413E-01       8.97468E-01
       2.08930E+00       2.18776E+00       2.13853E+00       9.84600E-02       9.31818E-03       9.46393E-02       2.02389E-01       9.06786E-01
       2.18776E+00       2.29087E+00       2.23932E+00       1.03110E-01       8.79734E-03       8.53200E-02       1.91058E-01       9.15583E-01
       2.29087E+00       2.39883E+00       2.34485E+00       1.07960E-01       8.15939E-03       7.55779E-02       1.77219E-01       9.23743E-01
       2.39883E+00       2.51189E+00       2.45536E+00       1.13060E-01       7.47140E-03       6.60835E-02       1.62259E-01       9.31214E-01
       2.51189E+00       2.63027E+00       2.57108E+00       1.18380E-01       7.18244E-03       6.06728E-02       1.55995E-01       9.38397E-01
       2.63027E+00       2.75423E+00       2.69225E+00       1.23960E-01       6.92157E-03       5.58371E-02       1.50328E-01       9.45318E-01
       2.75423E+00       2.88403E+00       2.81913E+00       1.29800E-01       6.59058E-03       5.07749E-02       1.43141E-01       9.51909E-01
       2.88403E+00       3.01995E+00       2.95199E+00       1.35920E-01       6.18973E-03       4.55395E-02       1.34432E-01       9.58099E-01
       3.01995E+00       3.16228E+00       3.09111E+00       1.42330E-01       5.71503E-03       4.01534E-02       1.24119E-01       9.63814E-01
       3.16228E+00       3.31131E+00       3.23679E+00       1.49030E-01       5.14574E-03       3.45282E-02       1.11761E-01       9.68959E-01
       3.31131E+00       3.46737E+00       3.38934E+00       1.56060E-01       4.59266E-03       2.94288E-02       9.97443E-02       9.73552E-01
       3.46737E+00       3.63078E+00       3.54908E+00       1.63410E-01       4.02863E-03       2.46535E-02       8.74971E-02       9.77581E-01
       3.63078E+00       3.80189E+00       3.71633E+00       1.71110E-01       3.45912E-03       2.02158E-02       7.51286E-02       9.81040E-01
       3.80189E+00       3.98107E+00       3.89148E+00       1.79180E-01       3.01776E-03       1.68420E-02       6.55405E-02       9.84057E-01
       3.98107E+00       4.16869E+00       4.07488E+00       1.87620E-01       2.58794E-03       1.37935E-02       5.62070E-02       9.86645E-01
       4.16869E+00       4.36516E+00       4.26692E+00       1.96470E-01       2.27413E-03       1.15750E-02       4.93895E-02       9.88920E-01
       4.36516E+00       4.57088E+00       4.46802E+00       2.05720E-01       1.99541E-03       9.69962E-03       4.33381E-02       9.90915E-01
       4.57088E+00       4.78630E+00       4.67859E+00       2.15420E-01       1.76051E-03       8.17244E-03       3.82355E-02       9.92675E-01
       4.78630E+00       5.00000E+00       4.89315E+00       2.13700E-01       1.47490E-03       6.90172E-03       3.37712E-02       9.94150E-01
       5.00000E+00       5.20000E+00       5.10000E+00       2.00000E-01       1.16392E-03       5.81962E-03       2.96801E-02       9.95314E-01
       5.20000E+00       5.40000E+00       5.30000E+00       2.00000E-01       9.78051E-04       4.89025E-03       2.59183E-02       9.96292E-01
       5.40000E+00       5.60000E+00       5.50000E+00       2.00000E-01       8.13159E-04       4.06579E-03       2.23619E-02       9.97105E-01
       5.60000E+00       5.80000E+00       5.70000E+00       2.00000E-01       6.64832E-04       3.32416E-03       1.89477E-02       9.97770E-01
       5.80000E+00       6.00000E+00       5.90000E+00       2.00000E-01       5.37308E-04       2.68654E-03       1.58506E-02       9.98308E-01
       6.00000E+00       6.20000E+00       6.10000E+00       2.00000E-01       4.30867E-04       2.15434E-03       1.31414E-02       9.98739E-01
       6.20000E+00       6.40000E+00       6.30000E+00       2.00000E-01       3.40063E-04       1.70031E-03       1.07120E-02       9.99079E-01
       6.40000E+00       6.60000E+00       6.50000E+00       2.00000E-01       2.65774E-04       1.32887E-03       8.63767E-03       9.99344E-01
       6.60000E+00       6.80000E+00       6.70000E+00       2.00000E-01       2.05307E-04       1.02653E-03       6.87777E-03       9.99550E-01
       6.80000E+00       7.00000E+00       6.90000E+00       2.00000E-01       1.54502E-04       7.72508E-04       5.33031E-03       9.99704E-01
       7.00000E+00       7.20000E+00       7.10000E+00       2.00000E-01       1.12681E-04       5.63404E-04       4.00017E-03       9.99817E-01
       7.20000E+00       7.40000E+00       7.30000E+00       2.00000E-01       8.03957E-05       4.01979E-04       2.93444E-03       9.99897E-01
       7.40000E+00       7.60000E+00       7.50000E+00       2.00000E-01       5.49608E-05       2.74804E-04       2.06103E-03       9.99952E-01
       7.60000E+00       7.80000E+00       7.70000E+00       2.00000E-01       3.45399E-05       1.72699E-04       1.32978E-03       9.99987E-01
       7.80000E+00       8.00000E+00       7.90000E+00       2.00000E-01       1.31808E-05       6.59040E-05       5.20641E-04       1.00000E+00

 Sum =                                                                         1.00000E+00
 Renormalization bin#  1015 =                                                  7.28057E-02 barn        2.78000E+07        2.80000E+07        2.79000E+07
 Avg. Energy     bin#  1015 =                                                  1.25559E+00 MeV         2.78000E+07        2.80000E+07
