"        MT=  4 recoil spectrum "
" Initial neutron energy corresponds to the group:"
   2.44000E+01    2.46000E+01       0.00000E+00           615           910           296



          Low               High              Mid              Energy           Number             dn/de            E*dn/de          Cumulative
         Energy            Energy            Energy             Width          Fraction                               Sum   
         [MeV]             [MeV]             [MeV]              [MeV]

       9.97500E-06       1.00000E-05       9.98750E-06       2.49996E-08       0.00000E+00       0.00000E+00       0.00000E+00       0.00000E+00
       1.00000E-05       1.04713E-05       1.02356E-05       4.71300E-07       1.00386E-10       2.12999E-04       2.18018E-09       1.00386E-10
       1.04713E-05       1.09648E-05       1.07180E-05       4.93500E-07       1.10066E-10       2.23031E-04       2.39046E-09       2.10452E-10
       1.09648E-05       1.14815E-05       1.12232E-05       5.16700E-07       1.20688E-10       2.33574E-04       2.62144E-09       3.31140E-10
       1.14815E-05       1.20226E-05       1.17521E-05       5.41101E-07       1.32329E-10       2.44555E-04       2.87403E-09       4.63469E-10
       1.20226E-05       1.25892E-05       1.23059E-05       5.66600E-07       1.45099E-10       2.56086E-04       3.15137E-09       6.08568E-10
       1.25892E-05       1.31826E-05       1.28859E-05       5.93400E-07       1.59099E-10       2.68114E-04       3.45489E-09       7.67666E-10
       1.31826E-05       1.38038E-05       1.34932E-05       6.21200E-07       1.74445E-10       2.80820E-04       3.78916E-09       9.42111E-10
       1.38038E-05       1.44544E-05       1.41291E-05       6.50600E-07       1.91279E-10       2.94003E-04       4.15400E-09       1.13339E-09
       1.44544E-05       1.51356E-05       1.47950E-05       6.81200E-07       2.09734E-10       3.07889E-04       4.55522E-09       1.34312E-09
       1.51356E-05       1.58489E-05       1.54922E-05       7.13300E-07       2.29972E-10       3.22405E-04       4.99479E-09       1.57310E-09
       1.58489E-05       1.65959E-05       1.62224E-05       7.47000E-07       2.52158E-10       3.37561E-04       5.47605E-09       1.82525E-09
       1.65959E-05       1.73780E-05       1.69869E-05       7.82101E-07       2.76485E-10       3.53516E-04       6.00516E-09       2.10174E-09
       1.73780E-05       1.81970E-05       1.77875E-05       8.19000E-07       3.03159E-10       3.70157E-04       6.58417E-09       2.40490E-09
       1.81970E-05       1.90546E-05       1.86258E-05       8.57599E-07       3.32403E-10       3.87597E-04       7.21930E-09       2.73730E-09
       1.90546E-05       1.99526E-05       1.95036E-05       8.98001E-07       3.64474E-10       4.05873E-04       7.91598E-09       3.10177E-09
       1.99526E-05       2.08930E-05       2.04228E-05       9.40399E-07       3.99641E-10       4.24970E-04       8.67907E-09       3.50142E-09
       2.08930E-05       2.18776E-05       2.13853E-05       9.84600E-07       4.38199E-10       4.45053E-04       9.51760E-09       3.93962E-09
       2.18776E-05       2.29087E-05       2.23932E-05       1.03110E-06       4.80469E-10       4.65977E-04       1.04347E-08       4.42008E-09
       2.29087E-05       2.39883E-05       2.34485E-05       1.07960E-06       5.26823E-10       4.87980E-04       1.14424E-08       4.94691E-09
       2.39883E-05       2.51189E-05       2.45536E-05       1.13060E-06       5.77650E-10       5.10924E-04       1.25450E-08       5.52456E-09
       2.51189E-05       2.63027E-05       2.57108E-05       1.18380E-06       6.33389E-10       5.35047E-04       1.37565E-08       6.15795E-09
       2.63027E-05       2.75423E-05       2.69225E-05       1.23960E-06       6.94499E-10       5.60261E-04       1.50836E-08       6.85244E-09
       2.75423E-05       2.88403E-05       2.81913E-05       1.29800E-06       7.61487E-10       5.86661E-04       1.65387E-08       7.61393E-09
       2.88403E-05       3.01995E-05       2.95199E-05       1.35920E-06       8.34950E-10       6.14295E-04       1.81339E-08       8.44888E-09
       3.01995E-05       3.16228E-05       3.09111E-05       1.42330E-06       9.15528E-10       6.43242E-04       1.98834E-08       9.36441E-09
       3.16228E-05       3.31131E-05       3.23679E-05       1.49030E-06       1.00386E-09       6.73599E-04       2.18030E-08       1.03683E-08
       3.31131E-05       3.46737E-05       3.38934E-05       1.56060E-06       1.10072E-09       7.05320E-04       2.39057E-08       1.14690E-08
       3.46737E-05       3.63078E-05       3.54907E-05       1.63410E-06       1.20688E-09       7.38558E-04       2.62120E-08       1.26759E-08
       3.63078E-05       3.80189E-05       3.71634E-05       1.71110E-06       1.32335E-09       7.73394E-04       2.87419E-08       1.39992E-08
       3.80189E-05       3.98107E-05       3.89148E-05       1.79180E-06       1.45099E-09       8.09793E-04       3.15129E-08       1.54502E-08
       3.98107E-05       4.16869E-05       4.07488E-05       1.87620E-06       1.59099E-09       8.47983E-04       3.45543E-08       1.70412E-08
       4.16869E-05       4.36516E-05       4.26692E-05       1.96470E-06       1.74452E-09       8.87930E-04       3.78873E-08       1.87857E-08
       4.36516E-05       4.57088E-05       4.46802E-05       2.05720E-06       1.89420E-09       9.20764E-04       4.11399E-08       2.06799E-08
       4.57088E-05       4.78630E-05       4.67859E-05       2.15420E-06       2.02651E-09       9.40725E-04       4.40127E-08       2.27064E-08
       4.78630E-05       5.01187E-05       4.89908E-05       2.25570E-06       2.16850E-09       9.61341E-04       4.70969E-08       2.48749E-08
       5.01187E-05       5.24808E-05       5.12998E-05       2.36210E-06       2.32177E-09       9.82924E-04       5.04238E-08       2.71967E-08
       5.24808E-05       5.49541E-05       5.37174E-05       2.47330E-06       2.48709E-09       1.00558E-03       5.40170E-08       2.96838E-08
       5.49541E-05       5.75440E-05       5.62490E-05       2.58990E-06       2.66568E-09       1.02926E-03       5.78950E-08       3.23495E-08
       5.75440E-05       6.02560E-05       5.89000E-05       2.71200E-06       2.85857E-09       1.05405E-03       6.20833E-08       3.52080E-08
       6.02560E-05       6.30957E-05       6.16758E-05       2.83970E-06       3.06704E-09       1.08006E-03       6.66134E-08       3.82751E-08
       6.30957E-05       6.60693E-05       6.45825E-05       2.97360E-06       3.29236E-09       1.10720E-03       7.15056E-08       4.15674E-08
       6.60693E-05       6.91831E-05       6.76262E-05       3.11380E-06       3.52826E-09       1.13311E-03       7.66276E-08       4.50957E-08
       6.91831E-05       7.24436E-05       7.08134E-05       3.26051E-06       3.77647E-09       1.15825E-03       8.20194E-08       4.88722E-08
       7.24436E-05       7.58578E-05       7.41507E-05       3.41420E-06       4.04430E-09       1.18455E-03       8.78354E-08       5.29165E-08
       7.58578E-05       7.94328E-05       7.76453E-05       3.57500E-06       4.33347E-09       1.21216E-03       9.41185E-08       5.72499E-08
       7.94328E-05       8.31764E-05       8.13046E-05       3.74360E-06       4.64578E-09       1.24099E-03       1.00898E-07       6.18957E-08
       8.31764E-05       8.70964E-05       8.51364E-05       3.92000E-06       4.98316E-09       1.27121E-03       1.08227E-07       6.68789E-08
       8.70964E-05       9.12011E-05       8.91488E-05       4.10471E-06       5.34060E-09       1.30109E-03       1.15991E-07       7.22195E-08
       9.12011E-05       9.54993E-05       9.33502E-05       4.29820E-06       5.71227E-09       1.32899E-03       1.24062E-07       7.79317E-08
       9.54993E-05       1.00000E-04       9.77497E-05       4.50070E-06       6.11247E-09       1.35812E-03       1.32755E-07       8.40442E-08
       1.00000E-04       1.04713E-04       1.02356E-04       4.71300E-06       6.54427E-09       1.38856E-03       1.42128E-07       9.05885E-08
       1.04713E-04       1.09648E-04       1.07181E-04       4.93501E-06       7.01005E-09       1.42047E-03       1.52247E-07       9.75985E-08
       1.09648E-04       1.14815E-04       1.12232E-04       5.16700E-06       7.51326E-09       1.45409E-03       1.63194E-07       1.05112E-07
       1.14815E-04       1.20226E-04       1.17520E-04       5.41100E-06       8.05654E-09       1.48892E-03       1.74979E-07       1.13168E-07
       1.20226E-04       1.25892E-04       1.23059E-04       5.66600E-06       8.64399E-09       1.52559E-03       1.87737E-07       1.21812E-07
       1.25892E-04       1.31826E-04       1.28859E-04       5.93401E-06       9.27906E-09       1.56371E-03       2.01498E-07       1.31091E-07
       1.31826E-04       1.38038E-04       1.34932E-04       6.21199E-06       9.94529E-09       1.60098E-03       2.16024E-07       1.41037E-07
       1.38038E-04       1.44544E-04       1.41291E-04       6.50601E-06       1.06450E-08       1.63619E-03       2.31178E-07       1.51682E-07
       1.44544E-04       1.51356E-04       1.47950E-04       6.81200E-06       1.13996E-08       1.67346E-03       2.47589E-07       1.63081E-07
       1.51356E-04       1.58489E-04       1.54922E-04       7.13300E-06       1.22144E-08       1.71238E-03       2.65287E-07       1.75296E-07
       1.58489E-04       1.65959E-04       1.62224E-04       7.47000E-06       1.30943E-08       1.75292E-03       2.84366E-07       1.88390E-07
       1.65959E-04       1.73780E-04       1.69870E-04       7.82100E-06       1.40450E-08       1.79581E-03       3.05054E-07       2.02435E-07
       1.73780E-04       1.81970E-04       1.77875E-04       8.19000E-06       1.50546E-08       1.83817E-03       3.26964E-07       2.17490E-07
       1.81970E-04       1.90546E-04       1.86258E-04       8.57600E-06       1.61025E-08       1.87762E-03       3.49722E-07       2.33592E-07
       1.90546E-04       1.99526E-04       1.95036E-04       8.98000E-06       1.72302E-08       1.91873E-03       3.74222E-07       2.50822E-07
       1.99526E-04       2.08930E-04       2.04228E-04       9.40399E-06       1.84470E-08       1.96161E-03       4.00616E-07       2.69269E-07
       2.08930E-04       2.18776E-04       2.13853E-04       9.84601E-06       1.97599E-08       2.00690E-03       4.29181E-07       2.89029E-07
       2.18776E-04       2.29087E-04       2.23932E-04       1.03110E-05       2.11775E-08       2.05387E-03       4.59926E-07       3.10207E-07
       2.29087E-04       2.39883E-04       2.34485E-04       1.07960E-05       2.27088E-08       2.10344E-03       4.93226E-07       3.32916E-07
       2.39883E-04       2.51189E-04       2.45536E-04       1.13060E-05       2.43637E-08       2.15493E-03       5.29113E-07       3.57279E-07
       2.51189E-04       2.63027E-04       2.57108E-04       1.18380E-05       2.61532E-08       2.20926E-03       5.68018E-07       3.83433E-07
       2.63027E-04       2.75423E-04       2.69225E-04       1.23960E-05       2.80362E-08       2.26172E-03       6.08911E-07       4.11469E-07
       2.75423E-04       2.88403E-04       2.81913E-04       1.29800E-05       3.00081E-08       2.31187E-03       6.51745E-07       4.41477E-07
       2.88403E-04       3.01995E-04       2.95199E-04       1.35920E-05       3.21349E-08       2.36426E-03       6.97927E-07       4.73612E-07
       3.01995E-04       3.16228E-04       3.09111E-04       1.42330E-05       3.44311E-08       2.41910E-03       7.47772E-07       5.08043E-07
       3.16228E-04       3.31131E-04       3.23680E-04       1.49030E-05       3.69105E-08       2.47672E-03       8.01662E-07       5.44953E-07
       3.31131E-04       3.46737E-04       3.38934E-04       1.56060E-05       3.95900E-08       2.53685E-03       8.59824E-07       5.84543E-07
       3.46737E-04       3.63078E-04       3.54908E-04       1.63410E-05       4.24743E-08       2.59925E-03       9.22492E-07       6.27018E-07
       3.63078E-04       3.80189E-04       3.71634E-04       1.71110E-05       4.55607E-08       2.66266E-03       9.89533E-07       6.72578E-07
       3.80189E-04       3.98107E-04       3.89148E-04       1.79180E-05       4.88954E-08       2.72884E-03       1.06192E-06       7.21474E-07
       3.98107E-04       4.16869E-04       4.07488E-04       1.87620E-05       5.25016E-08       2.79829E-03       1.14027E-06       7.73975E-07
       4.16869E-04       4.36516E-04       4.26692E-04       1.96470E-05       5.64032E-08       2.87083E-03       1.22496E-06       8.30379E-07
       4.36516E-04       4.57088E-04       4.46802E-04       2.05720E-05       6.06269E-08       2.94706E-03       1.31675E-06       8.91005E-07
       4.57088E-04       4.78630E-04       4.67859E-04       2.15420E-05       6.52004E-08       3.02667E-03       1.41605E-06       9.56206E-07
       4.78630E-04       5.01187E-04       4.89909E-04       2.25570E-05       7.01543E-08       3.11009E-03       1.52366E-06       1.02636E-06
       5.01187E-04       5.24808E-04       5.12998E-04       2.36210E-05       7.55249E-08       3.19737E-03       1.64024E-06       1.10189E-06
       5.24808E-04       5.49541E-04       5.37175E-04       2.47330E-05       8.12148E-08       3.28366E-03       1.76390E-06       1.18310E-06
       5.49541E-04       5.75440E-04       5.62491E-04       2.58990E-05       8.71905E-08       3.36656E-03       1.89366E-06       1.27029E-06
       5.75440E-04       6.02560E-04       5.89000E-04       2.71200E-05       9.36528E-08       3.45328E-03       2.03398E-06       1.36394E-06
       6.02560E-04       6.30957E-04       6.16758E-04       2.83970E-05       1.00646E-07       3.54425E-03       2.18594E-06       1.46459E-06
       6.30957E-04       6.60693E-04       6.45825E-04       2.97360E-05       1.08218E-07       3.63930E-03       2.35035E-06       1.57281E-06
       6.60693E-04       6.91831E-04       6.76262E-04       3.11380E-05       1.16420E-07       3.73886E-03       2.52845E-06       1.68923E-06
       6.91831E-04       7.24436E-04       7.08133E-04       3.26050E-05       1.25180E-07       3.83930E-03       2.71874E-06       1.81441E-06
       7.24436E-04       7.58578E-04       7.41507E-04       3.41420E-05       1.34243E-07       3.93189E-03       2.91552E-06       1.94865E-06
       7.58578E-04       7.94328E-04       7.76453E-04       3.57500E-05       1.43999E-07       4.02795E-03       3.12751E-06       2.09265E-06
       7.94328E-04       8.31764E-04       8.13046E-04       3.74360E-05       1.54547E-07       4.12831E-03       3.35651E-06       2.24720E-06
       8.31764E-04       8.70964E-04       8.51364E-04       3.92000E-05       1.65955E-07       4.23354E-03       3.60428E-06       2.41315E-06
       8.70964E-04       9.12011E-04       8.91487E-04       4.10470E-05       1.78298E-07       4.34375E-03       3.87240E-06       2.59145E-06
       9.12011E-04       9.54993E-04       9.33502E-04       4.29820E-05       1.91659E-07       4.45905E-03       4.16253E-06       2.78311E-06
       9.54993E-04       1.00000E-03       9.77497E-04       4.50070E-05       2.06128E-07       4.57990E-03       4.47684E-06       2.98924E-06
       1.00000E-03       1.04713E-03       1.02356E-03       4.71300E-05       2.21805E-07       4.70624E-03       4.81714E-06       3.21104E-06
       1.04713E-03       1.09648E-03       1.07180E-03       4.93500E-05       2.38396E-07       4.83073E-03       5.17760E-06       3.44944E-06
       1.09648E-03       1.14815E-03       1.12231E-03       5.16700E-05       2.55696E-07       4.94863E-03       5.55392E-06       3.70513E-06
       1.14815E-03       1.20226E-03       1.17520E-03       5.41100E-05       2.74366E-07       5.07052E-03       5.95890E-06       3.97950E-06
       1.20226E-03       1.25892E-03       1.23059E-03       5.66600E-05       3.01054E-05       5.31334E-01       6.53854E-04       3.40849E-05
       1.25892E-03       1.31826E-03       1.28859E-03       5.93400E-05       3.67107E-05       6.18651E-01       7.97188E-04       7.07956E-05
       1.31826E-03       1.38038E-03       1.34932E-03       6.21200E-05       3.84110E-05       6.18336E-01       8.34333E-04       1.09207E-04
       1.38038E-03       1.44544E-03       1.41291E-03       6.50599E-05       4.02141E-05       6.18108E-01       8.73331E-04       1.49421E-04
       1.44544E-03       1.51356E-03       1.47950E-03       6.81201E-05       4.20903E-05       6.17884E-01       9.14160E-04       1.91511E-04
       1.51356E-03       1.58489E-03       1.54923E-03       7.13300E-05       4.40553E-05       6.17627E-01       9.56843E-04       2.35566E-04
       1.58489E-03       1.65959E-03       1.62224E-03       7.47000E-05       4.60947E-05       6.17064E-01       1.00103E-03       2.81661E-04
       1.65959E-03       1.73780E-03       1.69870E-03       7.82101E-05       4.82377E-05       6.16771E-01       1.04771E-03       3.29899E-04
       1.73780E-03       1.81970E-03       1.77875E-03       8.18999E-05       5.04847E-05       6.16419E-01       1.09646E-03       3.80383E-04
       1.81970E-03       1.90546E-03       1.86258E-03       8.57600E-05       5.28357E-05       6.16087E-01       1.14751E-03       4.33219E-04
       1.90546E-03       1.99526E-03       1.95036E-03       8.98001E-05       5.52765E-05       6.15551E-01       1.20055E-03       4.88495E-04
       1.99526E-03       2.08930E-03       2.04228E-03       9.40400E-05       5.78509E-05       6.15173E-01       1.25635E-03       5.46346E-04
       2.08930E-03       2.18776E-03       2.13853E-03       9.84600E-05       6.05292E-05       6.14759E-01       1.31468E-03       6.06875E-04
       2.18776E-03       2.29087E-03       2.23932E-03       1.03110E-04       6.33395E-05       6.14289E-01       1.37559E-03       6.70215E-04
       2.29087E-03       2.39883E-03       2.34485E-03       1.07960E-04       6.62697E-05       6.13836E-01       1.43935E-03       7.36485E-04
       2.39883E-03       2.51189E-03       2.45536E-03       1.13060E-04       6.93334E-05       6.13245E-01       1.50574E-03       8.05818E-04
       2.51189E-03       2.63027E-03       2.57108E-03       1.18380E-04       7.25326E-05       6.12709E-01       1.57532E-03       8.78351E-04
       2.63027E-03       2.75423E-03       2.69225E-03       1.23960E-04       7.58812E-05       6.12142E-01       1.64804E-03       9.54232E-04
       2.75423E-03       2.88403E-03       2.81913E-03       1.29800E-04       7.93794E-05       6.11552E-01       1.72404E-03       1.03361E-03
       2.88403E-03       3.01995E-03       2.95199E-03       1.35920E-04       8.30244E-05       6.10833E-01       1.80317E-03       1.11664E-03
       3.01995E-03       3.16228E-03       3.09112E-03       1.42330E-04       8.68344E-05       6.10092E-01       1.88586E-03       1.20347E-03
       3.16228E-03       3.31131E-03       3.23679E-03       1.49030E-04       9.08233E-05       6.09430E-01       1.97260E-03       1.29429E-03
       3.31131E-03       3.46737E-03       3.38934E-03       1.56060E-04       9.49936E-05       6.08699E-01       2.06309E-03       1.38929E-03
       3.46737E-03       3.63078E-03       3.54907E-03       1.63410E-04       9.93298E-05       6.07856E-01       2.15733E-03       1.48862E-03
       3.63078E-03       3.80189E-03       3.71633E-03       1.71110E-04       1.03863E-04       6.06994E-01       2.25579E-03       1.59248E-03
       3.80189E-03       3.98107E-03       3.89148E-03       1.79180E-04       1.08621E-04       6.06208E-01       2.35905E-03       1.70110E-03
       3.98107E-03       4.16869E-03       4.07488E-03       1.87620E-04       1.13562E-04       6.05276E-01       2.46643E-03       1.81466E-03
       4.16869E-03       4.36516E-03       4.26693E-03       1.96470E-04       1.18727E-04       6.04300E-01       2.57850E-03       1.93339E-03
       4.36516E-03       4.57088E-03       4.46802E-03       2.05720E-04       1.24109E-04       6.03292E-01       2.69552E-03       2.05750E-03
       4.57088E-03       4.78630E-03       4.67859E-03       2.15420E-04       1.29718E-04       6.02163E-01       2.81727E-03       2.18722E-03
       4.78630E-03       5.01187E-03       4.89909E-03       2.25570E-04       1.35569E-04       6.01004E-01       2.94437E-03       2.32278E-03
       5.01187E-03       5.24807E-03       5.12997E-03       2.36200E-04       1.41678E-04       5.99821E-01       3.07707E-03       2.46446E-03
       5.24807E-03       5.49541E-03       5.37174E-03       2.47340E-04       1.48060E-04       5.98609E-01       3.21557E-03       2.61252E-03
       5.49541E-03       5.75440E-03       5.62491E-03       2.58990E-04       1.54687E-04       5.97270E-01       3.35959E-03       2.76721E-03
       5.75440E-03       6.02560E-03       5.89000E-03       2.71200E-04       1.61609E-04       5.95902E-01       3.50986E-03       2.92882E-03
       6.02560E-03       6.30957E-03       6.16759E-03       2.83970E-04       1.68819E-04       5.94497E-01       3.66661E-03       3.09764E-03
       6.30957E-03       6.60693E-03       6.45825E-03       2.97360E-04       1.76321E-04       5.92953E-01       3.82944E-03       3.27396E-03
       6.60693E-03       6.91831E-03       6.76262E-03       3.11380E-04       1.84159E-04       5.91428E-01       3.99960E-03       3.45812E-03
       6.91831E-03       7.24436E-03       7.08133E-03       3.26050E-04       1.92290E-04       5.89756E-01       4.17626E-03       3.65041E-03
       7.24436E-03       7.58578E-03       7.41507E-03       3.41420E-04       2.00775E-04       5.88059E-01       4.36050E-03       3.85118E-03
       7.58578E-03       7.94328E-03       7.76453E-03       3.57500E-04       2.09615E-04       5.86337E-01       4.55263E-03       4.06080E-03
       7.94328E-03       8.31764E-03       8.13046E-03       3.74360E-04       2.18813E-04       5.84498E-01       4.75224E-03       4.27961E-03
       8.31764E-03       8.70964E-03       8.51364E-03       3.92000E-04       2.28879E-04       5.83874E-01       4.97089E-03       4.50849E-03
       8.70964E-03       9.12011E-03       8.91487E-03       4.10471E-04       2.51464E-04       6.12623E-01       5.46146E-03       4.75995E-03
       9.12011E-03       9.54993E-03       9.33502E-03       4.29819E-04       2.63285E-04       6.12548E-01       5.71814E-03       5.02324E-03
       9.54993E-03       1.00000E-02       9.77496E-03       4.50070E-04       2.74702E-04       6.10354E-01       5.96619E-03       5.29794E-03
       1.00000E-02       1.04713E-02       1.02357E-02       4.71300E-04       2.86580E-04       6.08063E-01       6.22392E-03       5.58452E-03
       1.04713E-02       1.09648E-02       1.07180E-02       4.93500E-04       2.98931E-04       6.05738E-01       6.49233E-03       5.88345E-03
       1.09648E-02       1.14815E-02       1.12232E-02       5.16700E-04       3.11754E-04       6.03355E-01       6.77155E-03       6.19520E-03
       1.14815E-02       1.20226E-02       1.17521E-02       5.41100E-04       3.25039E-04       6.00701E-01       7.05947E-03       6.52024E-03
       1.20226E-02       1.25892E-02       1.23059E-02       5.66601E-04       3.38863E-04       5.98063E-01       7.35970E-03       6.85911E-03
       1.25892E-02       1.31826E-02       1.28859E-02       5.93399E-04       3.53176E-04       5.95175E-01       7.66936E-03       7.21228E-03
       1.31826E-02       1.38038E-02       1.34932E-02       6.21200E-04       3.68043E-04       5.92470E-01       7.99432E-03       7.58032E-03
       1.38038E-02       1.44544E-02       1.41291E-02       6.50601E-04       3.83469E-04       5.89408E-01       8.32781E-03       7.96379E-03
       1.44544E-02       1.51356E-02       1.47950E-02       6.81199E-04       3.99460E-04       5.86407E-01       8.67589E-03       8.36325E-03
       1.51356E-02       1.58489E-02       1.54923E-02       7.13301E-04       4.16041E-04       5.83262E-01       9.03604E-03       8.77929E-03
       1.58489E-02       1.65959E-02       1.62224E-02       7.47000E-04       4.33230E-04       5.79960E-01       9.40835E-03       9.21252E-03
       1.65959E-02       1.73780E-02       1.69870E-02       7.82100E-04       4.51046E-04       5.76712E-01       9.79658E-03       9.66357E-03
       1.73780E-02       1.81970E-02       1.77875E-02       8.19000E-04       4.69426E-04       5.73170E-01       1.01953E-02       1.01330E-02
       1.81970E-02       1.90546E-02       1.86258E-02       8.57600E-04       4.88431E-04       5.69533E-01       1.06080E-02       1.06214E-02
       1.90546E-02       1.99526E-02       1.95036E-02       8.98000E-04       5.08132E-04       5.65848E-01       1.10361E-02       1.11296E-02
       1.99526E-02       2.08930E-02       2.04228E-02       9.40400E-04       5.46625E-04       5.81268E-01       1.18711E-02       1.16762E-02
       2.08930E-02       2.18776E-02       2.13853E-02       9.84600E-04       5.97834E-04       6.07185E-01       1.29848E-02       1.22740E-02
       2.18776E-02       2.29087E-02       2.23931E-02       1.03110E-03       6.22219E-04       6.03452E-01       1.35132E-02       1.28962E-02
       2.29087E-02       2.39883E-02       2.34485E-02       1.07960E-03       6.47510E-04       5.99767E-01       1.40636E-02       1.35437E-02
       2.39883E-02       2.51189E-02       2.45536E-02       1.13060E-03       6.76131E-04       5.98028E-01       1.46837E-02       1.42199E-02
       2.51189E-02       2.63027E-02       2.57108E-02       1.18380E-03       7.03593E-04       5.94352E-01       1.52813E-02       1.49235E-02
       2.63027E-02       2.75423E-02       2.69225E-02       1.23960E-03       7.31659E-04       5.90237E-01       1.58907E-02       1.56551E-02
       2.75423E-02       2.88403E-02       2.81913E-02       1.29800E-03       7.61649E-04       5.86787E-01       1.65423E-02       1.64168E-02
       2.88403E-02       3.01995E-02       2.95199E-02       1.35920E-03       7.92501E-04       5.83064E-01       1.72120E-02       1.72093E-02
       3.01995E-02       3.16228E-02       3.09112E-02       1.42330E-03       8.24750E-04       5.79463E-01       1.79119E-02       1.80340E-02
       3.16228E-02       3.31131E-02       3.23680E-02       1.49030E-03       8.57860E-04       5.75629E-01       1.86319E-02       1.88919E-02
       3.31131E-02       3.46737E-02       3.38934E-02       1.56060E-03       8.91309E-04       5.71133E-01       1.93576E-02       1.97832E-02
       3.46737E-02       3.63078E-02       3.54908E-02       1.63410E-03       9.25810E-04       5.66556E-01       2.01075E-02       2.07090E-02
       3.63078E-02       3.80189E-02       3.71633E-02       1.71110E-03       9.61490E-04       5.61914E-01       2.08826E-02       2.16705E-02
       3.80189E-02       3.98107E-02       3.89148E-02       1.79180E-03       9.98421E-04       5.57217E-01       2.16840E-02       2.26689E-02
       3.98107E-02       4.16869E-02       4.07488E-02       1.87620E-03       1.03668E-03       5.52544E-01       2.25155E-02       2.37056E-02
       4.16869E-02       4.36516E-02       4.26693E-02       1.96470E-03       1.07632E-03       5.47829E-01       2.33755E-02       2.47819E-02
       4.36516E-02       4.57088E-02       4.46802E-02       2.05720E-03       1.11741E-03       5.43168E-01       2.42689E-02       2.58993E-02
       4.57088E-02       4.78630E-02       4.67859E-02       2.15420E-03       1.15970E-03       5.38346E-01       2.51870E-02       2.70590E-02
       4.78630E-02       5.01187E-02       4.89908E-02       2.25570E-03       1.20347E-03       5.33526E-01       2.61379E-02       2.82625E-02
       5.01187E-02       5.24808E-02       5.12998E-02       2.36210E-03       1.24888E-03       5.28715E-01       2.71230E-02       2.95114E-02
       5.24808E-02       5.49541E-02       5.37174E-02       2.47330E-03       1.29606E-03       5.24019E-01       2.81490E-02       3.08074E-02
       5.49541E-02       5.75440E-02       5.62491E-02       2.58990E-03       1.34511E-03       5.19366E-01       2.92138E-02       3.21525E-02
       5.75440E-02       6.02560E-02       5.89000E-02       2.71200E-03       1.39613E-03       5.14798E-01       3.03216E-02       3.35487E-02
       6.02560E-02       6.30957E-02       6.16758E-02       2.83970E-03       1.44930E-03       5.10371E-01       3.14775E-02       3.49980E-02
       6.30957E-02       6.60693E-02       6.45825E-02       2.97360E-03       1.50474E-03       5.06035E-01       3.26810E-02       3.65027E-02
       6.60693E-02       6.91831E-02       6.76262E-02       3.11380E-03       1.56258E-03       5.01824E-01       3.39365E-02       3.80653E-02
       6.91831E-02       7.24436E-02       7.08134E-02       3.26050E-03       1.62273E-03       4.97693E-01       3.52433E-02       3.96880E-02
       7.24436E-02       7.58578E-02       7.41507E-02       3.41420E-03       1.68560E-03       4.93703E-01       3.66084E-02       4.13736E-02
       7.58578E-02       7.94328E-02       7.76453E-02       3.57500E-03       1.75148E-03       4.89923E-01       3.80403E-02       4.31251E-02
       7.94328E-02       8.31764E-02       8.13046E-02       3.74360E-03       1.82058E-03       4.86319E-01       3.95399E-02       4.49457E-02
       8.31764E-02       8.70964E-02       8.51364E-02       3.92000E-03       1.89319E-03       4.82955E-01       4.11171E-02       4.68389E-02
       8.70964E-02       9.12011E-02       8.91488E-02       4.10470E-03       1.96951E-03       4.79818E-01       4.27752E-02       4.88084E-02
       9.12011E-02       9.54993E-02       9.33502E-02       4.29820E-03       2.04955E-03       4.76840E-01       4.45131E-02       5.08579E-02
       9.54993E-02       1.00000E-01       9.77497E-02       4.50070E-03       2.13376E-03       4.74095E-01       4.63426E-02       5.29917E-02
       1.00000E-01       1.04713E-01       1.02357E-01       4.71300E-03       2.22255E-03       4.71579E-01       4.82692E-02       5.52142E-02
       1.04713E-01       1.09648E-01       1.07180E-01       4.93500E-03       2.31616E-03       4.69334E-01       5.03034E-02       5.75304E-02
       1.09648E-01       1.14815E-01       1.12231E-01       5.16700E-03       2.41523E-03       4.67434E-01       5.24608E-02       5.99456E-02
       1.14815E-01       1.20226E-01       1.17520E-01       5.41100E-03       2.52064E-03       4.65836E-01       5.47453E-02       6.24663E-02
       1.20226E-01       1.25892E-01       1.23059E-01       5.66600E-03       2.63256E-03       4.64624E-01       5.71762E-02       6.50988E-02
       1.25892E-01       1.31826E-01       1.28859E-01       5.93400E-03       2.75297E-03       4.63932E-01       5.97819E-02       6.78518E-02
       1.31826E-01       1.38038E-01       1.34932E-01       6.21200E-03       2.88066E-03       4.63725E-01       6.25714E-02       7.07325E-02
       1.38038E-01       1.44544E-01       1.41291E-01       6.50600E-03       3.01488E-03       4.63400E-01       6.54742E-02       7.37474E-02
       1.44544E-01       1.51356E-01       1.47950E-01       6.81200E-03       3.15622E-03       4.63333E-01       6.85501E-02       7.69036E-02
       1.51356E-01       1.58489E-01       1.54923E-01       7.13300E-03       3.30517E-03       4.63363E-01       7.17853E-02       8.02087E-02
       1.58489E-01       1.65959E-01       1.62224E-01       7.47000E-03       3.46177E-03       4.63423E-01       7.51783E-02       8.36705E-02
       1.65959E-01       1.73780E-01       1.69869E-01       7.82100E-03       3.62599E-03       4.63622E-01       7.87552E-02       8.72965E-02
       1.73780E-01       1.81970E-01       1.77875E-01       8.19000E-03       3.79772E-03       4.63702E-01       8.24809E-02       9.10942E-02
       1.81970E-01       1.90546E-01       1.86258E-01       8.57600E-03       3.97517E-03       4.63523E-01       8.63348E-02       9.50694E-02
       1.90546E-01       1.99526E-01       1.95036E-01       8.98000E-03       4.15864E-03       4.63101E-01       9.03213E-02       9.92280E-02
       1.99526E-01       2.08930E-01       2.04228E-01       9.40400E-03       4.34844E-03       4.62404E-01       9.44358E-02       1.03576E-01
       2.08930E-01       2.18776E-01       2.13853E-01       9.84600E-03       4.54383E-03       4.61490E-01       9.86909E-02       1.08120E-01
       2.18776E-01       2.29087E-01       2.23931E-01       1.03110E-02       4.74385E-03       4.60076E-01       1.03026E-01       1.12864E-01
       2.29087E-01       2.39883E-01       2.34485E-01       1.07960E-02       4.94600E-03       4.58132E-01       1.07425E-01       1.17810E-01
       2.39883E-01       2.51189E-01       2.45536E-01       1.13060E-02       5.15027E-03       4.55534E-01       1.11850E-01       1.22960E-01
       2.51189E-01       2.63027E-01       2.57108E-01       1.18380E-02       5.36447E-03       4.53157E-01       1.16510E-01       1.28325E-01
       2.63027E-01       2.75423E-01       2.69225E-01       1.23960E-02       5.67622E-03       4.57907E-01       1.23280E-01       1.34001E-01
       2.75423E-01       2.88403E-01       2.81913E-01       1.29800E-02       6.04046E-03       4.65367E-01       1.31193E-01       1.40042E-01
       2.88403E-01       3.01995E-01       2.95199E-01       1.35920E-02       6.42711E-03       4.72860E-01       1.39588E-01       1.46469E-01
       3.01995E-01       3.16228E-01       3.09112E-01       1.42330E-02       6.83540E-03       4.80250E-01       1.48451E-01       1.53304E-01
       3.16228E-01       3.31131E-01       3.23680E-01       1.49030E-02       7.25697E-03       4.86947E-01       1.57615E-01       1.60561E-01
       3.31131E-01       3.46737E-01       3.38934E-01       1.56060E-02       7.69562E-03       4.93120E-01       1.67135E-01       1.68257E-01
       3.46737E-01       3.63078E-01       3.54908E-01       1.63410E-02       8.16011E-03       4.99364E-01       1.77228E-01       1.76417E-01
       3.63078E-01       3.80189E-01       3.71633E-01       1.71110E-02       8.63709E-03       5.04768E-01       1.87589E-01       1.85054E-01
       3.80189E-01       3.98107E-01       3.89148E-01       1.79180E-02       9.13739E-03       5.09956E-01       1.98448E-01       1.94191E-01
       3.98107E-01       4.16869E-01       4.07488E-01       1.87620E-02       9.67452E-03       5.15644E-01       2.10119E-01       2.03866E-01
       4.16869E-01       4.36516E-01       4.26692E-01       1.96470E-02       1.02555E-02       5.21986E-01       2.22728E-01       2.14121E-01
       4.36516E-01       4.57088E-01       4.46802E-01       2.05720E-02       1.08801E-02       5.28879E-01       2.36304E-01       2.25001E-01
       4.57088E-01       4.78630E-01       4.67859E-01       2.15420E-02       1.15359E-02       5.35509E-01       2.50543E-01       2.36537E-01
       4.78630E-01       5.01187E-01       4.89909E-01       2.25570E-02       1.22568E-02       5.43371E-01       2.66202E-01       2.48794E-01
       5.01187E-01       5.24808E-01       5.12998E-01       2.36210E-02       1.30576E-02       5.52796E-01       2.83583E-01       2.61852E-01
       5.24808E-01       5.49541E-01       5.37174E-01       2.47330E-02       1.39275E-02       5.63114E-01       3.02491E-01       2.75779E-01
       5.49541E-01       5.75440E-01       5.62490E-01       2.58990E-02       1.48655E-02       5.73980E-01       3.22858E-01       2.90645E-01
       5.75440E-01       6.02560E-01       5.89000E-01       2.71200E-02       1.59187E-02       5.86971E-01       3.45726E-01       3.06563E-01
       6.02560E-01       6.30957E-01       6.16758E-01       2.83970E-02       1.71032E-02       6.02290E-01       3.71467E-01       3.23667E-01
       6.30957E-01       6.60693E-01       6.45825E-01       2.97360E-02       1.84355E-02       6.19973E-01       4.00394E-01       3.42102E-01
       6.60693E-01       6.91831E-01       6.76262E-01       3.11380E-02       1.99313E-02       6.40096E-01       4.32873E-01       3.62034E-01
       6.91831E-01       7.24436E-01       7.08133E-01       3.26050E-02       2.16102E-02       6.62787E-01       4.69342E-01       3.83644E-01
       7.24436E-01       7.58578E-01       7.41507E-01       3.41420E-02       2.34890E-02       6.87981E-01       5.10142E-01       4.07133E-01
       7.58578E-01       7.94328E-01       7.76453E-01       3.57500E-02       2.56832E-02       7.18412E-01       5.57813E-01       4.32816E-01
       7.94328E-01       8.31764E-01       8.13046E-01       3.74360E-02       3.45070E-02       9.21759E-01       7.49433E-01       4.67323E-01
       8.31764E-01       8.70964E-01       8.51364E-01       3.92000E-02       2.96495E-02       7.56365E-01       6.43942E-01       4.96972E-01
       8.70964E-01       9.12011E-01       8.91487E-01       4.10470E-02       2.87460E-02       7.00318E-01       6.24325E-01       5.25718E-01
       9.12011E-01       9.54993E-01       9.33502E-01       4.29820E-02       2.86835E-02       6.67339E-01       6.22962E-01       5.54402E-01
       9.54993E-01       1.00000E+00       9.77497E-01       4.50070E-02       2.86250E-02       6.36011E-01       6.21699E-01       5.83027E-01
       1.00000E+00       1.04713E+00       1.02357E+00       4.71300E-02       2.84824E-02       6.04336E-01       6.18578E-01       6.11509E-01
       1.04713E+00       1.09648E+00       1.07181E+00       4.93500E-02       2.82344E-02       5.72126E-01       6.13207E-01       6.39744E-01
       1.09648E+00       1.14815E+00       1.12231E+00       5.16700E-02       2.77908E-02       5.37852E-01       6.03640E-01       6.67535E-01
       1.14815E+00       1.20226E+00       1.17520E+00       5.41100E-02       2.70909E-02       5.00663E-01       5.88381E-01       6.94625E-01
       1.20226E+00       1.25892E+00       1.23059E+00       5.66600E-02       2.61122E-02       4.60857E-01       5.67127E-01       7.20738E-01
       1.25892E+00       1.31826E+00       1.28859E+00       5.93400E-02       2.48346E-02       4.18514E-01       5.39293E-01       7.45572E-01
       1.31826E+00       1.38038E+00       1.34932E+00       6.21200E-02       2.32521E-02       3.74309E-01       5.05063E-01       7.68824E-01
       1.38038E+00       1.44544E+00       1.41291E+00       6.50600E-02       2.15029E-02       3.30508E-01       4.66979E-01       7.90327E-01
       1.44544E+00       1.51356E+00       1.47950E+00       6.81200E-02       1.95240E-02       2.86612E-01       4.24043E-01       8.09851E-01
       1.51356E+00       1.58489E+00       1.54923E+00       7.13300E-02       1.72955E-02       2.42472E-01       3.75644E-01       8.27147E-01
       1.58489E+00       1.65959E+00       1.62224E+00       7.47000E-02       1.48836E-02       1.99245E-01       3.23223E-01       8.42030E-01
       1.65959E+00       1.73780E+00       1.69869E+00       7.82100E-02       1.24863E-02       1.59651E-01       2.71198E-01       8.54517E-01
       1.73780E+00       1.81970E+00       1.77875E+00       8.19000E-02       1.18577E-02       1.44782E-01       2.57532E-01       8.66374E-01
       1.81970E+00       1.90546E+00       1.86258E+00       8.57600E-02       1.16243E-02       1.35545E-01       2.52463E-01       8.77999E-01
       1.90546E+00       1.99526E+00       1.95036E+00       8.98000E-02       1.13804E-02       1.26731E-01       2.47170E-01       8.89379E-01
       1.99526E+00       2.08930E+00       2.04228E+00       9.40400E-02       1.10718E-02       1.17735E-01       2.40449E-01       9.00451E-01
       2.08930E+00       2.18776E+00       2.13853E+00       9.84600E-02       1.06569E-02       1.08236E-01       2.31466E-01       9.11108E-01
       2.18776E+00       2.29087E+00       2.23932E+00       1.03110E-01       1.03794E-02       1.00663E-01       2.25417E-01       9.21487E-01
       2.29087E+00       2.39883E+00       2.34485E+00       1.07960E-01       1.00629E-02       9.32096E-02       2.18562E-01       9.31550E-01
       2.39883E+00       2.51189E+00       2.45536E+00       1.13060E-01       9.66666E-03       8.55002E-02       2.09934E-01       9.41217E-01
       2.51189E+00       2.63027E+00       2.57108E+00       1.18380E-01       9.35565E-03       7.90307E-02       2.03194E-01       9.50573E-01
       2.63027E+00       2.75423E+00       2.69225E+00       1.23960E-01       9.40687E-03       7.58863E-02       2.04305E-01       9.59979E-01
       2.75423E+00       2.88403E+00       2.81913E+00       1.29800E-01       7.96304E-03       6.13485E-02       1.72949E-01       9.67942E-01
       2.88403E+00       3.01995E+00       2.95199E+00       1.35920E-01       7.01109E-03       5.15825E-02       1.52271E-01       9.74954E-01
       3.01995E+00       3.16228E+00       3.09111E+00       1.42330E-01       5.77682E-03       4.05875E-02       1.25461E-01       9.80730E-01
       3.16228E+00       3.31131E+00       3.23679E+00       1.49030E-01       2.93153E-03       1.96707E-02       6.36701E-02       9.83662E-01
       3.31131E+00       3.46737E+00       3.38934E+00       1.56060E-01       2.50226E-03       1.60340E-02       5.43445E-02       9.86164E-01
       3.46737E+00       3.63078E+00       3.54908E+00       1.63410E-01       2.16296E-03       1.32364E-02       4.69769E-02       9.88327E-01
       3.63078E+00       3.80189E+00       3.71633E+00       1.71110E-01       1.90629E-03       1.11407E-02       4.14028E-02       9.90233E-01
       3.80189E+00       3.98107E+00       3.89148E+00       1.79180E-01       1.66823E-03       9.31034E-03       3.62310E-02       9.91902E-01
       3.98107E+00       4.16869E+00       4.07488E+00       1.87620E-01       1.48050E-03       7.89098E-03       3.21548E-02       9.93382E-01
       4.16869E+00       4.36516E+00       4.26692E+00       1.96470E-01       1.31657E-03       6.70114E-03       2.85933E-02       9.94699E-01
       4.36516E+00       4.57088E+00       4.46802E+00       2.05720E-01       1.16144E-03       5.64571E-03       2.52251E-02       9.95860E-01
       4.57088E+00       4.78630E+00       4.67859E+00       2.15420E-01       1.01082E-03       4.69234E-03       2.19535E-02       9.96871E-01
       4.78630E+00       5.00000E+00       4.89315E+00       2.13700E-01       8.16295E-04       3.81982E-03       1.86909E-02       9.97687E-01
       5.00000E+00       5.20000E+00       5.10000E+00       2.00000E-01       6.12806E-04       3.06403E-03       1.56266E-02       9.98300E-01
       5.20000E+00       5.40000E+00       5.30000E+00       2.00000E-01       4.82858E-04       2.41429E-03       1.27957E-02       9.98783E-01
       5.40000E+00       5.60000E+00       5.50000E+00       2.00000E-01       3.70112E-04       1.85056E-03       1.01781E-02       9.99153E-01
       5.60000E+00       5.80000E+00       5.70000E+00       2.00000E-01       2.75877E-04       1.37938E-03       7.86249E-03       9.99429E-01
       5.80000E+00       6.00000E+00       5.90000E+00       2.00000E-01       1.99582E-04       9.97910E-04       5.88767E-03       9.99628E-01
       6.00000E+00       6.20000E+00       6.10000E+00       2.00000E-01       1.40795E-04       7.03973E-04       4.29424E-03       9.99769E-01
       6.20000E+00       6.40000E+00       6.30000E+00       2.00000E-01       9.80644E-05       4.90322E-04       3.08903E-03       9.99867E-01
       6.40000E+00       6.60000E+00       6.50000E+00       2.00000E-01       6.80473E-05       3.40236E-04       2.21154E-03       9.99935E-01
       6.60000E+00       6.80000E+00       6.70000E+00       2.00000E-01       4.39995E-05       2.19998E-04       1.47398E-03       9.99979E-01
       6.80000E+00       7.00000E+00       6.90000E+00       2.00000E-01       2.05588E-05       1.02794E-04       7.09278E-04       1.00000E+00

 Sum =                                                                         1.00000E+00
 Renormalization bin#   998 =                                                  1.55997E-01 barn        2.44000E+07        2.46000E+07        2.45000E+07
 Avg. Energy     bin#   998 =                                                  1.03512E+00 MeV         2.44000E+07        2.46000E+07
