"        MT=  4 recoil spectrum "
" Initial neutron energy corresponds to the group:"
   1.00000E+01    1.02000E+01       0.00000E+00           237           889           653



          Low               High              Mid              Energy           Number             dn/de            E*dn/de          Cumulative
         Energy            Energy            Energy             Width          Fraction                               Sum   
         [MeV]             [MeV]             [MeV]              [MeV]

       5.24807E-07       5.50000E-07       5.37403E-07       2.51930E-08       0.00000E+00       0.00000E+00       0.00000E+00       0.00000E+00
       5.50000E-07       5.75000E-07       5.62500E-07       2.50000E-08       1.30735E-12       5.22940E-05       2.94154E-11       1.30735E-12
       5.75000E-07       6.00000E-07       5.87500E-07       2.50000E-08       1.36552E-12       5.46205E-05       3.20896E-11       2.67286E-12
       6.00000E-07       6.25000E-07       6.12500E-07       2.50000E-08       1.42368E-12       5.69473E-05       3.48802E-11       4.09655E-12
       6.25000E-07       6.50000E-07       6.37500E-07       2.50000E-08       1.48172E-12       5.92689E-05       3.77839E-11       5.57827E-12
       6.50000E-07       6.75000E-07       6.62500E-07       2.50000E-08       1.53989E-12       6.15954E-05       4.08070E-11       7.11816E-12
       6.75000E-07       7.00000E-07       6.87500E-07       2.50000E-08       1.59793E-12       6.39172E-05       4.39431E-11       8.71608E-12
       7.00000E-07       7.25000E-07       7.12500E-07       2.50000E-08       1.65609E-12       6.62437E-05       4.71986E-11       1.03722E-11
       7.25000E-07       7.50000E-07       7.37500E-07       2.50000E-08       1.71413E-12       6.85654E-05       5.05670E-11       1.20863E-11
       7.50000E-07       7.75000E-07       7.62500E-07       2.50000E-08       1.77230E-12       7.08921E-05       5.40552E-11       1.38586E-11
       7.75000E-07       8.00000E-07       7.87500E-07       2.50000E-08       1.83034E-12       7.32135E-05       5.76556E-11       1.56890E-11
       8.00000E-07       8.25000E-07       8.12500E-07       2.50000E-08       1.88851E-12       7.55403E-05       6.13765E-11       1.75775E-11
       8.25000E-07       8.50000E-07       8.37500E-07       2.50000E-08       1.94655E-12       7.78617E-05       6.52092E-11       1.95240E-11
       8.50000E-07       8.75000E-07       8.62500E-07       2.50000E-08       2.00471E-12       8.01886E-05       6.91626E-11       2.15287E-11
       8.75000E-07       9.00000E-07       8.87500E-07       2.50000E-08       2.06275E-12       8.25101E-05       7.32278E-11       2.35915E-11
       9.00000E-07       9.25000E-07       9.12500E-07       2.50000E-08       2.12092E-12       8.48366E-05       7.74134E-11       2.57124E-11
       9.25000E-07       9.50000E-07       9.37500E-07       2.50000E-08       2.17896E-12       8.71584E-05       8.17110E-11       2.78913E-11
       9.50000E-07       9.75000E-07       9.62500E-07       2.50000E-08       2.23712E-12       8.94848E-05       8.61292E-11       3.01285E-11
       9.75000E-07       1.00000E-06       9.87500E-07       2.50000E-08       2.29529E-12       9.18117E-05       9.06641E-11       3.24238E-11
       1.00000E-06       1.02500E-06       1.01250E-06       2.50000E-08       2.35333E-12       9.41333E-05       9.53100E-11       3.47771E-11
       1.02500E-06       1.05000E-06       1.03750E-06       2.50000E-08       2.41150E-12       9.64599E-05       1.00077E-10       3.71886E-11
       1.05000E-06       1.07500E-06       1.06250E-06       2.50001E-08       2.46954E-12       9.87811E-05       1.04955E-10       3.96581E-11
       1.07500E-06       1.10000E-06       1.08750E-06       2.50000E-08       2.52770E-12       1.01108E-04       1.09955E-10       4.21858E-11
       1.10000E-06       1.12500E-06       1.11250E-06       2.50000E-08       2.58574E-12       1.03430E-04       1.15066E-10       4.47716E-11
       1.12500E-06       1.15000E-06       1.13750E-06       2.50000E-08       2.64391E-12       1.05756E-04       1.20298E-10       4.74155E-11
       1.15000E-06       1.17500E-06       1.16250E-06       2.50000E-08       2.70195E-12       1.08078E-04       1.25641E-10       5.01174E-11
       1.17500E-06       1.20000E-06       1.18750E-06       2.50001E-08       2.76011E-12       1.10404E-04       1.31105E-10       5.28775E-11
       1.20000E-06       1.22500E-06       1.21250E-06       2.50000E-08       2.81815E-12       1.12726E-04       1.36681E-10       5.56957E-11
       1.22500E-06       1.25000E-06       1.23750E-06       2.50000E-08       2.87632E-12       1.15053E-04       1.42378E-10       5.85720E-11
       1.25000E-06       1.27500E-06       1.26250E-06       2.50000E-08       2.93436E-12       1.17375E-04       1.48185E-10       6.15064E-11
       1.27500E-06       1.30000E-06       1.28750E-06       2.50000E-08       2.99253E-12       1.19701E-04       1.54115E-10       6.44989E-11
       1.30000E-06       1.32500E-06       1.31250E-06       2.50001E-08       3.05057E-12       1.22022E-04       1.60154E-10       6.75495E-11
       1.32500E-06       1.35000E-06       1.33750E-06       2.50000E-08       3.10873E-12       1.24349E-04       1.66317E-10       7.06582E-11
       1.35000E-06       1.37500E-06       1.36250E-06       2.50000E-08       3.16677E-12       1.26671E-04       1.72589E-10       7.38250E-11
       1.37500E-06       1.40000E-06       1.38750E-06       2.50000E-08       3.22494E-12       1.28998E-04       1.78984E-10       7.70499E-11
       1.40000E-06       1.42500E-06       1.41250E-06       2.50000E-08       3.28310E-12       1.31324E-04       1.85496E-10       8.03330E-11
       1.42500E-06       1.45000E-06       1.43750E-06       2.50001E-08       3.34114E-12       1.33645E-04       1.92115E-10       8.36742E-11
       1.45000E-06       1.47500E-06       1.46250E-06       2.50000E-08       3.39931E-12       1.35973E-04       1.98860E-10       8.70735E-11
       1.47500E-06       1.50000E-06       1.48750E-06       2.50000E-08       3.45735E-12       1.38294E-04       2.05713E-10       9.05308E-11
       1.50000E-06       1.52500E-06       1.51250E-06       2.50000E-08       3.51552E-12       1.40621E-04       2.12689E-10       9.40463E-11
       1.52500E-06       1.55000E-06       1.53750E-06       2.50000E-08       3.57356E-12       1.42942E-04       2.19774E-10       9.76199E-11
       1.55000E-06       1.57500E-06       1.56250E-06       2.50001E-08       3.63172E-12       1.45268E-04       2.26982E-10       1.01252E-10
       1.57500E-06       1.60000E-06       1.58750E-06       2.50000E-08       3.68976E-12       1.47591E-04       2.34300E-10       1.04941E-10
       1.60000E-06       1.62500E-06       1.61250E-06       2.50000E-08       3.74793E-12       1.49917E-04       2.41742E-10       1.08689E-10
       1.62500E-06       1.65000E-06       1.63750E-06       2.50000E-08       3.80597E-12       1.52239E-04       2.49291E-10       1.12495E-10
       1.65000E-06       1.67500E-06       1.66250E-06       2.50000E-08       3.86413E-12       1.54566E-04       2.56965E-10       1.16359E-10
       1.67500E-06       1.70000E-06       1.68750E-06       2.50001E-08       3.92217E-12       1.56886E-04       2.64746E-10       1.20282E-10
       1.70000E-06       1.72500E-06       1.71250E-06       2.50000E-08       3.98034E-12       1.59214E-04       2.72654E-10       1.24262E-10
       1.72500E-06       1.75000E-06       1.73750E-06       2.50000E-08       4.03838E-12       1.61535E-04       2.80668E-10       1.28300E-10
       1.75000E-06       1.77500E-06       1.76250E-06       2.50000E-08       4.09655E-12       1.63862E-04       2.88807E-10       1.32397E-10
       1.77500E-06       1.80000E-06       1.78750E-06       2.50000E-08       4.15471E-12       1.66189E-04       2.97062E-10       1.36552E-10
       1.80000E-06       1.82500E-06       1.81250E-06       2.50001E-08       4.21275E-12       1.68509E-04       3.05423E-10       1.40764E-10
       1.82500E-06       1.85000E-06       1.83750E-06       2.50000E-08       4.27092E-12       1.70837E-04       3.13913E-10       1.45035E-10
       1.85000E-06       1.87500E-06       1.86250E-06       2.50000E-08       4.32896E-12       1.73159E-04       3.22508E-10       1.49364E-10
       1.87500E-06       1.90000E-06       1.88750E-06       2.50000E-08       4.38713E-12       1.75485E-04       3.31228E-10       1.53751E-10
       1.90000E-06       1.92500E-06       1.91250E-06       2.50000E-08       4.44516E-12       1.77807E-04       3.40055E-10       1.58196E-10
       1.92500E-06       1.95000E-06       1.93750E-06       2.50001E-08       4.50333E-12       1.80133E-04       3.49007E-10       1.62700E-10
       1.95000E-06       1.97500E-06       1.96250E-06       2.50000E-08       4.56137E-12       1.82455E-04       3.58068E-10       1.67261E-10
       1.97500E-06       2.00000E-06       1.98750E-06       2.50000E-08       4.61954E-12       1.84782E-04       3.67254E-10       1.71881E-10
       2.00000E-06       2.02500E-06       2.01250E-06       2.50001E-08       4.67758E-12       1.87102E-04       3.76543E-10       1.76558E-10
       2.02500E-06       2.05000E-06       2.03750E-06       2.49999E-08       4.73574E-12       1.89431E-04       3.85965E-10       1.81294E-10
       2.05000E-06       2.07500E-06       2.06250E-06       2.50001E-08       4.79378E-12       1.91751E-04       3.95486E-10       1.86088E-10
       2.07500E-06       2.10000E-06       2.08750E-06       2.49999E-08       4.85195E-12       1.94079E-04       4.05140E-10       1.90940E-10
       2.10000E-06       2.12500E-06       2.11250E-06       2.50001E-08       4.90999E-12       1.96399E-04       4.14892E-10       1.95850E-10
       2.12500E-06       2.15000E-06       2.13750E-06       2.50001E-08       4.96816E-12       1.98725E-04       4.24776E-10       2.00818E-10
       2.15000E-06       2.17500E-06       2.16250E-06       2.49999E-08       5.02632E-12       2.01054E-04       4.34779E-10       2.05844E-10
       2.17500E-06       2.20000E-06       2.18750E-06       2.50001E-08       5.08436E-12       2.03374E-04       4.44880E-10       2.10929E-10
       2.20000E-06       2.22500E-06       2.21250E-06       2.49999E-08       5.14253E-12       2.05702E-04       4.55116E-10       2.16071E-10
       2.22500E-06       2.25000E-06       2.23750E-06       2.50001E-08       5.20057E-12       2.08022E-04       4.65449E-10       2.21272E-10
       2.25000E-06       2.27500E-06       2.26250E-06       2.50001E-08       5.25873E-12       2.10349E-04       4.75914E-10       2.26530E-10
       2.27500E-06       2.30000E-06       2.28750E-06       2.49999E-08       5.31677E-12       2.12672E-04       4.86488E-10       2.31847E-10
       2.30000E-06       2.32500E-06       2.31250E-06       2.50001E-08       5.37494E-12       2.14997E-04       4.97180E-10       2.37222E-10
       2.32500E-06       2.35000E-06       2.33750E-06       2.49999E-08       5.43298E-12       2.17320E-04       5.07986E-10       2.42655E-10
       2.35000E-06       2.37500E-06       2.36250E-06       2.50001E-08       5.49115E-12       2.19645E-04       5.18911E-10       2.48146E-10
       2.37500E-06       2.40000E-06       2.38750E-06       2.50001E-08       5.54918E-12       2.21967E-04       5.29945E-10       2.53695E-10
       2.40000E-06       2.42500E-06       2.41250E-06       2.49999E-08       5.60735E-12       2.24295E-04       5.41113E-10       2.59303E-10
       2.42500E-06       2.45000E-06       2.43750E-06       2.50001E-08       5.66539E-12       2.26615E-04       5.52373E-10       2.64968E-10
       2.45000E-06       2.47500E-06       2.46250E-06       2.49999E-08       5.72356E-12       2.28944E-04       5.63774E-10       2.70692E-10
       2.47500E-06       2.50000E-06       2.48750E-06       2.50001E-08       5.78160E-12       2.31263E-04       5.75267E-10       2.76473E-10
       2.50000E-06       2.52500E-06       2.51250E-06       2.50001E-08       5.83976E-12       2.33590E-04       5.86894E-10       2.82313E-10
       2.52500E-06       2.55000E-06       2.53750E-06       2.49999E-08       5.89780E-12       2.35913E-04       5.98630E-10       2.88211E-10
       2.55000E-06       2.57500E-06       2.56250E-06       2.50001E-08       5.95597E-12       2.38238E-04       6.10485E-10       2.94167E-10
       2.57500E-06       2.60000E-06       2.58750E-06       2.49999E-08       6.01414E-12       2.40567E-04       6.22467E-10       3.00181E-10
       2.60000E-06       2.62500E-06       2.61250E-06       2.50001E-08       6.07218E-12       2.42886E-04       6.34540E-10       3.06253E-10
       2.62500E-06       2.65000E-06       2.63750E-06       2.50001E-08       6.13034E-12       2.45213E-04       6.46749E-10       3.12384E-10
       2.65000E-06       2.67500E-06       2.66250E-06       2.49999E-08       6.18838E-12       2.47537E-04       6.59066E-10       3.18572E-10
       2.67500E-06       2.70000E-06       2.68750E-06       2.50001E-08       6.24655E-12       2.49861E-04       6.71501E-10       3.24818E-10
       2.70000E-06       2.72500E-06       2.71250E-06       2.49999E-08       6.30459E-12       2.52185E-04       6.84052E-10       3.31123E-10
       2.72500E-06       2.75000E-06       2.73750E-06       2.50001E-08       6.36275E-12       2.54509E-04       6.96719E-10       3.37486E-10
       2.75000E-06       2.77500E-06       2.76250E-06       2.50001E-08       6.42079E-12       2.56831E-04       7.09495E-10       3.43907E-10
       2.77500E-06       2.80000E-06       2.78750E-06       2.49999E-08       6.47896E-12       2.59160E-04       7.22408E-10       3.50386E-10
       2.80000E-06       2.82500E-06       2.81250E-06       2.50001E-08       6.53700E-12       2.61479E-04       7.35410E-10       3.56923E-10
       2.82500E-06       2.85000E-06       2.83750E-06       2.49999E-08       6.59517E-12       2.63808E-04       7.48556E-10       3.63518E-10
       2.85000E-06       2.87500E-06       2.86250E-06       2.50001E-08       6.65321E-12       2.66127E-04       7.61789E-10       3.70171E-10
       2.87500E-06       2.90000E-06       2.88750E-06       2.50001E-08       6.71137E-12       2.68454E-04       7.75161E-10       3.76882E-10
       2.90000E-06       2.92500E-06       2.91250E-06       2.49999E-08       6.76941E-12       2.70778E-04       7.88641E-10       3.83652E-10
       2.92500E-06       2.95000E-06       2.93750E-06       2.50001E-08       6.82758E-12       2.73102E-04       8.02237E-10       3.90479E-10
       2.95000E-06       2.97500E-06       2.96250E-06       2.49999E-08       6.88574E-12       2.75431E-04       8.15965E-10       3.97365E-10
       2.97500E-06       3.00000E-06       2.98750E-06       2.50001E-08       6.94378E-12       2.77750E-04       8.29779E-10       4.04309E-10
       3.00000E-06       3.02500E-06       3.01250E-06       2.50001E-08       7.00195E-12       2.80077E-04       8.43732E-10       4.11311E-10
       3.02500E-06       3.05000E-06       3.03750E-06       2.49999E-08       7.05999E-12       2.82401E-04       8.57794E-10       4.18371E-10
       3.05000E-06       3.07500E-06       3.06250E-06       2.50001E-08       7.11816E-12       2.84725E-04       8.71971E-10       4.25489E-10
       3.07500E-06       3.10000E-06       3.08750E-06       2.49999E-08       7.17620E-12       2.87049E-04       8.86265E-10       4.32665E-10
       3.10000E-06       3.12500E-06       3.11250E-06       2.50001E-08       7.23436E-12       2.89373E-04       9.00675E-10       4.39899E-10
       3.12500E-06       3.15000E-06       3.13750E-06       2.50001E-08       7.29240E-12       2.91695E-04       9.15193E-10       4.47192E-10
       3.15000E-06       3.17500E-06       3.16250E-06       2.49999E-08       7.35057E-12       2.94024E-04       9.29852E-10       4.54542E-10
       3.17500E-06       3.20000E-06       3.18750E-06       2.50001E-08       7.40861E-12       2.96343E-04       9.44594E-10       4.61951E-10
       3.20000E-06       3.22500E-06       3.21250E-06       2.49999E-08       7.46677E-12       2.98673E-04       9.59486E-10       4.69418E-10
       3.22500E-06       3.25000E-06       3.23750E-06       2.50001E-08       7.52481E-12       3.00991E-04       9.74460E-10       4.76943E-10
       3.25000E-06       3.27500E-06       3.26250E-06       2.50001E-08       7.58298E-12       3.03318E-04       9.89575E-10       4.84526E-10
       3.27500E-06       3.30000E-06       3.28750E-06       2.49999E-08       7.64102E-12       3.05643E-04       1.00480E-09       4.92167E-10
       3.30000E-06       3.32500E-06       3.31250E-06       2.50001E-08       7.69919E-12       3.07966E-04       1.02014E-09       4.99866E-10
       3.32500E-06       3.35000E-06       3.33750E-06       2.49999E-08       7.75735E-12       3.10296E-04       1.03561E-09       5.07623E-10
       3.35000E-06       3.37500E-06       3.36250E-06       2.50001E-08       7.81539E-12       3.12614E-04       1.05117E-09       5.15439E-10
       3.37500E-06       3.40000E-06       3.38750E-06       2.50001E-08       7.87356E-12       3.14941E-04       1.06686E-09       5.23312E-10
       3.40000E-06       3.42500E-06       3.41250E-06       2.49999E-08       7.93160E-12       3.17266E-04       1.08267E-09       5.31244E-10
       3.42500E-06       3.45000E-06       3.43750E-06       2.50001E-08       7.98977E-12       3.19589E-04       1.09859E-09       5.39233E-10
       3.45000E-06       3.47500E-06       3.46250E-06       2.49999E-08       8.04780E-12       3.21914E-04       1.11463E-09       5.47281E-10
       3.47500E-06       3.50000E-06       3.48750E-06       2.50001E-08       8.10597E-12       3.24238E-04       1.13078E-09       5.55387E-10
       3.50000E-06       3.52500E-06       3.51250E-06       2.50001E-08       8.16401E-12       3.26559E-04       1.14704E-09       5.63551E-10
       3.52500E-06       3.55000E-06       3.53750E-06       2.49999E-08       8.22218E-12       3.28889E-04       1.16344E-09       5.71773E-10
       3.55000E-06       3.57500E-06       3.56250E-06       2.50001E-08       8.28022E-12       3.31207E-04       1.17993E-09       5.80054E-10
       3.57500E-06       3.60000E-06       3.58750E-06       2.49999E-08       8.33838E-12       3.33537E-04       1.19656E-09       5.88392E-10
       3.60000E-06       3.62500E-06       3.61250E-06       2.50001E-08       8.39642E-12       3.35856E-04       1.21328E-09       5.96788E-10
       3.62500E-06       3.65000E-06       3.63750E-06       2.50001E-08       8.45459E-12       3.38182E-04       1.23014E-09       6.05243E-10
       3.65000E-06       3.67500E-06       3.66250E-06       2.49999E-08       8.51263E-12       3.40507E-04       1.24711E-09       6.13756E-10
       3.67500E-06       3.70000E-06       3.68750E-06       2.50001E-08       8.57080E-12       3.42830E-04       1.26419E-09       6.22326E-10
       3.70000E-06       3.72500E-06       3.71250E-06       2.49999E-08       8.62883E-12       3.45155E-04       1.28139E-09       6.30955E-10
       3.72500E-06       3.75000E-06       3.73750E-06       2.50001E-08       8.68700E-12       3.47479E-04       1.29870E-09       6.39642E-10
       3.75000E-06       3.77500E-06       3.76250E-06       2.50001E-08       8.74517E-12       3.49805E-04       1.31614E-09       6.48387E-10
       3.77500E-06       3.80000E-06       3.78750E-06       2.49999E-08       8.80321E-12       3.52130E-04       1.33369E-09       6.57191E-10
       3.80000E-06       3.82500E-06       3.81250E-06       2.50001E-08       8.86137E-12       3.54454E-04       1.35135E-09       6.66052E-10
       3.82500E-06       3.85000E-06       3.83750E-06       2.49999E-08       8.91941E-12       3.56779E-04       1.36914E-09       6.74971E-10
       3.85000E-06       3.87500E-06       3.86250E-06       2.50001E-08       8.97758E-12       3.59102E-04       1.38703E-09       6.83949E-10
       3.87500E-06       3.90000E-06       3.88750E-06       2.50001E-08       9.03562E-12       3.61423E-04       1.40503E-09       6.92985E-10
       3.90000E-06       3.92500E-06       3.91250E-06       2.49999E-08       9.09378E-12       3.63753E-04       1.42319E-09       7.02078E-10
       3.92500E-06       3.95000E-06       3.93750E-06       2.50001E-08       9.15182E-12       3.66072E-04       1.44141E-09       7.11230E-10
       3.95000E-06       3.97500E-06       3.96250E-06       2.49999E-08       9.20999E-12       3.68402E-04       1.45979E-09       7.20440E-10
       3.97500E-06       4.00000E-06       3.98750E-06       2.50001E-08       9.26803E-12       3.70720E-04       1.47825E-09       7.29708E-10
       4.00000E-06       4.02500E-06       4.01250E-06       2.50001E-08       9.32620E-12       3.73046E-04       1.49685E-09       7.39034E-10
       4.02500E-06       4.05000E-06       4.03750E-06       2.50001E-08       9.38424E-12       3.75368E-04       1.51555E-09       7.48419E-10
       4.05000E-06       4.07500E-06       4.06250E-06       2.49996E-08       9.44240E-12       3.77702E-04       1.53441E-09       7.57861E-10
       4.07500E-06       4.10000E-06       4.08750E-06       2.50001E-08       9.50044E-12       3.80016E-04       1.55332E-09       7.67361E-10
       4.10000E-06       4.12500E-06       4.11250E-06       2.50001E-08       9.55861E-12       3.82343E-04       1.57239E-09       7.76920E-10
       4.12500E-06       4.15000E-06       4.13750E-06       2.50001E-08       9.61678E-12       3.84670E-04       1.59157E-09       7.86537E-10
       4.15000E-06       4.17500E-06       4.16250E-06       2.50001E-08       9.67482E-12       3.86991E-04       1.61085E-09       7.96212E-10
       4.17500E-06       4.20000E-06       4.18750E-06       2.49996E-08       9.73298E-12       3.89325E-04       1.63030E-09       8.05945E-10
       4.20000E-06       4.22500E-06       4.21250E-06       2.50001E-08       9.79102E-12       3.91639E-04       1.64978E-09       8.15736E-10
       4.22500E-06       4.25000E-06       4.23750E-06       2.50001E-08       9.84919E-12       3.93966E-04       1.66943E-09       8.25585E-10
       4.25000E-06       4.27500E-06       4.26250E-06       2.50001E-08       9.90723E-12       3.96288E-04       1.68918E-09       8.35492E-10
       4.27500E-06       4.30000E-06       4.28750E-06       2.50001E-08       9.96539E-12       3.98614E-04       1.70906E-09       8.45457E-10
       4.30000E-06       4.32500E-06       4.31250E-06       2.49996E-08       1.00234E-11       4.00943E-04       1.72907E-09       8.55481E-10
       4.32500E-06       4.35000E-06       4.33750E-06       2.50001E-08       1.00816E-11       4.03262E-04       1.74915E-09       8.65563E-10
       4.35000E-06       4.37500E-06       4.36250E-06       2.50001E-08       1.01396E-11       4.05584E-04       1.76936E-09       8.75702E-10
       4.37500E-06       4.40000E-06       4.38750E-06       2.50001E-08       1.01978E-11       4.07911E-04       1.78971E-09       8.85900E-10
       4.40000E-06       4.42500E-06       4.41250E-06       2.50001E-08       1.02558E-11       4.10232E-04       1.81015E-09       8.96156E-10
       4.42500E-06       4.45000E-06       4.43750E-06       2.49996E-08       1.03140E-11       4.12567E-04       1.83077E-09       9.06470E-10
       4.45000E-06       4.47500E-06       4.46250E-06       2.50001E-08       1.03721E-11       4.14880E-04       1.85140E-09       9.16842E-10
       4.47500E-06       4.50000E-06       4.48750E-06       2.50001E-08       1.04302E-11       4.17207E-04       1.87222E-09       9.27272E-10
       4.50000E-06       4.52500E-06       4.51250E-06       2.50001E-08       1.04884E-11       4.19534E-04       1.89315E-09       9.37760E-10
       4.52500E-06       4.55000E-06       4.53750E-06       2.50001E-08       1.05464E-11       4.21855E-04       1.91417E-09       9.48307E-10
       4.55000E-06       4.57500E-06       4.56250E-06       2.49996E-08       1.06046E-11       4.24190E-04       1.93537E-09       9.58912E-10
       4.57500E-06       4.60000E-06       4.58750E-06       2.50001E-08       1.06626E-11       4.26504E-04       1.95659E-09       9.69574E-10
       4.60000E-06       4.62500E-06       4.61250E-06       2.50001E-08       1.07208E-11       4.28830E-04       1.97798E-09       9.80295E-10
       4.62500E-06       4.65000E-06       4.63750E-06       2.50001E-08       1.07788E-11       4.31152E-04       1.99947E-09       9.91074E-10
       4.65000E-06       4.67500E-06       4.66250E-06       2.50001E-08       1.08370E-11       4.33478E-04       2.02109E-09       1.00191E-09
       4.67500E-06       4.70000E-06       4.68750E-06       2.49996E-08       1.08950E-11       4.35808E-04       2.04285E-09       1.01281E-09
       4.70000E-06       4.72500E-06       4.71250E-06       2.50001E-08       1.09532E-11       4.38127E-04       2.06467E-09       1.02376E-09
       4.72500E-06       4.75000E-06       4.73750E-06       2.50001E-08       1.10112E-11       4.40448E-04       2.08662E-09       1.03477E-09
       4.75000E-06       4.77500E-06       4.76250E-06       2.50001E-08       1.10694E-11       4.42775E-04       2.10871E-09       1.04584E-09
       4.77500E-06       4.80000E-06       4.78750E-06       2.50001E-08       1.11275E-11       4.45096E-04       2.13090E-09       1.05697E-09
       4.80000E-06       4.82500E-06       4.81250E-06       2.49996E-08       1.11856E-11       4.47432E-04       2.15326E-09       1.06815E-09
       4.82500E-06       4.85000E-06       4.83750E-06       2.50001E-08       1.12437E-11       4.49745E-04       2.17564E-09       1.07940E-09
       4.85000E-06       4.87500E-06       4.86250E-06       2.50001E-08       1.13018E-11       4.52071E-04       2.19820E-09       1.09070E-09
       4.87500E-06       4.90000E-06       4.88750E-06       2.50001E-08       1.13599E-11       4.54393E-04       2.22085E-09       1.10206E-09
       4.90000E-06       4.92500E-06       4.91250E-06       2.50001E-08       1.14180E-11       4.56720E-04       2.24363E-09       1.11348E-09
       4.92500E-06       4.95000E-06       4.93750E-06       2.49996E-08       1.14762E-11       4.59055E-04       2.26658E-09       1.12495E-09
       4.95000E-06       4.97500E-06       4.96250E-06       2.50001E-08       1.15342E-11       4.61368E-04       2.28954E-09       1.13649E-09
       4.97500E-06       5.00000E-06       4.98750E-06       2.50001E-08       1.15924E-11       4.63694E-04       2.31268E-09       1.14808E-09
       5.00000E-06       5.02500E-06       5.01250E-06       2.50001E-08       1.16504E-11       4.66016E-04       2.33591E-09       1.15973E-09
       5.02500E-06       5.05000E-06       5.03750E-06       2.50001E-08       1.17086E-11       4.68343E-04       2.35928E-09       1.17144E-09
       5.05000E-06       5.07500E-06       5.06250E-06       2.49996E-08       1.17667E-11       4.70673E-04       2.38278E-09       1.18320E-09
       5.07500E-06       5.10000E-06       5.08750E-06       2.50001E-08       1.18248E-11       4.72991E-04       2.40634E-09       1.19503E-09
       5.10000E-06       5.12500E-06       5.11250E-06       2.50001E-08       1.18829E-11       4.75312E-04       2.43003E-09       1.20691E-09
       5.12500E-06       5.15000E-06       5.13750E-06       2.50001E-08       1.19410E-11       4.77639E-04       2.45387E-09       1.21885E-09
       5.15000E-06       5.17500E-06       5.16250E-06       2.50001E-08       1.19991E-11       4.79961E-04       2.47780E-09       1.23085E-09
       5.17500E-06       5.20000E-06       5.18750E-06       2.49996E-08       1.20572E-11       4.82297E-04       2.50191E-09       1.24291E-09
       5.20000E-06       5.22500E-06       5.21250E-06       2.50001E-08       1.21153E-11       4.84609E-04       2.52602E-09       1.25502E-09
       5.22500E-06       5.25000E-06       5.23750E-06       2.50001E-08       1.21734E-11       4.86936E-04       2.55032E-09       1.26720E-09
       5.25000E-06       5.27500E-06       5.26250E-06       2.50001E-08       1.22315E-11       4.89257E-04       2.57472E-09       1.27943E-09
       5.27500E-06       5.30000E-06       5.28750E-06       2.50001E-08       1.22896E-11       4.91584E-04       2.59925E-09       1.29172E-09
       5.30000E-06       5.32500E-06       5.31250E-06       2.49996E-08       1.23478E-11       4.93920E-04       2.62395E-09       1.30407E-09
       5.32500E-06       5.35000E-06       5.33750E-06       2.50001E-08       1.24058E-11       4.96232E-04       2.64864E-09       1.31647E-09
       5.35000E-06       5.37500E-06       5.36250E-06       2.50001E-08       1.24640E-11       4.98559E-04       2.67352E-09       1.32894E-09
       5.37500E-06       5.40000E-06       5.38750E-06       2.50001E-08       1.25221E-11       5.00880E-04       2.69849E-09       1.34146E-09
       5.40000E-06       5.42500E-06       5.41250E-06       2.50001E-08       1.25802E-11       5.03207E-04       2.72361E-09       1.35404E-09
       5.42500E-06       5.45000E-06       5.43750E-06       2.49996E-08       1.26383E-11       5.05538E-04       2.74886E-09       1.36668E-09
       5.45000E-06       5.47500E-06       5.46250E-06       2.50001E-08       1.26964E-11       5.07855E-04       2.77416E-09       1.37937E-09
       5.47500E-06       5.50000E-06       5.48750E-06       2.50001E-08       1.27547E-11       5.10187E-04       2.79965E-09       1.39213E-09
       5.50000E-06       5.52500E-06       5.51250E-06       2.50001E-08       1.28131E-11       5.12524E-04       2.82529E-09       1.40494E-09
       5.52500E-06       5.55000E-06       5.53750E-06       2.50001E-08       1.28703E-11       5.14810E-04       2.85076E-09       1.41781E-09
       5.55000E-06       5.57500E-06       5.56250E-06       2.49996E-08       1.29287E-11       5.17156E-04       2.87668E-09       1.43074E-09
       5.57500E-06       5.60000E-06       5.58750E-06       2.50001E-08       1.29871E-11       5.19483E-04       2.90261E-09       1.44373E-09
       5.60000E-06       5.62500E-06       5.61250E-06       2.50001E-08       1.30455E-11       5.21820E-04       2.92871E-09       1.45677E-09
       5.62500E-06       5.65000E-06       5.63750E-06       2.50001E-08       1.31027E-11       5.24106E-04       2.95465E-09       1.46988E-09
       5.65000E-06       5.67500E-06       5.66250E-06       2.50001E-08       1.31611E-11       5.26443E-04       2.98098E-09       1.48304E-09
       5.67500E-06       5.70000E-06       5.68750E-06       2.49996E-08       1.32195E-11       5.28790E-04       3.00749E-09       1.49626E-09
       5.70000E-06       5.72500E-06       5.71250E-06       2.50001E-08       1.32780E-11       5.31117E-04       3.03400E-09       1.50953E-09
       5.72500E-06       5.75000E-06       5.73750E-06       2.50001E-08       1.33351E-11       5.33402E-04       3.06040E-09       1.52287E-09
       5.75000E-06       5.77500E-06       5.76250E-06       2.50001E-08       1.33935E-11       5.35739E-04       3.08720E-09       1.53626E-09
       5.77500E-06       5.80000E-06       5.78750E-06       2.50001E-08       1.34520E-11       5.38076E-04       3.11412E-09       1.54972E-09
       5.80000E-06       5.82500E-06       5.81250E-06       2.49996E-08       1.35104E-11       5.40423E-04       3.14121E-09       1.56323E-09
       5.82500E-06       5.85000E-06       5.83750E-06       2.50001E-08       1.35675E-11       5.42699E-04       3.16800E-09       1.57679E-09
       5.85000E-06       5.87500E-06       5.86250E-06       2.50001E-08       1.36259E-11       5.45036E-04       3.19527E-09       1.59042E-09
       5.87500E-06       5.90000E-06       5.88750E-06       2.50001E-08       1.36844E-11       5.47373E-04       3.22266E-09       1.60410E-09
       5.90000E-06       5.92500E-06       5.91250E-06       2.50001E-08       1.37428E-11       5.49709E-04       3.25016E-09       1.61785E-09
       5.92500E-06       5.95000E-06       5.93750E-06       2.49996E-08       1.37999E-11       5.52006E-04       3.27753E-09       1.63165E-09
       5.95000E-06       5.97500E-06       5.96250E-06       2.50001E-08       1.38584E-11       5.54332E-04       3.30521E-09       1.64550E-09
       5.97500E-06       6.00000E-06       5.98750E-06       2.50001E-08       1.39168E-11       5.56669E-04       3.33306E-09       1.65942E-09
       6.00000E-06       6.02500E-06       6.01250E-06       2.50001E-08       1.39752E-11       5.59006E-04       3.36102E-09       1.67340E-09
       6.02500E-06       6.05000E-06       6.03750E-06       2.50001E-08       1.40323E-11       5.61292E-04       3.38880E-09       1.68743E-09
       6.05000E-06       6.07500E-06       6.06250E-06       2.49996E-08       1.40908E-11       5.63639E-04       3.41706E-09       1.70152E-09
       6.07500E-06       6.10000E-06       6.08750E-06       2.50001E-08       1.41492E-11       5.65965E-04       3.44531E-09       1.71567E-09
       6.10000E-06       6.12500E-06       6.11250E-06       2.50001E-08       1.42076E-11       5.68302E-04       3.47375E-09       1.72988E-09
       6.12500E-06       6.15000E-06       6.13750E-06       2.50001E-08       1.42648E-11       5.70588E-04       3.50199E-09       1.74414E-09
       6.15000E-06       6.17500E-06       6.16250E-06       2.50001E-08       1.43232E-11       5.72925E-04       3.53065E-09       1.75846E-09
       6.17500E-06       6.20000E-06       6.18750E-06       2.49996E-08       1.43816E-11       5.75273E-04       3.55950E-09       1.77285E-09
       6.20000E-06       6.22500E-06       6.21250E-06       2.50001E-08       1.44400E-11       5.77599E-04       3.58833E-09       1.78729E-09
       6.22500E-06       6.25000E-06       6.23750E-06       2.50001E-08       1.44972E-11       5.79885E-04       3.61703E-09       1.80178E-09
       6.25000E-06       6.27500E-06       6.26250E-06       2.50001E-08       1.45556E-11       5.82222E-04       3.64616E-09       1.81634E-09
       6.27500E-06       6.30000E-06       6.28750E-06       2.50001E-08       1.46140E-11       5.84558E-04       3.67541E-09       1.83095E-09
       6.30000E-06       6.32500E-06       6.31250E-06       2.49996E-08       1.46724E-11       5.86906E-04       3.70485E-09       1.84563E-09
       6.32500E-06       6.35000E-06       6.33750E-06       2.50001E-08       1.47296E-11       5.89181E-04       3.73394E-09       1.86036E-09
       6.35000E-06       6.37500E-06       6.36250E-06       2.50001E-08       1.47880E-11       5.91518E-04       3.76353E-09       1.87514E-09
       6.37500E-06       6.40000E-06       6.38750E-06       2.50001E-08       1.48464E-11       5.93855E-04       3.79325E-09       1.88999E-09
       6.40000E-06       6.42500E-06       6.41250E-06       2.50001E-08       1.49048E-11       5.96192E-04       3.82308E-09       1.90489E-09
       6.42500E-06       6.45000E-06       6.43750E-06       2.49996E-08       1.49620E-11       5.98489E-04       3.85277E-09       1.91986E-09
       6.45000E-06       6.47500E-06       6.46250E-06       2.50001E-08       1.50204E-11       6.00814E-04       3.88276E-09       1.93488E-09
       6.47500E-06       6.50000E-06       6.48750E-06       2.50001E-08       1.50788E-11       6.03151E-04       3.91294E-09       1.94996E-09
       6.50000E-06       6.52500E-06       6.51250E-06       2.50001E-08       1.51373E-11       6.05488E-04       3.94324E-09       1.96509E-09
       6.52500E-06       6.55000E-06       6.53750E-06       2.50001E-08       1.51944E-11       6.07774E-04       3.97332E-09       1.98029E-09
       6.55000E-06       6.57500E-06       6.56250E-06       2.49996E-08       1.52528E-11       6.10122E-04       4.00393E-09       1.99554E-09
       6.57500E-06       6.60000E-06       6.58750E-06       2.50001E-08       1.53113E-11       6.12448E-04       4.03450E-09       2.01085E-09
       6.60000E-06       6.62500E-06       6.61250E-06       2.50001E-08       1.53697E-11       6.14784E-04       4.06526E-09       2.02622E-09
       6.62500E-06       6.65000E-06       6.63750E-06       2.50001E-08       1.54268E-11       6.17070E-04       4.09581E-09       2.04165E-09
       6.65000E-06       6.67500E-06       6.66250E-06       2.50001E-08       1.54852E-11       6.19407E-04       4.12680E-09       2.05713E-09
       6.67500E-06       6.70000E-06       6.68750E-06       2.49996E-08       1.55437E-11       6.21756E-04       4.15799E-09       2.07268E-09
       6.70000E-06       6.72500E-06       6.71250E-06       2.50001E-08       1.56021E-11       6.24081E-04       4.18914E-09       2.08828E-09
       6.72500E-06       6.75000E-06       6.73750E-06       2.50001E-08       1.56592E-11       6.26367E-04       4.22015E-09       2.10394E-09
       6.75000E-06       6.77500E-06       6.76250E-06       2.50001E-08       1.57177E-11       6.28704E-04       4.25161E-09       2.11966E-09
       6.77500E-06       6.80000E-06       6.78750E-06       2.50001E-08       1.57761E-11       6.31041E-04       4.28319E-09       2.13543E-09
       6.80000E-06       6.82500E-06       6.81250E-06       2.49996E-08       1.58345E-11       6.33389E-04       4.31497E-09       2.15127E-09
       6.82500E-06       6.85000E-06       6.83750E-06       2.50001E-08       1.58929E-11       6.35714E-04       4.34670E-09       2.16716E-09
       6.85000E-06       6.87500E-06       6.86250E-06       2.50001E-08       1.59501E-11       6.38000E-04       4.37828E-09       2.18311E-09
       6.87500E-06       6.90000E-06       6.88750E-06       2.50001E-08       1.60085E-11       6.40337E-04       4.41032E-09       2.19912E-09
       6.90000E-06       6.92500E-06       6.91250E-06       2.50001E-08       1.60669E-11       6.42674E-04       4.44248E-09       2.21518E-09
       6.92500E-06       6.95000E-06       6.93750E-06       2.49996E-08       1.61253E-11       6.45023E-04       4.47485E-09       2.23131E-09
       6.95000E-06       6.97500E-06       6.96250E-06       2.50001E-08       1.61825E-11       6.47297E-04       4.50680E-09       2.24749E-09
       6.97500E-06       7.00000E-06       6.98750E-06       2.50001E-08       1.62409E-11       6.49633E-04       4.53931E-09       2.26373E-09
       7.00000E-06       7.02500E-06       7.01250E-06       2.50001E-08       1.62993E-11       6.51970E-04       4.57194E-09       2.28003E-09
       7.02500E-06       7.05000E-06       7.03750E-06       2.50001E-08       1.63577E-11       6.54307E-04       4.60469E-09       2.29639E-09
       7.05000E-06       7.07500E-06       7.06250E-06       2.49996E-08       1.64149E-11       6.56606E-04       4.63728E-09       2.31281E-09
       7.07500E-06       7.10000E-06       7.08750E-06       2.50001E-08       1.64733E-11       6.58930E-04       4.67017E-09       2.32928E-09
       7.10000E-06       7.12500E-06       7.11250E-06       2.50001E-08       1.65317E-11       6.61267E-04       4.70326E-09       2.34581E-09
       7.12500E-06       7.15000E-06       7.13750E-06       2.50001E-08       1.65902E-11       6.63603E-04       4.73647E-09       2.36240E-09
       7.15000E-06       7.17500E-06       7.16250E-06       2.50001E-08       1.66473E-11       6.65890E-04       4.76943E-09       2.37905E-09
       7.17500E-06       7.20000E-06       7.18750E-06       2.49996E-08       1.67057E-11       6.68239E-04       4.80297E-09       2.39575E-09
       7.20000E-06       7.22500E-06       7.21250E-06       2.50001E-08       1.67641E-11       6.70563E-04       4.83644E-09       2.41252E-09
       7.22500E-06       7.25000E-06       7.23750E-06       2.50001E-08       1.68226E-11       6.72900E-04       4.87011E-09       2.42934E-09
       7.25000E-06       7.27500E-06       7.26250E-06       2.50001E-08       1.68797E-11       6.75186E-04       4.90354E-09       2.44622E-09
       7.27500E-06       7.30000E-06       7.28750E-06       2.50001E-08       1.69381E-11       6.77523E-04       4.93745E-09       2.46316E-09
       7.30000E-06       7.32500E-06       7.31250E-06       2.49996E-08       1.69966E-11       6.79873E-04       4.97157E-09       2.48015E-09
       7.32500E-06       7.35000E-06       7.33750E-06       2.50001E-08       1.70550E-11       6.82196E-04       5.00562E-09       2.49721E-09
       7.35000E-06       7.37500E-06       7.36250E-06       2.50001E-08       1.71121E-11       6.84482E-04       5.03950E-09       2.51432E-09
       7.37500E-06       7.40000E-06       7.38750E-06       2.50001E-08       1.71705E-11       6.86819E-04       5.07388E-09       2.53149E-09
       7.40000E-06       7.42500E-06       7.41250E-06       2.50001E-08       1.72290E-11       6.89156E-04       5.10837E-09       2.54872E-09
       7.42500E-06       7.45000E-06       7.43750E-06       2.49996E-08       1.72874E-11       6.91506E-04       5.14308E-09       2.56601E-09
       7.45000E-06       7.47500E-06       7.46250E-06       2.50001E-08       1.73445E-11       6.93779E-04       5.17732E-09       2.58335E-09
       7.47500E-06       7.50000E-06       7.48750E-06       2.50001E-08       1.74030E-11       6.96116E-04       5.21217E-09       2.60076E-09
       7.50000E-06       7.52500E-06       7.51250E-06       2.50001E-08       1.74614E-11       6.98452E-04       5.24712E-09       2.61822E-09
       7.52500E-06       7.55000E-06       7.53750E-06       2.50001E-08       1.75198E-11       7.00789E-04       5.28220E-09       2.63574E-09
       7.55000E-06       7.57500E-06       7.56250E-06       2.49996E-08       1.75769E-11       7.03089E-04       5.31711E-09       2.65331E-09
       7.57500E-06       7.60000E-06       7.58750E-06       2.50001E-08       1.76354E-11       7.05412E-04       5.35231E-09       2.67095E-09
       7.60000E-06       7.62500E-06       7.61250E-06       2.50001E-08       1.76938E-11       7.07749E-04       5.38774E-09       2.68864E-09
       7.62500E-06       7.65000E-06       7.63750E-06       2.50001E-08       1.77522E-11       7.10086E-04       5.42328E-09       2.70640E-09
       7.65000E-06       7.67500E-06       7.66250E-06       2.50001E-08       1.78094E-11       7.12372E-04       5.45855E-09       2.72420E-09
       7.67500E-06       7.70000E-06       7.68750E-06       2.49996E-08       1.78678E-11       7.14722E-04       5.49443E-09       2.74207E-09
       7.70000E-06       7.72500E-06       7.71250E-06       2.50001E-08       1.79262E-11       7.17045E-04       5.53021E-09       2.76000E-09
       7.72500E-06       7.75000E-06       7.73750E-06       2.50001E-08       1.79846E-11       7.19382E-04       5.56622E-09       2.77798E-09
       7.75000E-06       7.77500E-06       7.76250E-06       2.50001E-08       1.80418E-11       7.21668E-04       5.60195E-09       2.79603E-09
       7.77500E-06       7.80000E-06       7.78750E-06       2.50001E-08       1.81002E-11       7.24005E-04       5.63819E-09       2.81413E-09
       7.80000E-06       7.82500E-06       7.81250E-06       2.49996E-08       1.81586E-11       7.26356E-04       5.67465E-09       2.83228E-09
       7.82500E-06       7.85000E-06       7.83750E-06       2.50001E-08       1.82170E-11       7.28679E-04       5.71102E-09       2.85050E-09
       7.85000E-06       7.87500E-06       7.86250E-06       2.50001E-08       1.82742E-11       7.30965E-04       5.74721E-09       2.86878E-09
       7.87500E-06       7.90000E-06       7.88750E-06       2.50001E-08       1.83326E-11       7.33301E-04       5.78392E-09       2.88711E-09
       7.90000E-06       7.92500E-06       7.91250E-06       2.50001E-08       1.83910E-11       7.35638E-04       5.82074E-09       2.90550E-09
       7.92500E-06       7.95000E-06       7.93750E-06       2.49996E-08       1.84494E-11       7.37989E-04       5.85779E-09       2.92395E-09
       7.95000E-06       7.97500E-06       7.96250E-06       2.50001E-08       1.85066E-11       7.40261E-04       5.89433E-09       2.94245E-09
       7.97500E-06       8.00000E-06       7.98750E-06       2.50001E-08       1.85650E-11       7.42598E-04       5.93150E-09       2.96102E-09
       8.00000E-06       8.02500E-06       8.01250E-06       2.49996E-08       1.86234E-11       7.44949E-04       5.96890E-09       2.97964E-09
       8.02500E-06       8.05000E-06       8.03750E-06       2.50006E-08       1.86819E-11       7.47257E-04       6.00608E-09       2.99833E-09
       8.05000E-06       8.07500E-06       8.06250E-06       2.49996E-08       1.87390E-11       7.49572E-04       6.04342E-09       3.01706E-09
       8.07500E-06       8.10000E-06       8.08750E-06       2.50006E-08       1.87974E-11       7.51880E-04       6.08083E-09       3.03586E-09
       8.10000E-06       8.12500E-06       8.11250E-06       2.49996E-08       1.88559E-11       7.54246E-04       6.11882E-09       3.05472E-09
       8.12500E-06       8.15000E-06       8.13750E-06       2.49996E-08       1.89143E-11       7.56582E-04       6.15669E-09       3.07363E-09
       8.15000E-06       8.17500E-06       8.16250E-06       2.50006E-08       1.89714E-11       7.58839E-04       6.19403E-09       3.09260E-09
       8.17500E-06       8.20000E-06       8.18750E-06       2.49996E-08       1.90298E-11       7.61205E-04       6.23237E-09       3.11163E-09
       8.20000E-06       8.22500E-06       8.21250E-06       2.50006E-08       1.90883E-11       7.63513E-04       6.27035E-09       3.13072E-09
       8.22500E-06       8.25000E-06       8.23750E-06       2.49996E-08       1.91467E-11       7.65879E-04       6.30893E-09       3.14987E-09
       8.25000E-06       8.27500E-06       8.26250E-06       2.49996E-08       1.92038E-11       7.68165E-04       6.34696E-09       3.16907E-09
       8.27500E-06       8.30000E-06       8.28750E-06       2.50006E-08       1.92623E-11       7.70473E-04       6.38529E-09       3.18833E-09
       8.30000E-06       8.32500E-06       8.31250E-06       2.49996E-08       1.93207E-11       7.72839E-04       6.42422E-09       3.20765E-09
       8.32500E-06       8.35000E-06       8.33750E-06       2.50006E-08       1.93791E-11       7.75146E-04       6.46278E-09       3.22703E-09
       8.35000E-06       8.37500E-06       8.36250E-06       2.49996E-08       1.94362E-11       7.77462E-04       6.50152E-09       3.24647E-09
       8.37500E-06       8.40000E-06       8.38750E-06       2.49996E-08       1.94947E-11       7.79798E-04       6.54056E-09       3.26596E-09
       8.40000E-06       8.42500E-06       8.41250E-06       2.50006E-08       1.95531E-11       7.82106E-04       6.57946E-09       3.28552E-09
       8.42500E-06       8.45000E-06       8.43750E-06       2.49996E-08       1.96115E-11       7.84472E-04       6.61899E-09       3.30513E-09
       8.45000E-06       8.47500E-06       8.46250E-06       2.50006E-08       1.96687E-11       7.86728E-04       6.65769E-09       3.32480E-09
       8.47500E-06       8.50000E-06       8.48750E-06       2.49996E-08       1.97271E-11       7.89095E-04       6.69744E-09       3.34453E-09
       8.50000E-06       8.52500E-06       8.51250E-06       2.49996E-08       1.97855E-11       7.91432E-04       6.73706E-09       3.36431E-09
       8.52500E-06       8.55000E-06       8.53750E-06       2.50006E-08       1.98439E-11       7.93739E-04       6.77654E-09       3.38415E-09
       8.55000E-06       8.57500E-06       8.56250E-06       2.49996E-08       1.99011E-11       7.96055E-04       6.81622E-09       3.40406E-09
       8.57500E-06       8.60000E-06       8.58750E-06       2.50006E-08       1.99595E-11       7.98361E-04       6.85593E-09       3.42402E-09
       8.60000E-06       8.62500E-06       8.61250E-06       2.49996E-08       2.00179E-11       8.00729E-04       6.89627E-09       3.44403E-09
       8.62500E-06       8.65000E-06       8.63750E-06       2.49996E-08       2.00763E-11       8.03065E-04       6.93648E-09       3.46411E-09
       8.65000E-06       8.67500E-06       8.66250E-06       2.50006E-08       2.01335E-11       8.05321E-04       6.97609E-09       3.48424E-09
       8.67500E-06       8.70000E-06       8.68750E-06       2.49996E-08       2.01919E-11       8.07688E-04       7.01679E-09       3.50443E-09
       8.70000E-06       8.72500E-06       8.71250E-06       2.50006E-08       2.02503E-11       8.09994E-04       7.05708E-09       3.52468E-09
       8.72500E-06       8.75000E-06       8.73750E-06       2.49996E-08       2.03087E-11       8.12362E-04       7.09801E-09       3.54499E-09
       8.75000E-06       8.77500E-06       8.76250E-06       2.49996E-08       2.03659E-11       8.14648E-04       7.13835E-09       3.56536E-09
       8.77500E-06       8.80000E-06       8.78750E-06       2.50006E-08       2.04243E-11       8.16954E-04       7.17898E-09       3.58578E-09
       8.80000E-06       8.82500E-06       8.81250E-06       2.49996E-08       2.04827E-11       8.19322E-04       7.22027E-09       3.60627E-09
       8.82500E-06       8.85000E-06       8.83750E-06       2.50006E-08       2.05412E-11       8.21627E-04       7.26113E-09       3.62681E-09
       8.85000E-06       8.87500E-06       8.86250E-06       2.49996E-08       2.05996E-11       8.23996E-04       7.30266E-09       3.64741E-09
       8.87500E-06       8.90000E-06       8.88750E-06       2.49996E-08       2.06567E-11       8.26282E-04       7.34358E-09       3.66806E-09
       8.90000E-06       8.92500E-06       8.91250E-06       2.50006E-08       2.07151E-11       8.28587E-04       7.38478E-09       3.68878E-09
       8.92500E-06       8.95000E-06       8.93750E-06       2.49996E-08       2.07736E-11       8.30955E-04       7.42666E-09       3.70955E-09
       8.95000E-06       8.97500E-06       8.96250E-06       2.50006E-08       2.08320E-11       8.33260E-04       7.46810E-09       3.73038E-09
       8.97500E-06       9.00000E-06       8.98750E-06       2.49996E-08       2.08891E-11       8.35578E-04       7.50976E-09       3.75127E-09
       9.00000E-06       9.02500E-06       9.01250E-06       2.49996E-08       2.09476E-11       8.37915E-04       7.55171E-09       3.77222E-09
       9.02500E-06       9.05000E-06       9.03750E-06       2.50006E-08       2.10060E-11       8.40220E-04       7.59349E-09       3.79323E-09
       9.05000E-06       9.07500E-06       9.06250E-06       2.49996E-08       2.10644E-11       8.42589E-04       7.63596E-09       3.81429E-09
       9.07500E-06       9.10000E-06       9.08750E-06       2.50006E-08       2.11216E-11       8.44843E-04       7.67751E-09       3.83541E-09
       9.10000E-06       9.12500E-06       9.11250E-06       2.49996E-08       2.11800E-11       8.47212E-04       7.72022E-09       3.85659E-09
       9.12500E-06       9.15000E-06       9.13750E-06       2.49996E-08       2.12384E-11       8.49549E-04       7.76275E-09       3.87783E-09
       9.15000E-06       9.17500E-06       9.16250E-06       2.50006E-08       2.12968E-11       8.51853E-04       7.80510E-09       3.89913E-09
       9.17500E-06       9.20000E-06       9.18750E-06       2.49996E-08       2.13540E-11       8.54172E-04       7.84770E-09       3.92048E-09
       9.20000E-06       9.22500E-06       9.21250E-06       2.50006E-08       2.14124E-11       8.56476E-04       7.89028E-09       3.94190E-09
       9.22500E-06       9.25000E-06       9.23750E-06       2.49996E-08       2.14708E-11       8.58845E-04       7.93358E-09       3.96337E-09
       9.25000E-06       9.27500E-06       9.26250E-06       2.49996E-08       2.15292E-11       8.61182E-04       7.97670E-09       3.98490E-09
       9.27500E-06       9.30000E-06       9.28750E-06       2.50006E-08       2.15864E-11       8.63435E-04       8.01915E-09       4.00648E-09
       9.30000E-06       9.32500E-06       9.31250E-06       2.49996E-08       2.16448E-11       8.65805E-04       8.06281E-09       4.02813E-09
       9.32500E-06       9.35000E-06       9.33750E-06       2.50006E-08       2.17032E-11       8.68109E-04       8.10597E-09       4.04983E-09
       9.35000E-06       9.37500E-06       9.36250E-06       2.49996E-08       2.17616E-11       8.70479E-04       8.14986E-09       4.07159E-09
       9.37500E-06       9.40000E-06       9.38750E-06       2.49996E-08       2.18188E-11       8.72765E-04       8.19308E-09       4.09341E-09
       9.40000E-06       9.42500E-06       9.41250E-06       2.50006E-08       2.18772E-11       8.75068E-04       8.23658E-09       4.11529E-09
       9.42500E-06       9.45000E-06       9.43750E-06       2.49996E-08       2.19356E-11       8.77438E-04       8.28083E-09       4.13722E-09
       9.45000E-06       9.47500E-06       9.46250E-06       2.50006E-08       2.19940E-11       8.79742E-04       8.32456E-09       4.15922E-09
       9.47500E-06       9.50000E-06       9.48750E-06       2.49996E-08       2.20512E-11       8.82061E-04       8.36856E-09       4.18127E-09
       9.50000E-06       9.52500E-06       9.51250E-06       2.49996E-08       2.21096E-11       8.84398E-04       8.41284E-09       4.20338E-09
       9.52500E-06       9.55000E-06       9.53750E-06       2.50006E-08       2.21680E-11       8.86701E-04       8.45691E-09       4.22555E-09
       9.55000E-06       9.57500E-06       9.56250E-06       2.49996E-08       2.22265E-11       8.89072E-04       8.50175E-09       4.24777E-09
       9.57500E-06       9.60000E-06       9.58750E-06       2.50006E-08       2.22836E-11       8.91324E-04       8.54557E-09       4.27006E-09
       9.60000E-06       9.62500E-06       9.61250E-06       2.49996E-08       2.23420E-11       8.93695E-04       8.59064E-09       4.29240E-09
       9.62500E-06       9.65000E-06       9.63750E-06       2.49996E-08       2.24005E-11       8.96032E-04       8.63551E-09       4.31480E-09
       9.65000E-06       9.67500E-06       9.66250E-06       2.50006E-08       2.24589E-11       8.98334E-04       8.68016E-09       4.33726E-09
       9.67500E-06       9.70000E-06       9.68750E-06       2.49996E-08       2.25160E-11       9.00655E-04       8.72509E-09       4.35977E-09
       9.70000E-06       9.72500E-06       9.71250E-06       2.50006E-08       2.25744E-11       9.02957E-04       8.76997E-09       4.38235E-09
       9.72500E-06       9.75000E-06       9.73750E-06       2.49996E-08       2.26329E-11       9.05328E-04       8.81563E-09       4.40498E-09
       9.75000E-06       9.77500E-06       9.76250E-06       2.49996E-08       2.26913E-11       9.07665E-04       8.86108E-09       4.42767E-09
       9.77500E-06       9.80000E-06       9.78750E-06       2.50006E-08       2.27484E-11       9.09917E-04       8.90581E-09       4.45042E-09
       9.80000E-06       9.82500E-06       9.81250E-06       2.49996E-08       2.28069E-11       9.12288E-04       8.95183E-09       4.47323E-09
       9.82500E-06       9.85000E-06       9.83750E-06       2.50006E-08       2.28653E-11       9.14590E-04       8.99728E-09       4.49609E-09
       9.85000E-06       9.87500E-06       9.86250E-06       2.49996E-08       2.29237E-11       9.16962E-04       9.04354E-09       4.51902E-09
       9.87500E-06       9.90000E-06       9.88750E-06       2.49996E-08       2.29808E-11       9.19248E-04       9.08906E-09       4.54200E-09
       9.90000E-06       9.92500E-06       9.91250E-06       2.50006E-08       2.30393E-11       9.21550E-04       9.13486E-09       4.56504E-09
       9.92500E-06       9.95000E-06       9.93750E-06       2.49996E-08       2.30977E-11       9.23922E-04       9.18147E-09       4.58813E-09
       9.95000E-06       9.97500E-06       9.96250E-06       2.50006E-08       2.31561E-11       9.26223E-04       9.22750E-09       4.61129E-09
       9.97500E-06       1.00000E-05       9.98750E-06       2.49996E-08       2.32133E-11       9.28544E-04       9.27384E-09       4.63450E-09
       1.00000E-05       1.04713E-05       1.02356E-05       4.71300E-07       4.48492E-10       9.51605E-04       9.74030E-09       5.08299E-09
       1.04713E-05       1.09648E-05       1.07180E-05       4.93500E-07       4.91748E-10       9.96451E-04       1.06800E-08       5.57474E-09
       1.09648E-05       1.14815E-05       1.12232E-05       5.16700E-07       5.39208E-10       1.04356E-03       1.17121E-08       6.11395E-09
       1.14815E-05       1.20226E-05       1.17521E-05       5.41101E-07       5.91215E-10       1.09262E-03       1.28405E-08       6.70517E-09
       1.20226E-05       1.25892E-05       1.23059E-05       5.66600E-07       6.48264E-10       1.14413E-03       1.40796E-08       7.35343E-09
       1.25892E-05       1.31826E-05       1.28859E-05       5.93400E-07       7.10812E-10       1.19786E-03       1.54356E-08       8.06424E-09
       1.31826E-05       1.38038E-05       1.34932E-05       6.21200E-07       7.79368E-10       1.25462E-03       1.69288E-08       8.84361E-09
       1.38038E-05       1.44544E-05       1.41291E-05       6.50600E-07       8.54578E-10       1.31352E-03       1.85589E-08       9.69819E-09
       1.44544E-05       1.51356E-05       1.47950E-05       6.81200E-07       9.37014E-10       1.37553E-03       2.03510E-08       1.06352E-08
       1.51356E-05       1.58489E-05       1.54922E-05       7.13300E-07       1.02743E-09       1.44038E-03       2.23148E-08       1.16626E-08
       1.58489E-05       1.65959E-05       1.62224E-05       7.47000E-07       1.12655E-09       1.50810E-03       2.44650E-08       1.27892E-08
       1.65959E-05       1.73780E-05       1.69869E-05       7.82101E-07       1.23524E-09       1.57938E-03       2.68289E-08       1.40244E-08
       1.73780E-05       1.81970E-05       1.77875E-05       8.19000E-07       1.35365E-09       1.65281E-03       2.93994E-08       1.53781E-08
       1.81970E-05       1.90546E-05       1.86258E-05       8.57599E-07       1.46082E-09       1.70338E-03       3.17268E-08       1.68389E-08
       1.90546E-05       1.99526E-05       1.95036E-05       8.98001E-07       1.56261E-09       1.74010E-03       3.39382E-08       1.84015E-08
       1.99526E-05       2.08930E-05       2.04228E-05       9.40399E-07       1.67240E-09       1.77839E-03       3.63198E-08       2.00739E-08
       2.08930E-05       2.18776E-05       2.13853E-05       9.84600E-07       1.79083E-09       1.81884E-03       3.88964E-08       2.18647E-08
       2.18776E-05       2.29087E-05       2.23932E-05       1.03110E-06       1.91866E-09       1.86078E-03       4.16688E-08       2.37834E-08
       2.29087E-05       2.39883E-05       2.34485E-05       1.07960E-06       2.05669E-09       1.90505E-03       4.46706E-08       2.58401E-08
       2.39883E-05       2.51189E-05       2.45536E-05       1.13060E-06       2.20584E-09       1.95104E-03       4.79050E-08       2.80459E-08
       2.51189E-05       2.63027E-05       2.57108E-05       1.18380E-06       2.36707E-09       1.99955E-03       5.14101E-08       3.04130E-08
       2.63027E-05       2.75423E-05       2.69225E-05       1.23960E-06       2.54068E-09       2.04960E-03       5.51803E-08       3.29537E-08
       2.75423E-05       2.88403E-05       2.81913E-05       1.29800E-06       2.72081E-09       2.09615E-03       5.90933E-08       3.56745E-08
       2.88403E-05       3.01995E-05       2.95199E-05       1.35920E-06       2.91266E-09       2.14292E-03       6.32588E-08       3.85871E-08
       3.01995E-05       3.16228E-05       3.09111E-05       1.42330E-06       3.11971E-09       2.19188E-03       6.77535E-08       4.17068E-08
       3.16228E-05       3.31131E-05       3.23679E-05       1.49030E-06       3.34323E-09       2.24333E-03       7.26120E-08       4.50501E-08
       3.31131E-05       3.46737E-05       3.38934E-05       1.56060E-06       3.58471E-09       2.29701E-03       7.78533E-08       4.86348E-08
       3.46737E-05       3.63078E-05       3.54907E-05       1.63410E-06       3.84539E-09       2.35321E-03       8.35173E-08       5.24802E-08
       3.63078E-05       3.80189E-05       3.71634E-05       1.71110E-06       4.11781E-09       2.40652E-03       8.94345E-08       5.65980E-08
       3.80189E-05       3.98107E-05       3.89148E-05       1.79180E-06       4.40466E-09       2.45824E-03       9.56618E-08       6.10026E-08
       3.98107E-05       4.16869E-05       4.07488E-05       1.87620E-06       4.71396E-09       2.51250E-03       1.02381E-07       6.57166E-08
       4.16869E-05       4.36516E-05       4.26692E-05       1.96470E-06       5.04764E-09       2.56917E-03       1.09625E-07       7.07642E-08
       4.36516E-05       4.57088E-05       4.46802E-05       2.05720E-06       5.40785E-09       2.62874E-03       1.17453E-07       7.61721E-08
       4.57088E-05       4.78630E-05       4.67859E-05       2.15420E-06       5.79679E-09       2.69093E-03       1.25897E-07       8.19689E-08
       4.78630E-05       5.01187E-05       4.89908E-05       2.25570E-06       6.21698E-09       2.75612E-03       1.35025E-07       8.81858E-08
       5.01187E-05       5.24808E-05       5.12998E-05       2.36210E-06       6.67123E-09       2.82428E-03       1.44885E-07       9.48571E-08
       5.24808E-05       5.49541E-05       5.37174E-05       2.47330E-06       7.16082E-09       2.89525E-03       1.55525E-07       1.02018E-07
       5.49541E-05       5.75440E-05       5.62490E-05       2.58990E-06       7.66935E-09       2.96126E-03       1.66568E-07       1.09687E-07
       5.75440E-05       6.02560E-05       5.89000E-05       2.71200E-06       8.21002E-09       3.02729E-03       1.78308E-07       1.17897E-07
       6.02560E-05       6.30957E-05       6.16758E-05       2.83970E-06       8.79339E-09       3.09659E-03       1.90985E-07       1.26691E-07
       6.30957E-05       6.60693E-05       6.45825E-05       2.97360E-06       9.42326E-09       3.16898E-03       2.04660E-07       1.36114E-07
       6.60693E-05       6.91831E-05       6.76262E-05       3.11380E-06       1.01036E-08       3.24478E-03       2.19432E-07       1.46218E-07
       6.91831E-05       7.24436E-05       7.08134E-05       3.26051E-06       1.08384E-08       3.32413E-03       2.35393E-07       1.57056E-07
       7.24436E-05       7.58578E-05       7.41507E-05       3.41420E-06       1.16080E-08       3.39991E-03       2.52106E-07       1.68664E-07
       7.58578E-05       7.94328E-05       7.76453E-05       3.57500E-06       1.24164E-08       3.47312E-03       2.69672E-07       1.81080E-07
       7.94328E-05       8.31764E-05       8.13046E-05       3.74360E-06       1.32881E-08       3.54956E-03       2.88595E-07       1.94368E-07
       8.31764E-05       8.70964E-05       8.51364E-05       3.92000E-06       1.42283E-08       3.62967E-03       3.09017E-07       2.08597E-07
       8.70964E-05       9.12011E-05       8.91488E-05       4.10471E-06       1.52433E-08       3.71362E-03       3.31064E-07       2.23840E-07
       9.12011E-05       9.54993E-05       9.33502E-05       4.29820E-06       1.63393E-08       3.80144E-03       3.54865E-07       2.40179E-07
       9.54993E-05       1.00000E-04       9.77497E-05       4.50070E-06       1.75234E-08       3.89347E-03       3.80586E-07       2.57703E-07
       1.00000E-04       1.04713E-04       1.02356E-04       4.71300E-06       1.88034E-08       3.98969E-03       4.08371E-07       2.76506E-07
       1.04713E-04       1.09648E-04       1.07181E-04       4.93501E-06       2.01836E-08       4.08989E-03       4.38357E-07       2.96690E-07
       1.09648E-04       1.14815E-04       1.12232E-04       5.16700E-06       2.16204E-08       4.18433E-03       4.69613E-07       3.18310E-07
       1.14815E-04       1.20226E-04       1.17520E-04       5.41100E-06       2.31435E-08       4.27713E-03       5.02650E-07       3.41454E-07
       1.20226E-04       1.25892E-04       1.23059E-04       5.66600E-06       2.47879E-08       4.37486E-03       5.38366E-07       3.66242E-07
       1.25892E-04       1.31826E-04       1.28859E-04       5.93401E-06       2.65633E-08       4.47645E-03       5.76831E-07       3.92805E-07
       1.31826E-04       1.38038E-04       1.34932E-04       6.21199E-06       2.84799E-08       4.58466E-03       6.18617E-07       4.21285E-07
       1.38038E-04       1.44544E-04       1.41291E-04       6.50601E-06       3.05514E-08       4.69587E-03       6.63484E-07       4.51836E-07
       1.44544E-04       1.51356E-04       1.47950E-04       6.81200E-06       3.27209E-08       4.80343E-03       7.10667E-07       4.84557E-07
       1.51356E-04       1.58489E-04       1.54922E-04       7.13300E-06       3.49896E-08       4.90531E-03       7.59943E-07       5.19547E-07
       1.58489E-04       1.65959E-04       1.62224E-04       7.47000E-06       3.74341E-08       5.01125E-03       8.12946E-07       5.56981E-07
       1.65959E-04       1.73780E-04       1.69870E-04       7.82100E-06       4.00705E-08       5.12345E-03       8.70318E-07       5.97051E-07
       1.73780E-04       1.81970E-04       1.77875E-04       8.19000E-06       4.29152E-08       5.23995E-03       9.32056E-07       6.39966E-07
       1.81970E-04       1.90546E-04       1.86258E-04       8.57600E-06       4.59866E-08       5.36224E-03       9.98760E-07       6.85953E-07
       1.90546E-04       1.99526E-04       1.95036E-04       8.98000E-06       4.93032E-08       5.49034E-03       1.07081E-06       7.35256E-07
       1.99526E-04       2.08930E-04       2.04228E-04       9.40399E-06       5.28881E-08       5.62400E-03       1.14858E-06       7.88144E-07
       2.08930E-04       2.18776E-04       2.13853E-04       9.84601E-06       5.67561E-08       5.76438E-03       1.23273E-06       8.44900E-07
       2.18776E-04       2.29087E-04       2.23932E-04       1.03110E-05       6.07741E-08       5.89410E-03       1.31987E-06       9.05674E-07
       2.29087E-04       2.39883E-04       2.34485E-04       1.07960E-05       6.50185E-08       6.02246E-03       1.41218E-06       9.70693E-07
       2.39883E-04       2.51189E-04       2.45536E-04       1.13060E-05       6.95961E-08       6.15568E-03       1.51144E-06       1.04029E-06
       2.51189E-04       2.63027E-04       2.57108E-04       1.18380E-05       7.45363E-08       6.29635E-03       1.61884E-06       1.11483E-06
       2.63027E-04       2.75423E-04       2.69225E-04       1.23960E-05       7.98687E-08       6.44310E-03       1.73464E-06       1.19469E-06
       2.75423E-04       2.88403E-04       2.81913E-04       1.29800E-05       8.56271E-08       6.59684E-03       1.85973E-06       1.28032E-06
       2.88403E-04       3.01995E-04       2.95199E-04       1.35920E-05       9.16878E-08       6.74573E-03       1.99133E-06       1.37201E-06
       3.01995E-04       3.16228E-04       3.09111E-04       1.42330E-05       9.80252E-08       6.88717E-03       2.12890E-06       1.47003E-06
       3.16228E-04       3.31131E-04       3.23680E-04       1.49030E-05       1.04851E-07       7.03556E-03       2.27727E-06       1.57488E-06
       3.31131E-04       3.46737E-04       3.38934E-04       1.56060E-05       1.12213E-07       7.19039E-03       2.43707E-06       1.68710E-06
       3.46737E-04       3.63078E-04       3.54908E-04       1.63410E-05       1.20154E-07       7.35291E-03       2.60960E-06       1.80725E-06
       3.63078E-04       3.80189E-04       3.71634E-04       1.71110E-05       1.28726E-07       7.52298E-03       2.79579E-06       1.93598E-06
       3.80189E-04       3.98107E-04       3.89148E-04       1.79180E-05       1.37982E-07       7.70073E-03       2.99672E-06       2.07396E-06
       3.98107E-04       4.16869E-04       4.07488E-04       1.87620E-05       1.47982E-07       7.88731E-03       3.21398E-06       2.22194E-06
       4.16869E-04       4.36516E-04       4.26692E-04       1.96470E-05       1.58778E-07       8.08154E-03       3.44833E-06       2.38072E-06
       4.36516E-04       4.57088E-04       4.46802E-04       2.05720E-05       1.70052E-07       8.26617E-03       3.69334E-06       2.55077E-06
       4.57088E-04       4.78630E-04       4.67859E-04       2.15420E-05       1.81954E-07       8.44650E-03       3.95177E-06       2.73273E-06
       4.78630E-04       5.01187E-04       4.89909E-04       2.25570E-05       1.94792E-07       8.63553E-03       4.23062E-06       2.92752E-06
       5.01187E-04       5.24808E-04       5.12998E-04       2.36210E-05       2.08648E-07       8.83315E-03       4.53138E-06       3.13616E-06
       5.24808E-04       5.49541E-04       5.37175E-04       2.47330E-05       2.23606E-07       9.04077E-03       4.85647E-06       3.35977E-06
       5.49541E-04       5.75440E-04       5.62491E-04       2.58990E-05       2.39763E-07       9.25761E-03       5.20732E-06       3.59953E-06
       5.75440E-04       6.02560E-04       5.89000E-04       2.71200E-05       2.56813E-07       9.46950E-03       5.57753E-06       3.85635E-06
       6.02560E-04       6.30957E-04       6.16758E-04       2.83970E-05       2.74600E-07       9.67006E-03       5.96409E-06       4.13095E-06
       6.30957E-04       6.60693E-04       6.45825E-04       2.97360E-05       2.93759E-07       9.87888E-03       6.38003E-06       4.42470E-06
       6.60693E-04       6.91831E-04       6.76262E-04       3.11380E-05       3.14420E-07       1.00976E-02       6.82865E-06       4.73913E-06
       6.91831E-04       7.24436E-04       7.08133E-04       3.26050E-05       3.36712E-07       1.03270E-02       7.31289E-06       5.07584E-06
       7.24436E-04       7.58578E-04       7.41507E-04       3.41420E-05       3.60776E-07       1.05669E-02       7.83544E-06       5.43661E-06
       7.58578E-04       7.94328E-04       7.76453E-04       3.57500E-05       3.86764E-07       1.08186E-02       8.40011E-06       5.82338E-06
       7.94328E-04       8.31764E-04       8.13046E-04       3.74360E-05       4.14845E-07       1.10815E-02       9.00974E-06       6.23822E-06
       8.31764E-04       8.70964E-04       8.51364E-04       3.92000E-05       4.45176E-07       1.13565E-02       9.66853E-06       6.68340E-06
       8.70964E-04       9.12011E-04       8.91487E-04       4.10470E-05       4.76916E-07       1.16188E-02       1.03580E-05       7.16031E-06
       9.12011E-04       9.54993E-04       9.33502E-04       4.29820E-05       5.10353E-07       1.18736E-02       1.10841E-05       7.67067E-06
       9.54993E-04       1.00000E-03       9.77497E-04       4.50070E-05       5.46418E-07       1.21407E-02       1.18675E-05       8.21708E-06
       1.00000E-03       1.04713E-03       1.02356E-03       4.71300E-05       5.85348E-07       1.24199E-02       1.27125E-05       8.80243E-06
       1.04713E-03       1.09648E-03       1.07180E-03       4.93500E-05       6.27365E-07       1.27126E-02       1.36254E-05       9.42980E-06
       1.09648E-03       1.14815E-03       1.12231E-03       5.16700E-05       6.72784E-07       1.30208E-02       1.46134E-05       1.01026E-05
       1.14815E-03       1.20226E-03       1.17520E-03       5.41100E-05       7.20800E-07       1.33210E-02       1.56549E-05       1.08234E-05
       1.20226E-03       1.25892E-03       1.23059E-03       5.66600E-05       7.70836E-07       1.36046E-02       1.67417E-05       1.15942E-05
       1.25892E-03       1.31826E-03       1.28859E-03       5.93400E-05       8.24702E-07       1.38979E-02       1.79087E-05       1.24189E-05
       1.31826E-03       1.38038E-03       1.34932E-03       6.21200E-05       8.82772E-07       1.42108E-02       1.91748E-05       1.33017E-05
       1.38038E-03       1.44544E-03       1.41291E-03       6.50599E-05       9.45466E-07       1.45322E-02       2.05327E-05       1.42472E-05
       1.44544E-03       1.51356E-03       1.47950E-03       6.81201E-05       1.01312E-06       1.48725E-02       2.20039E-05       1.52603E-05
       1.51356E-03       1.58489E-03       1.54923E-03       7.13300E-05       1.08621E-06       1.52280E-02       2.35915E-05       1.63465E-05
       1.58489E-03       1.65959E-03       1.62224E-03       7.47000E-05       1.16519E-06       1.55982E-02       2.53041E-05       1.75117E-05
       1.65959E-03       1.73780E-03       1.69870E-03       7.82101E-05       1.25052E-06       1.59892E-02       2.71608E-05       1.87622E-05
       1.73780E-03       1.81970E-03       1.77875E-03       8.18999E-05       1.34005E-06       1.63621E-02       2.91040E-05       2.01022E-05
       1.81970E-03       1.90546E-03       1.86258E-03       8.57600E-05       1.43416E-06       1.67229E-02       3.11478E-05       2.15364E-05
       1.90546E-03       1.99526E-03       1.95036E-03       8.98001E-05       1.53565E-06       1.71007E-02       3.33526E-05       2.30721E-05
       1.99526E-03       2.08930E-03       2.04228E-03       9.40400E-05       1.64522E-06       1.74949E-02       3.57295E-05       2.47173E-05
       2.08930E-03       2.18776E-03       2.13853E-03       9.84600E-05       1.76354E-06       1.79112E-02       3.83037E-05       2.64808E-05
       2.18776E-03       2.29087E-03       2.23932E-03       1.03110E-04       1.89135E-06       1.83430E-02       4.10758E-05       2.83722E-05
       2.29087E-03       2.39883E-03       2.34485E-03       1.07960E-04       2.02691E-06       1.87747E-02       4.40238E-05       3.03991E-05
       2.39883E-03       2.51189E-03       2.45536E-03       1.13060E-04       2.16783E-06       1.91742E-02       4.70796E-05       3.25669E-05
       2.51189E-03       2.63027E-03       2.57108E-03       1.18380E-04       2.31950E-06       1.95936E-02       5.03768E-05       3.48864E-05
       2.63027E-03       2.75423E-03       2.69225E-03       1.23960E-04       2.48306E-06       2.00312E-02       5.39289E-05       3.73695E-05
       2.75423E-03       2.88403E-03       2.81913E-03       1.29800E-04       2.65957E-06       2.04897E-02       5.77632E-05       4.00290E-05
       2.88403E-03       3.01995E-03       2.95199E-03       1.35920E-04       2.85013E-06       2.09692E-02       6.19009E-05       4.28792E-05
       3.01995E-03       3.16228E-03       3.09112E-03       1.42330E-04       1.08136E-05       7.59754E-02       2.34849E-04       5.36927E-05
       3.16228E-03       3.31131E-03       3.23679E-03       1.49030E-04       2.85411E-05       1.91512E-01       6.19886E-04       8.22338E-05
       3.31131E-03       3.46737E-03       3.38934E-03       1.56060E-04       2.99755E-05       1.92077E-01       6.51013E-04       1.12209E-04
       3.46737E-03       3.63078E-03       3.54907E-03       1.63410E-04       3.14723E-05       1.92597E-01       6.83542E-04       1.43682E-04
       3.63078E-03       3.80189E-03       3.71633E-03       1.71110E-04       3.30593E-05       1.93205E-01       7.18014E-04       1.76741E-04
       3.80189E-03       3.98107E-03       3.89148E-03       1.79180E-04       3.47187E-05       1.93764E-01       7.54030E-04       2.11460E-04
       3.98107E-03       4.16869E-03       4.07488E-03       1.87620E-04       3.64546E-05       1.94301E-01       7.91751E-04       2.47914E-04
       4.16869E-03       4.36516E-03       4.26693E-03       1.96470E-04       3.83022E-05       1.94952E-01       8.31844E-04       2.86216E-04
       4.36516E-03       4.57088E-03       4.46802E-03       2.05720E-04       4.02433E-05       1.95622E-01       8.74043E-04       3.26460E-04
       4.57088E-03       4.78630E-03       4.67859E-03       2.15420E-04       4.22728E-05       1.96234E-01       9.18101E-04       3.68733E-04
       4.78630E-03       5.01187E-03       4.89909E-03       2.25570E-04       4.44051E-05       1.96857E-01       9.64419E-04       4.13138E-04
       5.01187E-03       5.24807E-03       5.12997E-03       2.36200E-04       4.66537E-05       1.97518E-01       1.01326E-03       4.59791E-04
       5.24807E-03       5.49541E-03       5.37174E-03       2.47340E-04       4.90168E-05       1.98175E-01       1.06455E-03       5.08808E-04
       5.49541E-03       5.75440E-03       5.62491E-03       2.58990E-04       5.15046E-05       1.98867E-01       1.11861E-03       5.60313E-04
       5.75440E-03       6.02560E-03       5.89000E-03       2.71200E-04       5.41307E-05       1.99597E-01       1.17562E-03       6.14444E-04
       6.02560E-03       6.30957E-03       6.16759E-03       2.83970E-04       5.68892E-05       2.00336E-01       1.23559E-03       6.71333E-04
       6.30957E-03       6.60693E-03       6.45825E-03       2.97360E-04       5.98154E-05       2.01155E-01       1.29911E-03       7.31148E-04
       6.60693E-03       6.91831E-03       6.76262E-03       3.11380E-04       6.28990E-05       2.02001E-01       1.36605E-03       7.94047E-04
       6.91831E-03       7.24436E-03       7.08133E-03       3.26050E-04       6.61325E-05       2.02830E-01       1.43630E-03       8.60180E-04
       7.24436E-03       7.58578E-03       7.41507E-03       3.41420E-04       6.95161E-05       2.03609E-01       1.50977E-03       9.29696E-04
       7.58578E-03       7.94328E-03       7.76453E-03       3.57500E-04       7.30771E-05       2.04411E-01       1.58716E-03       1.00277E-03
       7.94328E-03       8.31764E-03       8.13046E-03       3.74360E-04       7.68550E-05       2.05297E-01       1.66916E-03       1.07963E-03
       8.31764E-03       8.70964E-03       8.51364E-03       3.92000E-04       8.08331E-05       2.06207E-01       1.75557E-03       1.16046E-03
       8.70964E-03       9.12011E-03       8.91487E-03       4.10471E-04       8.50336E-05       2.07161E-01       1.84682E-03       1.24549E-03
       9.12011E-03       9.54993E-03       9.33502E-03       4.29819E-04       8.94532E-05       2.08118E-01       1.94279E-03       1.33495E-03
       9.54993E-03       1.00000E-02       9.77496E-03       4.50070E-04       9.40821E-05       2.09039E-01       2.04335E-03       1.42903E-03
       1.00000E-02       1.04713E-02       1.02357E-02       4.71300E-04       9.89581E-05       2.09968E-01       2.14916E-03       1.52799E-03
       1.04713E-02       1.09648E-02       1.07180E-02       4.93500E-04       1.04106E-04       2.10955E-01       2.26102E-03       1.63209E-03
       1.09648E-02       1.14815E-02       1.12232E-02       5.16700E-04       1.09557E-04       2.12033E-01       2.37968E-03       1.74165E-03
       1.14815E-02       1.20226E-02       1.17521E-02       5.41100E-04       1.15317E-04       2.13117E-01       2.50456E-03       1.85697E-03
       1.20226E-02       1.25892E-02       1.23059E-02       5.66601E-04       1.21416E-04       2.14288E-01       2.63701E-03       1.97838E-03
       1.25892E-02       1.31826E-02       1.28859E-02       5.93399E-04       1.27871E-04       2.15489E-01       2.77677E-03       2.10626E-03
       1.31826E-02       1.38038E-02       1.34932E-02       6.21200E-04       1.34693E-04       2.16826E-01       2.92568E-03       2.24095E-03
       1.38038E-02       1.44544E-02       1.41291E-02       6.50601E-04       1.41892E-04       2.18094E-01       3.08147E-03       2.38284E-03
       1.44544E-02       1.51356E-02       1.47950E-02       6.81199E-04       1.49449E-04       2.19391E-01       3.24588E-03       2.53229E-03
       1.51356E-02       1.58489E-02       1.54923E-02       7.13301E-04       1.57451E-04       2.20736E-01       3.41970E-03       2.68974E-03
       1.58489E-02       1.65959E-02       1.62224E-02       7.47000E-04       1.65923E-04       2.22120E-01       3.60331E-03       2.85566E-03
       1.65959E-02       1.73780E-02       1.69870E-02       7.82100E-04       1.74922E-04       2.23656E-01       3.79924E-03       3.03059E-03
       1.73780E-02       1.81970E-02       1.77875E-02       8.19000E-04       1.84450E-04       2.25214E-01       4.00599E-03       3.21504E-03
       1.81970E-02       1.90546E-02       1.86258E-02       8.57600E-04       1.94530E-04       2.26831E-01       4.22490E-03       3.40957E-03
       1.90546E-02       1.99526E-02       1.95036E-02       8.98000E-04       2.05075E-04       2.28368E-01       4.45400E-03       3.61464E-03
       1.99526E-02       2.08930E-02       2.04228E-02       9.40400E-04       2.16255E-04       2.29960E-01       4.69643E-03       3.83089E-03
       2.08930E-02       2.18776E-02       2.13853E-02       9.84600E-04       2.28116E-04       2.31684E-01       4.95463E-03       4.05901E-03
       2.18776E-02       2.29087E-02       2.23931E-02       1.03110E-03       2.40731E-04       2.33470E-01       5.22813E-03       4.29974E-03
       2.29087E-02       2.39883E-02       2.34485E-02       1.07960E-03       2.54131E-04       2.35393E-01       5.51962E-03       4.55387E-03
       2.39883E-02       2.51189E-02       2.45536E-02       1.13060E-03       2.68389E-04       2.37386E-01       5.82869E-03       4.82226E-03
       2.51189E-02       2.63027E-02       2.57108E-02       1.18380E-03       3.36323E-04       2.84105E-01       7.30457E-03       5.15858E-03
       2.63027E-02       2.75423E-02       2.69225E-02       1.23960E-03       3.89797E-04       3.14453E-01       8.46587E-03       5.54838E-03
       2.75423E-02       2.88403E-02       2.81913E-02       1.29800E-03       4.11160E-04       3.16764E-01       8.93000E-03       5.95954E-03
       2.88403E-02       3.01995E-02       2.95199E-02       1.35920E-03       4.33620E-04       3.19026E-01       9.41761E-03       6.39316E-03
       3.01995E-02       3.16228E-02       3.09112E-02       1.42330E-03       4.95656E-04       3.48244E-01       1.07646E-02       6.88882E-03
       3.16228E-02       3.31131E-02       3.23680E-02       1.49030E-03       5.41801E-04       3.63551E-01       1.17674E-02       7.43062E-03
       3.31131E-02       3.46737E-02       3.38934E-02       1.56060E-03       5.70734E-04       3.65715E-01       1.23953E-02       8.00135E-03
       3.46737E-02       3.63078E-02       3.54908E-02       1.63410E-03       6.01431E-04       3.68050E-01       1.30624E-02       8.60278E-03
       3.63078E-02       3.80189E-02       3.71633E-02       1.71110E-03       6.33968E-04       3.70503E-01       1.37691E-02       9.23675E-03
       3.80189E-02       3.98107E-02       3.89148E-02       1.79180E-03       6.68439E-04       3.73054E-01       1.45173E-02       9.90519E-03
       3.98107E-02       4.16869E-02       4.07488E-02       1.87620E-03       7.05037E-04       3.75780E-01       1.53126E-02       1.06102E-02
       4.16869E-02       4.36516E-02       4.26693E-02       1.96470E-03       7.43940E-04       3.78652E-01       1.61568E-02       1.13542E-02
       4.36516E-02       4.57088E-02       4.46802E-02       2.05720E-03       7.85315E-04       3.81740E-01       1.70562E-02       1.21395E-02
       4.57088E-02       4.78630E-02       4.67859E-02       2.15420E-03       8.29343E-04       3.84989E-01       1.80120E-02       1.29688E-02
       4.78630E-02       5.01187E-02       4.89908E-02       2.25570E-03       8.76222E-04       3.88448E-01       1.90304E-02       1.38450E-02
       5.01187E-02       5.24808E-02       5.12998E-02       2.36210E-03       9.26153E-04       3.92089E-01       2.01141E-02       1.47712E-02
       5.24808E-02       5.49541E-02       5.37174E-02       2.47330E-03       9.87927E-04       3.99437E-01       2.14567E-02       1.57591E-02
       5.49541E-02       5.75440E-02       5.62491E-02       2.58990E-03       1.16611E-03       4.50252E-01       2.53263E-02       1.69252E-02
       5.75440E-02       6.02560E-02       5.89000E-02       2.71200E-03       1.25585E-03       4.63070E-01       2.72748E-02       1.81811E-02
       6.02560E-02       6.30957E-02       6.16758E-02       2.83970E-03       1.32858E-03       4.67860E-01       2.88557E-02       1.95097E-02
       6.30957E-02       6.60693E-02       6.45825E-02       2.97360E-03       1.42334E-03       4.78658E-01       3.09129E-02       2.09330E-02
       6.60693E-02       6.91831E-02       6.76262E-02       3.11380E-03       1.57475E-03       5.05732E-01       3.42007E-02       2.25077E-02
       6.91831E-02       7.24436E-02       7.08134E-02       3.26050E-03       1.84524E-03       5.65937E-01       4.00759E-02       2.43530E-02
       7.24436E-02       7.58578E-02       7.41507E-02       3.41420E-03       2.21805E-03       6.49656E-01       4.81725E-02       2.65710E-02
       7.58578E-02       7.94328E-02       7.76453E-02       3.57500E-03       2.34371E-03       6.55583E-01       5.09030E-02       2.89147E-02
       7.94328E-02       8.31764E-02       8.13046E-02       3.74360E-03       2.47671E-03       6.61585E-01       5.37899E-02       3.13915E-02
       8.31764E-02       8.70964E-02       8.51364E-02       3.92000E-03       2.64669E-03       6.75175E-01       5.74820E-02       3.40381E-02
       8.70964E-02       9.12011E-02       8.91488E-02       4.10470E-03       3.14548E-03       7.66312E-01       6.83158E-02       3.71836E-02
       9.12011E-02       9.54993E-02       9.33502E-02       4.29820E-03       3.46525E-03       8.06211E-01       7.52600E-02       4.06489E-02
       9.54993E-02       1.00000E-01       9.77497E-02       4.50070E-03       3.65891E-03       8.12964E-01       7.94669E-02       4.43078E-02
       1.00000E-01       1.04713E-01       1.02357E-01       4.71300E-03       3.93053E-03       8.33977E-01       8.53630E-02       4.82383E-02
       1.04713E-01       1.09648E-01       1.07180E-01       4.93500E-03       4.36778E-03       8.85062E-01       9.48613E-02       5.26061E-02
       1.09648E-01       1.14815E-01       1.12231E-01       5.16700E-03       4.85516E-03       9.39649E-01       1.05458E-01       5.74613E-02
       1.14815E-01       1.20226E-01       1.17520E-01       5.41100E-03       5.19417E-03       9.59928E-01       1.12811E-01       6.26554E-02
       1.20226E-01       1.25892E-01       1.23059E-01       5.66600E-03       5.55864E-03       9.81052E-01       1.20727E-01       6.82141E-02
       1.25892E-01       1.31826E-01       1.28859E-01       5.93400E-03       6.24495E-03       1.05240E+00       1.35611E-01       7.44590E-02
       1.31826E-01       1.38038E-01       1.34932E-01       6.21200E-03       7.05724E-03       1.13607E+00       1.53292E-01       8.15163E-02
       1.38038E-01       1.44544E-01       1.41291E-01       6.50600E-03       7.68756E-03       1.18161E+00       1.66951E-01       8.92038E-02
       1.44544E-01       1.51356E-01       1.47950E-01       6.81200E-03       8.12902E-03       1.19334E+00       1.76554E-01       9.73329E-02
       1.51356E-01       1.58489E-01       1.54923E-01       7.13300E-03       8.58671E-03       1.20380E+00       1.86496E-01       1.05920E-01
       1.58489E-01       1.65959E-01       1.62224E-01       7.47000E-03       9.06830E-03       1.21396E+00       1.96934E-01       1.14988E-01
       1.65959E-01       1.73780E-01       1.69869E-01       7.82100E-03       9.57638E-03       1.22444E+00       2.07996E-01       1.24564E-01
       1.73780E-01       1.81970E-01       1.77875E-01       8.19000E-03       1.01122E-02       1.23470E+00       2.19622E-01       1.34676E-01
       1.81970E-01       1.90546E-01       1.86258E-01       8.57600E-03       1.06770E-02       1.24499E+00       2.31889E-01       1.45353E-01
       1.90546E-01       1.99526E-01       1.95036E-01       8.98000E-03       1.12721E-02       1.25524E+00       2.44818E-01       1.56626E-01
       1.99526E-01       2.08930E-01       2.04228E-01       9.40400E-03       1.18990E-02       1.26532E+00       2.58413E-01       1.68525E-01
       2.08930E-01       2.18776E-01       2.13853E-01       9.84600E-03       1.25587E-02       1.27551E+00       2.72772E-01       1.81083E-01
       2.18776E-01       2.29087E-01       2.23931E-01       1.03110E-02       1.32409E-02       1.28415E+00       2.87562E-01       1.94324E-01
       2.29087E-01       2.39883E-01       2.34485E-01       1.07960E-02       1.39505E-02       1.29219E+00       3.03000E-01       2.08275E-01
       2.39883E-01       2.51189E-01       2.45536E-01       1.13060E-02       1.46959E-02       1.29983E+00       3.19155E-01       2.22971E-01
       2.51189E-01       2.63027E-01       2.57108E-01       1.18380E-02       1.54791E-02       1.30758E+00       3.36190E-01       2.38450E-01
       2.63027E-01       2.75423E-01       2.69225E-01       1.23960E-02       1.63024E-02       1.31513E+00       3.54066E-01       2.54752E-01
       2.75423E-01       2.88403E-01       2.81913E-01       1.29800E-02       1.71684E-02       1.32268E+00       3.72881E-01       2.71921E-01
       2.88403E-01       3.01995E-01       2.95199E-01       1.35920E-02       1.80793E-02       1.33014E+00       3.92657E-01       2.90000E-01
       3.01995E-01       3.16228E-01       3.09112E-01       1.42330E-02       1.90393E-02       1.33769E+00       4.13494E-01       3.09039E-01
       3.16228E-01       3.31131E-01       3.23680E-01       1.49030E-02       2.01193E-02       1.35001E+00       4.36972E-01       3.29158E-01
       3.31131E-01       3.46737E-01       3.38934E-01       1.56060E-02       2.25915E-02       1.44761E+00       4.90645E-01       3.51750E-01
       3.46737E-01       3.63078E-01       3.54908E-01       1.63410E-02       2.18636E-02       1.33796E+00       4.74853E-01       3.73613E-01
       3.63078E-01       3.80189E-01       3.71633E-01       1.71110E-02       2.24339E-02       1.31108E+00       4.87241E-01       3.96047E-01
       3.80189E-01       3.98107E-01       3.89148E-01       1.79180E-02       2.30884E-02       1.28856E+00       5.01441E-01       4.19136E-01
       3.98107E-01       4.16869E-01       4.07488E-01       1.87620E-02       2.37442E-02       1.26555E+00       5.15696E-01       4.42880E-01
       4.16869E-01       4.36516E-01       4.26692E-01       1.96470E-02       2.44142E-02       1.24264E+00       5.30225E-01       4.67294E-01
       4.36516E-01       4.57088E-01       4.46802E-01       2.05720E-02       2.51353E-02       1.22182E+00       5.45912E-01       4.92429E-01
       4.57088E-01       4.78630E-01       4.67859E-01       2.15420E-02       2.58722E-02       1.20101E+00       5.61905E-01       5.18302E-01
       4.78630E-01       5.01187E-01       4.89909E-01       2.25570E-02       2.66204E-02       1.18014E+00       5.78159E-01       5.44922E-01
       5.01187E-01       5.24808E-01       5.12998E-01       2.36210E-02       2.73799E-02       1.15913E+00       5.94632E-01       5.72302E-01
       5.24808E-01       5.49541E-01       5.37174E-01       2.47330E-02       2.81499E-02       1.13815E+00       6.11386E-01       6.00452E-01
       5.49541E-01       5.75440E-01       5.62490E-01       2.58990E-02       2.89371E-02       1.11730E+00       6.28473E-01       6.29389E-01
       5.75440E-01       6.02560E-01       5.89000E-01       2.71200E-02       2.97763E-02       1.09795E+00       6.46690E-01       6.59165E-01
       6.02560E-01       6.30957E-01       6.16758E-01       2.83970E-02       3.04329E-02       1.07169E+00       6.60976E-01       6.89598E-01
       6.30957E-01       6.60693E-01       6.45825E-01       2.97360E-02       2.89505E-02       9.73586E-01       6.28766E-01       7.18549E-01
       6.60693E-01       6.91831E-01       6.76262E-01       3.11380E-02       2.67707E-02       8.59744E-01       5.81412E-01       7.45319E-01
       6.91831E-01       7.24436E-01       7.08133E-01       3.26050E-02       2.51063E-02       7.70014E-01       5.45272E-01       7.70426E-01
       7.24436E-01       7.58578E-01       7.41507E-01       3.41420E-02       2.36987E-02       6.94123E-01       5.14697E-01       7.94124E-01
       7.58578E-01       7.94328E-01       7.76453E-01       3.57500E-02       2.12055E-02       5.93160E-01       4.60561E-01       8.15330E-01
       7.94328E-01       8.31764E-01       8.13046E-01       3.74360E-02       1.84993E-02       4.94157E-01       4.01773E-01       8.33829E-01
       8.31764E-01       8.70964E-01       8.51364E-01       3.92000E-02       1.65414E-02       4.21975E-01       3.59255E-01       8.50370E-01
       8.70964E-01       9.12011E-01       8.91487E-01       4.10470E-02       1.56962E-02       3.82396E-01       3.40901E-01       8.66067E-01
       9.12011E-01       9.54993E-01       9.33502E-01       4.29820E-02       1.69995E-02       3.95502E-01       3.69202E-01       8.83066E-01
       9.54993E-01       1.00000E+00       9.77497E-01       4.50070E-02       1.77569E-02       3.94536E-01       3.85657E-01       9.00823E-01
       1.00000E+00       1.04713E+00       1.02357E+00       4.71300E-02       1.57491E-02       3.34163E-01       3.42038E-01       9.16572E-01
       1.04713E+00       1.09648E+00       1.07181E+00       4.93500E-02       1.57624E-02       3.19400E-01       3.42334E-01       9.32335E-01
       1.09648E+00       1.14815E+00       1.12231E+00       5.16700E-02       1.55572E-02       3.01088E-01       3.37915E-01       9.47892E-01
       1.14815E+00       1.20226E+00       1.17520E+00       5.41100E-02       1.40805E-02       2.60220E-01       3.05812E-01       9.61972E-01
       1.20226E+00       1.25892E+00       1.23059E+00       5.66600E-02       7.79120E-03       1.37508E-01       1.69216E-01       9.69764E-01
       1.25892E+00       1.31826E+00       1.28859E+00       5.93400E-02       3.53769E-03       5.96173E-02       7.68223E-02       9.73301E-01
       1.31826E+00       1.38038E+00       1.34932E+00       6.21200E-02       3.38890E-03       5.45540E-02       7.36108E-02       9.76690E-01
       1.38038E+00       1.44544E+00       1.41291E+00       6.50600E-02       3.20127E-03       4.92048E-02       6.95220E-02       9.79891E-01
       1.44544E+00       1.51356E+00       1.47950E+00       6.81200E-02       2.97630E-03       4.36920E-02       6.46422E-02       9.82868E-01
       1.51356E+00       1.58489E+00       1.54923E+00       7.13300E-02       2.71392E-03       3.80474E-02       5.89441E-02       9.85582E-01
       1.58489E+00       1.65959E+00       1.62224E+00       7.47000E-02       2.43058E-03       3.25380E-02       5.27844E-02       9.88012E-01
       1.65959E+00       1.73780E+00       1.69869E+00       7.82100E-02       2.12920E-03       2.72241E-02       4.62455E-02       9.90141E-01
       1.73780E+00       1.81970E+00       1.77875E+00       8.19000E-02       1.83917E-03       2.24562E-02       3.99440E-02       9.91980E-01
       1.81970E+00       1.90546E+00       1.86258E+00       8.57600E-02       1.56589E-03       1.82589E-02       3.40087E-02       9.93546E-01
       1.90546E+00       1.99526E+00       1.95036E+00       8.98000E-02       1.32225E-03       1.47243E-02       2.87178E-02       9.94869E-01
       1.99526E+00       2.08930E+00       2.04228E+00       9.40400E-02       1.12241E-03       1.19355E-02       2.43756E-02       9.95991E-01
       2.08930E+00       2.18776E+00       2.13853E+00       9.84600E-02       9.59421E-04       9.74427E-03       2.08384E-02       9.96950E-01
       2.18776E+00       2.29087E+00       2.23932E+00       1.03110E-01       8.34469E-04       8.09300E-03       1.81228E-02       9.97785E-01
       2.29087E+00       2.39883E+00       2.34485E+00       1.07960E-01       7.25407E-04       6.71922E-03       1.57556E-02       9.98510E-01
       2.39883E+00       2.51189E+00       2.45536E+00       1.13060E-01       6.04291E-04       5.34487E-03       1.31236E-02       9.99115E-01
       2.51189E+00       2.63027E+00       2.57108E+00       1.18380E-01       4.58827E-04       3.87588E-03       9.96520E-03       9.99573E-01
       2.63027E+00       2.75423E+00       2.69225E+00       1.23960E-01       2.96290E-04       2.39020E-03       6.43503E-03       9.99870E-01
       2.75423E+00       2.88403E+00       2.81913E+00       1.29800E-01       1.29577E-04       9.98279E-04       2.81428E-03       9.99999E-01
       2.88403E+00       3.01995E+00       2.95199E+00       1.35920E-01       8.69339E-07       6.39596E-06       1.88808E-05       1.00000E+00

 Sum =                                                                         1.00000E+00
 Renormalization bin#   926 =                                                  7.87395E-01 barn        1.00000E+07        1.02000E+07        1.01000E+07
 Avg. Energy     bin#   926 =                                                  5.28734E-01 MeV         1.00000E+07        1.02000E+07
