"        MT= 91 recoil spectrum "
" Initial neutron energy corresponds to the group:"
   1.52000E+01    1.54000E+01       0.00000E+00           273           898           626



          Low               High              Mid              Energy           Number             dn/de            E*dn/de          Cumulative
         Energy            Energy            Energy             Width          Fraction                               Sum   
         [MeV]             [MeV]             [MeV]              [MeV]

       1.42500E-06       1.45000E-06       1.43750E-06       2.50001E-08       0.00000E+00       0.00000E+00       0.00000E+00       0.00000E+00
       1.45000E-06       1.47500E-06       1.46250E-06       2.50000E-08       3.57730E-12       1.43092E-04       2.09272E-10       3.57730E-12
       1.47500E-06       1.50000E-06       1.48750E-06       2.50000E-08       3.63847E-12       1.45539E-04       2.16489E-10       7.21577E-12
       1.50000E-06       1.52500E-06       1.51250E-06       2.50000E-08       3.69964E-12       1.47986E-04       2.23829E-10       1.09154E-11
       1.52500E-06       1.55000E-06       1.53750E-06       2.50000E-08       3.76082E-12       1.50433E-04       2.31290E-10       1.46762E-11
       1.55000E-06       1.57500E-06       1.56250E-06       2.50001E-08       3.82199E-12       1.52879E-04       2.38873E-10       1.84982E-11
       1.57500E-06       1.60000E-06       1.58750E-06       2.50000E-08       3.88316E-12       1.55327E-04       2.46581E-10       2.23814E-11
       1.60000E-06       1.62500E-06       1.61250E-06       2.50000E-08       3.94433E-12       1.57773E-04       2.54410E-10       2.63257E-11
       1.62500E-06       1.65000E-06       1.63750E-06       2.50000E-08       4.00550E-12       1.60220E-04       2.62361E-10       3.03312E-11
       1.65000E-06       1.67500E-06       1.66250E-06       2.50000E-08       4.06667E-12       1.62667E-04       2.70434E-10       3.43979E-11
       1.67500E-06       1.70000E-06       1.68750E-06       2.50001E-08       4.12785E-12       1.65113E-04       2.78629E-10       3.85257E-11
       1.70000E-06       1.72500E-06       1.71250E-06       2.50000E-08       4.18902E-12       1.67561E-04       2.86948E-10       4.27148E-11
       1.72500E-06       1.75000E-06       1.73750E-06       2.50000E-08       4.25019E-12       1.70008E-04       2.95389E-10       4.69649E-11
       1.75000E-06       1.77500E-06       1.76250E-06       2.50000E-08       4.31136E-12       1.72455E-04       3.03951E-10       5.12763E-11
       1.77500E-06       1.80000E-06       1.78750E-06       2.50000E-08       4.37253E-12       1.74902E-04       3.12637E-10       5.56488E-11
       1.80000E-06       1.82500E-06       1.81250E-06       2.50001E-08       4.43371E-12       1.77348E-04       3.21442E-10       6.00825E-11
       1.82500E-06       1.85000E-06       1.83750E-06       2.50000E-08       4.49488E-12       1.79795E-04       3.30374E-10       6.45774E-11
       1.85000E-06       1.87500E-06       1.86250E-06       2.50000E-08       4.55605E-12       1.82242E-04       3.39426E-10       6.91335E-11
       1.87500E-06       1.90000E-06       1.88750E-06       2.50000E-08       4.61722E-12       1.84689E-04       3.48601E-10       7.37507E-11
       1.90000E-06       1.92500E-06       1.91250E-06       2.50000E-08       4.67804E-12       1.87122E-04       3.57870E-10       7.84287E-11
       1.92500E-06       1.95000E-06       1.93750E-06       2.50001E-08       4.73921E-12       1.89568E-04       3.67287E-10       8.31679E-11
       1.95000E-06       1.97500E-06       1.96250E-06       2.50000E-08       4.80038E-12       1.92015E-04       3.76830E-10       8.79683E-11
       1.97500E-06       2.00000E-06       1.98750E-06       2.50000E-08       4.86155E-12       1.94462E-04       3.86494E-10       9.28299E-11
       2.00000E-06       2.02500E-06       2.01250E-06       2.50001E-08       4.92272E-12       1.96908E-04       3.96278E-10       9.77526E-11
       2.02500E-06       2.05000E-06       2.03750E-06       2.49999E-08       4.98389E-12       1.99357E-04       4.06190E-10       1.02736E-10
       2.05000E-06       2.07500E-06       2.06250E-06       2.50001E-08       5.04507E-12       2.01802E-04       4.16216E-10       1.07782E-10
       2.07500E-06       2.10000E-06       2.08750E-06       2.49999E-08       5.10624E-12       2.04251E-04       4.26373E-10       1.12888E-10
       2.10000E-06       2.12500E-06       2.11250E-06       2.50001E-08       5.16741E-12       2.06696E-04       4.36644E-10       1.18055E-10
       2.12500E-06       2.15000E-06       2.13750E-06       2.50001E-08       5.22858E-12       2.09142E-04       4.47042E-10       1.23284E-10
       2.15000E-06       2.17500E-06       2.16250E-06       2.49999E-08       5.28975E-12       2.11591E-04       4.57566E-10       1.28574E-10
       2.17500E-06       2.20000E-06       2.18750E-06       2.50001E-08       5.35093E-12       2.14036E-04       4.68204E-10       1.33924E-10
       2.20000E-06       2.22500E-06       2.21250E-06       2.49999E-08       5.41210E-12       2.16485E-04       4.78973E-10       1.39337E-10
       2.22500E-06       2.25000E-06       2.23750E-06       2.50001E-08       5.47327E-12       2.18930E-04       4.89856E-10       1.44810E-10
       2.25000E-06       2.27500E-06       2.26250E-06       2.50001E-08       5.53444E-12       2.21377E-04       5.00865E-10       1.50344E-10
       2.27500E-06       2.30000E-06       2.28750E-06       2.49999E-08       5.59561E-12       2.23826E-04       5.12002E-10       1.55940E-10
       2.30000E-06       2.32500E-06       2.31250E-06       2.50001E-08       5.65678E-12       2.26271E-04       5.23251E-10       1.61597E-10
       2.32500E-06       2.35000E-06       2.33750E-06       2.49999E-08       5.71796E-12       2.28720E-04       5.34632E-10       1.67315E-10
       2.35000E-06       2.37500E-06       2.36250E-06       2.50001E-08       5.77913E-12       2.31164E-04       5.46125E-10       1.73094E-10
       2.37500E-06       2.40000E-06       2.38750E-06       2.50001E-08       5.83994E-12       2.33597E-04       5.57712E-10       1.78934E-10
       2.40000E-06       2.42500E-06       2.41250E-06       2.49999E-08       5.90111E-12       2.36046E-04       5.69461E-10       1.84835E-10
       2.42500E-06       2.45000E-06       2.43750E-06       2.50001E-08       5.96229E-12       2.38491E-04       5.81321E-10       1.90797E-10
       2.45000E-06       2.47500E-06       2.46250E-06       2.49999E-08       6.02346E-12       2.40940E-04       5.93314E-10       1.96821E-10
       2.47500E-06       2.50000E-06       2.48750E-06       2.50001E-08       6.08463E-12       2.43384E-04       6.05418E-10       2.02905E-10
       2.50000E-06       2.52500E-06       2.51250E-06       2.50001E-08       6.14580E-12       2.45831E-04       6.17651E-10       2.09051E-10
       2.52500E-06       2.55000E-06       2.53750E-06       2.49999E-08       6.20697E-12       2.48280E-04       6.30011E-10       2.15258E-10
       2.55000E-06       2.57500E-06       2.56250E-06       2.50001E-08       6.26815E-12       2.50725E-04       6.42482E-10       2.21526E-10
       2.57500E-06       2.60000E-06       2.58750E-06       2.49999E-08       6.32932E-12       2.53174E-04       6.55088E-10       2.27855E-10
       2.60000E-06       2.62500E-06       2.61250E-06       2.50001E-08       6.39049E-12       2.55619E-04       6.67803E-10       2.34246E-10
       2.62500E-06       2.65000E-06       2.63750E-06       2.50001E-08       6.45166E-12       2.58065E-04       6.80648E-10       2.40698E-10
       2.65000E-06       2.67500E-06       2.66250E-06       2.49999E-08       6.51283E-12       2.60515E-04       6.93621E-10       2.47210E-10
       2.67500E-06       2.70000E-06       2.68750E-06       2.50001E-08       6.57400E-12       2.62959E-04       7.06703E-10       2.53784E-10
       2.70000E-06       2.72500E-06       2.71250E-06       2.49999E-08       6.63518E-12       2.65409E-04       7.19921E-10       2.60420E-10
       2.72500E-06       2.75000E-06       2.73750E-06       2.50001E-08       6.69635E-12       2.67853E-04       7.33247E-10       2.67116E-10
       2.75000E-06       2.77500E-06       2.76250E-06       2.50001E-08       6.75752E-12       2.70300E-04       7.46703E-10       2.73873E-10
       2.77500E-06       2.80000E-06       2.78750E-06       2.49999E-08       6.81869E-12       2.72749E-04       7.60288E-10       2.80692E-10
       2.80000E-06       2.82500E-06       2.81250E-06       2.50001E-08       6.87986E-12       2.75194E-04       7.73982E-10       2.87572E-10
       2.82500E-06       2.85000E-06       2.83750E-06       2.49999E-08       6.94104E-12       2.77643E-04       7.87812E-10       2.94513E-10
       2.85000E-06       2.87500E-06       2.86250E-06       2.50001E-08       7.00185E-12       2.80073E-04       8.01709E-10       3.01515E-10
       2.87500E-06       2.90000E-06       2.88750E-06       2.50001E-08       7.06302E-12       2.82520E-04       8.15776E-10       3.08578E-10
       2.90000E-06       2.92500E-06       2.91250E-06       2.49999E-08       7.12419E-12       2.84969E-04       8.29973E-10       3.15702E-10
       2.92500E-06       2.95000E-06       2.93750E-06       2.50001E-08       7.18536E-12       2.87413E-04       8.44277E-10       3.22887E-10
       2.95000E-06       2.97500E-06       2.96250E-06       2.49999E-08       7.24654E-12       2.89863E-04       8.58720E-10       3.30134E-10
       2.97500E-06       3.00000E-06       2.98750E-06       2.50001E-08       7.30771E-12       2.92307E-04       8.73268E-10       3.37442E-10
       3.00000E-06       3.02500E-06       3.01250E-06       2.50001E-08       7.36888E-12       2.94754E-04       8.87947E-10       3.44811E-10
       3.02500E-06       3.05000E-06       3.03750E-06       2.49999E-08       7.43005E-12       2.97204E-04       9.02757E-10       3.52241E-10
       3.05000E-06       3.07500E-06       3.06250E-06       2.50001E-08       7.49122E-12       2.99648E-04       9.17671E-10       3.59732E-10
       3.07500E-06       3.10000E-06       3.08750E-06       2.49999E-08       7.55240E-12       3.02098E-04       9.32726E-10       3.67284E-10
       3.10000E-06       3.12500E-06       3.11250E-06       2.50001E-08       7.61357E-12       3.04542E-04       9.47886E-10       3.74898E-10
       3.12500E-06       3.15000E-06       3.13750E-06       2.50001E-08       7.67474E-12       3.06988E-04       9.63176E-10       3.82573E-10
       3.15000E-06       3.17500E-06       3.16250E-06       2.49999E-08       7.73591E-12       3.09438E-04       9.78598E-10       3.90309E-10
       3.17500E-06       3.20000E-06       3.18750E-06       2.50001E-08       7.79708E-12       3.11882E-04       9.94124E-10       3.98106E-10
       3.20000E-06       3.22500E-06       3.21250E-06       2.49999E-08       7.85826E-12       3.14332E-04       1.00979E-09       4.05964E-10
       3.22500E-06       3.25000E-06       3.23750E-06       2.50001E-08       7.91943E-12       3.16776E-04       1.02556E-09       4.13883E-10
       3.25000E-06       3.27500E-06       3.26250E-06       2.50001E-08       7.98060E-12       3.19223E-04       1.04146E-09       4.21864E-10
       3.27500E-06       3.30000E-06       3.28750E-06       2.49999E-08       8.04177E-12       3.21673E-04       1.05750E-09       4.29906E-10
       3.30000E-06       3.32500E-06       3.31250E-06       2.50001E-08       8.10294E-12       3.24116E-04       1.07364E-09       4.38009E-10
       3.32500E-06       3.35000E-06       3.33750E-06       2.49999E-08       8.16376E-12       3.26552E-04       1.08987E-09       4.46172E-10
       3.35000E-06       3.37500E-06       3.36250E-06       2.50001E-08       8.22493E-12       3.28996E-04       1.10625E-09       4.54397E-10
       3.37500E-06       3.40000E-06       3.38750E-06       2.50001E-08       8.28610E-12       3.31443E-04       1.12276E-09       4.62683E-10
       3.40000E-06       3.42500E-06       3.41250E-06       2.49999E-08       8.34727E-12       3.33893E-04       1.13941E-09       4.71031E-10
       3.42500E-06       3.45000E-06       3.43750E-06       2.50001E-08       8.40844E-12       3.36336E-04       1.15616E-09       4.79439E-10
       3.45000E-06       3.47500E-06       3.46250E-06       2.49999E-08       8.46962E-12       3.38787E-04       1.17305E-09       4.87909E-10
       3.47500E-06       3.50000E-06       3.48750E-06       2.50001E-08       8.53079E-12       3.41230E-04       1.19004E-09       4.96439E-10
       3.50000E-06       3.52500E-06       3.51250E-06       2.50001E-08       8.59196E-12       3.43677E-04       1.20717E-09       5.05031E-10
       3.52500E-06       3.55000E-06       3.53750E-06       2.49999E-08       8.65313E-12       3.46127E-04       1.22443E-09       5.13685E-10
       3.55000E-06       3.57500E-06       3.56250E-06       2.50001E-08       8.71430E-12       3.48571E-04       1.24178E-09       5.22399E-10
       3.57500E-06       3.60000E-06       3.58750E-06       2.49999E-08       8.77548E-12       3.51021E-04       1.25929E-09       5.31174E-10
       3.60000E-06       3.62500E-06       3.61250E-06       2.50001E-08       8.83665E-12       3.53465E-04       1.27689E-09       5.40011E-10
       3.62500E-06       3.65000E-06       3.63750E-06       2.50001E-08       8.89782E-12       3.55911E-04       1.29463E-09       5.48909E-10
       3.65000E-06       3.67500E-06       3.66250E-06       2.49999E-08       8.95899E-12       3.58362E-04       1.31250E-09       5.57868E-10
       3.67500E-06       3.70000E-06       3.68750E-06       2.50001E-08       9.02016E-12       3.60805E-04       1.33047E-09       5.66888E-10
       3.70000E-06       3.72500E-06       3.71250E-06       2.49999E-08       9.08133E-12       3.63255E-04       1.34859E-09       5.75969E-10
       3.72500E-06       3.75000E-06       3.73750E-06       2.50001E-08       9.14251E-12       3.65699E-04       1.36680E-09       5.85112E-10
       3.75000E-06       3.77500E-06       3.76250E-06       2.50001E-08       9.20368E-12       3.68146E-04       1.38515E-09       5.94316E-10
       3.77500E-06       3.80000E-06       3.78750E-06       2.49999E-08       9.26485E-12       3.70596E-04       1.40363E-09       6.03580E-10
       3.80000E-06       3.82500E-06       3.81250E-06       2.50001E-08       9.32566E-12       3.73025E-04       1.42216E-09       6.12906E-10
       3.82500E-06       3.85000E-06       3.83750E-06       2.49999E-08       9.38684E-12       3.75476E-04       1.44089E-09       6.22293E-10
       3.85000E-06       3.87500E-06       3.86250E-06       2.50001E-08       9.44801E-12       3.77919E-04       1.45971E-09       6.31741E-10
       3.87500E-06       3.90000E-06       3.88750E-06       2.50001E-08       9.50918E-12       3.80366E-04       1.47867E-09       6.41250E-10
       3.90000E-06       3.92500E-06       3.91250E-06       2.49999E-08       9.57035E-12       3.82816E-04       1.49777E-09       6.50820E-10
       3.92500E-06       3.95000E-06       3.93750E-06       2.50001E-08       9.63152E-12       3.85259E-04       1.51696E-09       6.60452E-10
       3.95000E-06       3.97500E-06       3.96250E-06       2.49999E-08       9.69270E-12       3.87710E-04       1.53630E-09       6.70145E-10
       3.97500E-06       4.00000E-06       3.98750E-06       2.50001E-08       9.75387E-12       3.90153E-04       1.55574E-09       6.79898E-10
       4.00000E-06       4.02500E-06       4.01250E-06       2.50001E-08       9.81504E-12       3.92600E-04       1.57531E-09       6.89714E-10
       4.02500E-06       4.05000E-06       4.03750E-06       2.50001E-08       9.87621E-12       3.95047E-04       1.59500E-09       6.99590E-10
       4.05000E-06       4.07500E-06       4.06250E-06       2.49996E-08       9.93738E-12       3.97501E-04       1.61485E-09       7.09527E-10
       4.07500E-06       4.10000E-06       4.08750E-06       2.50001E-08       9.99855E-12       3.99941E-04       1.63476E-09       7.19526E-10
       4.10000E-06       4.12500E-06       4.11250E-06       2.50001E-08       1.00597E-11       4.02387E-04       1.65482E-09       7.29585E-10
       4.12500E-06       4.15000E-06       4.13750E-06       2.50001E-08       1.01209E-11       4.04834E-04       1.67500E-09       7.39706E-10
       4.15000E-06       4.17500E-06       4.16250E-06       2.50001E-08       1.01821E-11       4.07281E-04       1.69531E-09       7.49888E-10
       4.17500E-06       4.20000E-06       4.18750E-06       2.49996E-08       1.02432E-11       4.09736E-04       1.71577E-09       7.60132E-10
       4.20000E-06       4.22500E-06       4.21250E-06       2.50001E-08       1.03044E-11       4.12175E-04       1.73629E-09       7.70436E-10
       4.22500E-06       4.25000E-06       4.23750E-06       2.50001E-08       1.03656E-11       4.14622E-04       1.75696E-09       7.80802E-10
       4.25000E-06       4.27500E-06       4.26250E-06       2.50001E-08       1.04268E-11       4.17069E-04       1.77776E-09       7.91228E-10
       4.27500E-06       4.30000E-06       4.28750E-06       2.50001E-08       1.04876E-11       4.19501E-04       1.79861E-09       8.01716E-10
       4.30000E-06       4.32500E-06       4.31250E-06       2.49996E-08       1.05487E-11       4.21956E-04       1.81969E-09       8.12265E-10
       4.32500E-06       4.35000E-06       4.33750E-06       2.50001E-08       1.06099E-11       4.24395E-04       1.84081E-09       8.22875E-10
       4.35000E-06       4.37500E-06       4.36250E-06       2.50001E-08       1.06711E-11       4.26842E-04       1.86210E-09       8.33546E-10
       4.37500E-06       4.40000E-06       4.38750E-06       2.50001E-08       1.07323E-11       4.29289E-04       1.88350E-09       8.44278E-10
       4.40000E-06       4.42500E-06       4.41250E-06       2.50001E-08       1.07934E-11       4.31736E-04       1.90503E-09       8.55071E-10
       4.42500E-06       4.45000E-06       4.43750E-06       2.49996E-08       1.08546E-11       4.34191E-04       1.92672E-09       8.65926E-10
       4.45000E-06       4.47500E-06       4.46250E-06       2.50001E-08       1.09158E-11       4.36629E-04       1.94846E-09       8.76842E-10
       4.47500E-06       4.50000E-06       4.48750E-06       2.50001E-08       1.09769E-11       4.39076E-04       1.97035E-09       8.87819E-10
       4.50000E-06       4.52500E-06       4.51250E-06       2.50001E-08       1.10381E-11       4.41523E-04       1.99237E-09       8.98857E-10
       4.52500E-06       4.55000E-06       4.53750E-06       2.50001E-08       1.10993E-11       4.43970E-04       2.01451E-09       9.09956E-10
       4.55000E-06       4.57500E-06       4.56250E-06       2.49996E-08       1.11605E-11       4.46425E-04       2.03682E-09       9.21117E-10
       4.57500E-06       4.60000E-06       4.58750E-06       2.50001E-08       1.12216E-11       4.48864E-04       2.05916E-09       9.32338E-10
       4.60000E-06       4.62500E-06       4.61250E-06       2.50001E-08       1.12828E-11       4.51310E-04       2.08167E-09       9.43621E-10
       4.62500E-06       4.65000E-06       4.63750E-06       2.50001E-08       1.13440E-11       4.53757E-04       2.10430E-09       9.54965E-10
       4.65000E-06       4.67500E-06       4.66250E-06       2.50001E-08       1.14051E-11       4.56204E-04       2.12705E-09       9.66370E-10
       4.67500E-06       4.70000E-06       4.68750E-06       2.49996E-08       1.14663E-11       4.58660E-04       2.14997E-09       9.77836E-10
       4.70000E-06       4.72500E-06       4.71250E-06       2.50001E-08       1.15275E-11       4.61098E-04       2.17292E-09       9.89364E-10
       4.72500E-06       4.75000E-06       4.73750E-06       2.50001E-08       1.15883E-11       4.63530E-04       2.19598E-09       1.00095E-09
       4.75000E-06       4.77500E-06       4.76250E-06       2.50001E-08       1.16495E-11       4.65977E-04       2.21922E-09       1.01260E-09
       4.77500E-06       4.80000E-06       4.78750E-06       2.50001E-08       1.17107E-11       4.68424E-04       2.24258E-09       1.02431E-09
       4.80000E-06       4.82500E-06       4.81250E-06       2.49996E-08       1.17718E-11       4.70880E-04       2.26611E-09       1.03608E-09
       4.82500E-06       4.85000E-06       4.83750E-06       2.50001E-08       1.18330E-11       4.73318E-04       2.28968E-09       1.04792E-09
       4.85000E-06       4.87500E-06       4.86250E-06       2.50001E-08       1.18942E-11       4.75765E-04       2.31341E-09       1.05981E-09
       4.87500E-06       4.90000E-06       4.88750E-06       2.50001E-08       1.19553E-11       4.78212E-04       2.33726E-09       1.07177E-09
       4.90000E-06       4.92500E-06       4.91250E-06       2.50001E-08       1.20165E-11       4.80659E-04       2.36123E-09       1.08378E-09
       4.92500E-06       4.95000E-06       4.93750E-06       2.49996E-08       1.20777E-11       4.83115E-04       2.38538E-09       1.09586E-09
       4.95000E-06       4.97500E-06       4.96250E-06       2.50001E-08       1.21389E-11       4.85552E-04       2.40955E-09       1.10800E-09
       4.97500E-06       5.00000E-06       4.98750E-06       2.50001E-08       1.22000E-11       4.87999E-04       2.43390E-09       1.12020E-09
       5.00000E-06       5.02500E-06       5.01250E-06       2.50001E-08       1.22612E-11       4.90446E-04       2.45836E-09       1.13246E-09
       5.02500E-06       5.05000E-06       5.03750E-06       2.50001E-08       1.23224E-11       4.92893E-04       2.48295E-09       1.14478E-09
       5.05000E-06       5.07500E-06       5.06250E-06       2.49996E-08       1.23835E-11       4.95349E-04       2.50771E-09       1.15717E-09
       5.07500E-06       5.10000E-06       5.08750E-06       2.50001E-08       1.24447E-11       4.97787E-04       2.53249E-09       1.16961E-09
       5.10000E-06       5.12500E-06       5.11250E-06       2.50001E-08       1.25059E-11       5.00233E-04       2.55744E-09       1.18212E-09
       5.12500E-06       5.15000E-06       5.13750E-06       2.50001E-08       1.25671E-11       5.02680E-04       2.58252E-09       1.19468E-09
       5.15000E-06       5.17500E-06       5.16250E-06       2.50001E-08       1.26282E-11       5.05127E-04       2.60772E-09       1.20731E-09
       5.17500E-06       5.20000E-06       5.18750E-06       2.49996E-08       1.26894E-11       5.07584E-04       2.63309E-09       1.22000E-09
       5.20000E-06       5.22500E-06       5.21250E-06       2.50001E-08       1.27502E-11       5.10007E-04       2.65841E-09       1.23275E-09
       5.22500E-06       5.25000E-06       5.23750E-06       2.50001E-08       1.28114E-11       5.12453E-04       2.68397E-09       1.24556E-09
       5.25000E-06       5.27500E-06       5.26250E-06       2.50001E-08       1.28726E-11       5.14900E-04       2.70966E-09       1.25844E-09
       5.27500E-06       5.30000E-06       5.28750E-06       2.50001E-08       1.29337E-11       5.17347E-04       2.73547E-09       1.27137E-09
       5.30000E-06       5.32500E-06       5.31250E-06       2.49996E-08       1.29949E-11       5.19804E-04       2.76146E-09       1.28436E-09
       5.32500E-06       5.35000E-06       5.33750E-06       2.50001E-08       1.30561E-11       5.22241E-04       2.78746E-09       1.29742E-09
       5.35000E-06       5.37500E-06       5.36250E-06       2.50001E-08       1.31172E-11       5.24688E-04       2.81364E-09       1.31054E-09
       5.37500E-06       5.40000E-06       5.38750E-06       2.50001E-08       1.31784E-11       5.27135E-04       2.83994E-09       1.32372E-09
       5.40000E-06       5.42500E-06       5.41250E-06       2.50001E-08       1.32396E-11       5.29582E-04       2.86636E-09       1.33696E-09
       5.42500E-06       5.45000E-06       5.43750E-06       2.49996E-08       1.33008E-11       5.32039E-04       2.89296E-09       1.35026E-09
       5.45000E-06       5.47500E-06       5.46250E-06       2.50001E-08       1.33619E-11       5.34475E-04       2.91957E-09       1.36362E-09
       5.47500E-06       5.50000E-06       5.48750E-06       2.50001E-08       1.34231E-11       5.36922E-04       2.94636E-09       1.37704E-09
       5.50000E-06       5.52500E-06       5.51250E-06       2.50001E-08       1.34843E-11       5.39369E-04       2.97327E-09       1.39053E-09
       5.52500E-06       5.55000E-06       5.53750E-06       2.50001E-08       1.35454E-11       5.41816E-04       3.00030E-09       1.40407E-09
       5.55000E-06       5.57500E-06       5.56250E-06       2.49996E-08       1.36066E-11       5.44273E-04       3.02752E-09       1.41768E-09
       5.57500E-06       5.60000E-06       5.58750E-06       2.50001E-08       1.36678E-11       5.46710E-04       3.05474E-09       1.43135E-09
       5.60000E-06       5.62500E-06       5.61250E-06       2.50001E-08       1.37290E-11       5.49156E-04       3.08214E-09       1.44508E-09
       5.62500E-06       5.65000E-06       5.63750E-06       2.50001E-08       1.37901E-11       5.51603E-04       3.10966E-09       1.45887E-09
       5.65000E-06       5.67500E-06       5.66250E-06       2.50001E-08       1.38513E-11       5.54050E-04       3.13731E-09       1.47272E-09
       5.67500E-06       5.70000E-06       5.68750E-06       2.49996E-08       1.39121E-11       5.56493E-04       3.16506E-09       1.48663E-09
       5.70000E-06       5.72500E-06       5.71250E-06       2.50001E-08       1.39733E-11       5.58930E-04       3.19288E-09       1.50060E-09
       5.72500E-06       5.75000E-06       5.73750E-06       2.50001E-08       1.40345E-11       5.61376E-04       3.22090E-09       1.51464E-09
       5.75000E-06       5.77500E-06       5.76250E-06       2.50001E-08       1.40956E-11       5.63823E-04       3.24903E-09       1.52873E-09
       5.77500E-06       5.80000E-06       5.78750E-06       2.50001E-08       1.41568E-11       5.66270E-04       3.27729E-09       1.54289E-09
       5.80000E-06       5.82500E-06       5.81250E-06       2.49996E-08       1.42180E-11       5.68728E-04       3.30573E-09       1.55711E-09
       5.82500E-06       5.85000E-06       5.83750E-06       2.50001E-08       1.42792E-11       5.71164E-04       3.33417E-09       1.57139E-09
       5.85000E-06       5.87500E-06       5.86250E-06       2.50001E-08       1.43403E-11       5.73611E-04       3.36279E-09       1.58573E-09
       5.87500E-06       5.90000E-06       5.88750E-06       2.50001E-08       1.44015E-11       5.76058E-04       3.39154E-09       1.60013E-09
       5.90000E-06       5.92500E-06       5.91250E-06       2.50001E-08       1.44627E-11       5.78504E-04       3.42041E-09       1.61459E-09
       5.92500E-06       5.95000E-06       5.93750E-06       2.49996E-08       1.45238E-11       5.80962E-04       3.44946E-09       1.62911E-09
       5.95000E-06       5.97500E-06       5.96250E-06       2.50001E-08       1.45850E-11       5.83398E-04       3.47851E-09       1.64370E-09
       5.97500E-06       6.00000E-06       5.98750E-06       2.50001E-08       1.46462E-11       5.85845E-04       3.50775E-09       1.65835E-09
       6.00000E-06       6.02500E-06       6.01250E-06       2.50001E-08       1.47074E-11       5.88292E-04       3.53710E-09       1.67305E-09
       6.02500E-06       6.05000E-06       6.03750E-06       2.50001E-08       1.47685E-11       5.90739E-04       3.56659E-09       1.68782E-09
       6.05000E-06       6.07500E-06       6.06250E-06       2.49996E-08       1.48297E-11       5.93197E-04       3.59626E-09       1.70265E-09
       6.07500E-06       6.10000E-06       6.08750E-06       2.50001E-08       1.48909E-11       5.95632E-04       3.62591E-09       1.71754E-09
       6.10000E-06       6.12500E-06       6.11250E-06       2.50001E-08       1.49520E-11       5.98079E-04       3.65576E-09       1.73249E-09
       6.12500E-06       6.15000E-06       6.13750E-06       2.50001E-08       1.50132E-11       6.00526E-04       3.68573E-09       1.74751E-09
       6.15000E-06       6.17500E-06       6.16250E-06       2.50001E-08       1.50740E-11       6.02959E-04       3.71573E-09       1.76258E-09
       6.17500E-06       6.20000E-06       6.18750E-06       2.49996E-08       1.51352E-11       6.05417E-04       3.74602E-09       1.77772E-09
       6.20000E-06       6.22500E-06       6.21250E-06       2.50001E-08       1.51964E-11       6.07853E-04       3.77628E-09       1.79291E-09
       6.22500E-06       6.25000E-06       6.23750E-06       2.50001E-08       1.52575E-11       6.10299E-04       3.80674E-09       1.80817E-09
       6.25000E-06       6.27500E-06       6.26250E-06       2.50001E-08       1.53187E-11       6.12746E-04       3.83732E-09       1.82349E-09
       6.27500E-06       6.30000E-06       6.28750E-06       2.50001E-08       1.53799E-11       6.15193E-04       3.86803E-09       1.83887E-09
       6.30000E-06       6.32500E-06       6.31250E-06       2.49996E-08       1.54411E-11       6.17652E-04       3.89893E-09       1.85431E-09
       6.32500E-06       6.35000E-06       6.33750E-06       2.50001E-08       1.55022E-11       6.20087E-04       3.92980E-09       1.86981E-09
       6.35000E-06       6.37500E-06       6.36250E-06       2.50001E-08       1.55634E-11       6.22534E-04       3.96087E-09       1.88538E-09
       6.37500E-06       6.40000E-06       6.38750E-06       2.50001E-08       1.56246E-11       6.24981E-04       3.99206E-09       1.90100E-09
       6.40000E-06       6.42500E-06       6.41250E-06       2.50001E-08       1.56857E-11       6.27427E-04       4.02338E-09       1.91669E-09
       6.42500E-06       6.45000E-06       6.43750E-06       2.49996E-08       1.57469E-11       6.29886E-04       4.05489E-09       1.93243E-09
       6.45000E-06       6.47500E-06       6.46250E-06       2.50001E-08       1.58081E-11       6.32321E-04       4.08638E-09       1.94824E-09
       6.47500E-06       6.50000E-06       6.48750E-06       2.50001E-08       1.58693E-11       6.34768E-04       4.11806E-09       1.96411E-09
       6.50000E-06       6.52500E-06       6.51250E-06       2.50001E-08       1.59304E-11       6.37215E-04       4.14986E-09       1.98004E-09
       6.52500E-06       6.55000E-06       6.53750E-06       2.50001E-08       1.59916E-11       6.39662E-04       4.18179E-09       1.99603E-09
       6.55000E-06       6.57500E-06       6.56250E-06       2.49996E-08       1.60528E-11       6.42121E-04       4.21392E-09       2.01208E-09
       6.57500E-06       6.60000E-06       6.58750E-06       2.50001E-08       1.61139E-11       6.44555E-04       4.24601E-09       2.02820E-09
       6.60000E-06       6.62500E-06       6.61250E-06       2.50001E-08       1.61751E-11       6.47002E-04       4.27830E-09       2.04437E-09
       6.62500E-06       6.65000E-06       6.63750E-06       2.50001E-08       1.62359E-11       6.49435E-04       4.31062E-09       2.06061E-09
       6.65000E-06       6.67500E-06       6.66250E-06       2.50001E-08       1.62971E-11       6.51882E-04       4.34316E-09       2.07691E-09
       6.67500E-06       6.70000E-06       6.68750E-06       2.49996E-08       1.63583E-11       6.54341E-04       4.37591E-09       2.09327E-09
       6.70000E-06       6.72500E-06       6.71250E-06       2.50001E-08       1.64195E-11       6.56775E-04       4.40861E-09       2.10968E-09
       6.72500E-06       6.75000E-06       6.73750E-06       2.50001E-08       1.64806E-11       6.59222E-04       4.44151E-09       2.12617E-09
       6.75000E-06       6.77500E-06       6.76250E-06       2.50001E-08       1.65418E-11       6.61669E-04       4.47454E-09       2.14271E-09
       6.77500E-06       6.80000E-06       6.78750E-06       2.50001E-08       1.66030E-11       6.64116E-04       4.50769E-09       2.15931E-09
       6.80000E-06       6.82500E-06       6.81250E-06       2.49996E-08       1.66641E-11       6.66576E-04       4.54105E-09       2.17597E-09
       6.82500E-06       6.85000E-06       6.83750E-06       2.50001E-08       1.67253E-11       6.69010E-04       4.57435E-09       2.19270E-09
       6.85000E-06       6.87500E-06       6.86250E-06       2.50001E-08       1.67865E-11       6.71457E-04       4.60787E-09       2.20949E-09
       6.87500E-06       6.90000E-06       6.88750E-06       2.50001E-08       1.68477E-11       6.73904E-04       4.64151E-09       2.22633E-09
       6.90000E-06       6.92500E-06       6.91250E-06       2.50001E-08       1.69088E-11       6.76350E-04       4.67527E-09       2.24324E-09
       6.92500E-06       6.95000E-06       6.93750E-06       2.49996E-08       1.69700E-11       6.78810E-04       4.70925E-09       2.26021E-09
       6.95000E-06       6.97500E-06       6.96250E-06       2.50001E-08       1.70312E-11       6.81244E-04       4.74316E-09       2.27724E-09
       6.97500E-06       7.00000E-06       6.98750E-06       2.50001E-08       1.70923E-11       6.83691E-04       4.77729E-09       2.29434E-09
       7.00000E-06       7.02500E-06       7.01250E-06       2.50001E-08       1.71535E-11       6.86138E-04       4.81154E-09       2.31149E-09
       7.02500E-06       7.05000E-06       7.03750E-06       2.50001E-08       1.72147E-11       6.88585E-04       4.84592E-09       2.32870E-09
       7.05000E-06       7.07500E-06       7.06250E-06       2.49996E-08       1.72759E-11       6.91045E-04       4.88050E-09       2.34598E-09
       7.07500E-06       7.10000E-06       7.08750E-06       2.50001E-08       1.73370E-11       6.93478E-04       4.91503E-09       2.36332E-09
       7.10000E-06       7.12500E-06       7.11250E-06       2.50001E-08       1.73978E-11       6.95911E-04       4.94967E-09       2.38072E-09
       7.12500E-06       7.15000E-06       7.13750E-06       2.50001E-08       1.74590E-11       6.98358E-04       4.98453E-09       2.39817E-09
       7.15000E-06       7.17500E-06       7.16250E-06       2.50001E-08       1.75202E-11       7.00805E-04       5.01951E-09       2.41569E-09
       7.17500E-06       7.20000E-06       7.18750E-06       2.49996E-08       1.75814E-11       7.03265E-04       5.05472E-09       2.43328E-09
       7.20000E-06       7.22500E-06       7.21250E-06       2.50001E-08       1.76425E-11       7.05698E-04       5.08985E-09       2.45092E-09
       7.22500E-06       7.25000E-06       7.23750E-06       2.50001E-08       1.77037E-11       7.08145E-04       5.12520E-09       2.46862E-09
       7.25000E-06       7.27500E-06       7.26250E-06       2.50001E-08       1.77649E-11       7.10592E-04       5.16068E-09       2.48639E-09
       7.27500E-06       7.30000E-06       7.28750E-06       2.50001E-08       1.78260E-11       7.13039E-04       5.19627E-09       2.50421E-09
       7.30000E-06       7.32500E-06       7.31250E-06       2.49996E-08       1.78872E-11       7.15500E-04       5.23209E-09       2.52210E-09
       7.32500E-06       7.35000E-06       7.33750E-06       2.50001E-08       1.79484E-11       7.17933E-04       5.26783E-09       2.54005E-09
       7.35000E-06       7.37500E-06       7.36250E-06       2.50001E-08       1.80096E-11       7.20380E-04       5.30380E-09       2.55806E-09
       7.37500E-06       7.40000E-06       7.38750E-06       2.50001E-08       1.80707E-11       7.22827E-04       5.33988E-09       2.57613E-09
       7.40000E-06       7.42500E-06       7.41250E-06       2.50001E-08       1.81319E-11       7.25273E-04       5.37609E-09       2.59426E-09
       7.42500E-06       7.45000E-06       7.43750E-06       2.49996E-08       1.81931E-11       7.27734E-04       5.41252E-09       2.61245E-09
       7.45000E-06       7.47500E-06       7.46250E-06       2.50001E-08       1.82542E-11       7.30167E-04       5.44887E-09       2.63071E-09
       7.47500E-06       7.50000E-06       7.48750E-06       2.50001E-08       1.83154E-11       7.32614E-04       5.48545E-09       2.64902E-09
       7.50000E-06       7.52500E-06       7.51250E-06       2.50001E-08       1.83766E-11       7.35061E-04       5.52214E-09       2.66740E-09
       7.52500E-06       7.55000E-06       7.53750E-06       2.50001E-08       1.84378E-11       7.37508E-04       5.55896E-09       2.68584E-09
       7.55000E-06       7.57500E-06       7.56250E-06       2.49996E-08       1.84989E-11       7.39969E-04       5.59601E-09       2.70434E-09
       7.57500E-06       7.60000E-06       7.58750E-06       2.50001E-08       1.85597E-11       7.42387E-04       5.63286E-09       2.72290E-09
       7.60000E-06       7.62500E-06       7.61250E-06       2.50001E-08       1.86209E-11       7.44834E-04       5.67005E-09       2.74152E-09
       7.62500E-06       7.65000E-06       7.63750E-06       2.50001E-08       1.86821E-11       7.47281E-04       5.70736E-09       2.76020E-09
       7.65000E-06       7.67500E-06       7.66250E-06       2.50001E-08       1.87433E-11       7.49728E-04       5.74479E-09       2.77894E-09
       7.67500E-06       7.70000E-06       7.68750E-06       2.49996E-08       1.88044E-11       7.52189E-04       5.78245E-09       2.79775E-09
       7.70000E-06       7.72500E-06       7.71250E-06       2.50001E-08       1.88656E-11       7.54621E-04       5.82002E-09       2.81661E-09
       7.72500E-06       7.75000E-06       7.73750E-06       2.50001E-08       1.89268E-11       7.57068E-04       5.85782E-09       2.83554E-09
       7.75000E-06       7.77500E-06       7.76250E-06       2.50001E-08       1.89880E-11       7.59515E-04       5.89574E-09       2.85453E-09
       7.77500E-06       7.80000E-06       7.78750E-06       2.50001E-08       1.90491E-11       7.61962E-04       5.93378E-09       2.87358E-09
       7.80000E-06       7.82500E-06       7.81250E-06       2.49996E-08       1.91103E-11       7.64423E-04       5.97206E-09       2.89269E-09
       7.82500E-06       7.85000E-06       7.83750E-06       2.50001E-08       1.91715E-11       7.66856E-04       6.01023E-09       2.91186E-09
       7.85000E-06       7.87500E-06       7.86250E-06       2.50001E-08       1.92326E-11       7.69303E-04       6.04864E-09       2.93109E-09
       7.87500E-06       7.90000E-06       7.88750E-06       2.50001E-08       1.92938E-11       7.71749E-04       6.08717E-09       2.95039E-09
       7.90000E-06       7.92500E-06       7.91250E-06       2.50001E-08       1.93550E-11       7.74196E-04       6.12583E-09       2.96974E-09
       7.92500E-06       7.95000E-06       7.93750E-06       2.49996E-08       1.94162E-11       7.76658E-04       6.16472E-09       2.98916E-09
       7.95000E-06       7.97500E-06       7.96250E-06       2.50001E-08       1.94773E-11       7.79090E-04       6.20350E-09       3.00863E-09
       7.97500E-06       8.00000E-06       7.98750E-06       2.50001E-08       1.95385E-11       7.81537E-04       6.24253E-09       3.02817E-09
       8.00000E-06       8.02500E-06       8.01250E-06       2.49996E-08       1.95997E-11       7.83999E-04       6.28179E-09       3.04777E-09
       8.02500E-06       8.05000E-06       8.03750E-06       2.50006E-08       1.96608E-11       7.86416E-04       6.32082E-09       3.06743E-09
       8.05000E-06       8.07500E-06       8.06250E-06       2.49996E-08       1.97217E-11       7.88878E-04       6.36033E-09       3.08715E-09
       8.07500E-06       8.10000E-06       8.08750E-06       2.50006E-08       1.97828E-11       7.91295E-04       6.39960E-09       3.10694E-09
       8.10000E-06       8.12500E-06       8.11250E-06       2.49996E-08       1.98440E-11       7.93772E-04       6.43948E-09       3.12678E-09
       8.12500E-06       8.15000E-06       8.13750E-06       2.49996E-08       1.99052E-11       7.96219E-04       6.47923E-09       3.14669E-09
       8.15000E-06       8.17500E-06       8.16250E-06       2.50006E-08       1.99663E-11       7.98635E-04       6.51886E-09       3.16665E-09
       8.17500E-06       8.20000E-06       8.18750E-06       2.49996E-08       2.00275E-11       8.01113E-04       6.55911E-09       3.18668E-09
       8.20000E-06       8.22500E-06       8.21250E-06       2.50006E-08       2.00887E-11       8.03529E-04       6.59898E-09       3.20677E-09
       8.22500E-06       8.25000E-06       8.23750E-06       2.49996E-08       2.01499E-11       8.06007E-04       6.63948E-09       3.22692E-09
       8.25000E-06       8.27500E-06       8.26250E-06       2.49996E-08       2.02110E-11       8.08453E-04       6.67985E-09       3.24713E-09
       8.27500E-06       8.30000E-06       8.28750E-06       2.50006E-08       2.02722E-11       8.10870E-04       6.72008E-09       3.26740E-09
       8.30000E-06       8.32500E-06       8.31250E-06       2.49996E-08       2.03334E-11       8.13347E-04       6.76095E-09       3.28774E-09
       8.32500E-06       8.35000E-06       8.33750E-06       2.50006E-08       2.03945E-11       8.15763E-04       6.80143E-09       3.30813E-09
       8.35000E-06       8.37500E-06       8.36250E-06       2.49996E-08       2.04557E-11       8.18241E-04       6.84254E-09       3.32859E-09
       8.37500E-06       8.40000E-06       8.38750E-06       2.49996E-08       2.05169E-11       8.20688E-04       6.88352E-09       3.34910E-09
       8.40000E-06       8.42500E-06       8.41250E-06       2.50006E-08       2.05781E-11       8.23104E-04       6.92436E-09       3.36968E-09
       8.42500E-06       8.45000E-06       8.43750E-06       2.49996E-08       2.06392E-11       8.25582E-04       6.96585E-09       3.39032E-09
       8.45000E-06       8.47500E-06       8.46250E-06       2.50006E-08       2.07004E-11       8.27997E-04       7.00693E-09       3.41102E-09
       8.47500E-06       8.50000E-06       8.48750E-06       2.49996E-08       2.07616E-11       8.30476E-04       7.04866E-09       3.43178E-09
       8.50000E-06       8.52500E-06       8.51250E-06       2.49996E-08       2.08227E-11       8.32923E-04       7.09025E-09       3.45260E-09
       8.52500E-06       8.55000E-06       8.53750E-06       2.50006E-08       2.08836E-11       8.35323E-04       7.13157E-09       3.47349E-09
       8.55000E-06       8.57500E-06       8.56250E-06       2.49996E-08       2.09447E-11       8.37802E-04       7.17368E-09       3.49443E-09
       8.57500E-06       8.60000E-06       8.58750E-06       2.50006E-08       2.10059E-11       8.40217E-04       7.21536E-09       3.51544E-09
       8.60000E-06       8.62500E-06       8.61250E-06       2.49996E-08       2.10671E-11       8.42696E-04       7.25772E-09       3.53651E-09
       8.62500E-06       8.65000E-06       8.63750E-06       2.49996E-08       2.11283E-11       8.45143E-04       7.29992E-09       3.55763E-09
       8.65000E-06       8.67500E-06       8.66250E-06       2.50006E-08       2.11894E-11       8.47557E-04       7.34197E-09       3.57882E-09
       8.67500E-06       8.70000E-06       8.68750E-06       2.49996E-08       2.12506E-11       8.50037E-04       7.38470E-09       3.60007E-09
       8.70000E-06       8.72500E-06       8.71250E-06       2.50006E-08       2.13118E-11       8.52451E-04       7.42698E-09       3.62139E-09
       8.72500E-06       8.75000E-06       8.73750E-06       2.49996E-08       2.13729E-11       8.54930E-04       7.46996E-09       3.64276E-09
       8.75000E-06       8.77500E-06       8.76250E-06       2.49996E-08       2.14341E-11       8.57377E-04       7.51277E-09       3.66419E-09
       8.77500E-06       8.80000E-06       8.78750E-06       2.50006E-08       2.14953E-11       8.59792E-04       7.55542E-09       3.68569E-09
       8.80000E-06       8.82500E-06       8.81250E-06       2.49996E-08       2.15565E-11       8.62271E-04       7.59877E-09       3.70724E-09
       8.82500E-06       8.85000E-06       8.83750E-06       2.50006E-08       2.16176E-11       8.64685E-04       7.64166E-09       3.72886E-09
       8.85000E-06       8.87500E-06       8.86250E-06       2.49996E-08       2.16788E-11       8.67165E-04       7.68525E-09       3.75054E-09
       8.87500E-06       8.90000E-06       8.88750E-06       2.49996E-08       2.17400E-11       8.69612E-04       7.72868E-09       3.77228E-09
       8.90000E-06       8.92500E-06       8.91250E-06       2.50006E-08       2.18011E-11       8.72026E-04       7.77193E-09       3.79408E-09
       8.92500E-06       8.95000E-06       8.93750E-06       2.49996E-08       2.18623E-11       8.74506E-04       7.81590E-09       3.81594E-09
       8.95000E-06       8.97500E-06       8.96250E-06       2.50006E-08       2.19235E-11       8.76919E-04       7.85939E-09       3.83787E-09
       8.97500E-06       9.00000E-06       8.98750E-06       2.49996E-08       2.19847E-11       8.79400E-04       7.90360E-09       3.85985E-09
       9.00000E-06       9.02500E-06       9.01250E-06       2.49996E-08       2.20455E-11       8.81832E-04       7.94751E-09       3.88190E-09
       9.02500E-06       9.05000E-06       9.03750E-06       2.50006E-08       2.21066E-11       8.84245E-04       7.99137E-09       3.90400E-09
       9.05000E-06       9.07500E-06       9.06250E-06       2.49996E-08       2.21678E-11       8.86726E-04       8.03596E-09       3.92617E-09
       9.07500E-06       9.10000E-06       9.08750E-06       2.50006E-08       2.22290E-11       8.89139E-04       8.08005E-09       3.94840E-09
       9.10000E-06       9.12500E-06       9.11250E-06       2.49996E-08       2.22902E-11       8.91620E-04       8.12489E-09       3.97069E-09
       9.12500E-06       9.15000E-06       9.13750E-06       2.49996E-08       2.23513E-11       8.94067E-04       8.16954E-09       3.99304E-09
       9.15000E-06       9.17500E-06       9.16250E-06       2.50006E-08       2.24125E-11       8.96480E-04       8.21399E-09       4.01546E-09
       9.17500E-06       9.20000E-06       9.18750E-06       2.49996E-08       2.24737E-11       8.98961E-04       8.25920E-09       4.03793E-09
       9.20000E-06       9.22500E-06       9.21250E-06       2.50006E-08       2.25348E-11       9.01373E-04       8.30390E-09       4.06046E-09
       9.22500E-06       9.25000E-06       9.23750E-06       2.49996E-08       2.25960E-11       9.03854E-04       8.34936E-09       4.08306E-09
       9.25000E-06       9.27500E-06       9.26250E-06       2.49996E-08       2.26572E-11       9.06301E-04       8.39462E-09       4.10572E-09
       9.27500E-06       9.30000E-06       9.28750E-06       2.50006E-08       2.27184E-11       9.08714E-04       8.43968E-09       4.12843E-09
       9.30000E-06       9.32500E-06       9.31250E-06       2.49996E-08       2.27795E-11       9.11195E-04       8.48551E-09       4.15121E-09
       9.32500E-06       9.35000E-06       9.33750E-06       2.50006E-08       2.28407E-11       9.13607E-04       8.53081E-09       4.17406E-09
       9.35000E-06       9.37500E-06       9.36250E-06       2.49996E-08       2.29019E-11       9.16089E-04       8.57688E-09       4.19696E-09
       9.37500E-06       9.40000E-06       9.38750E-06       2.49996E-08       2.29630E-11       9.18536E-04       8.62276E-09       4.21992E-09
       9.40000E-06       9.42500E-06       9.41250E-06       2.50006E-08       2.30242E-11       9.20948E-04       8.66842E-09       4.24294E-09
       9.42500E-06       9.45000E-06       9.43750E-06       2.49996E-08       2.30854E-11       9.23430E-04       8.71487E-09       4.26603E-09
       9.45000E-06       9.47500E-06       9.46250E-06       2.50006E-08       2.31466E-11       9.25841E-04       8.76077E-09       4.28918E-09
       9.47500E-06       9.50000E-06       9.48750E-06       2.49996E-08       2.32074E-11       9.28309E-04       8.80733E-09       4.31238E-09
       9.50000E-06       9.52500E-06       9.51250E-06       2.49996E-08       2.32685E-11       9.30756E-04       8.85382E-09       4.33565E-09
       9.52500E-06       9.55000E-06       9.53750E-06       2.50006E-08       2.33297E-11       9.33167E-04       8.90008E-09       4.35898E-09
       9.55000E-06       9.57500E-06       9.56250E-06       2.49996E-08       2.33909E-11       9.35650E-04       8.94715E-09       4.38237E-09
       9.57500E-06       9.60000E-06       9.58750E-06       2.50006E-08       2.34521E-11       9.38061E-04       8.99366E-09       4.40582E-09
       9.60000E-06       9.62500E-06       9.61250E-06       2.49996E-08       2.35132E-11       9.40544E-04       9.04098E-09       4.42934E-09
       9.62500E-06       9.65000E-06       9.63750E-06       2.49996E-08       2.35744E-11       9.42991E-04       9.08807E-09       4.45291E-09
       9.65000E-06       9.67500E-06       9.66250E-06       2.50006E-08       2.36356E-11       9.45402E-04       9.13494E-09       4.47655E-09
       9.67500E-06       9.70000E-06       9.68750E-06       2.49996E-08       2.36968E-11       9.47885E-04       9.18263E-09       4.50024E-09
       9.70000E-06       9.72500E-06       9.71250E-06       2.50006E-08       2.37579E-11       9.50295E-04       9.22974E-09       4.52400E-09
       9.72500E-06       9.75000E-06       9.73750E-06       2.49996E-08       2.38191E-11       9.52778E-04       9.27768E-09       4.54782E-09
       9.75000E-06       9.77500E-06       9.76250E-06       2.49996E-08       2.38803E-11       9.55225E-04       9.32539E-09       4.57170E-09
       9.77500E-06       9.80000E-06       9.78750E-06       2.50006E-08       2.39414E-11       9.57636E-04       9.37286E-09       4.59564E-09
       9.80000E-06       9.82500E-06       9.81250E-06       2.49996E-08       2.40026E-11       9.60119E-04       9.42117E-09       4.61965E-09
       9.82500E-06       9.85000E-06       9.83750E-06       2.50006E-08       2.40638E-11       9.62529E-04       9.46888E-09       4.64371E-09
       9.85000E-06       9.87500E-06       9.86250E-06       2.49996E-08       2.41250E-11       9.65013E-04       9.51744E-09       4.66784E-09
       9.87500E-06       9.90000E-06       9.88750E-06       2.49996E-08       2.41861E-11       9.67460E-04       9.56576E-09       4.69202E-09
       9.90000E-06       9.92500E-06       9.91250E-06       2.50006E-08       2.42473E-11       9.69870E-04       9.61383E-09       4.71627E-09
       9.92500E-06       9.95000E-06       9.93750E-06       2.49996E-08       2.43085E-11       9.72354E-04       9.66276E-09       4.74058E-09
       9.95000E-06       9.97500E-06       9.96250E-06       2.50006E-08       2.43693E-11       9.74749E-04       9.71094E-09       4.76495E-09
       9.97500E-06       1.00000E-05       9.98750E-06       2.49996E-08       2.44305E-11       9.77233E-04       9.76012E-09       4.78938E-09
       1.00000E-05       1.04713E-05       1.02356E-05       4.71300E-07       4.71989E-10       1.00146E-03       1.02506E-08       5.26137E-09
       1.04713E-05       1.09648E-05       1.07180E-05       4.93500E-07       5.17528E-10       1.04869E-03       1.12399E-08       5.77889E-09
       1.09648E-05       1.14815E-05       1.12232E-05       5.16700E-07       5.67467E-10       1.09825E-03       1.23259E-08       6.34636E-09
       1.14815E-05       1.20226E-05       1.17521E-05       5.41101E-07       6.22200E-10       1.14988E-03       1.35134E-08       6.96856E-09
       1.20226E-05       1.25892E-05       1.23059E-05       5.66600E-07       6.82227E-10       1.20407E-03       1.48172E-08       7.65079E-09
       1.25892E-05       1.31826E-05       1.28859E-05       5.93400E-07       7.48085E-10       1.26068E-03       1.62449E-08       8.39887E-09
       1.31826E-05       1.38038E-05       1.34932E-05       6.21200E-07       8.20239E-10       1.32041E-03       1.78166E-08       9.21911E-09
       1.38038E-05       1.44544E-05       1.41291E-05       6.50600E-07       8.99369E-10       1.38237E-03       1.95316E-08       1.01185E-08
       1.44544E-05       1.51356E-05       1.47950E-05       6.81200E-07       9.86119E-10       1.44762E-03       2.14175E-08       1.11046E-08
       1.51356E-05       1.58489E-05       1.54922E-05       7.13300E-07       1.08127E-09       1.51588E-03       2.34843E-08       1.21859E-08
       1.58489E-05       1.65959E-05       1.62224E-05       7.47000E-07       1.18559E-09       1.58713E-03       2.57471E-08       1.33715E-08
       1.65959E-05       1.73780E-05       1.69869E-05       7.82101E-07       1.29999E-09       1.66218E-03       2.82353E-08       1.46715E-08
       1.73780E-05       1.81970E-05       1.77875E-05       8.19000E-07       1.42541E-09       1.74043E-03       3.09579E-08       1.60969E-08
       1.81970E-05       1.90546E-05       1.86258E-05       8.57599E-07       1.56292E-09       1.82244E-03       3.39444E-08       1.76598E-08
       1.90546E-05       1.99526E-05       1.95036E-05       8.98001E-07       1.71371E-09       1.90836E-03       3.72198E-08       1.93735E-08
       1.99526E-05       2.08930E-05       2.04228E-05       9.40399E-07       1.87905E-09       1.99814E-03       4.08076E-08       2.12525E-08
       2.08930E-05       2.18776E-05       2.13853E-05       9.84600E-07       2.06035E-09       2.09257E-03       4.47503E-08       2.33129E-08
       2.18776E-05       2.29087E-05       2.23932E-05       1.03110E-06       2.25910E-09       2.19096E-03       4.90625E-08       2.55720E-08
       2.29087E-05       2.39883E-05       2.34485E-05       1.07960E-06       2.47707E-09       2.29443E-03       5.38010E-08       2.80491E-08
       2.39883E-05       2.51189E-05       2.45536E-05       1.13060E-06       2.71603E-09       2.40229E-03       5.89849E-08       3.07651E-08
       2.51189E-05       2.63027E-05       2.57108E-05       1.18380E-06       2.97810E-09       2.51571E-03       6.46810E-08       3.37432E-08
       2.63027E-05       2.75423E-05       2.69225E-05       1.23960E-06       3.26429E-09       2.63334E-03       7.08961E-08       3.70075E-08
       2.75423E-05       2.88403E-05       2.81913E-05       1.29800E-06       3.52525E-09       2.71591E-03       7.65650E-08       4.05327E-08
       2.88403E-05       3.01995E-05       2.95199E-05       1.35920E-06       3.77162E-09       2.77488E-03       8.19143E-08       4.43043E-08
       3.01995E-05       3.16228E-05       3.09111E-05       1.42330E-06       4.03734E-09       2.83660E-03       8.76826E-08       4.83417E-08
       3.16228E-05       3.31131E-05       3.23679E-05       1.49030E-06       4.32403E-09       2.90145E-03       9.39140E-08       5.26657E-08
       3.31131E-05       3.46737E-05       3.38934E-05       1.56060E-06       4.63357E-09       2.96909E-03       1.00633E-07       5.72993E-08
       3.46737E-05       3.63078E-05       3.54907E-05       1.63410E-06       4.96787E-09       3.04012E-03       1.07896E-07       6.22671E-08
       3.63078E-05       3.80189E-05       3.71634E-05       1.71110E-06       5.32910E-09       3.11443E-03       1.15743E-07       6.75963E-08
       3.80189E-05       3.98107E-05       3.89148E-05       1.79180E-06       5.71967E-09       3.19214E-03       1.24222E-07       7.33159E-08
       3.98107E-05       4.16869E-05       4.07488E-05       1.87620E-06       6.14072E-09       3.27295E-03       1.33369E-07       7.94567E-08
       4.16869E-05       4.36516E-05       4.26692E-05       1.96470E-06       6.57794E-09       3.34806E-03       1.42859E-07       8.60346E-08
       4.36516E-05       4.57088E-05       4.46802E-05       2.05720E-06       7.04338E-09       3.42377E-03       1.52975E-07       9.30780E-08
       4.57088E-05       4.78630E-05       4.67859E-05       2.15420E-06       7.54574E-09       3.50281E-03       1.63882E-07       1.00624E-07
       4.78630E-05       5.01187E-05       4.89908E-05       2.25570E-06       8.08824E-09       3.58569E-03       1.75666E-07       1.08712E-07
       5.01187E-05       5.24808E-05       5.12998E-05       2.36210E-06       8.67438E-09       3.67231E-03       1.88389E-07       1.17386E-07
       5.24808E-05       5.49541E-05       5.37174E-05       2.47330E-06       9.30753E-09       3.76320E-03       2.02150E-07       1.26694E-07
       5.49541E-05       5.75440E-05       5.62490E-05       2.58990E-06       9.97040E-09       3.84973E-03       2.16544E-07       1.36664E-07
       5.75440E-05       6.02560E-05       5.89000E-05       2.71200E-06       1.06679E-08       3.93358E-03       2.31688E-07       1.47332E-07
       6.02560E-05       6.30957E-05       6.16758E-05       2.83970E-06       1.14200E-08       4.02156E-03       2.48033E-07       1.58752E-07
       6.30957E-05       6.60693E-05       6.45825E-05       2.97360E-06       1.22318E-08       4.11345E-03       2.65657E-07       1.70984E-07
       6.60693E-05       6.91831E-05       6.76262E-05       3.11380E-06       1.31082E-08       4.20970E-03       2.84686E-07       1.84092E-07
       6.91831E-05       7.24436E-05       7.08134E-05       3.26051E-06       1.40547E-08       4.31060E-03       3.05248E-07       1.98147E-07
       7.24436E-05       7.58578E-05       7.41507E-05       3.41420E-06       1.50777E-08       4.41617E-03       3.27462E-07       2.13224E-07
       7.58578E-05       7.94328E-05       7.76453E-05       3.57500E-06       1.61836E-08       4.52687E-03       3.51491E-07       2.29408E-07
       7.94328E-05       8.31764E-05       8.13046E-05       3.74360E-06       1.73770E-08       4.64180E-03       3.77399E-07       2.46785E-07
       8.31764E-05       8.70964E-05       8.51364E-05       3.92000E-06       1.86182E-08       4.74955E-03       4.04360E-07       2.65403E-07
       8.70964E-05       9.12011E-05       8.91488E-05       4.10471E-06       1.99371E-08       4.85714E-03       4.33008E-07       2.85340E-07
       9.12011E-05       9.54993E-05       9.33502E-05       4.29820E-06       2.13608E-08       4.96972E-03       4.63924E-07       3.06701E-07
       9.54993E-05       1.00000E-04       9.77497E-05       4.50070E-06       2.28983E-08       5.08771E-03       4.97322E-07       3.29600E-07
       1.00000E-04       1.04713E-04       1.02356E-04       4.71300E-06       2.45596E-08       5.21104E-03       5.33383E-07       3.54159E-07
       1.04713E-04       1.09648E-04       1.07181E-04       4.93501E-06       2.63542E-08       5.34025E-03       5.72371E-07       3.80513E-07
       1.09648E-04       1.14815E-04       1.12232E-04       5.16700E-06       2.82393E-08       5.46531E-03       6.13380E-07       4.08753E-07
       1.14815E-04       1.20226E-04       1.17520E-04       5.41100E-06       3.02170E-08       5.58436E-03       6.56277E-07       4.38970E-07
       1.20226E-04       1.25892E-04       1.23059E-04       5.66600E-06       3.23512E-08       5.70970E-03       7.02630E-07       4.71321E-07
       1.25892E-04       1.31826E-04       1.28859E-04       5.93401E-06       3.46544E-08       5.83996E-03       7.52532E-07       5.05975E-07
       1.31826E-04       1.38038E-04       1.34932E-04       6.21199E-06       3.71402E-08       5.97880E-03       8.06731E-07       5.43115E-07
       1.38038E-04       1.44544E-04       1.41291E-04       6.50601E-06       3.98264E-08       6.12148E-03       8.64910E-07       5.82942E-07
       1.44544E-04       1.51356E-04       1.47950E-04       6.81200E-06       4.27287E-08       6.27257E-03       9.28026E-07       6.25670E-07
       1.51356E-04       1.58489E-04       1.54922E-04       7.13300E-06       4.58674E-08       6.43032E-03       9.96201E-07       6.71538E-07
       1.58489E-04       1.65959E-04       1.62224E-04       7.47000E-06       4.92573E-08       6.59401E-03       1.06971E-06       7.20795E-07
       1.65959E-04       1.73780E-04       1.69870E-04       7.82100E-06       5.27895E-08       6.74971E-03       1.14657E-06       7.73585E-07
       1.73780E-04       1.81970E-04       1.77875E-04       8.19000E-06       5.65357E-08       6.90301E-03       1.22787E-06       8.30120E-07
       1.81970E-04       1.90546E-04       1.86258E-04       8.57600E-06       6.05801E-08       7.06391E-03       1.31571E-06       8.90700E-07
       1.90546E-04       1.99526E-04       1.95036E-04       8.98000E-06       6.49477E-08       7.23248E-03       1.41059E-06       9.55648E-07
       1.99526E-04       2.08930E-04       2.04228E-04       9.40399E-06       6.96679E-08       7.40833E-03       1.51299E-06       1.02532E-06
       2.08930E-04       2.18776E-04       2.13853E-04       9.84601E-06       7.47702E-08       7.59396E-03       1.62399E-06       1.10009E-06
       2.18776E-04       2.29087E-04       2.23932E-04       1.03110E-05       8.01398E-08       7.77226E-03       1.74045E-06       1.18023E-06
       2.29087E-04       2.39883E-04       2.34485E-04       1.07960E-05       8.57651E-08       7.94416E-03       1.86279E-06       1.26599E-06
       2.39883E-04       2.51189E-04       2.45536E-04       1.13060E-05       9.18318E-08       8.12240E-03       1.99434E-06       1.35782E-06
       2.51189E-04       2.63027E-04       2.57108E-04       1.18380E-05       9.83804E-08       8.31055E-03       2.13671E-06       1.45620E-06
       2.63027E-04       2.75423E-04       2.69225E-04       1.23960E-05       1.05451E-07       8.50685E-03       2.29026E-06       1.56165E-06
       2.75423E-04       2.88403E-04       2.81913E-04       1.29800E-05       1.13090E-07       8.71262E-03       2.45620E-06       1.67474E-06
       2.88403E-04       3.01995E-04       2.95199E-04       1.35920E-05       1.21346E-07       8.92776E-03       2.63547E-06       1.79609E-06
       3.01995E-04       3.16228E-04       3.09111E-04       1.42330E-05       1.30274E-07       9.15294E-03       2.82928E-06       1.92636E-06
       3.16228E-04       3.31131E-04       3.23680E-04       1.49030E-05       1.39921E-07       9.38878E-03       3.03896E-06       2.06628E-06
       3.31131E-04       3.46737E-04       3.38934E-04       1.56060E-05       1.49999E-07       9.61164E-03       3.25771E-06       2.21628E-06
       3.46737E-04       3.63078E-04       3.54908E-04       1.63410E-05       1.60663E-07       9.83191E-03       3.48942E-06       2.37695E-06
       3.63078E-04       3.80189E-04       3.71634E-04       1.71110E-05       1.72178E-07       1.00624E-02       3.73952E-06       2.54912E-06
       3.80189E-04       3.98107E-04       3.89148E-04       1.79180E-05       1.84616E-07       1.03034E-02       4.00954E-06       2.73374E-06
       3.98107E-04       4.16869E-04       4.07488E-04       1.87620E-05       1.98056E-07       1.05562E-02       4.30154E-06       2.93180E-06
       4.16869E-04       4.36516E-04       4.26692E-04       1.96470E-05       2.12588E-07       1.08204E-02       4.61696E-06       3.14438E-06
       4.36516E-04       4.57088E-04       4.46802E-04       2.05720E-05       2.27933E-07       1.10798E-02       4.95046E-06       3.37232E-06
       4.57088E-04       4.78630E-04       4.67859E-04       2.15420E-05       2.43984E-07       1.13260E-02       5.29895E-06       3.61630E-06
       4.78630E-04       5.01187E-04       4.89909E-04       2.25570E-05       2.61293E-07       1.15837E-02       5.67494E-06       3.87759E-06
       5.01187E-04       5.24808E-04       5.12998E-04       2.36210E-05       2.79980E-07       1.18530E-02       6.08057E-06       4.15757E-06
       5.24808E-04       5.49541E-04       5.37175E-04       2.47330E-05       3.00160E-07       1.21360E-02       6.51915E-06       4.45773E-06
       5.49541E-04       5.75440E-04       5.62491E-04       2.58990E-05       3.21966E-07       1.24316E-02       6.99267E-06       4.77970E-06
       5.75440E-04       6.02560E-04       5.89000E-04       2.71200E-05       3.45541E-07       1.27412E-02       7.50456E-06       5.12524E-06
       6.02560E-04       6.30957E-04       6.16758E-04       2.83970E-05       3.71034E-07       1.30660E-02       8.05855E-06       5.49627E-06
       6.30957E-04       6.60693E-04       6.45825E-04       2.97360E-05       3.98601E-07       1.34046E-02       8.65705E-06       5.89487E-06
       6.60693E-04       6.91831E-04       6.76262E-04       3.11380E-05       4.27480E-07       1.37286E-02       9.28411E-06       6.32236E-06
       6.91831E-04       7.24436E-04       7.08133E-04       3.26050E-05       4.57995E-07       1.40468E-02       9.94699E-06       6.78035E-06
       7.24436E-04       7.58578E-04       7.41507E-04       3.41420E-05       4.90945E-07       1.43795E-02       1.06625E-05       7.27130E-06
       7.58578E-04       7.94328E-04       7.76453E-04       3.57500E-05       5.26543E-07       1.47285E-02       1.14360E-05       7.79784E-06
       7.94328E-04       8.31764E-04       8.13046E-04       3.74360E-05       5.65024E-07       1.50931E-02       1.22714E-05       8.36286E-06
       8.31764E-04       8.70964E-04       8.51364E-04       3.92000E-05       6.06635E-07       1.54754E-02       1.31752E-05       8.96950E-06
       8.70964E-04       9.12011E-04       8.91487E-04       4.10470E-05       6.50714E-07       1.58529E-02       1.41327E-05       9.62021E-06
       9.12011E-04       9.54993E-04       9.33502E-04       4.29820E-05       6.96769E-07       1.62107E-02       1.51327E-05       1.03170E-05
       9.54993E-04       1.00000E-03       9.77497E-04       4.50070E-05       7.46429E-07       1.65847E-02       1.62115E-05       1.10634E-05
       1.00000E-03       1.04713E-03       1.02356E-03       4.71300E-05       8.00063E-07       1.69757E-02       1.73757E-05       1.18635E-05
       1.04713E-03       1.09648E-03       1.07180E-03       4.93500E-05       8.57980E-07       1.73856E-02       1.86340E-05       1.27215E-05
       1.09648E-03       1.14815E-03       1.12231E-03       5.16700E-05       9.20615E-07       1.78172E-02       1.99965E-05       1.36421E-05
       1.14815E-03       1.20226E-03       1.17520E-03       5.41100E-05       9.88294E-07       1.82645E-02       2.14646E-05       1.46304E-05
       1.20226E-03       1.25892E-03       1.23059E-03       5.66600E-05       1.06155E-06       1.87355E-02       2.30557E-05       1.56919E-05
       1.25892E-03       1.31826E-03       1.28859E-03       5.93400E-05       1.14080E-06       1.92248E-02       2.47729E-05       1.68327E-05
       1.31826E-03       1.38038E-03       1.34932E-03       6.21200E-05       1.22405E-06       1.97046E-02       2.65879E-05       1.80568E-05
       1.38038E-03       1.44544E-03       1.41291E-03       6.50599E-05       1.31192E-06       2.01649E-02       2.84911E-05       1.93687E-05
       1.44544E-03       1.51356E-03       1.47950E-03       6.81201E-05       1.40681E-06       2.06518E-02       3.05544E-05       2.07755E-05
       1.51356E-03       1.58489E-03       1.54923E-03       7.13300E-05       1.50937E-06       2.11604E-02       3.27823E-05       2.22849E-05
       1.58489E-03       1.65959E-03       1.62224E-03       7.47000E-05       1.62027E-06       2.16904E-02       3.51871E-05       2.39051E-05
       1.65959E-03       1.73780E-03       1.69870E-03       7.82101E-05       1.74022E-06       2.22506E-02       3.77971E-05       2.56454E-05
       1.73780E-03       1.81970E-03       1.77875E-03       8.18999E-05       1.86765E-06       2.28040E-02       4.05627E-05       2.75130E-05
       1.81970E-03       1.90546E-03       1.86258E-03       8.57600E-05       2.00063E-06       2.33282E-02       4.34507E-05       2.95136E-05
       1.90546E-03       1.99526E-03       1.95036E-03       8.98001E-05       2.14399E-06       2.38752E-02       4.65652E-05       3.16576E-05
       1.99526E-03       2.08930E-03       2.04228E-03       9.40400E-05       2.29889E-06       2.44459E-02       4.99253E-05       3.39565E-05
       2.08930E-03       2.18776E-03       2.13853E-03       9.84600E-05       2.46627E-06       2.50485E-02       5.35669E-05       3.64228E-05
       2.18776E-03       2.29087E-03       2.23932E-03       1.03110E-04       2.64721E-06       2.56736E-02       5.74913E-05       3.90700E-05
       2.29087E-03       2.39883E-03       2.34485E-03       1.07960E-04       2.84293E-06       2.63332E-02       6.17473E-05       4.19129E-05
       2.39883E-03       2.51189E-03       2.45536E-03       1.13060E-04       3.05471E-06       2.70186E-02       6.63403E-05       4.49676E-05
       2.51189E-03       2.63027E-03       2.57108E-03       1.18380E-04       3.28398E-06       2.77409E-02       7.13242E-05       4.82516E-05
       2.63027E-03       2.75423E-03       2.69225E-03       1.23960E-04       3.52330E-06       2.84229E-02       7.65216E-05       5.17749E-05
       2.75423E-03       2.88403E-03       2.81913E-03       1.29800E-04       3.77284E-06       2.90665E-02       8.19423E-05       5.55478E-05
       2.88403E-03       3.01995E-03       2.95199E-03       1.35920E-04       4.04210E-06       2.97388E-02       8.77887E-05       5.95899E-05
       3.01995E-03       3.16228E-03       3.09112E-03       1.42330E-04       4.33290E-06       3.04426E-02       9.41016E-05       6.39228E-05
       3.16228E-03       3.31131E-03       3.23679E-03       1.49030E-04       4.64706E-06       3.11820E-02       1.00930E-04       6.85698E-05
       3.31131E-03       3.46737E-03       3.38934E-03       1.56060E-04       4.98672E-06       3.19539E-02       1.08302E-04       7.35565E-05
       3.46737E-03       3.63078E-03       3.54907E-03       1.63410E-04       5.34849E-06       3.27305E-02       1.16163E-04       7.89050E-05
       3.63078E-03       3.80189E-03       3.71633E-03       1.71110E-04       5.72654E-06       3.34671E-02       1.24375E-04       8.46316E-05
       3.80189E-03       3.98107E-03       3.89148E-03       1.79180E-04       6.13385E-06       3.42329E-02       1.33217E-04       9.07654E-05
       3.98107E-03       4.16869E-03       4.07488E-03       1.87620E-04       6.57361E-06       3.50369E-02       1.42771E-04       9.73390E-05
       4.16869E-03       4.36516E-03       4.26693E-03       1.96470E-04       7.04860E-06       3.58762E-02       1.53081E-04       1.04388E-04
       4.36516E-03       4.57088E-03       4.46802E-03       2.05720E-04       7.56195E-06       3.67585E-02       1.64238E-04       1.11950E-04
       4.57088E-03       4.78630E-03       4.67859E-03       2.15420E-04       8.11693E-06       3.76796E-02       1.76287E-04       1.20067E-04
       4.78630E-03       5.01187E-03       4.89909E-03       2.25570E-04       8.71724E-06       3.86453E-02       1.89327E-04       1.28784E-04
       5.01187E-03       5.24807E-03       5.12997E-03       2.36200E-04       9.36691E-06       3.96567E-02       2.03438E-04       1.38151E-04
       5.24807E-03       5.49541E-03       5.37174E-03       2.47340E-04       1.00545E-05       4.06503E-02       2.18363E-04       1.48205E-04
       5.49541E-03       5.75440E-03       5.62491E-03       2.58990E-04       1.07789E-05       4.16192E-02       2.34104E-04       1.58984E-04
       5.75440E-03       6.02560E-03       5.89000E-03       2.71200E-04       1.15616E-05       4.26312E-02       2.51098E-04       1.70546E-04
       6.02560E-03       6.30957E-03       6.16759E-03       2.83970E-04       1.24075E-05       4.36929E-02       2.69480E-04       1.82953E-04
       6.30957E-03       6.60693E-03       6.45825E-03       2.97360E-04       1.33223E-05       4.48020E-02       2.89342E-04       1.96275E-04
       6.60693E-03       6.91831E-03       6.76262E-03       3.11380E-04       1.43122E-05       4.59638E-02       3.10836E-04       2.10588E-04
       6.91831E-03       7.24436E-03       7.08133E-03       3.26050E-04       1.53655E-05       4.71263E-02       3.33717E-04       2.25953E-04
       7.24436E-03       7.58578E-03       7.41507E-03       3.41420E-04       1.64532E-05       4.81906E-02       3.57336E-04       2.42406E-04
       7.58578E-03       7.94328E-03       7.76453E-03       3.57500E-04       1.76233E-05       4.92960E-02       3.82760E-04       2.60030E-04
       7.94328E-03       8.31764E-03       8.13046E-03       3.74360E-04       1.88867E-05       5.04508E-02       4.10188E-04       2.78916E-04
       8.31764E-03       8.70964E-03       8.51364E-03       3.92000E-04       2.02513E-05       5.16616E-02       4.39828E-04       2.99168E-04
       8.70964E-03       9.12011E-03       8.91487E-03       4.10471E-04       2.17261E-05       5.29297E-02       4.71862E-04       3.20894E-04
       9.12011E-03       9.54993E-03       9.33502E-03       4.29819E-04       2.33206E-05       5.42567E-02       5.06488E-04       3.44215E-04
       9.54993E-03       1.00000E-02       9.77496E-03       4.50070E-04       2.50452E-05       5.56473E-02       5.43951E-04       3.69260E-04
       1.00000E-02       1.04713E-02       1.02357E-02       4.71300E-04       2.69118E-05       5.71012E-02       5.84468E-04       3.96172E-04
       1.04713E-02       1.09648E-02       1.07180E-02       4.93500E-04       2.88790E-05       5.85187E-02       6.27206E-04       4.25051E-04
       1.09648E-02       1.14815E-02       1.12232E-02       5.16700E-04       3.09302E-05       5.98611E-02       6.71830E-04       4.55981E-04
       1.14815E-02       1.20226E-02       1.17521E-02       5.41100E-04       3.31415E-05       6.12484E-02       7.19795E-04       4.89122E-04
       1.20226E-02       1.25892E-02       1.23059E-02       5.66601E-04       3.55311E-05       6.27093E-02       7.71695E-04       5.24653E-04
       1.25892E-02       1.31826E-02       1.28859E-02       5.93399E-04       3.81133E-05       6.42287E-02       8.27645E-04       5.62767E-04
       1.31826E-02       1.38038E-02       1.34932E-02       6.21200E-04       4.09032E-05       6.58454E-02       8.88466E-04       6.03670E-04
       1.38038E-02       1.44544E-02       1.41291E-02       6.50601E-04       4.38838E-05       6.74512E-02       9.53025E-04       6.47554E-04
       1.44544E-02       1.51356E-02       1.47950E-02       6.81199E-04       4.69760E-05       6.89608E-02       1.02027E-03       6.94530E-04
       1.51356E-02       1.58489E-02       1.54923E-02       7.13301E-04       5.03008E-05       7.05183E-02       1.09249E-03       7.44830E-04
       1.58489E-02       1.65959E-02       1.62224E-02       7.47000E-04       5.38892E-05       7.21408E-02       1.17030E-03       7.98720E-04
       1.65959E-02       1.73780E-02       1.69870E-02       7.82100E-04       5.77641E-05       7.38577E-02       1.25462E-03       8.56484E-04
       1.73780E-02       1.81970E-02       1.77875E-02       8.19000E-04       6.19503E-05       7.56413E-02       1.34547E-03       9.18434E-04
       1.81970E-02       1.90546E-02       1.86258E-02       8.57600E-04       6.64752E-05       7.75131E-02       1.44374E-03       9.84909E-04
       1.90546E-02       1.99526E-02       1.95036E-02       8.98000E-04       7.13675E-05       7.94738E-02       1.55003E-03       1.05628E-03
       1.99526E-02       2.08930E-02       2.04228E-02       9.40400E-04       7.66615E-05       8.15201E-02       1.66487E-03       1.13294E-03
       2.08930E-02       2.18776E-02       2.13853E-02       9.84600E-04       8.23090E-05       8.35964E-02       1.78774E-03       1.21525E-03
       2.18776E-02       2.29087E-02       2.23931E-02       1.03110E-03       8.82731E-05       8.56107E-02       1.91709E-03       1.30352E-03
       2.29087E-02       2.39883E-02       2.34485E-02       1.07960E-03       9.47151E-05       8.77315E-02       2.05717E-03       1.39824E-03
       2.39883E-02       2.51189E-02       2.45536E-02       1.13060E-03       1.01681E-04       8.99353E-02       2.20824E-03       1.49992E-03
       2.51189E-02       2.63027E-02       2.57108E-02       1.18380E-03       1.09217E-04       9.22602E-02       2.37208E-03       1.60913E-03
       2.63027E-02       2.75423E-02       2.69225E-02       1.23960E-03       1.17373E-04       9.46861E-02       2.54919E-03       1.72651E-03
       2.75423E-02       2.88403E-02       2.81913E-02       1.29800E-03       1.26091E-04       9.71427E-02       2.73858E-03       1.85260E-03
       2.88403E-02       3.01995E-02       2.95199E-02       1.35920E-03       1.35073E-04       9.93767E-02       2.93359E-03       1.98767E-03
       3.01995E-02       3.16228E-02       3.09112E-02       1.42330E-03       1.44715E-04       1.01676E-01       3.14291E-03       2.13239E-03
       3.16228E-02       3.31131E-02       3.23680E-02       1.49030E-03       1.55127E-04       1.04091E-01       3.36921E-03       2.28751E-03
       3.31131E-02       3.46737E-02       3.38934E-02       1.56060E-03       1.66378E-04       1.06612E-01       3.61343E-03       2.45389E-03
       3.46737E-02       3.63078E-02       3.54908E-02       1.63410E-03       1.78537E-04       1.09257E-01       3.87760E-03       2.63243E-03
       3.63078E-02       3.80189E-02       3.71633E-02       1.71110E-03       1.91686E-04       1.12025E-01       4.16322E-03       2.82411E-03
       3.80189E-02       3.98107E-02       3.89148E-02       1.79180E-03       2.05913E-04       1.14919E-01       4.47206E-03       3.03003E-03
       3.98107E-02       4.16869E-02       4.07488E-02       1.87620E-03       2.21310E-04       1.17956E-01       4.80658E-03       3.25133E-03
       4.16869E-02       4.36516E-02       4.26693E-02       1.96470E-03       2.37761E-04       1.21016E-01       5.16368E-03       3.48910E-03
       4.36516E-02       4.57088E-02       4.46802E-02       2.05720E-03       2.55107E-04       1.24007E-01       5.54066E-03       3.74420E-03
       4.57088E-02       4.78630E-02       4.67859E-02       2.15420E-03       2.73841E-04       1.27120E-01       5.94740E-03       4.01804E-03
       4.78630E-02       5.01187E-02       4.89908E-02       2.25570E-03       2.94105E-04       1.30383E-01       6.38758E-03       4.31215E-03
       5.01187E-02       5.24808E-02       5.12998E-02       2.36210E-03       3.16036E-04       1.33795E-01       6.86363E-03       4.62819E-03
       5.24808E-02       5.49541E-02       5.37174E-02       2.47330E-03       3.39777E-04       1.37378E-01       7.37958E-03       4.96796E-03
       5.49541E-02       5.75440E-02       5.62491E-02       2.58990E-03       3.65371E-04       1.41075E-01       7.93536E-03       5.33333E-03
       5.75440E-02       6.02560E-02       5.89000E-02       2.71200E-03       3.92523E-04       1.44736E-01       8.52492E-03       5.72586E-03
       6.02560E-02       6.30957E-02       6.16758E-02       2.83970E-03       4.21821E-04       1.48544E-01       9.16159E-03       6.14768E-03
       6.30957E-02       6.60693E-02       6.45825E-02       2.97360E-03       4.53544E-04       1.52524E-01       9.85037E-03       6.60122E-03
       6.60693E-02       6.91831E-02       6.76262E-02       3.11380E-03       4.87904E-04       1.56691E-01       1.05964E-02       7.08913E-03
       6.91831E-02       7.24436E-02       7.08134E-02       3.26050E-03       5.25917E-04       1.61299E-01       1.14222E-02       7.61504E-03
       7.24436E-02       7.58578E-02       7.41507E-02       3.41420E-03       5.69406E-04       1.66776E-01       1.23666E-02       8.18445E-03
       7.58578E-02       7.94328E-02       7.76453E-02       3.57500E-03       6.16920E-04       1.72565E-01       1.33989E-02       8.80137E-03
       7.94328E-02       8.31764E-02       8.13046E-02       3.74360E-03       6.68672E-04       1.78617E-01       1.45224E-02       9.47004E-03
       8.31764E-02       8.70964E-02       8.51364E-02       3.92000E-03       7.25308E-04       1.85028E-01       1.57526E-02       1.01954E-02
       8.70964E-02       9.12011E-02       8.91488E-02       4.10470E-03       7.87679E-04       1.91897E-01       1.71073E-02       1.09830E-02
       9.12011E-02       9.54993E-02       9.33502E-02       4.29820E-03       8.55755E-04       1.99096E-01       1.85857E-02       1.18388E-02
       9.54993E-02       1.00000E-01       9.77497E-02       4.50070E-03       9.30019E-04       2.06639E-01       2.01989E-02       1.27688E-02
       1.00000E-01       1.04713E-01       1.02357E-01       4.71300E-03       1.01107E-03       2.14527E-01       2.19583E-02       1.37799E-02
       1.04713E-01       1.09648E-01       1.07180E-01       4.93500E-03       1.09949E-03       2.22795E-01       2.38793E-02       1.48794E-02
       1.09648E-01       1.14815E-01       1.12231E-01       5.16700E-03       1.19563E-03       2.31397E-01       2.59701E-02       1.60750E-02
       1.14815E-01       1.20226E-01       1.17520E-01       5.41100E-03       1.29788E-03       2.39859E-01       2.81883E-02       1.73729E-02
       1.20226E-01       1.25892E-01       1.23059E-01       5.66600E-03       1.40893E-03       2.48664E-01       3.06003E-02       1.87818E-02
       1.25892E-01       1.31826E-01       1.28859E-01       5.93400E-03       1.53003E-03       2.57840E-01       3.32251E-02       2.03118E-02
       1.31826E-01       1.38038E-01       1.34932E-01       6.21200E-03       1.66206E-03       2.67556E-01       3.61018E-02       2.19739E-02
       1.38038E-01       1.44544E-01       1.41291E-01       6.50600E-03       1.80538E-03       2.77494E-01       3.92074E-02       2.37793E-02
       1.44544E-01       1.51356E-01       1.47950E-01       6.81200E-03       1.95902E-03       2.87584E-01       4.25480E-02       2.57383E-02
       1.51356E-01       1.58489E-01       1.54923E-01       7.13300E-03       2.12612E-03       2.98068E-01       4.61775E-02       2.78644E-02
       1.58489E-01       1.65959E-01       1.62224E-01       7.47000E-03       2.32446E-03       3.11173E-01       5.04797E-02       3.01889E-02
       1.65959E-01       1.73780E-01       1.69869E-01       7.82100E-03       2.60928E-03       3.33624E-01       5.66726E-02       3.27981E-02
       1.73780E-01       1.81970E-01       1.77875E-01       8.19000E-03       2.93971E-03       3.58939E-01       6.38462E-02       3.57378E-02
       1.81970E-01       1.90546E-01       1.86258E-01       8.57600E-03       3.30636E-03       3.85537E-01       7.18093E-02       3.90442E-02
       1.90546E-01       1.99526E-01       1.95036E-01       8.98000E-03       3.71227E-03       4.13393E-01       8.06266E-02       4.27565E-02
       1.99526E-01       2.08930E-01       2.04228E-01       9.40400E-03       4.16151E-03       4.42526E-01       9.03761E-02       4.69180E-02
       2.08930E-01       2.18776E-01       2.13853E-01       9.84600E-03       4.65832E-03       4.73118E-01       1.01178E-01       5.15763E-02
       2.18776E-01       2.29087E-01       2.23931E-01       1.03110E-02       5.20637E-03       5.04933E-01       1.13070E-01       5.67827E-02
       2.29087E-01       2.39883E-01       2.34485E-01       1.07960E-02       5.80224E-03       5.37443E-01       1.26022E-01       6.25849E-02
       2.39883E-01       2.51189E-01       2.45536E-01       1.13060E-02       6.45753E-03       5.71159E-01       1.40240E-01       6.90425E-02
       2.51189E-01       2.63027E-01       2.57108E-01       1.18380E-02       7.18061E-03       6.06573E-01       1.55955E-01       7.62231E-02
       2.63027E-01       2.75423E-01       2.69225E-01       1.23960E-02       7.97813E-03       6.43605E-01       1.73275E-01       8.42012E-02
       2.75423E-01       2.88403E-01       2.81913E-01       1.29800E-02       8.83761E-03       6.80864E-01       1.91944E-01       9.30388E-02
       2.88403E-01       3.01995E-01       2.95199E-01       1.35920E-02       9.75515E-03       7.17713E-01       2.11868E-01       1.02794E-01
       3.01995E-01       3.16228E-01       3.09112E-01       1.42330E-02       1.07637E-02       7.56250E-01       2.33766E-01       1.13558E-01
       3.16228E-01       3.31131E-01       3.23680E-01       1.49030E-02       1.18715E-02       7.96586E-01       2.57839E-01       1.25429E-01
       3.31131E-01       3.46737E-01       3.38934E-01       1.56060E-02       1.30438E-02       8.35820E-01       2.83288E-01       1.38473E-01
       3.46737E-01       3.63078E-01       3.54908E-01       1.63410E-02       1.43007E-02       8.75144E-01       3.10595E-01       1.52774E-01
       3.63078E-01       3.80189E-01       3.71633E-01       1.71110E-02       1.56789E-02       9.16304E-01       3.40529E-01       1.68453E-01
       3.80189E-01       3.98107E-01       3.89148E-01       1.79180E-02       1.71900E-02       9.59371E-01       3.73337E-01       1.85643E-01
       3.98107E-01       4.16869E-01       4.07488E-01       1.87620E-02       1.88468E-02       1.00452E+00       4.09329E-01       2.04489E-01
       4.16869E-01       4.36516E-01       4.26692E-01       1.96470E-02       2.06633E-02       1.05173E+00       4.48765E-01       2.25153E-01
       4.36516E-01       4.57088E-01       4.46802E-01       2.05720E-02       2.26571E-02       1.10136E+00       4.92089E-01       2.47810E-01
       4.57088E-01       4.78630E-01       4.67859E-01       2.15420E-02       2.48444E-02       1.15330E+00       5.39583E-01       2.72654E-01
       4.78630E-01       5.01187E-01       4.89909E-01       2.25570E-02       2.75870E-02       1.22299E+00       5.99153E-01       3.00241E-01
       5.01187E-01       5.24808E-01       5.12998E-01       2.36210E-02       3.79512E-02       1.60667E+00       8.24219E-01       3.38192E-01
       5.24808E-01       5.49541E-01       5.37174E-01       2.47330E-02       3.04201E-02       1.22994E+00       6.60692E-01       3.68612E-01
       5.49541E-01       5.75440E-01       5.62490E-01       2.58990E-02       2.99737E-02       1.15733E+00       6.50986E-01       3.98586E-01
       5.75440E-01       6.02560E-01       5.89000E-01       2.71200E-02       2.97678E-02       1.09763E+00       6.46505E-01       4.28354E-01
       6.02560E-01       6.30957E-01       6.16758E-01       2.83970E-02       2.95657E-02       1.04116E+00       6.42142E-01       4.57920E-01
       6.30957E-01       6.60693E-01       6.45825E-01       2.97360E-02       2.92823E-02       9.84743E-01       6.35972E-01       4.87202E-01
       6.60693E-01       6.91831E-01       6.76262E-01       3.11380E-02       2.89976E-02       9.31260E-01       6.29776E-01       5.16199E-01
       6.91831E-01       7.24436E-01       7.08133E-01       3.26050E-02       2.85604E-02       8.75952E-01       6.20291E-01       5.44760E-01
       7.24436E-01       7.58578E-01       7.41507E-01       3.41420E-02       2.79287E-02       8.18016E-01       6.06565E-01       5.72689E-01
       7.58578E-01       7.94328E-01       7.76453E-01       3.57500E-02       2.70764E-02       7.57382E-01       5.88072E-01       5.99765E-01
       7.94328E-01       8.31764E-01       8.13046E-01       3.74360E-02       2.59749E-02       6.93847E-01       5.64129E-01       6.25740E-01
       8.31764E-01       8.70964E-01       8.51364E-01       3.92000E-02       2.46298E-02       6.28312E-01       5.34922E-01       6.50370E-01
       8.70964E-01       9.12011E-01       8.91487E-01       4.10470E-02       2.32189E-02       5.65665E-01       5.04284E-01       6.73589E-01
       9.12011E-01       9.54993E-01       9.33502E-01       4.29820E-02       2.15435E-02       5.01222E-01       4.67892E-01       6.95132E-01
       9.54993E-01       1.00000E+00       9.77497E-01       4.50070E-02       1.95219E-02       4.33753E-01       4.23992E-01       7.14654E-01
       1.00000E+00       1.04713E+00       1.02357E+00       4.71300E-02       1.71123E-02       3.63087E-01       3.71643E-01       7.31766E-01
       1.04713E+00       1.09648E+00       1.07181E+00       4.93500E-02       1.50164E-02       3.04283E-01       3.26132E-01       7.46783E-01
       1.09648E+00       1.14815E+00       1.12231E+00       5.16700E-02       1.46999E-02       2.84495E-01       3.19293E-01       7.61483E-01
       1.14815E+00       1.20226E+00       1.17520E+00       5.41100E-02       1.44329E-02       2.66733E-01       3.13466E-01       7.75916E-01
       1.20226E+00       1.25892E+00       1.23059E+00       5.66600E-02       1.40615E-02       2.48173E-01       3.05400E-01       7.89977E-01
       1.25892E+00       1.31826E+00       1.28859E+00       5.93400E-02       1.35710E-02       2.28699E-01       2.94699E-01       8.03548E-01
       1.31826E+00       1.38038E+00       1.34932E+00       6.21200E-02       1.30761E-02       2.10498E-01       2.84029E-01       8.16624E-01
       1.38038E+00       1.44544E+00       1.41291E+00       6.50600E-02       1.30858E-02       2.01134E-01       2.84185E-01       8.29710E-01
       1.44544E+00       1.51356E+00       1.47950E+00       6.81200E-02       1.31346E-02       1.92816E-01       2.85271E-01       8.42845E-01
       1.51356E+00       1.58489E+00       1.54923E+00       7.13300E-02       1.31312E-02       1.84090E-01       2.85197E-01       8.55976E-01
       1.58489E+00       1.65959E+00       1.62224E+00       7.47000E-02       1.30625E-02       1.74866E-01       2.83674E-01       8.69038E-01
       1.65959E+00       1.73780E+00       1.69869E+00       7.82100E-02       1.29175E-02       1.65165E-01       2.80564E-01       8.81956E-01
       1.73780E+00       1.81970E+00       1.77875E+00       8.19000E-02       1.26898E-02       1.54942E-01       2.75603E-01       8.94646E-01
       1.81970E+00       1.90546E+00       1.86258E+00       8.57600E-02       1.22896E-02       1.43302E-01       2.66911E-01       9.06935E-01
       1.90546E+00       1.99526E+00       1.95036E+00       8.98000E-02       1.17265E-02       1.30585E-01       2.54687E-01       9.18662E-01
       1.99526E+00       2.08930E+00       2.04228E+00       9.40400E-02       1.10414E-02       1.17412E-01       2.39789E-01       9.29703E-01
       2.08930E+00       2.18776E+00       2.13853E+00       9.84600E-02       1.02307E-02       1.03907E-01       2.22208E-01       9.39934E-01
       2.18776E+00       2.29087E+00       2.23932E+00       1.03110E-01       9.33479E-03       9.05323E-02       2.02730E-01       9.49269E-01
       2.29087E+00       2.39883E+00       2.34485E+00       1.07960E-01       8.41216E-03       7.79193E-02       1.82709E-01       9.57681E-01
       2.39883E+00       2.51189E+00       2.45536E+00       1.13060E-01       7.49616E-03       6.63025E-02       1.62796E-01       9.65177E-01
       2.51189E+00       2.63027E+00       2.57108E+00       1.18380E-01       6.59078E-03       5.56748E-02       1.43144E-01       9.71768E-01
       2.63027E+00       2.75423E+00       2.69225E+00       1.23960E-01       5.75391E-03       4.64175E-02       1.24967E-01       9.77522E-01
       2.75423E+00       2.88403E+00       2.81913E+00       1.29800E-01       4.95395E-03       3.81660E-02       1.07595E-01       9.82476E-01
       2.88403E+00       3.01995E+00       2.95199E+00       1.35920E-01       4.19467E-03       3.08613E-02       9.11023E-02       9.86670E-01
       3.01995E+00       3.16228E+00       3.09111E+00       1.42330E-01       3.48425E-03       2.44801E-02       7.56708E-02       9.90155E-01
       3.16228E+00       3.31131E+00       3.23679E+00       1.49030E-01       2.82537E-03       1.89584E-02       6.13644E-02       9.92980E-01
       3.31131E+00       3.46737E+00       3.38934E+00       1.56060E-01       2.24289E-03       1.43719E-02       4.87114E-02       9.95223E-01
       3.46737E+00       3.63078E+00       3.54908E+00       1.63410E-01       1.74196E-03       1.06601E-02       3.78333E-02       9.96965E-01
       3.63078E+00       3.80189E+00       3.71633E+00       1.71110E-01       1.30977E-03       7.65456E-03       2.84469E-02       9.98274E-01
       3.80189E+00       3.98107E+00       3.89148E+00       1.79180E-01       9.20983E-04       5.13999E-03       2.00022E-02       9.99195E-01
       3.98107E+00       4.16869E+00       4.07488E+00       1.87620E-01       5.66494E-04       3.01937E-03       1.23036E-02       9.99762E-01
       4.16869E+00       4.36516E+00       4.26692E+00       1.96470E-01       2.37377E-04       1.20821E-03       5.15535E-03       9.99999E-01
       4.36516E+00       4.57088E+00       4.46802E+00       2.05720E-01       5.10216E-07       2.48015E-06       1.10814E-05       1.00000E+00

 Sum =                                                                         1.00000E+00
 Renormalization bin#   952 =                                                  2.79540E-01 barn        1.52000E+07        1.54000E+07        1.53000E+07
 Avg. Energy     bin#   952 =                                                  8.89562E-01 MeV         1.52000E+07        1.54000E+07
