"        MT=  4 recoil spectrum "
" Initial neutron energy corresponds to the group:"
   1.30000E+01    1.32000E+01       0.00000E+00           245           894           650



          Low               High              Mid              Energy           Number             dn/de            E*dn/de          Cumulative
         Energy            Energy            Energy             Width          Fraction                               Sum   
         [MeV]             [MeV]             [MeV]              [MeV]

       7.25000E-07       7.50000E-07       7.37500E-07       2.50000E-08       0.00000E+00       0.00000E+00       0.00000E+00       0.00000E+00
       7.50000E-07       7.75000E-07       7.62500E-07       2.50000E-08       1.52869E-12       6.11477E-05       4.66252E-11       1.52869E-12
       7.75000E-07       8.00000E-07       7.87500E-07       2.50000E-08       1.57875E-12       6.31501E-05       4.97307E-11       3.10745E-12
       8.00000E-07       8.25000E-07       8.12500E-07       2.50000E-08       1.62897E-12       6.51587E-05       5.29414E-11       4.73641E-12
       8.25000E-07       8.50000E-07       8.37500E-07       2.50000E-08       1.67903E-12       6.71610E-05       5.62474E-11       6.41544E-12
       8.50000E-07       8.75000E-07       8.62500E-07       2.50000E-08       1.72924E-12       6.91697E-05       5.96588E-11       8.14468E-12
       8.75000E-07       9.00000E-07       8.87500E-07       2.50000E-08       1.77930E-12       7.11721E-05       6.31653E-11       9.92398E-12
       9.00000E-07       9.25000E-07       9.12500E-07       2.50000E-08       1.82936E-12       7.31744E-05       6.67717E-11       1.17533E-11
       9.25000E-07       9.50000E-07       9.37500E-07       2.50000E-08       1.87958E-12       7.51831E-05       7.04842E-11       1.36329E-11
       9.50000E-07       9.75000E-07       9.62500E-07       2.50000E-08       1.92964E-12       7.71854E-05       7.42910E-11       1.55626E-11
       9.75000E-07       1.00000E-06       9.87500E-07       2.50000E-08       1.97985E-12       7.91941E-05       7.82042E-11       1.75424E-11
       1.00000E-06       1.02500E-06       1.01250E-06       2.50000E-08       2.02991E-12       8.11966E-05       8.22115E-11       1.95723E-11
       1.02500E-06       1.05000E-06       1.03750E-06       2.50000E-08       2.07997E-12       8.31990E-05       8.63190E-11       2.16523E-11
       1.05000E-06       1.07500E-06       1.06250E-06       2.50001E-08       2.13019E-12       8.52071E-05       9.05326E-11       2.37825E-11
       1.07500E-06       1.10000E-06       1.08750E-06       2.50000E-08       2.18025E-12       8.72100E-05       9.48409E-11       2.59627E-11
       1.10000E-06       1.12500E-06       1.11250E-06       2.50000E-08       2.23046E-12       8.92185E-05       9.92556E-11       2.81932E-11
       1.12500E-06       1.15000E-06       1.13750E-06       2.50000E-08       2.28052E-12       9.12210E-05       1.03764E-10       3.04737E-11
       1.15000E-06       1.17500E-06       1.16250E-06       2.50000E-08       2.33058E-12       9.32235E-05       1.08372E-10       3.28043E-11
       1.17500E-06       1.20000E-06       1.18750E-06       2.50001E-08       2.38080E-12       9.52315E-05       1.13087E-10       3.51851E-11
       1.20000E-06       1.22500E-06       1.21250E-06       2.50000E-08       2.43086E-12       9.72344E-05       1.17897E-10       3.76160E-11
       1.22500E-06       1.25000E-06       1.23750E-06       2.50000E-08       2.48107E-12       9.92429E-05       1.22813E-10       4.00970E-11
       1.25000E-06       1.27500E-06       1.26250E-06       2.50000E-08       2.53113E-12       1.01245E-04       1.27822E-10       4.26282E-11
       1.27500E-06       1.30000E-06       1.28750E-06       2.50000E-08       2.58119E-12       1.03248E-04       1.32932E-10       4.52094E-11
       1.30000E-06       1.32500E-06       1.31250E-06       2.50001E-08       2.63141E-12       1.05256E-04       1.38148E-10       4.78408E-11
       1.32500E-06       1.35000E-06       1.33750E-06       2.50000E-08       2.68147E-12       1.07259E-04       1.43459E-10       5.05222E-11
       1.35000E-06       1.37500E-06       1.36250E-06       2.50000E-08       2.73168E-12       1.09267E-04       1.48877E-10       5.32539E-11
       1.37500E-06       1.40000E-06       1.38750E-06       2.50000E-08       2.78174E-12       1.11270E-04       1.54387E-10       5.60356E-11
       1.40000E-06       1.42500E-06       1.41250E-06       2.50000E-08       2.83180E-12       1.13272E-04       1.59997E-10       5.88675E-11
       1.42500E-06       1.45000E-06       1.43750E-06       2.50001E-08       2.88202E-12       1.15280E-04       1.65715E-10       6.17495E-11
       1.45000E-06       1.47500E-06       1.46250E-06       2.50000E-08       2.93208E-12       1.17283E-04       1.71527E-10       6.46815E-11
       1.47500E-06       1.50000E-06       1.48750E-06       2.50000E-08       2.98214E-12       1.19286E-04       1.77438E-10       6.76637E-11
       1.50000E-06       1.52500E-06       1.51250E-06       2.50000E-08       3.03235E-12       1.21294E-04       1.83458E-10       7.06960E-11
       1.52500E-06       1.55000E-06       1.53750E-06       2.50000E-08       3.08241E-12       1.23297E-04       1.89569E-10       7.37785E-11
       1.55000E-06       1.57500E-06       1.56250E-06       2.50001E-08       3.13263E-12       1.25305E-04       1.95788E-10       7.69111E-11
       1.57500E-06       1.60000E-06       1.58750E-06       2.50000E-08       3.18269E-12       1.27308E-04       2.02101E-10       8.00938E-11
       1.60000E-06       1.62500E-06       1.61250E-06       2.50000E-08       3.23275E-12       1.29310E-04       2.08513E-10       8.33265E-11
       1.62500E-06       1.65000E-06       1.63750E-06       2.50000E-08       3.28296E-12       1.31319E-04       2.15034E-10       8.66095E-11
       1.65000E-06       1.67500E-06       1.66250E-06       2.50000E-08       3.33302E-12       1.33321E-04       2.21646E-10       8.99425E-11
       1.67500E-06       1.70000E-06       1.68750E-06       2.50001E-08       3.38324E-12       1.35329E-04       2.28368E-10       9.33257E-11
       1.70000E-06       1.72500E-06       1.71250E-06       2.50000E-08       3.43330E-12       1.37332E-04       2.35181E-10       9.67590E-11
       1.72500E-06       1.75000E-06       1.73750E-06       2.50000E-08       3.48336E-12       1.39335E-04       2.42094E-10       1.00242E-10
       1.75000E-06       1.77500E-06       1.76250E-06       2.50000E-08       3.53357E-12       1.41343E-04       2.49117E-10       1.03776E-10
       1.77500E-06       1.80000E-06       1.78750E-06       2.50000E-08       3.58363E-12       1.43346E-04       2.56230E-10       1.07360E-10
       1.80000E-06       1.82500E-06       1.81250E-06       2.50001E-08       3.63385E-12       1.45353E-04       2.63453E-10       1.10993E-10
       1.82500E-06       1.85000E-06       1.83750E-06       2.50000E-08       3.68391E-12       1.47357E-04       2.70768E-10       1.14677E-10
       1.85000E-06       1.87500E-06       1.86250E-06       2.50000E-08       3.73397E-12       1.49359E-04       2.78181E-10       1.18411E-10
       1.87500E-06       1.90000E-06       1.88750E-06       2.50000E-08       3.78418E-12       1.51367E-04       2.85706E-10       1.22196E-10
       1.90000E-06       1.92500E-06       1.91250E-06       2.50000E-08       3.83424E-12       1.53370E-04       2.93320E-10       1.26030E-10
       1.92500E-06       1.95000E-06       1.93750E-06       2.50001E-08       3.88446E-12       1.55378E-04       3.01044E-10       1.29914E-10
       1.95000E-06       1.97500E-06       1.96250E-06       2.50000E-08       3.93452E-12       1.57381E-04       3.08860E-10       1.33849E-10
       1.97500E-06       2.00000E-06       1.98750E-06       2.50000E-08       3.98458E-12       1.59383E-04       3.16774E-10       1.37833E-10
       2.00000E-06       2.02500E-06       2.01250E-06       2.50001E-08       4.03479E-12       1.61391E-04       3.24800E-10       1.41868E-10
       2.02500E-06       2.05000E-06       2.03750E-06       2.49999E-08       4.08486E-12       1.63395E-04       3.32918E-10       1.45953E-10
       2.05000E-06       2.07500E-06       2.06250E-06       2.50001E-08       4.13507E-12       1.65402E-04       3.41142E-10       1.50088E-10
       2.07500E-06       2.10000E-06       2.08750E-06       2.49999E-08       4.18513E-12       1.67406E-04       3.49460E-10       1.54273E-10
       2.10000E-06       2.12500E-06       2.11250E-06       2.50001E-08       4.23519E-12       1.69407E-04       3.57872E-10       1.58508E-10
       2.12500E-06       2.15000E-06       2.13750E-06       2.50001E-08       4.28540E-12       1.71415E-04       3.66401E-10       1.62794E-10
       2.15000E-06       2.17500E-06       2.16250E-06       2.49999E-08       4.33547E-12       1.73420E-04       3.75020E-10       1.67129E-10
       2.17500E-06       2.20000E-06       2.18750E-06       2.50001E-08       4.38568E-12       1.75426E-04       3.83745E-10       1.71515E-10
       2.20000E-06       2.22500E-06       2.21250E-06       2.49999E-08       4.43574E-12       1.77431E-04       3.92565E-10       1.75951E-10
       2.22500E-06       2.25000E-06       2.23750E-06       2.50001E-08       4.48580E-12       1.79431E-04       4.01478E-10       1.80436E-10
       2.25000E-06       2.27500E-06       2.26250E-06       2.50001E-08       4.53601E-12       1.81440E-04       4.10508E-10       1.84972E-10
       2.27500E-06       2.30000E-06       2.28750E-06       2.49999E-08       4.58608E-12       1.83444E-04       4.19628E-10       1.89559E-10
       2.30000E-06       2.32500E-06       2.31250E-06       2.50001E-08       4.63629E-12       1.85451E-04       4.28855E-10       1.94195E-10
       2.32500E-06       2.35000E-06       2.33750E-06       2.49999E-08       4.68635E-12       1.87455E-04       4.38176E-10       1.98881E-10
       2.35000E-06       2.37500E-06       2.36250E-06       2.50001E-08       4.73641E-12       1.89456E-04       4.47589E-10       2.03618E-10
       2.37500E-06       2.40000E-06       2.38750E-06       2.50001E-08       4.78662E-12       1.91464E-04       4.57121E-10       2.08404E-10
       2.40000E-06       2.42500E-06       2.41250E-06       2.49999E-08       4.83669E-12       1.93469E-04       4.66743E-10       2.13241E-10
       2.42500E-06       2.45000E-06       2.43750E-06       2.50001E-08       4.88675E-12       1.95469E-04       4.76456E-10       2.18128E-10
       2.45000E-06       2.47500E-06       2.46250E-06       2.49999E-08       4.93696E-12       1.97480E-04       4.86293E-10       2.23065E-10
       2.47500E-06       2.50000E-06       2.48750E-06       2.50001E-08       4.98702E-12       1.99480E-04       4.96207E-10       2.28052E-10
       2.50000E-06       2.52500E-06       2.51250E-06       2.50001E-08       5.03723E-12       2.01489E-04       5.06240E-10       2.33089E-10
       2.52500E-06       2.55000E-06       2.53750E-06       2.49999E-08       5.08730E-12       2.03493E-04       5.16363E-10       2.38176E-10
       2.55000E-06       2.57500E-06       2.56250E-06       2.50001E-08       5.13736E-12       2.05494E-04       5.26577E-10       2.43313E-10
       2.57500E-06       2.60000E-06       2.58750E-06       2.49999E-08       5.18757E-12       2.07504E-04       5.36917E-10       2.48501E-10
       2.60000E-06       2.62500E-06       2.61250E-06       2.50001E-08       5.23763E-12       2.09504E-04       5.47330E-10       2.53739E-10
       2.62500E-06       2.65000E-06       2.63750E-06       2.50001E-08       5.28784E-12       2.11513E-04       5.57865E-10       2.59027E-10
       2.65000E-06       2.67500E-06       2.66250E-06       2.49999E-08       5.33791E-12       2.13517E-04       5.68490E-10       2.64364E-10
       2.67500E-06       2.70000E-06       2.68750E-06       2.50001E-08       5.38797E-12       2.15518E-04       5.79204E-10       2.69752E-10
       2.70000E-06       2.72500E-06       2.71250E-06       2.49999E-08       5.43818E-12       2.17528E-04       5.90046E-10       2.75191E-10
       2.72500E-06       2.75000E-06       2.73750E-06       2.50001E-08       5.48824E-12       2.19529E-04       6.00960E-10       2.80679E-10
       2.75000E-06       2.77500E-06       2.76250E-06       2.50001E-08       5.53845E-12       2.21537E-04       6.11997E-10       2.86217E-10
       2.77500E-06       2.80000E-06       2.78750E-06       2.49999E-08       5.58852E-12       2.23542E-04       6.23123E-10       2.91806E-10
       2.80000E-06       2.82500E-06       2.81250E-06       2.50001E-08       5.63858E-12       2.25542E-04       6.34338E-10       2.97444E-10
       2.82500E-06       2.85000E-06       2.83750E-06       2.49999E-08       5.68879E-12       2.27553E-04       6.45681E-10       3.03133E-10
       2.85000E-06       2.87500E-06       2.86250E-06       2.50001E-08       5.73885E-12       2.29553E-04       6.57096E-10       3.08872E-10
       2.87500E-06       2.90000E-06       2.88750E-06       2.50001E-08       5.78906E-12       2.31562E-04       6.68634E-10       3.14661E-10
       2.90000E-06       2.92500E-06       2.91250E-06       2.49999E-08       5.83913E-12       2.33566E-04       6.80262E-10       3.20500E-10
       2.92500E-06       2.95000E-06       2.93750E-06       2.50001E-08       5.88919E-12       2.35567E-04       6.91977E-10       3.26389E-10
       2.95000E-06       2.97500E-06       2.96250E-06       2.49999E-08       5.93940E-12       2.37577E-04       7.03823E-10       3.32329E-10
       2.97500E-06       3.00000E-06       2.98750E-06       2.50001E-08       5.98946E-12       2.39578E-04       7.15738E-10       3.38318E-10
       3.00000E-06       3.02500E-06       3.01250E-06       2.50001E-08       6.03967E-12       2.41586E-04       7.27778E-10       3.44358E-10
       3.02500E-06       3.05000E-06       3.03750E-06       2.49999E-08       6.08974E-12       2.43591E-04       7.39907E-10       3.50448E-10
       3.05000E-06       3.07500E-06       3.06250E-06       2.50001E-08       6.13980E-12       2.45591E-04       7.52122E-10       3.56587E-10
       3.07500E-06       3.10000E-06       3.08750E-06       2.49999E-08       6.19001E-12       2.47602E-04       7.64471E-10       3.62777E-10
       3.10000E-06       3.12500E-06       3.11250E-06       2.50001E-08       6.24007E-12       2.49602E-04       7.76886E-10       3.69018E-10
       3.12500E-06       3.15000E-06       3.13750E-06       2.50001E-08       6.29028E-12       2.51610E-04       7.89428E-10       3.75308E-10
       3.15000E-06       3.17500E-06       3.16250E-06       2.49999E-08       6.34035E-12       2.53615E-04       8.02058E-10       3.81648E-10
       3.17500E-06       3.20000E-06       3.18750E-06       2.50001E-08       6.39041E-12       2.55615E-04       8.14774E-10       3.88039E-10
       3.20000E-06       3.22500E-06       3.21250E-06       2.49999E-08       6.44062E-12       2.57626E-04       8.27624E-10       3.94479E-10
       3.22500E-06       3.25000E-06       3.23750E-06       2.50001E-08       6.49068E-12       2.59626E-04       8.40540E-10       4.00970E-10
       3.25000E-06       3.27500E-06       3.26250E-06       2.50001E-08       6.54089E-12       2.61635E-04       8.53584E-10       4.07511E-10
       3.27500E-06       3.30000E-06       3.28750E-06       2.49999E-08       6.59096E-12       2.63640E-04       8.66716E-10       4.14102E-10
       3.30000E-06       3.32500E-06       3.31250E-06       2.50001E-08       6.64102E-12       2.65640E-04       8.79932E-10       4.20743E-10
       3.32500E-06       3.35000E-06       3.33750E-06       2.49999E-08       6.69123E-12       2.67651E-04       8.93284E-10       4.27434E-10
       3.35000E-06       3.37500E-06       3.36250E-06       2.50001E-08       6.74129E-12       2.69651E-04       9.06700E-10       4.34175E-10
       3.37500E-06       3.40000E-06       3.38750E-06       2.50001E-08       6.79135E-12       2.71653E-04       9.20225E-10       4.40967E-10
       3.40000E-06       3.42500E-06       3.41250E-06       2.49999E-08       6.84157E-12       2.73664E-04       9.33879E-10       4.47808E-10
       3.42500E-06       3.45000E-06       3.43750E-06       2.50001E-08       6.89163E-12       2.75664E-04       9.47595E-10       4.54700E-10
       3.45000E-06       3.47500E-06       3.46250E-06       2.49999E-08       6.94184E-12       2.77675E-04       9.61451E-10       4.61642E-10
       3.47500E-06       3.50000E-06       3.48750E-06       2.50001E-08       6.99190E-12       2.79675E-04       9.75367E-10       4.68634E-10
       3.50000E-06       3.52500E-06       3.51250E-06       2.50001E-08       7.04196E-12       2.81677E-04       9.89392E-10       4.75675E-10
       3.52500E-06       3.55000E-06       3.53750E-06       2.49999E-08       7.09218E-12       2.83689E-04       1.00355E-09       4.82768E-10
       3.55000E-06       3.57500E-06       3.56250E-06       2.50001E-08       7.14224E-12       2.85688E-04       1.01776E-09       4.89910E-10
       3.57500E-06       3.60000E-06       3.58750E-06       2.49999E-08       7.19245E-12       2.87700E-04       1.03212E-09       4.97102E-10
       3.60000E-06       3.62500E-06       3.61250E-06       2.50001E-08       7.24251E-12       2.89699E-04       1.04654E-09       5.04345E-10
       3.62500E-06       3.65000E-06       3.63750E-06       2.50001E-08       7.29257E-12       2.91702E-04       1.06107E-09       5.11637E-10
       3.65000E-06       3.67500E-06       3.66250E-06       2.49999E-08       7.34279E-12       2.93713E-04       1.07572E-09       5.18980E-10
       3.67500E-06       3.70000E-06       3.68750E-06       2.50001E-08       7.39285E-12       2.95713E-04       1.09044E-09       5.26373E-10
       3.70000E-06       3.72500E-06       3.71250E-06       2.49999E-08       7.44306E-12       2.97724E-04       1.10530E-09       5.33816E-10
       3.72500E-06       3.75000E-06       3.73750E-06       2.50001E-08       7.49312E-12       2.99724E-04       1.12022E-09       5.41309E-10
       3.75000E-06       3.77500E-06       3.76250E-06       2.50001E-08       7.54318E-12       3.01726E-04       1.13524E-09       5.48852E-10
       3.77500E-06       3.80000E-06       3.78750E-06       2.49999E-08       7.59340E-12       3.03738E-04       1.15041E-09       5.56446E-10
       3.80000E-06       3.82500E-06       3.81250E-06       2.50001E-08       7.64346E-12       3.05737E-04       1.16562E-09       5.64089E-10
       3.82500E-06       3.85000E-06       3.83750E-06       2.49999E-08       7.69367E-12       3.07749E-04       1.18099E-09       5.71783E-10
       3.85000E-06       3.87500E-06       3.86250E-06       2.50001E-08       7.74373E-12       3.09748E-04       1.19640E-09       5.79527E-10
       3.87500E-06       3.90000E-06       3.88750E-06       2.50001E-08       7.79380E-12       3.11751E-04       1.21193E-09       5.87321E-10
       3.90000E-06       3.92500E-06       3.91250E-06       2.49999E-08       7.84401E-12       3.13762E-04       1.22759E-09       5.95165E-10
       3.92500E-06       3.95000E-06       3.93750E-06       2.50001E-08       7.89407E-12       3.15762E-04       1.24331E-09       6.03059E-10
       3.95000E-06       3.97500E-06       3.96250E-06       2.49999E-08       7.94428E-12       3.17773E-04       1.25918E-09       6.11003E-10
       3.97500E-06       4.00000E-06       3.98750E-06       2.50001E-08       7.99434E-12       3.19772E-04       1.27509E-09       6.18997E-10
       4.00000E-06       4.02500E-06       4.01250E-06       2.50001E-08       8.04441E-12       3.21775E-04       1.29112E-09       6.27042E-10
       4.02500E-06       4.05000E-06       4.03750E-06       2.50001E-08       8.09462E-12       3.23783E-04       1.30728E-09       6.35136E-10
       4.05000E-06       4.07500E-06       4.06250E-06       2.49996E-08       8.14468E-12       3.25792E-04       1.32353E-09       6.43281E-10
       4.07500E-06       4.10000E-06       4.08750E-06       2.50001E-08       8.19489E-12       3.27794E-04       1.33986E-09       6.51476E-10
       4.10000E-06       4.12500E-06       4.11250E-06       2.50001E-08       8.24495E-12       3.29797E-04       1.35629E-09       6.59721E-10
       4.12500E-06       4.15000E-06       4.13750E-06       2.50001E-08       8.29501E-12       3.31799E-04       1.37282E-09       6.68016E-10
       4.15000E-06       4.17500E-06       4.16250E-06       2.50001E-08       8.34523E-12       3.33808E-04       1.38948E-09       6.76361E-10
       4.17500E-06       4.20000E-06       4.18750E-06       2.49996E-08       8.39529E-12       3.35817E-04       1.40623E-09       6.84756E-10
       4.20000E-06       4.22500E-06       4.21250E-06       2.50001E-08       8.44550E-12       3.37819E-04       1.42306E-09       6.93202E-10
       4.22500E-06       4.25000E-06       4.23750E-06       2.50001E-08       8.49556E-12       3.39821E-04       1.43999E-09       7.01697E-10
       4.25000E-06       4.27500E-06       4.26250E-06       2.50001E-08       8.54563E-12       3.41824E-04       1.45702E-09       7.10243E-10
       4.27500E-06       4.30000E-06       4.28750E-06       2.50001E-08       8.59584E-12       3.43832E-04       1.47418E-09       7.18839E-10
       4.30000E-06       4.32500E-06       4.31250E-06       2.49996E-08       8.64590E-12       3.45841E-04       1.49144E-09       7.27485E-10
       4.32500E-06       4.35000E-06       4.33750E-06       2.50001E-08       8.69596E-12       3.47837E-04       1.50874E-09       7.36181E-10
       4.35000E-06       4.37500E-06       4.36250E-06       2.50001E-08       8.74617E-12       3.49846E-04       1.52620E-09       7.44927E-10
       4.37500E-06       4.40000E-06       4.38750E-06       2.50001E-08       8.79624E-12       3.51848E-04       1.54373E-09       7.53723E-10
       4.40000E-06       4.42500E-06       4.41250E-06       2.50001E-08       8.84645E-12       3.53857E-04       1.56139E-09       7.62570E-10
       4.42500E-06       4.45000E-06       4.43750E-06       2.49996E-08       8.89651E-12       3.55866E-04       1.57915E-09       7.71466E-10
       4.45000E-06       4.47500E-06       4.46250E-06       2.50001E-08       8.94657E-12       3.57861E-04       1.59696E-09       7.80413E-10
       4.47500E-06       4.50000E-06       4.48750E-06       2.50001E-08       8.99678E-12       3.59870E-04       1.61492E-09       7.89409E-10
       4.50000E-06       4.52500E-06       4.51250E-06       2.50001E-08       9.04685E-12       3.61872E-04       1.63295E-09       7.98456E-10
       4.52500E-06       4.55000E-06       4.53750E-06       2.50001E-08       9.09706E-12       3.63881E-04       1.65111E-09       8.07553E-10
       4.55000E-06       4.57500E-06       4.56250E-06       2.49996E-08       9.14712E-12       3.65890E-04       1.66937E-09       8.16700E-10
       4.57500E-06       4.60000E-06       4.58750E-06       2.50001E-08       9.19718E-12       3.67886E-04       1.68768E-09       8.25898E-10
       4.60000E-06       4.62500E-06       4.61250E-06       2.50001E-08       9.24739E-12       3.69894E-04       1.70614E-09       8.35145E-10
       4.62500E-06       4.65000E-06       4.63750E-06       2.50001E-08       9.29746E-12       3.71897E-04       1.72467E-09       8.44442E-10
       4.65000E-06       4.67500E-06       4.66250E-06       2.50001E-08       9.34767E-12       3.73905E-04       1.74333E-09       8.53790E-10
       4.67500E-06       4.70000E-06       4.68750E-06       2.49996E-08       9.39773E-12       3.75915E-04       1.76210E-09       8.63188E-10
       4.70000E-06       4.72500E-06       4.71250E-06       2.50001E-08       9.44779E-12       3.77910E-04       1.78090E-09       8.72636E-10
       4.72500E-06       4.75000E-06       4.73750E-06       2.50001E-08       9.49800E-12       3.79919E-04       1.79986E-09       8.82134E-10
       4.75000E-06       4.77500E-06       4.76250E-06       2.50001E-08       9.54807E-12       3.81921E-04       1.81890E-09       8.91682E-10
       4.77500E-06       4.80000E-06       4.78750E-06       2.50001E-08       9.59828E-12       3.83930E-04       1.83806E-09       9.01280E-10
       4.80000E-06       4.82500E-06       4.81250E-06       2.49996E-08       9.64834E-12       3.85939E-04       1.85733E-09       9.10928E-10
       4.82500E-06       4.85000E-06       4.83750E-06       2.50001E-08       9.69840E-12       3.87935E-04       1.87663E-09       9.20627E-10
       4.85000E-06       4.87500E-06       4.86250E-06       2.50001E-08       9.74861E-12       3.89943E-04       1.89610E-09       9.30375E-10
       4.87500E-06       4.90000E-06       4.88750E-06       2.50001E-08       9.79868E-12       3.91946E-04       1.91563E-09       9.40174E-10
       4.90000E-06       4.92500E-06       4.91250E-06       2.50001E-08       9.84889E-12       3.93954E-04       1.93530E-09       9.50023E-10
       4.92500E-06       4.95000E-06       4.93750E-06       2.49996E-08       9.89895E-12       3.95964E-04       1.95507E-09       9.59922E-10
       4.95000E-06       4.97500E-06       4.96250E-06       2.50001E-08       9.94901E-12       3.97959E-04       1.97487E-09       9.69871E-10
       4.97500E-06       5.00000E-06       4.98750E-06       2.50001E-08       9.99922E-12       3.99967E-04       1.99484E-09       9.79870E-10
       5.00000E-06       5.02500E-06       5.01250E-06       2.50001E-08       1.00493E-11       4.01970E-04       2.01487E-09       9.89919E-10
       5.02500E-06       5.05000E-06       5.03750E-06       2.50001E-08       1.00995E-11       4.03978E-04       2.03504E-09       1.00002E-09
       5.05000E-06       5.07500E-06       5.06250E-06       2.49996E-08       1.01496E-11       4.05989E-04       2.05532E-09       1.01017E-09
       5.07500E-06       5.10000E-06       5.08750E-06       2.50001E-08       1.01996E-11       4.07983E-04       2.07562E-09       1.02037E-09
       5.10000E-06       5.12500E-06       5.11250E-06       2.50001E-08       1.02498E-11       4.09992E-04       2.09608E-09       1.03062E-09
       5.12500E-06       5.15000E-06       5.13750E-06       2.50001E-08       1.02999E-11       4.11994E-04       2.11662E-09       1.04092E-09
       5.15000E-06       5.17500E-06       5.16250E-06       2.50001E-08       1.03501E-11       4.14003E-04       2.13729E-09       1.05127E-09
       5.17500E-06       5.20000E-06       5.18750E-06       2.49996E-08       1.04002E-11       4.16013E-04       2.15807E-09       1.06167E-09
       5.20000E-06       5.22500E-06       5.21250E-06       2.50001E-08       1.04502E-11       4.18008E-04       2.17886E-09       1.07212E-09
       5.22500E-06       5.25000E-06       5.23750E-06       2.50001E-08       1.05004E-11       4.20016E-04       2.19983E-09       1.08262E-09
       5.25000E-06       5.27500E-06       5.26250E-06       2.50001E-08       1.05505E-11       4.22019E-04       2.22087E-09       1.09317E-09
       5.27500E-06       5.30000E-06       5.28750E-06       2.50001E-08       1.06006E-11       4.24021E-04       2.24201E-09       1.10377E-09
       5.30000E-06       5.32500E-06       5.31250E-06       2.49996E-08       1.06508E-11       4.26038E-04       2.26333E-09       1.11442E-09
       5.32500E-06       5.35000E-06       5.33750E-06       2.50001E-08       1.07008E-11       4.28032E-04       2.28462E-09       1.12512E-09
       5.35000E-06       5.37500E-06       5.36250E-06       2.50001E-08       1.07511E-11       4.30041E-04       2.30609E-09       1.13587E-09
       5.37500E-06       5.40000E-06       5.38750E-06       2.50001E-08       1.08011E-11       4.32043E-04       2.32763E-09       1.14667E-09
       5.40000E-06       5.42500E-06       5.41250E-06       2.50001E-08       1.08512E-11       4.34045E-04       2.34927E-09       1.15752E-09
       5.42500E-06       5.45000E-06       5.43750E-06       2.49996E-08       1.09014E-11       4.36062E-04       2.37109E-09       1.16843E-09
       5.45000E-06       5.47500E-06       5.46250E-06       2.50001E-08       1.09515E-11       4.38056E-04       2.39288E-09       1.17938E-09
       5.47500E-06       5.50000E-06       5.48750E-06       2.50001E-08       1.10017E-11       4.40065E-04       2.41486E-09       1.19038E-09
       5.50000E-06       5.52500E-06       5.51250E-06       2.50001E-08       1.10517E-11       4.42067E-04       2.43690E-09       1.20143E-09
       5.52500E-06       5.55000E-06       5.53750E-06       2.50001E-08       1.11018E-11       4.44070E-04       2.45904E-09       1.21253E-09
       5.55000E-06       5.57500E-06       5.56250E-06       2.49996E-08       1.11520E-11       4.46087E-04       2.48136E-09       1.22368E-09
       5.57500E-06       5.60000E-06       5.58750E-06       2.50001E-08       1.12021E-11       4.48081E-04       2.50365E-09       1.23489E-09
       5.60000E-06       5.62500E-06       5.61250E-06       2.50001E-08       1.12523E-11       4.50089E-04       2.52613E-09       1.24614E-09
       5.62500E-06       5.65000E-06       5.63750E-06       2.50001E-08       1.13023E-11       4.52092E-04       2.54867E-09       1.25744E-09
       5.65000E-06       5.67500E-06       5.66250E-06       2.50001E-08       1.13524E-11       4.54094E-04       2.57131E-09       1.26879E-09
       5.67500E-06       5.70000E-06       5.68750E-06       2.49996E-08       1.14026E-11       4.56111E-04       2.59413E-09       1.28020E-09
       5.70000E-06       5.72500E-06       5.71250E-06       2.50001E-08       1.14527E-11       4.58105E-04       2.61693E-09       1.29165E-09
       5.72500E-06       5.75000E-06       5.73750E-06       2.50001E-08       1.15029E-11       4.60114E-04       2.63990E-09       1.30315E-09
       5.75000E-06       5.77500E-06       5.76250E-06       2.50001E-08       1.15529E-11       4.62116E-04       2.66294E-09       1.31470E-09
       5.77500E-06       5.80000E-06       5.78750E-06       2.50001E-08       1.16030E-11       4.64119E-04       2.68609E-09       1.32631E-09
       5.80000E-06       5.82500E-06       5.81250E-06       2.49996E-08       1.16532E-11       4.66136E-04       2.70942E-09       1.33796E-09
       5.82500E-06       5.85000E-06       5.83750E-06       2.50001E-08       1.17033E-11       4.68130E-04       2.73271E-09       1.34966E-09
       5.85000E-06       5.87500E-06       5.86250E-06       2.50001E-08       1.17535E-11       4.70138E-04       2.75618E-09       1.36142E-09
       5.87500E-06       5.90000E-06       5.88750E-06       2.50001E-08       1.18036E-11       4.72140E-04       2.77973E-09       1.37322E-09
       5.90000E-06       5.92500E-06       5.91250E-06       2.50001E-08       1.18536E-11       4.74143E-04       2.80337E-09       1.38508E-09
       5.92500E-06       5.95000E-06       5.93750E-06       2.49996E-08       1.19038E-11       4.76161E-04       2.82720E-09       1.39698E-09
       5.95000E-06       5.97500E-06       5.96250E-06       2.50001E-08       1.19539E-11       4.78154E-04       2.85099E-09       1.40893E-09
       5.97500E-06       6.00000E-06       5.98750E-06       2.50001E-08       1.20041E-11       4.80162E-04       2.87497E-09       1.42094E-09
       6.00000E-06       6.02500E-06       6.01250E-06       2.50001E-08       1.20542E-11       4.82165E-04       2.89902E-09       1.43299E-09
       6.02500E-06       6.05000E-06       6.03750E-06       2.50001E-08       1.21042E-11       4.84167E-04       2.92316E-09       1.44510E-09
       6.05000E-06       6.07500E-06       6.06250E-06       2.49996E-08       1.21544E-11       4.86185E-04       2.94750E-09       1.45725E-09
       6.07500E-06       6.10000E-06       6.08750E-06       2.50001E-08       1.22045E-11       4.88178E-04       2.97179E-09       1.46945E-09
       6.10000E-06       6.12500E-06       6.11250E-06       2.50001E-08       1.22547E-11       4.90187E-04       2.99627E-09       1.48171E-09
       6.12500E-06       6.15000E-06       6.13750E-06       2.50001E-08       1.23048E-11       4.92189E-04       3.02081E-09       1.49401E-09
       6.15000E-06       6.17500E-06       6.16250E-06       2.50001E-08       1.23548E-11       4.94192E-04       3.04546E-09       1.50637E-09
       6.17500E-06       6.20000E-06       6.18750E-06       2.49996E-08       1.24051E-11       4.96210E-04       3.07030E-09       1.51877E-09
       6.20000E-06       6.22500E-06       6.21250E-06       2.50001E-08       1.24551E-11       4.98203E-04       3.09508E-09       1.53123E-09
       6.22500E-06       6.25000E-06       6.23750E-06       2.50001E-08       1.25052E-11       5.00205E-04       3.12003E-09       1.54373E-09
       6.25000E-06       6.27500E-06       6.26250E-06       2.50001E-08       1.25554E-11       5.02214E-04       3.14511E-09       1.55629E-09
       6.27500E-06       6.30000E-06       6.28750E-06       2.50001E-08       1.26054E-11       5.04216E-04       3.17026E-09       1.56889E-09
       6.30000E-06       6.32500E-06       6.31250E-06       2.49996E-08       1.26557E-11       5.06234E-04       3.19560E-09       1.58155E-09
       6.32500E-06       6.35000E-06       6.33750E-06       2.50001E-08       1.27057E-11       5.08227E-04       3.22089E-09       1.59426E-09
       6.35000E-06       6.37500E-06       6.36250E-06       2.50001E-08       1.27558E-11       5.10229E-04       3.24633E-09       1.60701E-09
       6.37500E-06       6.40000E-06       6.38750E-06       2.50001E-08       1.28060E-11       5.12238E-04       3.27192E-09       1.61982E-09
       6.40000E-06       6.42500E-06       6.41250E-06       2.50001E-08       1.28561E-11       5.14240E-04       3.29757E-09       1.63267E-09
       6.42500E-06       6.45000E-06       6.43750E-06       2.49996E-08       1.29063E-11       5.16259E-04       3.32342E-09       1.64558E-09
       6.45000E-06       6.47500E-06       6.46250E-06       2.50001E-08       1.29563E-11       5.18251E-04       3.34920E-09       1.65854E-09
       6.47500E-06       6.50000E-06       6.48750E-06       2.50001E-08       1.30064E-11       5.20254E-04       3.37515E-09       1.67154E-09
       6.50000E-06       6.52500E-06       6.51250E-06       2.50001E-08       1.30566E-11       5.22262E-04       3.40123E-09       1.68460E-09
       6.52500E-06       6.55000E-06       6.53750E-06       2.50001E-08       1.31067E-11       5.24265E-04       3.42738E-09       1.69771E-09
       6.55000E-06       6.57500E-06       6.56250E-06       2.49996E-08       1.31569E-11       5.26283E-04       3.45373E-09       1.71086E-09
       6.57500E-06       6.60000E-06       6.58750E-06       2.50001E-08       1.32069E-11       5.28276E-04       3.48002E-09       1.72407E-09
       6.60000E-06       6.62500E-06       6.61250E-06       2.50001E-08       1.32570E-11       5.30278E-04       3.50646E-09       1.73733E-09
       6.62500E-06       6.65000E-06       6.63750E-06       2.50001E-08       1.33072E-11       5.32287E-04       3.53305E-09       1.75063E-09
       6.65000E-06       6.67500E-06       6.66250E-06       2.50001E-08       1.33573E-11       5.34289E-04       3.55970E-09       1.76399E-09
       6.67500E-06       6.70000E-06       6.68750E-06       2.49996E-08       1.34075E-11       5.36308E-04       3.58656E-09       1.77740E-09
       6.70000E-06       6.72500E-06       6.71250E-06       2.50001E-08       1.34576E-11       5.38300E-04       3.61334E-09       1.79086E-09
       6.72500E-06       6.75000E-06       6.73750E-06       2.50001E-08       1.35076E-11       5.40303E-04       3.64029E-09       1.80436E-09
       6.75000E-06       6.77500E-06       6.76250E-06       2.50001E-08       1.35578E-11       5.42311E-04       3.66738E-09       1.81792E-09
       6.77500E-06       6.80000E-06       6.78750E-06       2.50001E-08       1.36079E-11       5.44314E-04       3.69453E-09       1.83153E-09
       6.80000E-06       6.82500E-06       6.81250E-06       2.49996E-08       1.36581E-11       5.46332E-04       3.72189E-09       1.84519E-09
       6.82500E-06       6.85000E-06       6.83750E-06       2.50001E-08       1.37082E-11       5.48324E-04       3.74917E-09       1.85890E-09
       6.85000E-06       6.87500E-06       6.86250E-06       2.50001E-08       1.37582E-11       5.50327E-04       3.77662E-09       1.87265E-09
       6.87500E-06       6.90000E-06       6.88750E-06       2.50001E-08       1.38084E-11       5.52335E-04       3.80421E-09       1.88646E-09
       6.90000E-06       6.92500E-06       6.91250E-06       2.50001E-08       1.38585E-11       5.54338E-04       3.83186E-09       1.90032E-09
       6.92500E-06       6.95000E-06       6.93750E-06       2.49996E-08       1.39087E-11       5.56357E-04       3.85973E-09       1.91423E-09
       6.95000E-06       6.97500E-06       6.96250E-06       2.50001E-08       1.39588E-11       5.58349E-04       3.88750E-09       1.92819E-09
       6.97500E-06       7.00000E-06       6.98750E-06       2.50001E-08       1.40088E-11       5.60351E-04       3.91545E-09       1.94220E-09
       7.00000E-06       7.02500E-06       7.01250E-06       2.50001E-08       1.40590E-11       5.62360E-04       3.94355E-09       1.95626E-09
       7.02500E-06       7.05000E-06       7.03750E-06       2.50001E-08       1.41091E-11       5.64362E-04       3.97170E-09       1.97037E-09
       7.05000E-06       7.07500E-06       7.06250E-06       2.49996E-08       1.41593E-11       5.66382E-04       4.00007E-09       1.98453E-09
       7.07500E-06       7.10000E-06       7.08750E-06       2.50001E-08       1.42094E-11       5.68373E-04       4.02834E-09       1.99873E-09
       7.10000E-06       7.12500E-06       7.11250E-06       2.50001E-08       1.42594E-11       5.70376E-04       4.05680E-09       2.01299E-09
       7.12500E-06       7.15000E-06       7.13750E-06       2.50001E-08       1.43097E-11       5.72384E-04       4.08539E-09       2.02730E-09
       7.15000E-06       7.17500E-06       7.16250E-06       2.50001E-08       1.43597E-11       5.74387E-04       4.11404E-09       2.04166E-09
       7.17500E-06       7.20000E-06       7.18750E-06       2.49996E-08       1.44098E-11       5.76400E-04       4.14288E-09       2.05607E-09
       7.20000E-06       7.22500E-06       7.21250E-06       2.50001E-08       1.44600E-11       5.78398E-04       4.17169E-09       2.07053E-09
       7.22500E-06       7.25000E-06       7.23750E-06       2.50001E-08       1.45101E-11       5.80400E-04       4.20065E-09       2.08504E-09
       7.25000E-06       7.27500E-06       7.26250E-06       2.50001E-08       1.45603E-11       5.82409E-04       4.22974E-09       2.09960E-09
       7.27500E-06       7.30000E-06       7.28750E-06       2.50001E-08       1.46103E-11       5.84411E-04       4.25890E-09       2.11421E-09
       7.30000E-06       7.32500E-06       7.31250E-06       2.49996E-08       1.46604E-11       5.86425E-04       4.28823E-09       2.12887E-09
       7.32500E-06       7.35000E-06       7.33750E-06       2.50001E-08       1.47106E-11       5.88422E-04       4.31755E-09       2.14358E-09
       7.35000E-06       7.37500E-06       7.36250E-06       2.50001E-08       1.47607E-11       5.90424E-04       4.34700E-09       2.15835E-09
       7.37500E-06       7.40000E-06       7.38750E-06       2.50001E-08       1.48109E-11       5.92433E-04       4.37660E-09       2.17316E-09
       7.40000E-06       7.42500E-06       7.41250E-06       2.50001E-08       1.48609E-11       5.94435E-04       4.40625E-09       2.18802E-09
       7.42500E-06       7.45000E-06       7.43750E-06       2.49996E-08       1.49110E-11       5.96449E-04       4.43609E-09       2.20293E-09
       7.45000E-06       7.47500E-06       7.46250E-06       2.50001E-08       1.49612E-11       5.98446E-04       4.46591E-09       2.21789E-09
       7.47500E-06       7.50000E-06       7.48750E-06       2.50001E-08       1.50113E-11       6.00449E-04       4.49586E-09       2.23290E-09
       7.50000E-06       7.52500E-06       7.51250E-06       2.50001E-08       1.50615E-11       6.02457E-04       4.52596E-09       2.24796E-09
       7.52500E-06       7.55000E-06       7.53750E-06       2.50001E-08       1.51120E-11       6.04478E-04       4.55625E-09       2.26307E-09
       7.55000E-06       7.57500E-06       7.56250E-06       2.49996E-08       1.51618E-11       6.06480E-04       4.58650E-09       2.27824E-09
       7.57500E-06       7.60000E-06       7.58750E-06       2.50001E-08       1.52115E-11       6.08459E-04       4.61668E-09       2.29345E-09
       7.60000E-06       7.62500E-06       7.61250E-06       2.50001E-08       1.52613E-11       6.10449E-04       4.64704E-09       2.30871E-09
       7.62500E-06       7.65000E-06       7.63750E-06       2.50001E-08       1.53126E-11       6.12500E-04       4.67797E-09       2.32402E-09
       7.65000E-06       7.67500E-06       7.66250E-06       2.50001E-08       1.53623E-11       6.14490E-04       4.70853E-09       2.33938E-09
       7.67500E-06       7.70000E-06       7.68750E-06       2.49996E-08       1.54121E-11       6.16492E-04       4.73928E-09       2.35480E-09
       7.70000E-06       7.72500E-06       7.71250E-06       2.50001E-08       1.54618E-11       6.18471E-04       4.76996E-09       2.37026E-09
       7.72500E-06       7.75000E-06       7.73750E-06       2.50001E-08       1.55131E-11       6.20522E-04       4.80129E-09       2.38577E-09
       7.75000E-06       7.77500E-06       7.76250E-06       2.50001E-08       1.55629E-11       6.22512E-04       4.83225E-09       2.40133E-09
       7.77500E-06       7.80000E-06       7.78750E-06       2.50001E-08       1.56126E-11       6.24502E-04       4.86331E-09       2.41695E-09
       7.80000E-06       7.82500E-06       7.81250E-06       2.49996E-08       1.56624E-11       6.26505E-04       4.89457E-09       2.43261E-09
       7.82500E-06       7.85000E-06       7.83750E-06       2.50001E-08       1.57136E-11       6.28543E-04       4.92621E-09       2.44832E-09
       7.85000E-06       7.87500E-06       7.86250E-06       2.50001E-08       1.57634E-11       6.30534E-04       4.95757E-09       2.46409E-09
       7.87500E-06       7.90000E-06       7.88750E-06       2.50001E-08       1.58132E-11       6.32524E-04       4.98904E-09       2.47990E-09
       7.90000E-06       7.92500E-06       7.91250E-06       2.50001E-08       1.58629E-11       6.34515E-04       5.02060E-09       2.49576E-09
       7.92500E-06       7.95000E-06       7.93750E-06       2.49996E-08       1.59142E-11       6.36578E-04       5.05284E-09       2.51168E-09
       7.95000E-06       7.97500E-06       7.96250E-06       2.50001E-08       1.59640E-11       6.38556E-04       5.08450E-09       2.52764E-09
       7.97500E-06       8.00000E-06       7.98750E-06       2.50001E-08       1.60137E-11       6.40546E-04       5.11636E-09       2.54365E-09
       8.00000E-06       8.02500E-06       8.01250E-06       2.49996E-08       1.60635E-11       6.42549E-04       5.14842E-09       2.55972E-09
       8.02500E-06       8.05000E-06       8.03750E-06       2.50006E-08       1.61132E-11       6.44515E-04       5.18029E-09       2.57583E-09
       8.05000E-06       8.07500E-06       8.06250E-06       2.49996E-08       1.61645E-11       6.46590E-04       5.21313E-09       2.59199E-09
       8.07500E-06       8.10000E-06       8.08750E-06       2.50006E-08       1.62143E-11       6.48556E-04       5.24519E-09       2.60821E-09
       8.10000E-06       8.12500E-06       8.11250E-06       2.49996E-08       1.62640E-11       6.50571E-04       5.27776E-09       2.62447E-09
       8.12500E-06       8.15000E-06       8.13750E-06       2.49996E-08       1.63138E-11       6.52561E-04       5.31022E-09       2.64079E-09
       8.15000E-06       8.17500E-06       8.16250E-06       2.50006E-08       1.63651E-11       6.54587E-04       5.34307E-09       2.65715E-09
       8.17500E-06       8.20000E-06       8.18750E-06       2.49996E-08       1.64148E-11       6.56603E-04       5.37593E-09       2.67357E-09
       8.20000E-06       8.22500E-06       8.21250E-06       2.50006E-08       1.64646E-11       6.58568E-04       5.40849E-09       2.69003E-09
       8.22500E-06       8.25000E-06       8.23750E-06       2.49996E-08       1.65143E-11       6.60583E-04       5.44156E-09       2.70655E-09
       8.25000E-06       8.27500E-06       8.26250E-06       2.49996E-08       1.65656E-11       6.62634E-04       5.47502E-09       2.72311E-09
       8.27500E-06       8.30000E-06       8.28750E-06       2.50006E-08       1.66154E-11       6.64599E-04       5.50787E-09       2.73973E-09
       8.30000E-06       8.32500E-06       8.31250E-06       2.49996E-08       1.66651E-11       6.66615E-04       5.54124E-09       2.75639E-09
       8.32500E-06       8.35000E-06       8.33750E-06       2.50006E-08       1.67149E-11       6.68580E-04       5.57429E-09       2.77311E-09
       8.35000E-06       8.37500E-06       8.36250E-06       2.49996E-08       1.67662E-11       6.70656E-04       5.60836E-09       2.78987E-09
       8.37500E-06       8.40000E-06       8.38750E-06       2.49996E-08       1.68159E-11       6.72647E-04       5.64182E-09       2.80669E-09
       8.40000E-06       8.42500E-06       8.41250E-06       2.50006E-08       1.68657E-11       6.74611E-04       5.67517E-09       2.82355E-09
       8.42500E-06       8.45000E-06       8.43750E-06       2.49996E-08       1.69154E-11       6.76628E-04       5.70905E-09       2.84047E-09
       8.45000E-06       8.47500E-06       8.46250E-06       2.50006E-08       1.69667E-11       6.78652E-04       5.74310E-09       2.85744E-09
       8.47500E-06       8.50000E-06       8.48750E-06       2.49996E-08       1.70165E-11       6.80669E-04       5.77718E-09       2.87445E-09
       8.50000E-06       8.52500E-06       8.51250E-06       2.49996E-08       1.70662E-11       6.82659E-04       5.81114E-09       2.89152E-09
       8.52500E-06       8.55000E-06       8.53750E-06       2.50006E-08       1.71160E-11       6.84624E-04       5.84497E-09       2.90864E-09
       8.55000E-06       8.57500E-06       8.56250E-06       2.49996E-08       1.71672E-11       6.86700E-04       5.87987E-09       2.92580E-09
       8.57500E-06       8.60000E-06       8.58750E-06       2.50006E-08       1.72170E-11       6.88665E-04       5.91391E-09       2.94302E-09
       8.60000E-06       8.62500E-06       8.61250E-06       2.49996E-08       1.72668E-11       6.90681E-04       5.94849E-09       2.96029E-09
       8.62500E-06       8.65000E-06       8.63750E-06       2.49996E-08       1.73165E-11       6.92672E-04       5.98295E-09       2.97760E-09
       8.65000E-06       8.67500E-06       8.66250E-06       2.50006E-08       1.73663E-11       6.94636E-04       6.01728E-09       2.99497E-09
       8.67500E-06       8.70000E-06       8.68750E-06       2.49996E-08       1.74176E-11       6.96713E-04       6.05269E-09       3.01239E-09
       8.70000E-06       8.72500E-06       8.71250E-06       2.50006E-08       1.74673E-11       6.98677E-04       6.08722E-09       3.02985E-09
       8.72500E-06       8.75000E-06       8.73750E-06       2.49996E-08       1.75171E-11       7.00694E-04       6.12231E-09       3.04737E-09
       8.75000E-06       8.77500E-06       8.76250E-06       2.49996E-08       1.75668E-11       7.02684E-04       6.15727E-09       3.06494E-09
       8.77500E-06       8.80000E-06       8.78750E-06       2.50006E-08       1.76181E-11       7.04708E-04       6.19262E-09       3.08256E-09
       8.80000E-06       8.82500E-06       8.81250E-06       2.49996E-08       1.76679E-11       7.06725E-04       6.22802E-09       3.10022E-09
       8.82500E-06       8.85000E-06       8.83750E-06       2.50006E-08       1.77176E-11       7.08689E-04       6.26304E-09       3.11794E-09
       8.85000E-06       8.87500E-06       8.86250E-06       2.49996E-08       1.77674E-11       7.10706E-04       6.29863E-09       3.13571E-09
       8.87500E-06       8.90000E-06       8.88750E-06       2.49996E-08       1.78187E-11       7.12757E-04       6.33463E-09       3.15353E-09
       8.90000E-06       8.92500E-06       8.91250E-06       2.50006E-08       1.78684E-11       7.14720E-04       6.36994E-09       3.17140E-09
       8.92500E-06       8.95000E-06       8.93750E-06       2.49996E-08       1.79182E-11       7.16738E-04       6.40584E-09       3.18931E-09
       8.95000E-06       8.97500E-06       8.96250E-06       2.50006E-08       1.79679E-11       7.18701E-04       6.44136E-09       3.20728E-09
       8.97500E-06       9.00000E-06       8.98750E-06       2.49996E-08       1.80192E-11       7.20779E-04       6.47800E-09       3.22530E-09
       9.00000E-06       9.02500E-06       9.01250E-06       2.49996E-08       1.80690E-11       7.22769E-04       6.51396E-09       3.24337E-09
       9.02500E-06       9.05000E-06       9.03750E-06       2.50006E-08       1.81187E-11       7.24732E-04       6.54977E-09       3.26149E-09
       9.05000E-06       9.07500E-06       9.06250E-06       2.49996E-08       1.81685E-11       7.26750E-04       6.58618E-09       3.27966E-09
       9.07500E-06       9.10000E-06       9.08750E-06       2.50006E-08       1.82198E-11       7.28773E-04       6.62273E-09       3.29788E-09
       9.10000E-06       9.12500E-06       9.11250E-06       2.49996E-08       1.82695E-11       7.30792E-04       6.65934E-09       3.31615E-09
       9.12500E-06       9.15000E-06       9.13750E-06       2.49996E-08       1.83193E-11       7.32782E-04       6.69580E-09       3.33447E-09
       9.15000E-06       9.17500E-06       9.16250E-06       2.50006E-08       1.83690E-11       7.34744E-04       6.73210E-09       3.35284E-09
       9.17500E-06       9.20000E-06       9.18750E-06       2.49996E-08       1.84203E-11       7.36823E-04       6.76956E-09       3.37126E-09
       9.20000E-06       9.22500E-06       9.21250E-06       2.50006E-08       1.84701E-11       7.38785E-04       6.80606E-09       3.38973E-09
       9.22500E-06       9.25000E-06       9.23750E-06       2.49996E-08       1.85198E-11       7.40804E-04       6.84318E-09       3.40825E-09
       9.25000E-06       9.27500E-06       9.26250E-06       2.49996E-08       1.85696E-11       7.42795E-04       6.88013E-09       3.42682E-09
       9.27500E-06       9.30000E-06       9.28750E-06       2.50006E-08       1.86193E-11       7.44756E-04       6.91693E-09       3.44543E-09
       9.30000E-06       9.32500E-06       9.31250E-06       2.49996E-08       1.86706E-11       7.46836E-04       6.95491E-09       3.46411E-09
       9.32500E-06       9.35000E-06       9.33750E-06       2.50006E-08       1.87204E-11       7.48798E-04       6.99190E-09       3.48283E-09
       9.35000E-06       9.37500E-06       9.36250E-06       2.49996E-08       1.87701E-11       7.50817E-04       7.02952E-09       3.50160E-09
       9.37500E-06       9.40000E-06       9.38750E-06       2.49996E-08       1.88199E-11       7.52807E-04       7.06698E-09       3.52042E-09
       9.40000E-06       9.42500E-06       9.41250E-06       2.50006E-08       1.88712E-11       7.54829E-04       7.10483E-09       3.53929E-09
       9.42500E-06       9.45000E-06       9.43750E-06       2.49996E-08       1.89209E-11       7.56848E-04       7.14275E-09       3.55821E-09
       9.45000E-06       9.47500E-06       9.46250E-06       2.50006E-08       1.89707E-11       7.58810E-04       7.18024E-09       3.57718E-09
       9.47500E-06       9.50000E-06       9.48750E-06       2.49996E-08       1.90204E-11       7.60829E-04       7.21837E-09       3.59620E-09
       9.50000E-06       9.52500E-06       9.51250E-06       2.49996E-08       1.90717E-11       7.62880E-04       7.25689E-09       3.61527E-09
       9.52500E-06       9.55000E-06       9.53750E-06       2.50006E-08       1.91215E-11       7.64841E-04       7.29467E-09       3.63439E-09
       9.55000E-06       9.57500E-06       9.56250E-06       2.49996E-08       1.91712E-11       7.66861E-04       7.33311E-09       3.65356E-09
       9.57500E-06       9.60000E-06       9.58750E-06       2.50006E-08       1.92210E-11       7.68822E-04       7.37108E-09       3.67278E-09
       9.60000E-06       9.62500E-06       9.61250E-06       2.49996E-08       1.92723E-11       7.70902E-04       7.41029E-09       3.69206E-09
       9.62500E-06       9.65000E-06       9.63750E-06       2.49996E-08       1.93220E-11       7.72892E-04       7.44875E-09       3.71138E-09
       9.65000E-06       9.67500E-06       9.66250E-06       2.50006E-08       1.93718E-11       7.74853E-04       7.48702E-09       3.73075E-09
       9.67500E-06       9.70000E-06       9.68750E-06       2.49996E-08       1.94215E-11       7.76873E-04       7.52596E-09       3.75017E-09
       9.70000E-06       9.72500E-06       9.71250E-06       2.50006E-08       1.94728E-11       7.78894E-04       7.56501E-09       3.76964E-09
       9.72500E-06       9.75000E-06       9.73750E-06       2.49996E-08       1.95226E-11       7.80914E-04       7.60415E-09       3.78917E-09
       9.75000E-06       9.77500E-06       9.76250E-06       2.49996E-08       1.95723E-11       7.82905E-04       7.64311E-09       3.80874E-09
       9.77500E-06       9.80000E-06       9.78750E-06       2.50006E-08       1.96221E-11       7.84865E-04       7.68187E-09       3.82836E-09
       9.80000E-06       9.82500E-06       9.81250E-06       2.49996E-08       1.96718E-11       7.86886E-04       7.72132E-09       3.84803E-09
       9.82500E-06       9.85000E-06       9.83750E-06       2.50006E-08       1.97231E-11       7.88906E-04       7.76087E-09       3.86776E-09
       9.85000E-06       9.87500E-06       9.86250E-06       2.49996E-08       1.97729E-11       7.90927E-04       7.80052E-09       3.88753E-09
       9.87500E-06       9.90000E-06       9.88750E-06       2.49996E-08       1.98226E-11       7.92917E-04       7.83997E-09       3.90735E-09
       9.90000E-06       9.92500E-06       9.91250E-06       2.50006E-08       1.98724E-11       7.94877E-04       7.87922E-09       3.92722E-09
       9.92500E-06       9.95000E-06       9.93750E-06       2.49996E-08       1.99237E-11       7.96959E-04       7.91978E-09       3.94715E-09
       9.95000E-06       9.97500E-06       9.96250E-06       2.50006E-08       1.99734E-11       7.98918E-04       7.95923E-09       3.96712E-09
       9.97500E-06       1.00000E-05       9.98750E-06       2.49996E-08       2.00232E-11       8.00939E-04       7.99938E-09       3.98714E-09
       1.00000E-05       1.04713E-05       1.02356E-05       4.71300E-07       3.86847E-10       8.20809E-04       8.40151E-09       4.37399E-09
       1.04713E-05       1.09648E-05       1.07180E-05       4.93500E-07       4.24168E-10       8.59509E-04       9.21226E-09       4.79816E-09
       1.09648E-05       1.14815E-05       1.12232E-05       5.16700E-07       4.65107E-10       9.00148E-04       1.01025E-08       5.26327E-09
       1.14815E-05       1.20226E-05       1.17521E-05       5.41101E-07       5.09951E-10       9.42433E-04       1.10755E-08       5.77322E-09
       1.20226E-05       1.25892E-05       1.23059E-05       5.66600E-07       5.59168E-10       9.86884E-04       1.21445E-08       6.33238E-09
       1.25892E-05       1.31826E-05       1.28859E-05       5.93400E-07       6.13120E-10       1.03323E-03       1.33141E-08       6.94551E-09
       1.31826E-05       1.38038E-05       1.34932E-05       6.21200E-07       6.72260E-10       1.08220E-03       1.46023E-08       7.61776E-09
       1.38038E-05       1.44544E-05       1.41291E-05       6.50600E-07       7.37129E-10       1.13300E-03       1.60082E-08       8.35489E-09
       1.44544E-05       1.51356E-05       1.47950E-05       6.81200E-07       8.08240E-10       1.18649E-03       1.75542E-08       9.16313E-09
       1.51356E-05       1.58489E-05       1.54922E-05       7.13300E-07       8.86213E-10       1.24241E-03       1.92478E-08       1.00493E-08
       1.58489E-05       1.65959E-05       1.62224E-05       7.47000E-07       9.71725E-10       1.30084E-03       2.11027E-08       1.10211E-08
       1.65959E-05       1.73780E-05       1.69869E-05       7.82101E-07       1.06547E-09       1.36232E-03       2.31416E-08       1.20865E-08
       1.73780E-05       1.81970E-05       1.77875E-05       8.19000E-07       1.16826E-09       1.42645E-03       2.53730E-08       1.32548E-08
       1.81970E-05       1.90546E-05       1.86258E-05       8.57599E-07       1.28098E-09       1.49368E-03       2.78209E-08       1.45358E-08
       1.90546E-05       1.99526E-05       1.95036E-05       8.98001E-07       1.40455E-09       1.56408E-03       3.05053E-08       1.59403E-08
       1.99526E-05       2.08930E-05       2.04228E-05       9.40399E-07       1.54008E-09       1.63768E-03       3.34461E-08       1.74804E-08
       2.08930E-05       2.18776E-05       2.13853E-05       9.84600E-07       1.68866E-09       1.71507E-03       3.66774E-08       1.91691E-08
       2.18776E-05       2.29087E-05       2.23932E-05       1.03110E-06       1.85157E-09       1.79573E-03       4.02119E-08       2.10206E-08
       2.29087E-05       2.39883E-05       2.34485E-05       1.07960E-06       2.02304E-09       1.87388E-03       4.39396E-08       2.30437E-08
       2.39883E-05       2.51189E-05       2.45536E-05       1.13060E-06       2.17079E-09       1.92004E-03       4.71438E-08       2.52145E-08
       2.51189E-05       2.63027E-05       2.57108E-05       1.18380E-06       2.32335E-09       1.96262E-03       5.04605E-08       2.75378E-08
       2.63027E-05       2.75423E-05       2.69225E-05       1.23960E-06       2.48792E-09       2.00703E-03       5.40343E-08       3.00257E-08
       2.75423E-05       2.88403E-05       2.81913E-05       1.29800E-06       2.66555E-09       2.05358E-03       5.78930E-08       3.26913E-08
       2.88403E-05       3.01995E-05       2.95199E-05       1.35920E-06       2.85738E-09       2.10225E-03       6.20582E-08       3.55487E-08
       3.01995E-05       3.16228E-05       3.09111E-05       1.42330E-06       3.06465E-09       2.15320E-03       6.65578E-08       3.86133E-08
       3.16228E-05       3.31131E-05       3.23679E-05       1.49030E-06       3.28868E-09       2.20673E-03       7.14272E-08       4.19020E-08
       3.31131E-05       3.46737E-05       3.38934E-05       1.56060E-06       3.53098E-09       2.26258E-03       7.66864E-08       4.54330E-08
       3.46737E-05       3.63078E-05       3.54907E-05       1.63410E-06       3.78919E-09       2.31882E-03       8.22967E-08       4.92222E-08
       3.63078E-05       3.80189E-05       3.71634E-05       1.71110E-06       4.05750E-09       2.37128E-03       8.81247E-08       5.32797E-08
       3.80189E-05       3.98107E-05       3.89148E-05       1.79180E-06       4.34631E-09       2.42567E-03       9.43944E-08       5.76260E-08
       3.98107E-05       4.16869E-05       4.07488E-05       1.87620E-06       4.65811E-09       2.48273E-03       1.01168E-07       6.22841E-08
       4.16869E-05       4.36516E-05       4.26692E-05       1.96470E-06       4.99492E-09       2.54234E-03       1.08480E-07       6.72790E-08
       4.36516E-05       4.57088E-05       4.46802E-05       2.05720E-06       5.35896E-09       2.60497E-03       1.16391E-07       7.26379E-08
       4.57088E-05       4.78630E-05       4.67859E-05       2.15420E-06       5.74992E-09       2.66917E-03       1.24880E-07       7.83879E-08
       4.78630E-05       5.01187E-05       4.89908E-05       2.25570E-06       6.15504E-09       2.72866E-03       1.33680E-07       8.45429E-08
       5.01187E-05       5.24808E-05       5.12998E-05       2.36210E-06       6.58835E-09       2.78919E-03       1.43085E-07       9.11313E-08
       5.24808E-05       5.49541E-05       5.37174E-05       2.47330E-06       7.05584E-09       2.85280E-03       1.53245E-07       9.81871E-08
       5.49541E-05       5.75440E-05       5.62490E-05       2.58990E-06       7.56053E-09       2.91924E-03       1.64204E-07       1.05748E-07
       5.75440E-05       6.02560E-05       5.89000E-05       2.71200E-06       8.10566E-09       2.98881E-03       1.76041E-07       1.13853E-07
       6.02560E-05       6.30957E-05       6.16758E-05       2.83970E-06       8.69460E-09       3.06180E-03       1.88839E-07       1.22548E-07
       6.30957E-05       6.60693E-05       6.45825E-05       2.97360E-06       9.33135E-09       3.13807E-03       2.02664E-07       1.31879E-07
       6.60693E-05       6.91831E-05       6.76262E-05       3.11380E-06       1.00200E-08       3.21793E-03       2.17617E-07       1.41899E-07
       6.91831E-05       7.24436E-05       7.08134E-05       3.26051E-06       1.07556E-08       3.29876E-03       2.33596E-07       1.52655E-07
       7.24436E-05       7.58578E-05       7.41507E-05       3.41420E-06       1.15196E-08       3.37404E-03       2.50187E-07       1.64174E-07
       7.58578E-05       7.94328E-05       7.76453E-05       3.57500E-06       1.23413E-08       3.45212E-03       2.68041E-07       1.76516E-07
       7.94328E-05       8.31764E-05       8.13046E-05       3.74360E-06       1.32287E-08       3.53368E-03       2.87304E-07       1.89744E-07
       8.31764E-05       8.70964E-05       8.51364E-05       3.92000E-06       1.41873E-08       3.61921E-03       3.08126E-07       2.03932E-07
       8.70964E-05       9.12011E-05       8.91488E-05       4.10471E-06       1.52234E-08       3.70878E-03       3.30633E-07       2.19155E-07
       9.12011E-05       9.54993E-05       9.33502E-05       4.29820E-06       1.63381E-08       3.80115E-03       3.54838E-07       2.35493E-07
       9.54993E-05       1.00000E-04       9.77497E-05       4.50070E-06       1.74942E-08       3.88698E-03       3.79951E-07       2.52987E-07
       1.00000E-04       1.04713E-04       1.02356E-04       4.71300E-06       1.87291E-08       3.97393E-03       4.06757E-07       2.71717E-07
       1.04713E-04       1.09648E-04       1.07181E-04       4.93501E-06       2.00613E-08       4.06511E-03       4.35700E-07       2.91778E-07
       1.09648E-04       1.14815E-04       1.12232E-04       5.16700E-06       2.15006E-08       4.16114E-03       4.67011E-07       3.13278E-07
       1.14815E-04       1.20226E-04       1.17520E-04       5.41100E-06       2.30543E-08       4.26064E-03       5.00713E-07       3.36333E-07
       1.20226E-04       1.25892E-04       1.23059E-04       5.66600E-06       2.47343E-08       4.36538E-03       5.37200E-07       3.61067E-07
       1.25892E-04       1.31826E-04       1.28859E-04       5.93401E-06       2.65507E-08       4.47432E-03       5.76557E-07       3.87618E-07
       1.31826E-04       1.38038E-04       1.34932E-04       6.21199E-06       2.85145E-08       4.59024E-03       6.19370E-07       4.16132E-07
       1.38038E-04       1.44544E-04       1.41291E-04       6.50601E-06       3.06180E-08       4.70611E-03       6.64931E-07       4.46750E-07
       1.44544E-04       1.51356E-04       1.47950E-04       6.81200E-06       3.28019E-08       4.81531E-03       7.12425E-07       4.79552E-07
       1.51356E-04       1.58489E-04       1.54922E-04       7.13300E-06       3.51495E-08       4.92773E-03       7.63417E-07       5.14702E-07
       1.58489E-04       1.65959E-04       1.62224E-04       7.47000E-06       3.76850E-08       5.04485E-03       8.18395E-07       5.52387E-07
       1.65959E-04       1.73780E-04       1.69870E-04       7.82100E-06       4.04245E-08       5.16872E-03       8.78007E-07       5.92811E-07
       1.73780E-04       1.81970E-04       1.77875E-04       8.19000E-06       4.33862E-08       5.29746E-03       9.42285E-07       6.36197E-07
       1.81970E-04       1.90546E-04       1.86258E-04       8.57600E-06       4.65755E-08       5.43091E-03       1.01155E-06       6.82773E-07
       1.90546E-04       1.99526E-04       1.95036E-04       8.98000E-06       4.98782E-08       5.55437E-03       1.08330E-06       7.32651E-07
       1.99526E-04       2.08930E-04       2.04228E-04       9.40399E-06       5.33982E-08       5.67825E-03       1.15966E-06       7.86049E-07
       2.08930E-04       2.18776E-04       2.13853E-04       9.84601E-06       5.71966E-08       5.80911E-03       1.24230E-06       8.43246E-07
       2.18776E-04       2.29087E-04       2.23932E-04       1.03110E-05       6.12971E-08       5.94482E-03       1.33123E-06       9.04543E-07
       2.29087E-04       2.39883E-04       2.34485E-04       1.07960E-05       6.57265E-08       6.08805E-03       1.42756E-06       9.70269E-07
       2.39883E-04       2.51189E-04       2.45536E-04       1.13060E-05       7.05134E-08       6.23682E-03       1.53136E-06       1.04078E-06
       2.51189E-04       2.63027E-04       2.57108E-04       1.18380E-05       7.56897E-08       6.39378E-03       1.64389E-06       1.11647E-06
       2.63027E-04       2.75423E-04       2.69225E-04       1.23960E-05       8.12880E-08       6.55760E-03       1.76547E-06       1.19776E-06
       2.75423E-04       2.88403E-04       2.81913E-04       1.29800E-05       8.72889E-08       6.72487E-03       1.89583E-06       1.28505E-06
       2.88403E-04       3.01995E-04       2.95199E-04       1.35920E-05       9.35082E-08       6.87966E-03       2.03087E-06       1.37856E-06
       3.01995E-04       3.16228E-04       3.09111E-04       1.42330E-05       1.00182E-07       7.03870E-03       2.17574E-06       1.47874E-06
       3.16228E-04       3.31131E-04       3.23680E-04       1.49030E-05       1.07388E-07       7.20578E-03       2.33236E-06       1.58613E-06
       3.31131E-04       3.46737E-04       3.38934E-04       1.56060E-05       1.15175E-07       7.38016E-03       2.50139E-06       1.70130E-06
       3.46737E-04       3.63078E-04       3.54908E-04       1.63410E-05       1.23590E-07       7.56318E-03       2.68423E-06       1.82489E-06
       3.63078E-04       3.80189E-04       3.71634E-04       1.71110E-05       1.32663E-07       7.75309E-03       2.88131E-06       1.95756E-06
       3.80189E-04       3.98107E-04       3.89148E-04       1.79180E-05       1.42111E-07       7.93121E-03       3.08641E-06       2.09967E-06
       3.98107E-04       4.16869E-04       4.07488E-04       1.87620E-05       1.52174E-07       8.11076E-03       3.30504E-06       2.25184E-06
       4.16869E-04       4.36516E-04       4.26692E-04       1.96470E-05       1.63037E-07       8.29831E-03       3.54082E-06       2.41488E-06
       4.36516E-04       4.57088E-04       4.46802E-04       2.05720E-05       1.74768E-07       8.49543E-03       3.79578E-06       2.58965E-06
       4.57088E-04       4.78630E-04       4.67859E-04       2.15420E-05       1.87442E-07       8.70124E-03       4.07095E-06       2.77709E-06
       4.78630E-04       5.01187E-04       4.89909E-04       2.25570E-05       2.01141E-07       8.91701E-03       4.36852E-06       2.97823E-06
       5.01187E-04       5.24808E-04       5.12998E-04       2.36210E-05       2.15957E-07       9.14262E-03       4.69014E-06       3.19419E-06
       5.24808E-04       5.49541E-04       5.37175E-04       2.47330E-05       2.31983E-07       9.37949E-03       5.03842E-06       3.42617E-06
       5.49541E-04       5.75440E-04       5.62491E-04       2.58990E-05       2.49206E-07       9.62224E-03       5.41242E-06       3.67538E-06
       5.75440E-04       6.02560E-04       5.89000E-04       2.71200E-05       2.67134E-07       9.85006E-03       5.80168E-06       3.94251E-06
       6.02560E-04       6.30957E-04       6.16758E-04       2.83970E-05       2.86362E-07       1.00842E-02       6.21954E-06       4.22887E-06
       6.30957E-04       6.60693E-04       6.45825E-04       2.97360E-05       3.07141E-07       1.03289E-02       6.67067E-06       4.53601E-06
       6.60693E-04       6.91831E-04       6.76262E-04       3.11380E-05       3.29601E-07       1.05852E-02       7.15834E-06       4.86561E-06
       6.91831E-04       7.24436E-04       7.08133E-04       3.26050E-05       3.53888E-07       1.08538E-02       7.68594E-06       5.21950E-06
       7.24436E-04       7.58578E-04       7.41507E-04       3.41420E-05       3.80107E-07       1.11331E-02       8.25528E-06       5.59961E-06
       7.58578E-04       7.94328E-04       7.76453E-04       3.57500E-05       4.07484E-07       1.13982E-02       8.85014E-06       6.00709E-06
       7.94328E-04       8.31764E-04       8.13046E-04       3.74360E-05       4.36620E-07       1.16631E-02       9.48264E-06       6.44371E-06
       8.31764E-04       8.70964E-04       8.51364E-04       3.92000E-05       4.68083E-07       1.19409E-02       1.01660E-05       6.91179E-06
       8.70964E-04       9.12011E-04       8.91487E-04       4.10470E-05       5.02081E-07       1.22319E-02       1.09046E-05       7.41388E-06
       9.12011E-04       9.54993E-04       9.33502E-04       4.29820E-05       5.38836E-07       1.25363E-02       1.17027E-05       7.95271E-06
       9.54993E-04       1.00000E-03       9.77497E-04       4.50070E-05       5.78582E-07       1.28554E-02       1.25661E-05       8.53129E-06
       1.00000E-03       1.04713E-03       1.02356E-03       4.71300E-05       6.21593E-07       1.31889E-02       1.34997E-05       9.15289E-06
       1.04713E-03       1.09648E-03       1.07180E-03       4.93500E-05       6.68129E-07       1.35386E-02       1.45107E-05       9.82102E-06
       1.09648E-03       1.14815E-03       1.12231E-03       5.16700E-05       7.18271E-07       1.39011E-02       1.56014E-05       1.05393E-05
       1.14815E-03       1.20226E-03       1.17520E-03       5.41100E-05       7.70522E-07       1.42399E-02       1.67348E-05       1.13098E-05
       1.20226E-03       1.25892E-03       1.23059E-03       5.66600E-05       8.26585E-07       1.45885E-02       1.79525E-05       1.21364E-05
       1.25892E-03       1.31826E-03       1.28859E-03       5.93400E-05       8.87192E-07       1.49510E-02       1.92657E-05       1.30236E-05
       1.31826E-03       1.38038E-03       1.34932E-03       6.21200E-05       9.52715E-07       1.53367E-02       2.06941E-05       1.39763E-05
       1.38038E-03       1.44544E-03       1.41291E-03       6.50599E-05       1.02365E-06       1.57339E-02       2.22306E-05       1.49999E-05
       1.44544E-03       1.51356E-03       1.47950E-03       6.81201E-05       1.10029E-06       1.61522E-02       2.38972E-05       1.61002E-05
       1.51356E-03       1.58489E-03       1.54923E-03       7.13300E-05       1.18058E-06       1.65510E-02       2.56413E-05       1.72808E-05
       1.58489E-03       1.65959E-03       1.62224E-03       7.47000E-05       1.26595E-06       1.69471E-02       2.74923E-05       1.85468E-05
       1.65959E-03       1.73780E-03       1.69870E-03       7.82101E-05       1.35820E-06       1.73661E-02       2.94997E-05       1.99050E-05
       1.73780E-03       1.81970E-03       1.77875E-03       8.18999E-05       1.45795E-06       1.78016E-02       3.16646E-05       2.13629E-05
       1.81970E-03       1.90546E-03       1.86258E-03       8.57600E-05       1.56585E-06       1.82585E-02       3.40079E-05       2.29288E-05
       1.90546E-03       1.99526E-03       1.95036E-03       8.98001E-05       1.68260E-06       1.87372E-02       3.65443E-05       2.46114E-05
       1.99526E-03       2.08930E-03       2.04228E-03       9.40400E-05       1.80902E-06       1.92367E-02       3.92868E-05       2.64204E-05
       2.08930E-03       2.18776E-03       2.13853E-03       9.84600E-05       1.94594E-06       1.97637E-02       4.22654E-05       2.83663E-05
       2.18776E-03       2.29087E-03       2.23932E-03       1.03110E-04       2.09356E-06       2.03041E-02       4.54673E-05       3.04599E-05
       2.29087E-03       2.39883E-03       2.34485E-03       1.07960E-04       8.73319E-06       8.08929E-02       1.89682E-04       3.91931E-05
       2.39883E-03       2.51189E-03       2.45536E-03       1.13060E-04       1.62570E-05       1.43792E-01       3.53060E-04       5.54501E-05
       2.51189E-03       2.63027E-03       2.57108E-03       1.18380E-04       1.70692E-05       1.44190E-01       3.70723E-04       7.25193E-05
       2.63027E-03       2.75423E-03       2.69225E-03       1.23960E-04       1.79348E-05       1.44682E-01       3.89521E-04       9.04541E-05
       2.75423E-03       2.88403E-03       2.81913E-03       1.29800E-04       1.88399E-05       1.45145E-01       4.09183E-04       1.09294E-04
       2.88403E-03       3.01995E-03       2.95199E-03       1.35920E-04       1.97982E-05       1.45660E-01       4.29988E-04       1.29092E-04
       3.01995E-03       3.16228E-03       3.09112E-03       1.42330E-04       2.07970E-05       1.46118E-01       4.51667E-04       1.49889E-04
       3.16228E-03       3.31131E-03       3.23679E-03       1.49030E-04       2.18548E-05       1.46647E-01       4.74666E-04       1.71744E-04
       3.31131E-03       3.46737E-03       3.38934E-03       1.56060E-04       2.29565E-05       1.47101E-01       4.98574E-04       1.94700E-04
       3.46737E-03       3.63078E-03       3.54907E-03       1.63410E-04       2.41196E-05       1.47602E-01       5.23850E-04       2.18820E-04
       3.63078E-03       3.80189E-03       3.71633E-03       1.71110E-04       2.53537E-05       1.48172E-01       5.50656E-04       2.44174E-04
       3.80189E-03       3.98107E-03       3.89148E-03       1.79180E-04       2.66481E-05       1.48722E-01       5.78750E-04       2.70822E-04
       3.98107E-03       4.16869E-03       4.07488E-03       1.87620E-04       2.80153E-05       1.49320E-01       6.08459E-04       2.98837E-04
       4.16869E-03       4.36516E-03       4.26693E-03       1.96470E-04       2.94606E-05       1.49949E-01       6.39823E-04       3.28298E-04
       4.36516E-03       4.57088E-03       4.46802E-03       2.05720E-04       3.09882E-05       1.50633E-01       6.73033E-04       3.59286E-04
       4.57088E-03       4.78630E-03       4.67859E-03       2.15420E-04       3.25738E-05       1.51211E-01       7.07454E-04       3.91860E-04
       4.78630E-03       5.01187E-03       4.89909E-03       2.25570E-04       3.42472E-05       1.51825E-01       7.43803E-04       4.26107E-04
       5.01187E-03       5.24807E-03       5.12997E-03       2.36200E-04       3.60186E-05       1.52492E-01       7.82281E-04       4.62126E-04
       5.24807E-03       5.49541E-03       5.37174E-03       2.47340E-04       3.78889E-05       1.53185E-01       8.22871E-04       5.00014E-04
       5.49541E-03       5.75440E-03       5.62491E-03       2.58990E-04       3.98543E-05       1.53884E-01       8.65581E-04       5.39869E-04
       5.75440E-03       6.02560E-03       5.89000E-03       2.71200E-04       4.19472E-05       1.54672E-01       9.11021E-04       5.81816E-04
       6.02560E-03       6.30957E-03       6.16759E-03       2.83970E-04       4.41230E-05       1.55379E-01       9.58314E-04       6.25939E-04
       6.30957E-03       6.60693E-03       6.45825E-03       2.97360E-04       4.64021E-05       1.56047E-01       1.00779E-03       6.72341E-04
       6.60693E-03       6.91831E-03       6.76262E-03       3.11380E-04       4.88180E-05       1.56780E-01       1.06024E-03       7.21159E-04
       6.91831E-03       7.24436E-03       7.08133E-03       3.26050E-04       5.13659E-05       1.57540E-01       1.11559E-03       7.72525E-04
       7.24436E-03       7.58578E-03       7.41507E-03       3.41420E-04       5.40598E-05       1.58338E-01       1.17409E-03       8.26585E-04
       7.58578E-03       7.94328E-03       7.76453E-03       3.57500E-04       5.69134E-05       1.59198E-01       1.23610E-03       8.83498E-04
       7.94328E-03       8.31764E-03       8.13046E-03       3.74360E-04       5.99291E-05       1.60084E-01       1.30156E-03       9.43427E-04
       8.31764E-03       8.70964E-03       8.51364E-03       3.92000E-04       6.31222E-05       1.61026E-01       1.37092E-03       1.00655E-03
       8.70964E-03       9.12011E-03       8.91487E-03       4.10471E-04       6.64921E-05       1.61990E-01       1.44412E-03       1.07304E-03
       9.12011E-03       9.54993E-03       9.33502E-03       4.29819E-04       7.00222E-05       1.62911E-01       1.52077E-03       1.14306E-03
       9.54993E-03       1.00000E-02       9.77496E-03       4.50070E-04       7.37316E-05       1.63822E-01       1.60136E-03       1.21680E-03
       1.00000E-02       1.04713E-02       1.02357E-02       4.71300E-04       7.76634E-05       1.64785E-01       1.68669E-03       1.29446E-03
       1.04713E-02       1.09648E-02       1.07180E-02       4.93500E-04       8.18223E-05       1.65800E-01       1.77705E-03       1.37628E-03
       1.09648E-02       1.14815E-02       1.12232E-02       5.16700E-04       8.62351E-05       1.66896E-01       1.87310E-03       1.46252E-03
       1.14815E-02       1.20226E-02       1.17521E-02       5.41100E-04       9.09085E-05       1.68007E-01       1.97443E-03       1.55342E-03
       1.20226E-02       1.25892E-02       1.23059E-02       5.66601E-04       9.58234E-05       1.69120E-01       2.08117E-03       1.64925E-03
       1.25892E-02       1.31826E-02       1.28859E-02       5.93399E-04       1.00979E-04       1.70170E-01       2.19279E-03       1.75023E-03
       1.31826E-02       1.38038E-02       1.34932E-02       6.21200E-04       1.06449E-04       1.71360E-01       2.31219E-03       1.85668E-03
       1.38038E-02       1.44544E-02       1.41291E-02       6.50601E-04       1.12258E-04       1.72545E-01       2.43791E-03       1.96893E-03
       1.44544E-02       1.51356E-02       1.47950E-02       6.81199E-04       1.18425E-04       1.73847E-01       2.57207E-03       2.08736E-03
       1.51356E-02       1.58489E-02       1.54923E-02       7.13301E-04       1.24980E-04       1.75214E-01       2.71446E-03       2.21234E-03
       1.58489E-02       1.65959E-02       1.62224E-02       7.47000E-04       1.31948E-04       1.76638E-01       2.86549E-03       2.34429E-03
       1.65959E-02       1.73780E-02       1.69870E-02       7.82100E-04       1.39362E-04       1.78190E-01       3.02691E-03       2.48365E-03
       1.73780E-02       1.81970E-02       1.77875E-02       8.19000E-04       1.49070E-04       1.82015E-01       3.23759E-03       2.63272E-03
       1.81970E-02       1.90546E-02       1.86258E-02       8.57600E-04       1.77494E-04       2.06967E-01       3.85492E-03       2.81021E-03
       1.90546E-02       1.99526E-02       1.95036E-02       8.98000E-04       1.88823E-04       2.10271E-01       4.10104E-03       2.99904E-03
       1.99526E-02       2.08930E-02       2.04228E-02       9.40400E-04       1.99334E-04       2.11967E-01       4.32895E-03       3.19837E-03
       2.08930E-02       2.18776E-02       2.13853E-02       9.84600E-04       2.12722E-04       2.16049E-01       4.62028E-03       3.41109E-03
       2.18776E-02       2.29087E-02       2.23931E-02       1.03110E-03       2.30118E-04       2.23178E-01       4.99765E-03       3.64121E-03
       2.29087E-02       2.39883E-02       2.34485E-02       1.07960E-03       2.43102E-04       2.25177E-01       5.28007E-03       3.88431E-03
       2.39883E-02       2.51189E-02       2.45536E-02       1.13060E-03       2.56757E-04       2.27098E-01       5.57609E-03       4.14107E-03
       2.51189E-02       2.63027E-02       2.57108E-02       1.18380E-03       2.71101E-04       2.29009E-01       5.88801E-03       4.41217E-03
       2.63027E-02       2.75423E-02       2.69225E-02       1.23960E-03       2.86381E-04       2.31027E-01       6.21982E-03       4.69855E-03
       2.75423E-02       2.88403E-02       2.81913E-02       1.29800E-03       3.02670E-04       2.33182E-01       6.57370E-03       5.00122E-03
       2.88403E-02       3.01995E-02       2.95199E-02       1.35920E-03       3.20053E-04       2.35471E-01       6.95109E-03       5.32127E-03
       3.01995E-02       3.16228E-02       3.09112E-02       1.42330E-03       3.38625E-04       2.37915E-01       7.35424E-03       5.65990E-03
       3.16228E-02       3.31131E-02       3.23680E-02       1.49030E-03       3.58485E-04       2.40545E-01       7.78596E-03       6.01838E-03
       3.31131E-02       3.46737E-02       3.38934E-02       1.56060E-03       3.79736E-04       2.43328E-01       8.24720E-03       6.39812E-03
       3.46737E-02       3.63078E-02       3.54908E-02       1.63410E-03       4.02479E-04       2.46300E-01       8.74137E-03       6.80060E-03
       3.63078E-02       3.80189E-02       3.71633E-02       1.71110E-03       4.37052E-04       2.55422E-01       9.49234E-03       7.23765E-03
       3.80189E-02       3.98107E-02       3.89148E-02       1.79180E-03       4.72784E-04       2.63860E-01       1.02680E-02       7.71044E-03
       3.98107E-02       4.16869E-02       4.07488E-02       1.87620E-03       5.01280E-04       2.67178E-01       1.08872E-02       8.21172E-03
       4.16869E-02       4.36516E-02       4.26693E-02       1.96470E-03       5.34093E-04       2.71844E-01       1.15994E-02       8.74581E-03
       4.36516E-02       4.57088E-02       4.46802E-02       2.05720E-03       5.77087E-04       2.80521E-01       1.25337E-02       9.32290E-03
       4.57088E-02       4.78630E-02       4.67859E-02       2.15420E-03       6.64436E-04       3.08438E-01       1.44305E-02       9.98733E-03
       4.78630E-02       5.01187E-02       4.89908E-02       2.25570E-03       7.33847E-04       3.25330E-01       1.59382E-02       1.07212E-02
       5.01187E-02       5.24808E-02       5.12998E-02       2.36210E-03       7.78981E-04       3.29783E-01       1.69178E-02       1.15002E-02
       5.24808E-02       5.49541E-02       5.37174E-02       2.47330E-03       8.27861E-04       3.34719E-01       1.79803E-02       1.23280E-02
       5.49541E-02       5.75440E-02       5.62491E-02       2.58990E-03       9.23506E-04       3.56580E-01       2.00573E-02       1.32515E-02
       5.75440E-02       6.02560E-02       5.89000E-02       2.71200E-03       1.00286E-03       3.69787E-01       2.17805E-02       1.42544E-02
       6.02560E-02       6.30957E-02       6.16758E-02       2.83970E-03       1.06621E-03       3.75466E-01       2.31572E-02       1.53206E-02
       6.30957E-02       6.60693E-02       6.45825E-02       2.97360E-03       1.15749E-03       3.89256E-01       2.51391E-02       1.64781E-02
       6.60693E-02       6.91831E-02       6.76262E-02       3.11380E-03       1.26853E-03       4.07388E-01       2.75501E-02       1.77466E-02
       6.91831E-02       7.24436E-02       7.08134E-02       3.26050E-03       1.35995E-03       4.17098E-01       2.95361E-02       1.91066E-02
       7.24436E-02       7.58578E-02       7.41507E-02       3.41420E-03       1.46705E-03       4.29693E-01       3.18620E-02       2.05736E-02
       7.58578E-02       7.94328E-02       7.76453E-02       3.57500E-03       1.62776E-03       4.55319E-01       3.53534E-02       2.22014E-02
       7.94328E-02       8.31764E-02       8.13046E-02       3.74360E-03       1.76409E-03       4.71229E-01       3.83130E-02       2.39655E-02
       8.31764E-02       8.70964E-02       8.51364E-02       3.92000E-03       1.87937E-03       4.79432E-01       4.08171E-02       2.58449E-02
       8.70964E-02       9.12011E-02       8.91488E-02       4.10470E-03       2.00331E-03       4.88053E-01       4.35094E-02       2.78482E-02
       9.12011E-02       9.54993E-02       9.33502E-02       4.29820E-03       2.13659E-03       4.97090E-01       4.64035E-02       2.99848E-02
       9.54993E-02       1.00000E-01       9.77497E-02       4.50070E-03       2.27965E-03       5.06509E-01       4.95111E-02       3.22644E-02
       1.00000E-01       1.04713E-01       1.02357E-01       4.71300E-03       2.43313E-03       5.16259E-01       5.28425E-02       3.46975E-02
       1.04713E-01       1.09648E-01       1.07180E-01       4.93500E-03       2.59803E-03       5.26450E-01       5.64252E-02       3.72956E-02
       1.09648E-01       1.14815E-01       1.12231E-01       5.16700E-03       2.77542E-03       5.37144E-01       6.02844E-02       4.00710E-02
       1.14815E-01       1.20226E-01       1.17520E-01       5.41100E-03       2.96590E-03       5.48124E-01       6.44159E-02       4.30369E-02
       1.20226E-01       1.25892E-01       1.23059E-01       5.66600E-03       3.17069E-03       5.59599E-01       6.88637E-02       4.62076E-02
       1.25892E-01       1.31826E-01       1.28859E-01       5.93400E-03       3.39062E-03       5.71389E-01       7.36286E-02       4.95982E-02
       1.31826E-01       1.38038E-01       1.34932E-01       6.21200E-03       3.62662E-03       5.83809E-01       7.87745E-02       5.32248E-02
       1.38038E-01       1.44544E-01       1.41291E-01       6.50600E-03       3.88028E-03       5.96415E-01       8.42681E-02       5.71051E-02
       1.44544E-01       1.51356E-01       1.47950E-01       6.81200E-03       4.16711E-03       6.11731E-01       9.05056E-02       6.12722E-02
       1.51356E-01       1.58489E-01       1.54923E-01       7.13300E-03       4.48735E-03       6.29097E-01       9.74613E-02       6.57595E-02
       1.58489E-01       1.65959E-01       1.62224E-01       7.47000E-03       4.83242E-03       6.46911E-01       1.04944E-01       7.05920E-02
       1.65959E-01       1.73780E-01       1.69869E-01       7.82100E-03       5.20408E-03       6.65398E-01       1.13031E-01       7.57960E-02
       1.73780E-01       1.81970E-01       1.77875E-01       8.19000E-03       5.60412E-03       6.84264E-01       1.21713E-01       8.14002E-02
       1.81970E-01       1.90546E-01       1.86258E-01       8.57600E-03       6.03458E-03       7.03659E-01       1.31062E-01       8.74348E-02
       1.90546E-01       1.99526E-01       1.95036E-01       8.98000E-03       6.49945E-03       7.23770E-01       1.41161E-01       9.39342E-02
       1.99526E-01       2.08930E-01       2.04228E-01       9.40400E-03       7.00385E-03       7.44774E-01       1.52104E-01       1.00938E-01
       2.08930E-01       2.18776E-01       2.13853E-01       9.84600E-03       7.54658E-03       7.66462E-01       1.63910E-01       1.08485E-01
       2.18776E-01       2.29087E-01       2.23931E-01       1.03110E-02       8.13016E-03       7.88494E-01       1.76569E-01       1.16615E-01
       2.29087E-01       2.39883E-01       2.34485E-01       1.07960E-02       8.75712E-03       8.11145E-01       1.90201E-01       1.25372E-01
       2.39883E-01       2.51189E-01       2.45536E-01       1.13060E-02       9.42056E-03       8.33235E-01       2.04589E-01       1.34792E-01
       2.51189E-01       2.63027E-01       2.57108E-01       1.18380E-02       1.01291E-02       8.55644E-01       2.19993E-01       1.44922E-01
       2.63027E-01       2.75423E-01       2.69225E-01       1.23960E-02       1.08905E-02       8.78552E-01       2.36528E-01       1.55812E-01
       2.75423E-01       2.88403E-01       2.81913E-01       1.29800E-02       1.17025E-02       9.01582E-01       2.54168E-01       1.67515E-01
       2.88403E-01       3.01995E-01       2.95199E-01       1.35920E-02       1.25388E-02       9.22510E-01       2.72324E-01       1.80053E-01
       3.01995E-01       3.16228E-01       3.09112E-01       1.42330E-02       1.34306E-02       9.43624E-01       2.91685E-01       1.93484E-01
       3.16228E-01       3.31131E-01       3.23680E-01       1.49030E-02       1.43896E-02       9.65552E-01       3.12530E-01       2.07874E-01
       3.31131E-01       3.46737E-01       3.38934E-01       1.56060E-02       1.54230E-02       9.88273E-01       3.34959E-01       2.23297E-01
       3.46737E-01       3.63078E-01       3.54908E-01       1.63410E-02       1.65382E-02       1.01207E+00       3.59190E-01       2.39835E-01
       3.63078E-01       3.80189E-01       3.71633E-01       1.71110E-02       1.77444E-02       1.03702E+00       3.85390E-01       2.57579E-01
       3.80189E-01       3.98107E-01       3.89148E-01       1.79180E-02       1.90512E-02       1.06324E+00       4.13758E-01       2.76630E-01
       3.98107E-01       4.16869E-01       4.07488E-01       1.87620E-02       2.04758E-02       1.09134E+00       4.44710E-01       2.97106E-01
       4.16869E-01       4.36516E-01       4.26692E-01       1.96470E-02       2.31784E-02       1.17974E+00       5.03388E-01       3.20285E-01
       4.36516E-01       4.57088E-01       4.46802E-01       2.05720E-02       2.70895E-02       1.31681E+00       5.88354E-01       3.47374E-01
       4.57088E-01       4.78630E-01       4.67859E-01       2.15420E-02       2.34579E-02       1.08894E+00       5.09470E-01       3.70832E-01
       4.78630E-01       5.01187E-01       4.89909E-01       2.25570E-02       2.36220E-02       1.04721E+00       5.13039E-01       3.94454E-01
       5.01187E-01       5.24808E-01       5.12998E-01       2.36210E-02       2.37549E-02       1.00567E+00       5.15906E-01       4.18209E-01
       5.24808E-01       5.49541E-01       5.37174E-01       2.47330E-02       2.38238E-02       9.63238E-01       5.17427E-01       4.42033E-01
       5.49541E-01       5.75440E-01       5.62490E-01       2.58990E-02       2.39149E-02       9.23390E-01       5.19398E-01       4.65948E-01
       5.75440E-01       6.02560E-01       5.89000E-01       2.71200E-02       2.40478E-02       8.86719E-01       5.22277E-01       4.89995E-01
       6.02560E-01       6.30957E-01       6.16758E-01       2.83970E-02       2.41158E-02       8.49239E-01       5.23775E-01       5.14111E-01
       6.30957E-01       6.60693E-01       6.45825E-01       2.97360E-02       2.41053E-02       8.10644E-01       5.23534E-01       5.38217E-01
       6.60693E-01       6.91831E-01       6.76262E-01       3.11380E-02       2.39993E-02       7.70740E-01       5.21222E-01       5.62216E-01
       6.91831E-01       7.24436E-01       7.08133E-01       3.26050E-02       2.37772E-02       7.29251E-01       5.16407E-01       5.85993E-01
       7.24436E-01       7.58578E-01       7.41507E-01       3.41420E-02       2.34808E-02       6.87741E-01       5.09964E-01       6.09474E-01
       7.58578E-01       7.94328E-01       7.76453E-01       3.57500E-02       2.31395E-02       6.47260E-01       5.02567E-01       6.32613E-01
       7.94328E-01       8.31764E-01       8.13046E-01       3.74360E-02       2.26277E-02       6.04436E-01       4.91434E-01       6.55241E-01
       8.31764E-01       8.70964E-01       8.51364E-01       3.92000E-02       2.19101E-02       5.58930E-01       4.75853E-01       6.77151E-01
       8.70964E-01       9.12011E-01       8.91487E-01       4.10470E-02       2.09696E-02       5.10867E-01       4.55432E-01       6.98121E-01
       9.12011E-01       9.54993E-01       9.33502E-01       4.29820E-02       2.06541E-02       4.80530E-01       4.48576E-01       7.18775E-01
       9.54993E-01       1.00000E+00       9.77497E-01       4.50070E-02       2.08975E-02       4.64316E-01       4.53867E-01       7.39672E-01
       1.00000E+00       1.04713E+00       1.02357E+00       4.71300E-02       2.10825E-02       4.47327E-01       4.57868E-01       7.60755E-01
       1.04713E+00       1.09648E+00       1.07181E+00       4.93500E-02       2.11594E-02       4.28762E-01       4.59549E-01       7.81914E-01
       1.09648E+00       1.14815E+00       1.12231E+00       5.16700E-02       1.99005E-02       3.85147E-01       4.32256E-01       8.01815E-01
       1.14815E+00       1.20226E+00       1.17520E+00       5.41100E-02       1.85845E-02       3.43458E-01       4.03634E-01       8.20399E-01
       1.20226E+00       1.25892E+00       1.23059E+00       5.66600E-02       1.72826E-02       3.05024E-01       3.75359E-01       8.37682E-01
       1.25892E+00       1.31826E+00       1.28859E+00       5.93400E-02       1.63309E-02       2.75209E-01       3.54631E-01       8.54013E-01
       1.31826E+00       1.38038E+00       1.34932E+00       6.21200E-02       1.69226E-02       2.72419E-01       3.67580E-01       8.70935E-01
       1.38038E+00       1.44544E+00       1.41291E+00       6.50600E-02       1.69946E-02       2.61214E-01       3.69072E-01       8.87930E-01
       1.44544E+00       1.51356E+00       1.47950E+00       6.81200E-02       1.64641E-02       2.41692E-01       3.57584E-01       9.04394E-01
       1.51356E+00       1.58489E+00       1.54923E+00       7.13300E-02       1.51680E-02       2.12646E-01       3.29436E-01       9.19562E-01
       1.58489E+00       1.65959E+00       1.62224E+00       7.47000E-02       1.15797E-02       1.55016E-01       2.51474E-01       9.31142E-01
       1.65959E+00       1.73780E+00       1.69869E+00       7.82100E-02       9.04151E-03       1.15606E-01       1.96379E-01       9.40183E-01
       1.73780E+00       1.81970E+00       1.77875E+00       8.19000E-02       8.50728E-03       1.03874E-01       1.84766E-01       9.48691E-01
       1.81970E+00       1.90546E+00       1.86258E+00       8.57600E-02       7.85906E-03       9.16401E-02       1.70687E-01       9.56550E-01
       1.90546E+00       1.99526E+00       1.95036E+00       8.98000E-02       7.15242E-03       7.96483E-02       1.55343E-01       9.63702E-01
       1.99526E+00       2.08930E+00       2.04228E+00       9.40400E-02       6.36761E-03       6.77117E-02       1.38286E-01       9.70070E-01
       2.08930E+00       2.18776E+00       2.13853E+00       9.84600E-02       5.59004E-03       5.67747E-02       1.21414E-01       9.75660E-01
       2.18776E+00       2.29087E+00       2.23932E+00       1.03110E-01       4.80289E-03       4.65803E-02       1.04308E-01       9.80463E-01
       2.29087E+00       2.39883E+00       2.34485E+00       1.07960E-01       4.05820E-03       3.75898E-02       8.81425E-02       9.84521E-01
       2.39883E+00       2.51189E+00       2.45536E+00       1.13060E-01       3.38809E-03       2.99672E-02       7.35803E-02       9.87909E-01
       2.51189E+00       2.63027E+00       2.57108E+00       1.18380E-01       2.80290E-03       2.36771E-02       6.08758E-02       9.90712E-01
       2.63027E+00       2.75423E+00       2.69225E+00       1.23960E-01       2.31054E-03       1.86394E-02       5.01820E-02       9.93022E-01
       2.75423E+00       2.88403E+00       2.81913E+00       1.29800E-01       1.90918E-03       1.47086E-02       4.14654E-02       9.94932E-01
       2.88403E+00       3.01995E+00       2.95199E+00       1.35920E-01       1.57903E-03       1.16173E-02       3.42942E-02       9.96511E-01
       3.01995E+00       3.16228E+00       3.09111E+00       1.42330E-01       1.28772E-03       9.04742E-03       2.79666E-02       9.97798E-01
       3.16228E+00       3.31131E+00       3.23679E+00       1.49030E-01       1.00562E-03       6.74776E-03       2.18411E-02       9.98804E-01
       3.31131E+00       3.46737E+00       3.38934E+00       1.56060E-01       7.04028E-04       4.51126E-03       1.52902E-02       9.99508E-01
       3.46737E+00       3.63078E+00       3.54908E+00       1.63410E-01       3.94967E-04       2.41703E-03       8.57823E-03       9.99903E-01
       3.63078E+00       3.80189E+00       3.71633E+00       1.71110E-01       9.67138E-05       5.65214E-04       2.10053E-03       1.00000E+00

 Sum =                                                                         1.00000E+00
 Renormalization bin#   941 =                                                  6.63181E-01 barn        1.30000E+07        1.32000E+07        1.31000E+07
 Avg. Energy     bin#   941 =                                                  7.58612E-01 MeV         1.30000E+07        1.32000E+07
