"        MT= 91 recoil spectrum "
" Initial neutron energy corresponds to the group:"
   2.12000E+01    2.14000E+01       0.00000E+00           451           906           456



          Low               High              Mid              Energy           Number             dn/de            E*dn/de          Cumulative
         Energy            Energy            Energy             Width          Fraction                               Sum   
         [MeV]             [MeV]             [MeV]              [MeV]

       5.87500E-06       5.90000E-06       5.88750E-06       2.50001E-08       0.00000E+00       0.00000E+00       0.00000E+00       0.00000E+00
       5.90000E-06       5.92500E-06       5.91250E-06       2.50001E-08       8.71805E-12       3.48721E-04       2.06181E-09       8.71805E-12
       5.92500E-06       5.95000E-06       5.93750E-06       2.49996E-08       8.75457E-12       3.50188E-04       2.07924E-09       1.74726E-11
       5.95000E-06       5.97500E-06       5.96250E-06       2.50001E-08       8.79109E-12       3.51642E-04       2.09667E-09       2.62637E-11
       5.97500E-06       6.00000E-06       5.98750E-06       2.50001E-08       8.82849E-12       3.53138E-04       2.11441E-09       3.50922E-11
       6.00000E-06       6.02500E-06       6.01250E-06       2.50001E-08       8.86501E-12       3.54599E-04       2.13203E-09       4.39572E-11
       6.02500E-06       6.05000E-06       6.03750E-06       2.50001E-08       8.90240E-12       3.56094E-04       2.14992E-09       5.28596E-11
       6.05000E-06       6.07500E-06       6.06250E-06       2.49996E-08       8.93892E-12       3.57562E-04       2.16772E-09       6.17985E-11
       6.07500E-06       6.10000E-06       6.08750E-06       2.50001E-08       8.97544E-12       3.59016E-04       2.18551E-09       7.07740E-11
       6.10000E-06       6.12500E-06       6.11250E-06       2.50001E-08       9.01283E-12       3.60512E-04       2.20363E-09       7.97868E-11
       6.12500E-06       6.15000E-06       6.13750E-06       2.50001E-08       9.04935E-12       3.61973E-04       2.22161E-09       8.88361E-11
       6.15000E-06       6.17500E-06       6.16250E-06       2.50001E-08       9.08587E-12       3.63433E-04       2.23966E-09       9.79220E-11
       6.17500E-06       6.20000E-06       6.18750E-06       2.49996E-08       9.12326E-12       3.64936E-04       2.25804E-09       1.07045E-10
       6.20000E-06       6.22500E-06       6.21250E-06       2.50001E-08       9.15978E-12       3.66390E-04       2.27620E-09       1.16205E-10
       6.22500E-06       6.25000E-06       6.23750E-06       2.50001E-08       9.19717E-12       3.67885E-04       2.29469E-09       1.25402E-10
       6.25000E-06       6.27500E-06       6.26250E-06       2.50001E-08       9.23369E-12       3.69346E-04       2.31303E-09       1.34636E-10
       6.27500E-06       6.30000E-06       6.28750E-06       2.50001E-08       9.27021E-12       3.70807E-04       2.33145E-09       1.43906E-10
       6.30000E-06       6.32500E-06       6.31250E-06       2.49996E-08       9.30760E-12       3.72310E-04       2.35021E-09       1.53214E-10
       6.32500E-06       6.35000E-06       6.33750E-06       2.50001E-08       9.34412E-12       3.73764E-04       2.36873E-09       1.62558E-10
       6.35000E-06       6.37500E-06       6.36250E-06       2.50001E-08       9.38152E-12       3.75259E-04       2.38759E-09       1.71939E-10
       6.37500E-06       6.40000E-06       6.38750E-06       2.50001E-08       9.41804E-12       3.76720E-04       2.40630E-09       1.81357E-10
       6.40000E-06       6.42500E-06       6.41250E-06       2.50001E-08       9.45456E-12       3.78181E-04       2.42508E-09       1.90812E-10
       6.42500E-06       6.45000E-06       6.43750E-06       2.49996E-08       9.49195E-12       3.79684E-04       2.44421E-09       2.00304E-10
       6.45000E-06       6.47500E-06       6.46250E-06       2.50001E-08       9.52847E-12       3.81137E-04       2.46310E-09       2.09832E-10
       6.47500E-06       6.50000E-06       6.48750E-06       2.50001E-08       9.56586E-12       3.82633E-04       2.48233E-09       2.19398E-10
       6.50000E-06       6.52500E-06       6.51250E-06       2.50001E-08       9.60238E-12       3.84094E-04       2.50141E-09       2.29001E-10
       6.52500E-06       6.55000E-06       6.53750E-06       2.50001E-08       9.63890E-12       3.85555E-04       2.52056E-09       2.38640E-10
       6.55000E-06       6.57500E-06       6.56250E-06       2.49996E-08       9.67629E-12       3.87058E-04       2.54006E-09       2.48316E-10
       6.57500E-06       6.60000E-06       6.58750E-06       2.50001E-08       9.71281E-12       3.88511E-04       2.55932E-09       2.58029E-10
       6.60000E-06       6.62500E-06       6.61250E-06       2.50001E-08       9.75020E-12       3.90007E-04       2.57892E-09       2.67779E-10
       6.62500E-06       6.65000E-06       6.63750E-06       2.50001E-08       9.78672E-12       3.91467E-04       2.59836E-09       2.77566E-10
       6.65000E-06       6.67500E-06       6.66250E-06       2.50001E-08       9.82324E-12       3.92928E-04       2.61788E-09       2.87389E-10
       6.67500E-06       6.70000E-06       6.68750E-06       2.49996E-08       9.86063E-12       3.94431E-04       2.63776E-09       2.97249E-10
       6.70000E-06       6.72500E-06       6.71250E-06       2.50001E-08       9.89716E-12       3.95885E-04       2.65738E-09       3.07147E-10
       6.72500E-06       6.75000E-06       6.73750E-06       2.50001E-08       9.93368E-12       3.97345E-04       2.67712E-09       3.17080E-10
       6.75000E-06       6.77500E-06       6.76250E-06       2.50001E-08       9.97107E-12       3.98841E-04       2.69716E-09       3.27051E-10
       6.77500E-06       6.80000E-06       6.78750E-06       2.50001E-08       1.00076E-11       4.00302E-04       2.71705E-09       3.37059E-10
       6.80000E-06       6.82500E-06       6.81250E-06       2.49996E-08       1.00450E-11       4.01805E-04       2.73730E-09       3.47104E-10
       6.82500E-06       6.85000E-06       6.83750E-06       2.50001E-08       1.00815E-11       4.03258E-04       2.75728E-09       3.57185E-10
       6.85000E-06       6.87500E-06       6.86250E-06       2.50001E-08       1.01180E-11       4.04719E-04       2.77739E-09       3.67303E-10
       6.87500E-06       6.90000E-06       6.88750E-06       2.50001E-08       1.01554E-11       4.06215E-04       2.79780E-09       3.77459E-10
       6.90000E-06       6.92500E-06       6.91250E-06       2.50001E-08       1.01919E-11       4.07676E-04       2.81806E-09       3.87651E-10
       6.92500E-06       6.95000E-06       6.93750E-06       2.49996E-08       1.02293E-11       4.09179E-04       2.83868E-09       3.97880E-10
       6.95000E-06       6.97500E-06       6.96250E-06       2.50001E-08       1.02658E-11       4.10632E-04       2.85903E-09       4.08146E-10
       6.97500E-06       7.00000E-06       6.98750E-06       2.50001E-08       1.03024E-11       4.12093E-04       2.87950E-09       4.18448E-10
       7.00000E-06       7.02500E-06       7.01250E-06       2.50001E-08       1.03398E-11       4.13589E-04       2.90029E-09       4.28788E-10
       7.02500E-06       7.05000E-06       7.03750E-06       2.50001E-08       1.03763E-11       4.15049E-04       2.92091E-09       4.39164E-10
       7.05000E-06       7.07500E-06       7.06250E-06       2.49996E-08       1.04137E-11       4.16553E-04       2.94190E-09       4.49578E-10
       7.07500E-06       7.10000E-06       7.08750E-06       2.50001E-08       1.04502E-11       4.18006E-04       2.96262E-09       4.60028E-10
       7.10000E-06       7.12500E-06       7.11250E-06       2.50001E-08       1.04867E-11       4.19467E-04       2.98346E-09       4.70515E-10
       7.12500E-06       7.15000E-06       7.13750E-06       2.50001E-08       1.05241E-11       4.20962E-04       3.00462E-09       4.81039E-10
       7.15000E-06       7.17500E-06       7.16250E-06       2.50001E-08       1.05606E-11       4.22423E-04       3.02561E-09       4.91600E-10
       7.17500E-06       7.20000E-06       7.18750E-06       2.49996E-08       1.05980E-11       4.23927E-04       3.04697E-09       5.02198E-10
       7.20000E-06       7.22500E-06       7.21250E-06       2.50001E-08       1.06345E-11       4.25380E-04       3.06805E-09       5.12832E-10
       7.22500E-06       7.25000E-06       7.23750E-06       2.50001E-08       1.06710E-11       4.26840E-04       3.08926E-09       5.23503E-10
       7.25000E-06       7.27500E-06       7.26250E-06       2.50001E-08       1.07084E-11       4.28336E-04       3.11079E-09       5.34212E-10
       7.27500E-06       7.30000E-06       7.28750E-06       2.50001E-08       1.07450E-11       4.29797E-04       3.13214E-09       5.44957E-10
       7.30000E-06       7.32500E-06       7.31250E-06       2.49996E-08       1.07815E-11       4.31266E-04       3.15363E-09       5.55738E-10
       7.32500E-06       7.35000E-06       7.33750E-06       2.50001E-08       1.08189E-11       4.32753E-04       3.17533E-09       5.66557E-10
       7.35000E-06       7.37500E-06       7.36250E-06       2.50001E-08       1.08554E-11       4.34214E-04       3.19690E-09       5.77412E-10
       7.37500E-06       7.40000E-06       7.38750E-06       2.50001E-08       1.08928E-11       4.35710E-04       3.21881E-09       5.88305E-10
       7.40000E-06       7.42500E-06       7.41250E-06       2.50001E-08       1.09293E-11       4.37170E-04       3.24053E-09       5.99234E-10
       7.42500E-06       7.45000E-06       7.43750E-06       2.49996E-08       1.09658E-11       4.38640E-04       3.26238E-09       6.10200E-10
       7.45000E-06       7.47500E-06       7.46250E-06       2.50001E-08       1.10032E-11       4.40127E-04       3.28445E-09       6.21203E-10
       7.47500E-06       7.50000E-06       7.48750E-06       2.50001E-08       1.10397E-11       4.41588E-04       3.30639E-09       6.32243E-10
       7.50000E-06       7.52500E-06       7.51250E-06       2.50001E-08       1.10771E-11       4.43083E-04       3.32866E-09       6.43320E-10
       7.52500E-06       7.55000E-06       7.53750E-06       2.50001E-08       1.11136E-11       4.44544E-04       3.35075E-09       6.54434E-10
       7.55000E-06       7.57500E-06       7.56250E-06       2.49996E-08       1.11502E-11       4.46014E-04       3.37298E-09       6.65584E-10
       7.57500E-06       7.60000E-06       7.58750E-06       2.50001E-08       1.11876E-11       4.47501E-04       3.39541E-09       6.76772E-10
       7.60000E-06       7.62500E-06       7.61250E-06       2.50001E-08       1.12241E-11       4.48961E-04       3.41772E-09       6.87996E-10
       7.62500E-06       7.65000E-06       7.63750E-06       2.50001E-08       1.12615E-11       4.50457E-04       3.44037E-09       6.99257E-10
       7.65000E-06       7.67500E-06       7.66250E-06       2.50001E-08       1.12980E-11       4.51918E-04       3.46282E-09       7.10555E-10
       7.67500E-06       7.70000E-06       7.68750E-06       2.49996E-08       1.13345E-11       4.53387E-04       3.48542E-09       7.21890E-10
       7.70000E-06       7.72500E-06       7.71250E-06       2.50001E-08       1.13719E-11       4.54874E-04       3.50822E-09       7.33262E-10
       7.72500E-06       7.75000E-06       7.73750E-06       2.50001E-08       1.14084E-11       4.56335E-04       3.53089E-09       7.44670E-10
       7.75000E-06       7.77500E-06       7.76250E-06       2.50001E-08       1.14458E-11       4.57831E-04       3.55391E-09       7.56116E-10
       7.77500E-06       7.80000E-06       7.78750E-06       2.50001E-08       1.14823E-11       4.59292E-04       3.57673E-09       7.67598E-10
       7.80000E-06       7.82500E-06       7.81250E-06       2.49996E-08       1.15189E-11       4.60761E-04       3.59970E-09       7.79117E-10
       7.82500E-06       7.85000E-06       7.83750E-06       2.50001E-08       1.15562E-11       4.62248E-04       3.62287E-09       7.90673E-10
       7.85000E-06       7.87500E-06       7.86250E-06       2.50001E-08       1.15928E-11       4.63709E-04       3.64591E-09       8.02266E-10
       7.87500E-06       7.90000E-06       7.88750E-06       2.50001E-08       1.16293E-11       4.65170E-04       3.66903E-09       8.13895E-10
       7.90000E-06       7.92500E-06       7.91250E-06       2.50001E-08       1.16667E-11       4.66665E-04       3.69249E-09       8.25562E-10
       7.92500E-06       7.95000E-06       7.93750E-06       2.49996E-08       1.17032E-11       4.68135E-04       3.71582E-09       8.37265E-10
       7.95000E-06       7.97500E-06       7.96250E-06       2.50001E-08       1.17406E-11       4.69622E-04       3.73936E-09       8.49006E-10
       7.97500E-06       8.00000E-06       7.98750E-06       2.50001E-08       1.17771E-11       4.71083E-04       3.76277E-09       8.60783E-10
       8.00000E-06       8.02500E-06       8.01250E-06       2.49996E-08       1.18136E-11       4.72552E-04       3.78633E-09       8.72597E-10
       8.02500E-06       8.05000E-06       8.03750E-06       2.50006E-08       1.18510E-11       4.74030E-04       3.81002E-09       8.84448E-10
       8.05000E-06       8.07500E-06       8.06250E-06       2.49996E-08       1.18875E-11       4.75509E-04       3.83379E-09       8.96335E-10
       8.07500E-06       8.10000E-06       8.08750E-06       2.50006E-08       1.19249E-11       4.76986E-04       3.85763E-09       9.08260E-10
       8.10000E-06       8.12500E-06       8.11250E-06       2.49996E-08       1.19615E-11       4.78465E-04       3.88155E-09       9.20222E-10
       8.12500E-06       8.15000E-06       8.13750E-06       2.49996E-08       1.19980E-11       4.79926E-04       3.90540E-09       9.32220E-10
       8.15000E-06       8.17500E-06       8.16250E-06       2.50006E-08       1.20354E-11       4.81404E-04       3.92946E-09       9.44255E-10
       8.17500E-06       8.20000E-06       8.18750E-06       2.49996E-08       1.20719E-11       4.82883E-04       3.95360E-09       9.56327E-10
       8.20000E-06       8.22500E-06       8.21250E-06       2.50006E-08       1.21093E-11       4.84360E-04       3.97781E-09       9.68436E-10
       8.22500E-06       8.25000E-06       8.23750E-06       2.49996E-08       1.21458E-11       4.85839E-04       4.00210E-09       9.80582E-10
       8.25000E-06       8.27500E-06       8.26250E-06       2.49996E-08       1.21823E-11       4.87300E-04       4.02632E-09       9.92764E-10
       8.27500E-06       8.30000E-06       8.28750E-06       2.50006E-08       1.22197E-11       4.88777E-04       4.05074E-09       1.00498E-09
       8.30000E-06       8.32500E-06       8.31250E-06       2.49996E-08       1.22562E-11       4.90257E-04       4.07526E-09       1.01724E-09
       8.32500E-06       8.35000E-06       8.33750E-06       2.50006E-08       1.22936E-11       4.91733E-04       4.09983E-09       1.02953E-09
       8.35000E-06       8.37500E-06       8.36250E-06       2.49996E-08       1.23301E-11       4.93213E-04       4.12449E-09       1.04186E-09
       8.37500E-06       8.40000E-06       8.38750E-06       2.49996E-08       1.23667E-11       4.94674E-04       4.14908E-09       1.05423E-09
       8.40000E-06       8.42500E-06       8.41250E-06       2.50006E-08       1.24041E-11       4.96151E-04       4.17387E-09       1.06663E-09
       8.42500E-06       8.45000E-06       8.43750E-06       2.49996E-08       1.24406E-11       4.97630E-04       4.19876E-09       1.07908E-09
       8.45000E-06       8.47500E-06       8.46250E-06       2.50006E-08       1.24780E-11       4.99107E-04       4.22369E-09       1.09155E-09
       8.47500E-06       8.50000E-06       8.48750E-06       2.49996E-08       1.25145E-11       5.00587E-04       4.24873E-09       1.10407E-09
       8.50000E-06       8.52500E-06       8.51250E-06       2.49996E-08       1.25510E-11       5.02048E-04       4.27368E-09       1.11662E-09
       8.52500E-06       8.55000E-06       8.53750E-06       2.50006E-08       1.25884E-11       5.03524E-04       4.29884E-09       1.12921E-09
       8.55000E-06       8.57500E-06       8.56250E-06       2.49996E-08       1.26249E-11       5.05004E-04       4.32410E-09       1.14183E-09
       8.57500E-06       8.60000E-06       8.58750E-06       2.50006E-08       1.26614E-11       5.06446E-04       4.34910E-09       1.15449E-09
       8.60000E-06       8.62500E-06       8.61250E-06       2.49996E-08       1.26988E-11       5.07961E-04       4.37481E-09       1.16719E-09
       8.62500E-06       8.65000E-06       8.63750E-06       2.49996E-08       1.27353E-11       5.09422E-04       4.40013E-09       1.17993E-09
       8.65000E-06       8.67500E-06       8.66250E-06       2.50006E-08       1.27727E-11       5.10898E-04       4.42565E-09       1.19270E-09
       8.67500E-06       8.70000E-06       8.68750E-06       2.49996E-08       1.28093E-11       5.12378E-04       4.45129E-09       1.20551E-09
       8.70000E-06       8.72500E-06       8.71250E-06       2.50006E-08       1.28458E-11       5.13819E-04       4.47665E-09       1.21836E-09
       8.72500E-06       8.75000E-06       8.73750E-06       2.49996E-08       1.28832E-11       5.15335E-04       4.50274E-09       1.23124E-09
       8.75000E-06       8.77500E-06       8.76250E-06       2.49996E-08       1.29197E-11       5.16796E-04       4.52842E-09       1.24416E-09
       8.77500E-06       8.80000E-06       8.78750E-06       2.50006E-08       1.29571E-11       5.18271E-04       4.55431E-09       1.25712E-09
       8.80000E-06       8.82500E-06       8.81250E-06       2.49996E-08       1.29936E-11       5.19752E-04       4.58032E-09       1.27011E-09
       8.82500E-06       8.85000E-06       8.83750E-06       2.50006E-08       1.30301E-11       5.21193E-04       4.60604E-09       1.28314E-09
       8.85000E-06       8.87500E-06       8.86250E-06       2.49996E-08       1.30675E-11       5.22709E-04       4.63250E-09       1.29621E-09
       8.87500E-06       8.90000E-06       8.88750E-06       2.49996E-08       1.31040E-11       5.24169E-04       4.65856E-09       1.30931E-09
       8.90000E-06       8.92500E-06       8.91250E-06       2.50006E-08       1.31414E-11       5.25645E-04       4.68481E-09       1.32245E-09
       8.92500E-06       8.95000E-06       8.93750E-06       2.49996E-08       1.31779E-11       5.27126E-04       4.71119E-09       1.33563E-09
       8.95000E-06       8.97500E-06       8.96250E-06       2.50006E-08       1.32145E-11       5.28567E-04       4.73728E-09       1.34884E-09
       8.97500E-06       9.00000E-06       8.98750E-06       2.49996E-08       1.32519E-11       5.30082E-04       4.76412E-09       1.36210E-09
       9.00000E-06       9.02500E-06       9.01250E-06       2.49996E-08       1.32884E-11       5.31543E-04       4.79053E-09       1.37538E-09
       9.02500E-06       9.05000E-06       9.03750E-06       2.50006E-08       1.33258E-11       5.33019E-04       4.81716E-09       1.38871E-09
       9.05000E-06       9.07500E-06       9.06250E-06       2.49996E-08       1.33623E-11       5.34500E-04       4.84390E-09       1.40207E-09
       9.07500E-06       9.10000E-06       9.08750E-06       2.50006E-08       1.33988E-11       5.35940E-04       4.87036E-09       1.41547E-09
       9.10000E-06       9.12500E-06       9.11250E-06       2.49996E-08       1.34362E-11       5.37456E-04       4.89757E-09       1.42891E-09
       9.12500E-06       9.15000E-06       9.13750E-06       2.49996E-08       1.34727E-11       5.38917E-04       4.92436E-09       1.44238E-09
       9.15000E-06       9.17500E-06       9.16250E-06       2.50006E-08       1.35092E-11       5.40357E-04       4.95102E-09       1.45589E-09
       9.17500E-06       9.20000E-06       9.18750E-06       2.49996E-08       1.35466E-11       5.41874E-04       4.97846E-09       1.46944E-09
       9.20000E-06       9.22500E-06       9.21250E-06       2.50006E-08       1.35832E-11       5.43314E-04       5.00528E-09       1.48302E-09
       9.22500E-06       9.25000E-06       9.23750E-06       2.49996E-08       1.36205E-11       5.44830E-04       5.03287E-09       1.49664E-09
       9.25000E-06       9.27500E-06       9.26250E-06       2.49996E-08       1.36571E-11       5.46291E-04       5.06002E-09       1.51030E-09
       9.27500E-06       9.30000E-06       9.28750E-06       2.50006E-08       1.36936E-11       5.47731E-04       5.08705E-09       1.52399E-09
       9.30000E-06       9.32500E-06       9.31250E-06       2.49996E-08       1.37310E-11       5.49247E-04       5.11487E-09       1.53772E-09
       9.32500E-06       9.35000E-06       9.33750E-06       2.50006E-08       1.37675E-11       5.50687E-04       5.14204E-09       1.55149E-09
       9.35000E-06       9.37500E-06       9.36250E-06       2.49996E-08       1.38049E-11       5.52204E-04       5.17001E-09       1.56529E-09
       9.37500E-06       9.40000E-06       9.38750E-06       2.49996E-08       1.38414E-11       5.53665E-04       5.19753E-09       1.57914E-09
       9.40000E-06       9.42500E-06       9.41250E-06       2.50006E-08       1.38779E-11       5.55104E-04       5.22492E-09       1.59301E-09
       9.42500E-06       9.45000E-06       9.43750E-06       2.49996E-08       1.39153E-11       5.56621E-04       5.25311E-09       1.60693E-09
       9.45000E-06       9.47500E-06       9.46250E-06       2.50006E-08       1.39518E-11       5.58061E-04       5.28065E-09       1.62088E-09
       9.47500E-06       9.50000E-06       9.48750E-06       2.49996E-08       1.39892E-11       5.59578E-04       5.30899E-09       1.63487E-09
       9.50000E-06       9.52500E-06       9.51250E-06       2.49996E-08       1.40258E-11       5.61039E-04       5.33688E-09       1.64890E-09
       9.52500E-06       9.55000E-06       9.53750E-06       2.50006E-08       1.40623E-11       5.62478E-04       5.36463E-09       1.66296E-09
       9.55000E-06       9.57500E-06       9.56250E-06       2.49996E-08       1.40997E-11       5.63995E-04       5.39320E-09       1.67706E-09
       9.57500E-06       9.60000E-06       9.58750E-06       2.50006E-08       1.41362E-11       5.65434E-04       5.42110E-09       1.69119E-09
       9.60000E-06       9.62500E-06       9.61250E-06       2.49996E-08       1.41736E-11       5.66952E-04       5.44982E-09       1.70537E-09
       9.62500E-06       9.65000E-06       9.63750E-06       2.49996E-08       1.42101E-11       5.68412E-04       5.47807E-09       1.71958E-09
       9.65000E-06       9.67500E-06       9.66250E-06       2.50006E-08       1.42466E-11       5.69852E-04       5.50619E-09       1.73382E-09
       9.67500E-06       9.70000E-06       9.68750E-06       2.49996E-08       1.42840E-11       5.71369E-04       5.53514E-09       1.74811E-09
       9.70000E-06       9.72500E-06       9.71250E-06       2.50006E-08       1.43205E-11       5.72808E-04       5.56340E-09       1.76243E-09
       9.72500E-06       9.75000E-06       9.73750E-06       2.49996E-08       1.43570E-11       5.74291E-04       5.59216E-09       1.77679E-09
       9.75000E-06       9.77500E-06       9.76250E-06       2.49996E-08       1.43944E-11       5.75786E-04       5.62111E-09       1.79118E-09
       9.77500E-06       9.80000E-06       9.78750E-06       2.50006E-08       1.44310E-11       5.77225E-04       5.64959E-09       1.80561E-09
       9.80000E-06       9.82500E-06       9.81250E-06       2.49996E-08       1.44684E-11       5.78743E-04       5.67891E-09       1.82008E-09
       9.82500E-06       9.85000E-06       9.83750E-06       2.50006E-08       1.45049E-11       5.80182E-04       5.70754E-09       1.83458E-09
       9.85000E-06       9.87500E-06       9.86250E-06       2.49996E-08       1.45414E-11       5.81665E-04       5.73667E-09       1.84913E-09
       9.87500E-06       9.90000E-06       9.88750E-06       2.49996E-08       1.45788E-11       5.83160E-04       5.76600E-09       1.86370E-09
       9.90000E-06       9.92500E-06       9.91250E-06       2.50006E-08       1.46153E-11       5.84599E-04       5.79483E-09       1.87832E-09
       9.92500E-06       9.95000E-06       9.93750E-06       2.49996E-08       1.46527E-11       5.86117E-04       5.82453E-09       1.89297E-09
       9.95000E-06       9.97500E-06       9.96250E-06       2.50006E-08       1.46892E-11       5.87555E-04       5.85352E-09       1.90766E-09
       9.97500E-06       1.00000E-05       9.98750E-06       2.49996E-08       1.47257E-11       5.89038E-04       5.88302E-09       1.92239E-09
       1.00000E-05       1.04713E-05       1.02356E-05       4.71300E-07       2.84506E-10       6.03663E-04       6.17888E-09       2.20689E-09
       1.04713E-05       1.09648E-05       1.07180E-05       4.93500E-07       3.11949E-10       6.32116E-04       6.77505E-09       2.51884E-09
       1.09648E-05       1.14815E-05       1.12232E-05       5.16700E-07       3.42053E-10       6.61995E-04       7.42967E-09       2.86090E-09
       1.14815E-05       1.20226E-05       1.17521E-05       5.41101E-07       3.75043E-10       6.93112E-04       8.14549E-09       3.23594E-09
       1.20226E-05       1.25892E-05       1.23059E-05       5.66600E-07       4.11234E-10       7.25792E-04       8.93152E-09       3.64717E-09
       1.25892E-05       1.31826E-05       1.28859E-05       5.93400E-07       4.50911E-10       7.59877E-04       9.79170E-09       4.09808E-09
       1.31826E-05       1.38038E-05       1.34932E-05       6.21200E-07       4.94406E-10       7.95889E-04       1.07391E-08       4.59249E-09
       1.38038E-05       1.44544E-05       1.41291E-05       6.50600E-07       5.42117E-10       8.33257E-04       1.17732E-08       5.13461E-09
       1.44544E-05       1.51356E-05       1.47950E-05       6.81200E-07       5.94412E-10       8.72595E-04       1.29100E-08       5.72902E-09
       1.51356E-05       1.58489E-05       1.54922E-05       7.13300E-07       6.51758E-10       9.13723E-04       1.41556E-08       6.38078E-09
       1.58489E-05       1.65959E-05       1.62224E-05       7.47000E-07       7.14644E-10       9.56686E-04       1.55197E-08       7.09542E-09
       1.65959E-05       1.73780E-05       1.69869E-05       7.82101E-07       7.83590E-10       1.00190E-03       1.70193E-08       7.87901E-09
       1.73780E-05       1.81970E-05       1.77875E-05       8.19000E-07       8.59188E-10       1.04907E-03       1.86603E-08       8.73820E-09
       1.81970E-05       1.90546E-05       1.86258E-05       8.57599E-07       9.42065E-10       1.09849E-03       2.04603E-08       9.68026E-09
       1.90546E-05       1.99526E-05       1.95036E-05       8.98001E-07       1.03293E-09       1.15026E-03       2.24342E-08       1.07132E-08
       1.99526E-05       2.08930E-05       2.04228E-05       9.40399E-07       1.13267E-09       1.20446E-03       2.45983E-08       1.18459E-08
       2.08930E-05       2.18776E-05       2.13853E-05       9.84600E-07       1.24188E-09       1.26131E-03       2.69734E-08       1.30877E-08
       2.18776E-05       2.29087E-05       2.23932E-05       1.03110E-06       1.36171E-09       1.32063E-03       2.95731E-08       1.44495E-08
       2.29087E-05       2.39883E-05       2.34485E-05       1.07960E-06       1.49309E-09       1.38301E-03       3.24295E-08       1.59425E-08
       2.39883E-05       2.51189E-05       2.45536E-05       1.13060E-06       1.63718E-09       1.44806E-03       3.55551E-08       1.75797E-08
       2.51189E-05       2.63027E-05       2.57108E-05       1.18380E-06       1.79509E-09       1.51638E-03       3.89873E-08       1.93748E-08
       2.63027E-05       2.75423E-05       2.69225E-05       1.23960E-06       1.96830E-09       1.58785E-03       4.27490E-08       2.13431E-08
       2.75423E-05       2.88403E-05       2.81913E-05       1.29800E-06       2.15821E-09       1.66272E-03       4.68742E-08       2.35013E-08
       2.88403E-05       3.01995E-05       2.95199E-05       1.35920E-06       2.36638E-09       1.74101E-03       5.13944E-08       2.58677E-08
       3.01995E-05       3.16228E-05       3.09111E-05       1.42330E-06       2.59472E-09       1.82303E-03       5.63519E-08       2.84624E-08
       3.16228E-05       3.31131E-05       3.23679E-05       1.49030E-06       2.84506E-09       1.90906E-03       6.17923E-08       3.13075E-08
       3.31131E-05       3.46737E-05       3.38934E-05       1.56060E-06       3.11958E-09       1.99896E-03       6.77515E-08       3.44271E-08
       3.46737E-05       3.63078E-05       3.54907E-05       1.63410E-06       3.42053E-09       2.09322E-03       7.42898E-08       3.78476E-08
       3.63078E-05       3.80189E-05       3.71634E-05       1.71110E-06       3.75052E-09       2.19187E-03       8.14574E-08       4.15981E-08
       3.80189E-05       3.98107E-05       3.89148E-05       1.79180E-06       4.06764E-09       2.27015E-03       8.83423E-08       4.56658E-08
       3.98107E-05       4.16869E-05       4.07488E-05       1.87620E-06       4.35146E-09       2.31929E-03       9.45084E-08       5.00172E-08
       4.16869E-05       4.36516E-05       4.26692E-05       1.96470E-06       4.65658E-09       2.37013E-03       1.01131E-07       5.46738E-08
       4.36516E-05       4.57088E-05       4.46802E-05       2.05720E-06       4.98571E-09       2.42354E-03       1.08284E-07       5.96595E-08
       4.57088E-05       4.78630E-05       4.67859E-05       2.15420E-06       5.34092E-09       2.47931E-03       1.15997E-07       6.50004E-08
       4.78630E-05       5.01187E-05       4.89908E-05       2.25570E-06       5.72456E-09       2.53782E-03       1.24330E-07       7.07250E-08
       5.01187E-05       5.24808E-05       5.12998E-05       2.36210E-06       6.13890E-09       2.59891E-03       1.33324E-07       7.68639E-08
       5.24808E-05       5.49541E-05       5.37174E-05       2.47330E-06       6.58680E-09       2.66316E-03       1.43058E-07       8.34507E-08
       5.49541E-05       5.75440E-05       5.62490E-05       2.58990E-06       7.07070E-09       2.73011E-03       1.53566E-07       9.05214E-08
       5.75440E-05       6.02560E-05       5.89000E-05       2.71200E-06       7.57625E-09       2.79360E-03       1.64543E-07       9.80976E-08
       6.02560E-05       6.30957E-05       6.16758E-05       2.83970E-06       8.10946E-09       2.85575E-03       1.76131E-07       1.06207E-07
       6.30957E-05       6.60693E-05       6.45825E-05       2.97360E-06       8.68484E-09       2.92065E-03       1.88623E-07       1.14892E-07
       6.60693E-05       6.91831E-05       6.76262E-05       3.11380E-06       9.30604E-09       2.98864E-03       2.02111E-07       1.24198E-07
       6.91831E-05       7.24436E-05       7.08134E-05       3.26051E-06       9.97689E-09       3.05992E-03       2.16683E-07       1.34175E-07
       7.24436E-05       7.58578E-05       7.41507E-05       3.41420E-06       1.07018E-08       3.13451E-03       2.32426E-07       1.44877E-07
       7.58578E-05       7.94328E-05       7.76453E-05       3.57500E-06       1.14677E-08       3.20776E-03       2.49067E-07       1.56344E-07
       7.94328E-05       8.31764E-05       8.13046E-05       3.74360E-06       1.22658E-08       3.27647E-03       2.66392E-07       1.68610E-07
       8.31764E-05       8.70964E-05       8.51364E-05       3.92000E-06       1.31255E-08       3.34835E-03       2.85066E-07       1.81736E-07
       8.70964E-05       9.12011E-05       8.91488E-05       4.10471E-06       1.40529E-08       3.42360E-03       3.05210E-07       1.95789E-07
       9.12011E-05       9.54993E-05       9.33502E-05       4.29820E-06       1.50539E-08       3.50238E-03       3.26948E-07       2.10842E-07
       9.54993E-05       1.00000E-04       9.77497E-05       4.50070E-06       1.61346E-08       3.58490E-03       3.50423E-07       2.26977E-07
       1.00000E-04       1.04713E-04       1.02356E-04       4.71300E-06       1.73023E-08       3.67118E-03       3.75770E-07       2.44279E-07
       1.04713E-04       1.09648E-04       1.07181E-04       4.93501E-06       1.85637E-08       3.76164E-03       4.03175E-07       2.62843E-07
       1.09648E-04       1.14815E-04       1.12232E-04       5.16700E-06       1.99280E-08       3.85678E-03       4.32852E-07       2.82771E-07
       1.14815E-04       1.20226E-04       1.17520E-04       5.41100E-06       2.13555E-08       3.94668E-03       4.63816E-07       3.04127E-07
       1.20226E-04       1.25892E-04       1.23059E-04       5.66600E-06       2.28585E-08       4.03433E-03       4.96460E-07       3.26985E-07
       1.25892E-04       1.31826E-04       1.28859E-04       5.93401E-06       2.44801E-08       4.12539E-03       5.31594E-07       3.51465E-07
       1.31826E-04       1.38038E-04       1.34932E-04       6.21199E-06       2.62299E-08       4.22246E-03       5.69745E-07       3.77695E-07
       1.38038E-04       1.44544E-04       1.41291E-04       6.50601E-06       2.81206E-08       4.32225E-03       6.10696E-07       4.05816E-07
       1.44544E-04       1.51356E-04       1.47950E-04       6.81200E-06       3.01627E-08       4.42787E-03       6.55104E-07       4.35978E-07
       1.51356E-04       1.58489E-04       1.54922E-04       7.13300E-06       3.23267E-08       4.53200E-03       7.02108E-07       4.68305E-07
       1.58489E-04       1.65959E-04       1.62224E-04       7.47000E-06       3.45766E-08       4.62872E-03       7.50890E-07       5.02882E-07
       1.65959E-04       1.73780E-04       1.69870E-04       7.82100E-06       3.69992E-08       4.73075E-03       8.03610E-07       5.39881E-07
       1.73780E-04       1.81970E-04       1.77875E-04       8.19000E-06       3.96126E-08       4.83670E-03       8.60329E-07       5.79493E-07
       1.81970E-04       1.90546E-04       1.86258E-04       8.57600E-06       4.24332E-08       4.94790E-03       9.21587E-07       6.21927E-07
       1.90546E-04       1.99526E-04       1.95036E-04       8.98000E-06       4.54783E-08       5.06440E-03       9.87741E-07       6.67405E-07
       1.99526E-04       2.08930E-04       2.04228E-04       9.40399E-06       4.87686E-08       5.18594E-03       1.05911E-06       7.16174E-07
       2.08930E-04       2.18776E-04       2.13853E-04       9.84601E-06       5.23243E-08       5.31427E-03       1.13647E-06       7.68498E-07
       2.18776E-04       2.29087E-04       2.23932E-04       1.03110E-05       5.61677E-08       5.44736E-03       1.21983E-06       8.24666E-07
       2.29087E-04       2.39883E-04       2.34485E-04       1.07960E-05       6.02025E-08       5.57637E-03       1.30758E-06       8.84868E-07
       2.39883E-04       2.51189E-04       2.45536E-04       1.13060E-05       6.44377E-08       5.69942E-03       1.39941E-06       9.49306E-07
       2.51189E-04       2.63027E-04       2.57108E-04       1.18380E-05       6.90075E-08       5.82931E-03       1.49876E-06       1.01831E-06
       2.63027E-04       2.75423E-04       2.69225E-04       1.23960E-05       7.39398E-08       5.96481E-03       1.60588E-06       1.09225E-06
       2.75423E-04       2.88403E-04       2.81913E-04       1.29800E-05       7.92668E-08       6.10684E-03       1.72160E-06       1.17152E-06
       2.88403E-04       3.01995E-04       2.95199E-04       1.35920E-05       8.50224E-08       6.25534E-03       1.84657E-06       1.25654E-06
       3.01995E-04       3.16228E-04       3.09111E-04       1.42330E-05       9.11787E-08       6.40615E-03       1.98021E-06       1.34772E-06
       3.16228E-04       3.31131E-04       3.23680E-04       1.49030E-05       9.76759E-08       6.55410E-03       2.12143E-06       1.44540E-06
       3.31131E-04       3.46737E-04       3.38934E-04       1.56060E-05       1.04684E-07       6.70797E-03       2.27356E-06       1.55008E-06
       3.46737E-04       3.63078E-04       3.54908E-04       1.63410E-05       1.12255E-07       6.86951E-03       2.43804E-06       1.66234E-06
       3.63078E-04       3.80189E-04       3.71634E-04       1.71110E-05       1.20436E-07       7.03853E-03       2.61575E-06       1.78277E-06
       3.80189E-04       3.98107E-04       3.89148E-04       1.79180E-05       1.29284E-07       7.21531E-03       2.80782E-06       1.91206E-06
       3.98107E-04       4.16869E-04       4.07488E-04       1.87620E-05       1.38852E-07       7.40072E-03       3.01571E-06       2.05091E-06
       4.16869E-04       4.36516E-04       4.26692E-04       1.96470E-05       1.49208E-07       7.59443E-03       3.24049E-06       2.20012E-06
       4.36516E-04       4.57088E-04       4.46802E-04       2.05720E-05       1.60419E-07       7.79791E-03       3.48412E-06       2.36053E-06
       4.57088E-04       4.78630E-04       4.67859E-04       2.15420E-05       1.72262E-07       7.99657E-03       3.74127E-06       2.53280E-06
       4.78630E-04       5.01187E-04       4.89909E-04       2.25570E-05       1.84717E-07       8.18891E-03       4.01182E-06       2.71751E-06
       5.01187E-04       5.24808E-04       5.12998E-04       2.36210E-05       1.98176E-07       8.38984E-03       4.30397E-06       2.91569E-06
       5.24808E-04       5.49541E-04       5.37175E-04       2.47330E-05       2.12725E-07       8.60086E-03       4.62016E-06       3.12842E-06
       5.49541E-04       5.75440E-04       5.62491E-04       2.58990E-05       2.28464E-07       8.82135E-03       4.96193E-06       3.35688E-06
       5.75440E-04       6.02560E-04       5.89000E-04       2.71200E-05       2.45497E-07       9.05224E-03       5.33177E-06       3.60238E-06
       6.02560E-04       6.30957E-04       6.16758E-04       2.83970E-05       2.63637E-07       9.28399E-03       5.72598E-06       3.86601E-06
       6.30957E-04       6.60693E-04       6.45825E-04       2.97360E-05       2.82434E-07       9.49805E-03       6.13408E-06       4.14845E-06
       6.60693E-04       6.91831E-04       6.76262E-04       3.11380E-05       3.02674E-07       9.72039E-03       6.57353E-06       4.45112E-06
       6.91831E-04       7.24436E-04       7.08133E-04       3.26050E-05       3.24534E-07       9.95351E-03       7.04841E-06       4.77566E-06
       7.24436E-04       7.58578E-04       7.41507E-04       3.41420E-05       3.48158E-07       1.01973E-02       7.56140E-06       5.12381E-06
       7.58578E-04       7.94328E-04       7.76453E-04       3.57500E-05       3.73699E-07       1.04531E-02       8.11635E-06       5.49751E-06
       7.94328E-04       8.31764E-04       8.13046E-04       3.74360E-05       4.01326E-07       1.07203E-02       8.71612E-06       5.89884E-06
       8.31764E-04       8.70964E-04       8.51364E-04       3.92000E-05       4.31219E-07       1.10005E-02       9.36542E-06       6.33006E-06
       8.70964E-04       9.12011E-04       8.91487E-04       4.10470E-05       4.63581E-07       1.12939E-02       1.00684E-05       6.79364E-06
       9.12011E-04       9.54993E-04       9.33502E-04       4.29820E-05       4.97745E-07       1.15803E-02       1.08102E-05       7.29138E-06
       9.54993E-04       1.00000E-03       9.77497E-04       4.50070E-05       5.33428E-07       1.18521E-02       1.15854E-05       7.82481E-06
       1.00000E-03       1.04713E-03       1.02356E-03       4.71300E-05       5.71958E-07       1.21357E-02       1.24217E-05       8.39677E-06
       1.04713E-03       1.09648E-03       1.07180E-03       4.93500E-05       6.13575E-07       1.24331E-02       1.33259E-05       9.01034E-06
       1.09648E-03       1.14815E-03       1.12231E-03       5.16700E-05       6.58598E-07       1.27462E-02       1.43053E-05       9.66894E-06
       1.14815E-03       1.20226E-03       1.17520E-03       5.41100E-05       7.07262E-07       1.30708E-02       1.53609E-05       1.03762E-05
       1.20226E-03       1.25892E-03       1.23059E-03       5.66600E-05       7.59228E-07       1.33997E-02       1.64895E-05       1.11354E-05
       1.25892E-03       1.31826E-03       1.28859E-03       5.93400E-05       8.13021E-07       1.37011E-02       1.76551E-05       1.19485E-05
       1.31826E-03       1.38038E-03       1.34932E-03       6.21200E-05       8.70840E-07       1.40187E-02       1.89157E-05       1.28193E-05
       1.38038E-03       1.44544E-03       1.41291E-03       6.50599E-05       9.33291E-07       1.43451E-02       2.02683E-05       1.37526E-05
       1.44544E-03       1.51356E-03       1.47950E-03       6.81201E-05       1.00073E-06       1.46907E-02       2.17349E-05       1.47533E-05
       1.51356E-03       1.58489E-03       1.54923E-03       7.13300E-05       1.07363E-06       1.50516E-02       2.33182E-05       1.58269E-05
       1.58489E-03       1.65959E-03       1.62224E-03       7.47000E-05       1.15244E-06       1.54276E-02       2.50273E-05       1.69794E-05
       1.65959E-03       1.73780E-03       1.69870E-03       7.82101E-05       1.23768E-06       1.58251E-02       2.68820E-05       1.82171E-05
       1.73780E-03       1.81970E-03       1.77875E-03       8.18999E-05       1.32992E-06       1.62384E-02       2.88841E-05       1.95470E-05
       1.81970E-03       1.90546E-03       1.86258E-03       8.57600E-05       1.42757E-06       1.66461E-02       3.10046E-05       2.09746E-05
       1.90546E-03       1.99526E-03       1.95036E-03       8.98001E-05       1.52933E-06       1.70304E-02       3.32154E-05       2.25039E-05
       1.99526E-03       2.08930E-03       2.04228E-03       9.40400E-05       1.63913E-06       1.74301E-02       3.55971E-05       2.41430E-05
       2.08930E-03       2.18776E-03       2.13853E-03       9.84600E-05       1.75774E-06       1.78523E-02       3.81778E-05       2.59008E-05
       2.18776E-03       2.29087E-03       2.23932E-03       1.03110E-04       1.88591E-06       1.82903E-02       4.09577E-05       2.77867E-05
       2.29087E-03       2.39883E-03       2.34485E-03       1.07960E-04       2.02451E-06       1.87524E-02       4.39716E-05       2.98112E-05
       2.39883E-03       2.51189E-03       2.45536E-03       1.13060E-04       2.17269E-06       1.92171E-02       4.71850E-05       3.19839E-05
       2.51189E-03       2.63027E-03       2.57108E-03       1.18380E-04       2.32600E-06       1.96485E-02       5.05180E-05       3.43099E-05
       2.63027E-03       2.75423E-03       2.69225E-03       1.23960E-04       2.49061E-06       2.00921E-02       5.40928E-05       3.68005E-05
       2.75423E-03       2.88403E-03       2.81913E-03       1.29800E-04       2.66829E-06       2.05570E-02       5.79527E-05       3.94688E-05
       2.88403E-03       3.01995E-03       2.95199E-03       1.35920E-04       2.86015E-06       2.10429E-02       6.21184E-05       4.23289E-05
       3.01995E-03       3.16228E-03       3.09112E-03       1.42330E-04       3.06745E-06       2.15517E-02       6.66186E-05       4.53964E-05
       3.16228E-03       3.31131E-03       3.23679E-03       1.49030E-04       3.29150E-06       2.20861E-02       7.14882E-05       4.86879E-05
       3.31131E-03       3.46737E-03       3.38934E-03       1.56060E-04       3.53380E-06       2.26439E-02       7.67478E-05       5.22217E-05
       3.46737E-03       3.63078E-03       3.54907E-03       1.63410E-04       3.79590E-06       2.32293E-02       8.24426E-05       5.60176E-05
       3.63078E-03       3.80189E-03       3.71633E-03       1.71110E-04       4.07018E-06       2.37869E-02       8.84003E-05       6.00877E-05
       3.80189E-03       3.98107E-03       3.89148E-03       1.79180E-04       4.34730E-06       2.42622E-02       9.44157E-05       6.44350E-05
       3.98107E-03       4.16869E-03       4.07488E-03       1.87620E-04       4.64491E-06       2.47570E-02       1.00882E-04       6.90799E-05
       4.16869E-03       4.36516E-03       4.26693E-03       1.96470E-04       4.96550E-06       2.52735E-02       1.07840E-04       7.40454E-05
       4.36516E-03       4.57088E-03       4.46802E-03       2.05720E-04       5.31104E-06       2.58169E-02       1.15350E-04       7.93565E-05
       4.57088E-03       4.78630E-03       4.67859E-03       2.15420E-04       5.68359E-06       2.63838E-02       1.23439E-04       8.50401E-05
       4.78630E-03       5.01187E-03       4.89909E-03       2.25570E-04       6.08186E-06       2.69622E-02       1.32090E-04       9.11219E-05
       5.01187E-03       5.24807E-03       5.12997E-03       2.36200E-04       6.49419E-06       2.74945E-02       1.41046E-04       9.76161E-05
       5.24807E-03       5.49541E-03       5.37174E-03       2.47340E-04       6.93548E-06       2.80402E-02       1.50625E-04       1.04552E-04
       5.49541E-03       5.75440E-03       5.62491E-03       2.58990E-04       7.41062E-06       2.86136E-02       1.60949E-04       1.11962E-04
       5.75440E-03       6.02560E-03       5.89000E-03       2.71200E-04       7.92252E-06       2.92128E-02       1.72063E-04       1.19885E-04
       6.02560E-03       6.30957E-03       6.16759E-03       2.83970E-04       8.47416E-06       2.98418E-02       1.84052E-04       1.28359E-04
       6.30957E-03       6.60693E-03       6.45825E-03       2.97360E-04       9.06909E-06       3.04986E-02       1.96968E-04       1.37428E-04
       6.60693E-03       6.91831E-03       6.76262E-03       3.11380E-04       9.71081E-06       3.11864E-02       2.10902E-04       1.47139E-04
       6.91831E-03       7.24436E-03       7.08133E-03       3.26050E-04       1.04035E-05       3.19077E-02       2.25949E-04       1.57542E-04
       7.24436E-03       7.58578E-03       7.41507E-03       3.41420E-04       1.11396E-05       3.26272E-02       2.41933E-04       1.68682E-04
       7.58578E-03       7.94328E-03       7.76453E-03       3.57500E-04       1.19047E-05       3.32998E-02       2.58557E-04       1.80587E-04
       7.94328E-03       8.31764E-03       8.13046E-03       3.74360E-04       1.27274E-05       3.39979E-02       2.76418E-04       1.93314E-04
       8.31764E-03       8.70964E-03       8.51364E-03       3.92000E-04       1.36141E-05       3.47299E-02       2.95678E-04       2.06928E-04
       8.70964E-03       9.12011E-03       8.91487E-03       4.10471E-04       1.45703E-05       3.54967E-02       3.16448E-04       2.21498E-04
       9.12011E-03       9.54993E-03       9.33502E-03       4.29819E-04       1.56021E-05       3.62991E-02       3.38853E-04       2.37101E-04
       9.54993E-03       1.00000E-02       9.77496E-03       4.50070E-04       1.67060E-05       3.71187E-02       3.62834E-04       2.53807E-04
       1.00000E-02       1.04713E-02       1.02357E-02       4.71300E-04       1.78430E-05       3.78591E-02       3.87512E-04       2.71650E-04
       1.04713E-02       1.09648E-02       1.07180E-02       4.93500E-04       1.90568E-05       3.86155E-02       4.13883E-04       2.90706E-04
       1.09648E-02       1.14815E-02       1.12232E-02       5.16700E-04       2.03647E-05       3.94131E-02       4.42339E-04       3.11071E-04
       1.14815E-02       1.20226E-02       1.17521E-02       5.41100E-04       2.17728E-05       4.02380E-02       4.72879E-04       3.32844E-04
       1.20226E-02       1.25892E-02       1.23059E-02       5.66601E-04       2.32914E-05       4.11072E-02       5.05861E-04       3.56135E-04
       1.25892E-02       1.31826E-02       1.28859E-02       5.93399E-04       2.49290E-05       4.20104E-02       5.41342E-04       3.81064E-04
       1.31826E-02       1.38038E-02       1.34932E-02       6.21200E-04       2.66950E-05       4.29733E-02       5.79847E-04       4.07759E-04
       1.38038E-02       1.44544E-02       1.41291E-02       6.50601E-04       2.86023E-05       4.39629E-02       6.21156E-04       4.36361E-04
       1.44544E-02       1.51356E-02       1.47950E-02       6.81199E-04       3.06238E-05       4.49557E-02       6.65120E-04       4.66985E-04
       1.51356E-02       1.58489E-02       1.54923E-02       7.13301E-04       3.26977E-05       4.58400E-02       7.10165E-04       4.99683E-04
       1.58489E-02       1.65959E-02       1.62224E-02       7.47000E-04       3.49220E-05       4.67497E-02       7.58393E-04       5.34605E-04
       1.65959E-02       1.73780E-02       1.69870E-02       7.82100E-04       3.73169E-05       4.77138E-02       8.10512E-04       5.71922E-04
       1.73780E-02       1.81970E-02       1.77875E-02       8.19000E-04       3.98970E-05       4.87142E-02       8.66505E-04       6.11819E-04
       1.81970E-02       1.90546E-02       1.86258E-02       8.57600E-04       4.26780E-05       4.97645E-02       9.26904E-04       6.54497E-04
       1.90546E-02       1.99526E-02       1.95036E-02       8.98000E-04       4.56508E-05       5.08361E-02       9.91487E-04       7.00148E-04
       1.99526E-02       2.08930E-02       2.04228E-02       9.40400E-04       4.86748E-05       5.17597E-02       1.05708E-03       7.48823E-04
       2.08930E-02       2.18776E-02       2.13853E-02       9.84600E-04       5.18854E-05       5.26969E-02       1.12694E-03       8.00708E-04
       2.18776E-02       2.29087E-02       2.23931E-02       1.03110E-03       5.53352E-05       5.36662E-02       1.20176E-03       8.56043E-04
       2.29087E-02       2.39883E-02       2.34485E-02       1.07960E-03       5.90448E-05       5.46913E-02       1.28243E-03       9.15088E-04
       2.39883E-02       2.51189E-02       2.45536E-02       1.13060E-03       6.30354E-05       5.57539E-02       1.36896E-03       9.78123E-04
       2.51189E-02       2.63027E-02       2.57108E-02       1.18380E-03       6.73313E-05       5.68774E-02       1.46236E-03       1.04545E-03
       2.63027E-02       2.75423E-02       2.69225E-02       1.23960E-03       7.19569E-05       5.80484E-02       1.56281E-03       1.11741E-03
       2.75423E-02       2.88403E-02       2.81913E-02       1.29800E-03       7.69407E-05       5.92763E-02       1.67108E-03       1.19435E-03
       2.88403E-02       3.01995E-02       2.95199E-02       1.35920E-03       8.22500E-05       6.05135E-02       1.78635E-03       1.27660E-03
       3.01995E-02       3.16228E-02       3.09112E-02       1.42330E-03       8.77544E-05       6.16556E-02       1.90584E-03       1.36436E-03
       3.16228E-02       3.31131E-02       3.23680E-02       1.49030E-03       9.36543E-05       6.28425E-02       2.03408E-03       1.45801E-03
       3.31131E-02       3.46737E-02       3.38934E-02       1.56060E-03       1.00003E-04       6.40798E-02       2.17188E-03       1.55801E-03
       3.46737E-02       3.63078E-02       3.54908E-02       1.63410E-03       1.06837E-04       6.53794E-02       2.32036E-03       1.66485E-03
       3.63078E-02       3.80189E-02       3.71633E-02       1.71110E-03       1.14197E-04       6.67392E-02       2.48025E-03       1.77905E-03
       3.80189E-02       3.98107E-02       3.89148E-02       1.79180E-03       1.22055E-04       6.81188E-02       2.65083E-03       1.90110E-03
       3.98107E-02       4.16869E-02       4.07488E-02       1.87620E-03       1.29870E-04       6.92197E-02       2.82062E-03       2.03097E-03
       4.16869E-02       4.36516E-02       4.26693E-02       1.96470E-03       1.38082E-04       7.02813E-02       2.99885E-03       2.16905E-03
       4.36516E-02       4.57088E-02       4.46802E-02       2.05720E-03       1.46883E-04       7.13993E-02       3.19014E-03       2.31594E-03
       4.57088E-02       4.78630E-02       4.67859E-02       2.15420E-03       1.56318E-04       7.25643E-02       3.39499E-03       2.47226E-03
       4.78630E-02       5.01187E-02       4.89908E-02       2.25570E-03       1.66441E-04       7.37870E-02       3.61489E-03       2.63870E-03
       5.01187E-02       5.24808E-02       5.12998E-02       2.36210E-03       1.77309E-04       7.50640E-02       3.85076E-03       2.81601E-03
       5.24808E-02       5.49541E-02       5.37174E-02       2.47330E-03       1.88978E-04       7.64072E-02       4.10440E-03       3.00498E-03
       5.49541E-02       5.75440E-02       5.62491E-02       2.58990E-03       2.01518E-04       7.78091E-02       4.37669E-03       3.20650E-03
       5.75440E-02       6.02560E-02       5.89000E-02       2.71200E-03       2.14845E-04       7.92202E-02       4.66607E-03       3.42135E-03
       6.02560E-02       6.30957E-02       6.16758E-02       2.83970E-03       2.28525E-04       8.04751E-02       4.96337E-03       3.64987E-03
       6.30957E-02       6.60693E-02       6.45825E-02       2.97360E-03       2.43116E-04       8.17582E-02       5.28015E-03       3.89299E-03
       6.60693E-02       6.91831E-02       6.76262E-02       3.11380E-03       2.58763E-04       8.31017E-02       5.61985E-03       4.15175E-03
       6.91831E-02       7.24436E-02       7.08134E-02       3.26050E-03       2.75550E-04       8.45116E-02       5.98455E-03       4.42730E-03
       7.24436E-02       7.58578E-02       7.41507E-02       3.41420E-03       2.93571E-04       8.59855E-02       6.37588E-03       4.72087E-03
       7.58578E-02       7.94328E-02       7.76453E-02       3.57500E-03       3.12873E-04       8.75168E-02       6.79527E-03       5.03374E-03
       7.94328E-02       8.31764E-02       8.13046E-02       3.74360E-03       3.32982E-04       8.89471E-02       7.23181E-03       5.36673E-03
       8.31764E-02       8.70964E-02       8.51364E-02       3.92000E-03       3.54358E-04       9.03976E-02       7.69612E-03       5.72108E-03
       8.70964E-02       9.12011E-02       8.91488E-02       4.10470E-03       3.77291E-04       9.19168E-02       8.19426E-03       6.09838E-03
       9.12011E-02       9.54993E-02       9.33502E-02       4.29820E-03       4.01907E-04       9.35060E-02       8.72880E-03       6.50028E-03
       9.54993E-02       1.00000E-01       9.77497E-02       4.50070E-03       4.28645E-04       9.52397E-02       9.30964E-03       6.92893E-03
       1.00000E-01       1.04713E-01       1.02357E-01       4.71300E-03       4.59172E-04       9.74266E-02       9.97225E-03       7.38810E-03
       1.04713E-01       1.09648E-01       1.07180E-01       4.93500E-03       4.92998E-04       9.98982E-02       1.07071E-02       7.88110E-03
       1.09648E-01       1.14815E-01       1.12231E-01       5.16700E-03       5.33918E-04       1.03332E-01       1.15971E-02       8.41502E-03
       1.14815E-01       1.20226E-01       1.17520E-01       5.41100E-03       5.79143E-04       1.07031E-01       1.25783E-02       8.99416E-03
       1.20226E-01       1.25892E-01       1.23059E-01       5.66600E-03       6.26952E-04       1.10652E-01       1.36167E-02       9.62111E-03
       1.25892E-01       1.31826E-01       1.28859E-01       5.93400E-03       6.78761E-04       1.14385E-01       1.47395E-02       1.02999E-02
       1.31826E-01       1.38038E-01       1.34932E-01       6.21200E-03       7.35136E-04       1.18341E-01       1.59680E-02       1.10350E-02
       1.38038E-01       1.44544E-01       1.41291E-01       6.50600E-03       7.96550E-04       1.22433E-01       1.72987E-02       1.18316E-02
       1.44544E-01       1.51356E-01       1.47950E-01       6.81200E-03       8.63414E-04       1.26749E-01       1.87525E-02       1.26950E-02
       1.51356E-01       1.58489E-01       1.54923E-01       7.13300E-03       9.36073E-04       1.31231E-01       2.03307E-02       1.36310E-02
       1.58489E-01       1.65959E-01       1.62224E-01       7.47000E-03       1.01218E-03       1.35500E-01       2.19813E-02       1.46432E-02
       1.65959E-01       1.73780E-01       1.69869E-01       7.82100E-03       1.09383E-03       1.39859E-01       2.37577E-02       1.57371E-02
       1.73780E-01       1.81970E-01       1.77875E-01       8.19000E-03       1.18262E-03       1.44397E-01       2.56847E-02       1.69197E-02
       1.81970E-01       1.90546E-01       1.86258E-01       8.57600E-03       1.27916E-03       1.49156E-01       2.77815E-02       1.81988E-02
       1.90546E-01       1.99526E-01       1.95036E-01       8.98000E-03       1.38376E-03       1.54093E-01       3.00537E-02       1.95826E-02
       1.99526E-01       2.08930E-01       2.04228E-01       9.40400E-03       1.49448E-03       1.58919E-01       3.24558E-02       2.10771E-02
       2.08930E-01       2.18776E-01       2.13853E-01       9.84600E-03       1.61400E-03       1.63925E-01       3.50558E-02       2.26911E-02
       2.18776E-01       2.29087E-01       2.23931E-01       1.03110E-02       1.76041E-03       1.70731E-01       3.82321E-02       2.44515E-02
       2.29087E-01       2.39883E-01       2.34485E-01       1.07960E-02       2.06859E-03       1.91607E-01       4.49291E-02       2.65201E-02
       2.39883E-01       2.51189E-01       2.45536E-01       1.13060E-02       2.46971E-03       2.18442E-01       5.36354E-02       2.89898E-02
       2.51189E-01       2.63027E-01       2.57108E-01       1.18380E-02       2.92290E-03       2.46909E-01       6.34822E-02       3.19127E-02
       2.63027E-01       2.75423E-01       2.69225E-01       1.23960E-02       3.42950E-03       2.76662E-01       7.44843E-02       3.53422E-02
       2.75423E-01       2.88403E-01       2.81913E-01       1.29800E-02       3.97795E-03       3.06468E-01       8.63972E-02       3.93201E-02
       2.88403E-01       3.01995E-01       2.95199E-01       1.35920E-02       4.57853E-03       3.36855E-01       9.94393E-02       4.38987E-02
       3.01995E-01       3.16228E-01       3.09112E-01       1.42330E-02       5.24578E-03       3.68565E-01       1.13928E-01       4.91445E-02
       3.16228E-01       3.31131E-01       3.23680E-01       1.49030E-02       5.95808E-03       3.99791E-01       1.29404E-01       5.51025E-02
       3.31131E-01       3.46737E-01       3.38934E-01       1.56060E-02       6.73560E-03       4.31604E-01       1.46285E-01       6.18381E-02
       3.46737E-01       3.63078E-01       3.54908E-01       1.63410E-02       7.59760E-03       4.64941E-01       1.65011E-01       6.94357E-02
       3.63078E-01       3.80189E-01       3.71633E-01       1.71110E-02       8.55277E-03       4.99840E-01       1.85757E-01       7.79885E-02
       3.80189E-01       3.98107E-01       3.89148E-01       1.79180E-02       9.59481E-03       5.35485E-01       2.08383E-01       8.75833E-02
       3.98107E-01       4.16869E-01       4.07488E-01       1.87620E-02       1.07012E-02       5.70367E-01       2.32418E-01       9.82846E-02
       4.16869E-01       4.36516E-01       4.26692E-01       1.96470E-02       1.19195E-02       6.06681E-01       2.58866E-01       1.10204E-01
       4.36516E-01       4.57088E-01       4.46802E-01       2.05720E-02       1.32640E-02       6.44761E-01       2.88081E-01       1.23468E-01
       4.57088E-01       4.78630E-01       4.67859E-01       2.15420E-02       1.47042E-02       6.82582E-01       3.19352E-01       1.38172E-01
       4.78630E-01       5.01187E-01       4.89909E-01       2.25570E-02       1.62355E-02       7.19756E-01       3.52614E-01       1.54408E-01
       5.01187E-01       5.24808E-01       5.12998E-01       2.36210E-02       1.79194E-02       7.58622E-01       3.89171E-01       1.72327E-01
       5.24808E-01       5.49541E-01       5.37174E-01       2.47330E-02       1.97710E-02       7.99378E-01       4.29405E-01       1.92098E-01
       5.49541E-01       5.75440E-01       5.62490E-01       2.58990E-02       2.18071E-02       8.42007E-01       4.73621E-01       2.13905E-01
       5.75440E-01       6.02560E-01       5.89000E-01       2.71200E-02       2.40459E-02       8.86650E-01       5.22237E-01       2.37951E-01
       6.02560E-01       6.30957E-01       6.16758E-01       2.83970E-02       2.65137E-02       9.33680E-01       5.75855E-01       2.64465E-01
       6.30957E-01       6.60693E-01       6.45825E-01       2.97360E-02       2.92352E-02       9.83159E-01       6.34949E-01       2.93700E-01
       6.60693E-01       6.91831E-01       6.76262E-01       3.11380E-02       3.24345E-02       1.04164E+00       7.04420E-01       3.26135E-01
       6.91831E-01       7.24436E-01       7.08133E-01       3.26050E-02       4.60026E-02       1.41091E+00       9.99111E-01       3.72137E-01
       7.24436E-01       7.58578E-01       7.41507E-01       3.41420E-02       3.74981E-02       1.09830E+00       8.14395E-01       4.09635E-01
       7.58578E-01       7.94328E-01       7.76453E-01       3.57500E-02       3.59363E-02       1.00521E+00       7.80499E-01       4.45572E-01
       7.94328E-01       8.31764E-01       8.13046E-01       3.74360E-02       3.54312E-02       9.46448E-01       7.69506E-01       4.81003E-01
       8.31764E-01       8.70964E-01       8.51364E-01       3.92000E-02       3.49864E-02       8.92510E-01       7.59851E-01       5.15989E-01
       8.70964E-01       9.12011E-01       8.91487E-01       4.10470E-02       3.44703E-02       8.39777E-01       7.48650E-01       5.50460E-01
       9.12011E-01       9.54993E-01       9.33502E-01       4.29820E-02       3.38908E-02       7.88487E-01       7.36054E-01       5.84350E-01
       9.54993E-01       1.00000E+00       9.77497E-01       4.50070E-02       3.31162E-02       7.35800E-01       7.19242E-01       6.17467E-01
       1.00000E+00       1.04713E+00       1.02357E+00       4.71300E-02       3.20767E-02       6.80601E-01       6.96639E-01       6.49543E-01
       1.04713E+00       1.09648E+00       1.07181E+00       4.93500E-02       3.07362E-02       6.22821E-01       6.67543E-01       6.80279E-01
       1.09648E+00       1.14815E+00       1.12231E+00       5.16700E-02       2.90590E-02       5.62397E-01       6.31186E-01       7.09339E-01
       1.14815E+00       1.20226E+00       1.17520E+00       5.41100E-02       2.70147E-02       4.99254E-01       5.86726E-01       7.36353E-01
       1.20226E+00       1.25892E+00       1.23059E+00       5.66600E-02       2.47881E-02       4.37489E-01       5.38369E-01       7.61141E-01
       1.25892E+00       1.31826E+00       1.28859E+00       5.93400E-02       2.22153E-02       3.74373E-01       4.82413E-01       7.83357E-01
       1.31826E+00       1.38038E+00       1.34932E+00       6.21200E-02       1.92270E-02       3.09514E-01       4.17634E-01       8.02584E-01
       1.38038E+00       1.44544E+00       1.41291E+00       6.50600E-02       1.58669E-02       2.43881E-01       3.44583E-01       8.18451E-01
       1.44544E+00       1.51356E+00       1.47950E+00       6.81200E-02       1.24959E-02       1.83439E-01       2.71398E-01       8.30946E-01
       1.51356E+00       1.58489E+00       1.54923E+00       7.13300E-02       1.17434E-02       1.64634E-01       2.55056E-01       8.42690E-01
       1.58489E+00       1.65959E+00       1.62224E+00       7.47000E-02       1.13915E-02       1.52496E-01       2.47385E-01       8.54081E-01
       1.65959E+00       1.73780E+00       1.69869E+00       7.82100E-02       1.09356E-02       1.39823E-01       2.37517E-01       8.65017E-01
       1.73780E+00       1.81970E+00       1.77875E+00       8.19000E-02       1.03624E-02       1.26525E-01       2.25056E-01       8.75379E-01
       1.81970E+00       1.90546E+00       1.86258E+00       8.57600E-02       9.71220E-03       1.13249E-01       2.10935E-01       8.85091E-01
       1.90546E+00       1.99526E+00       1.95036E+00       8.98000E-02       9.52856E-03       1.06109E-01       2.06950E-01       8.94620E-01
       1.99526E+00       2.08930E+00       2.04228E+00       9.40400E-02       9.46308E-03       1.00628E-01       2.05511E-01       9.04083E-01
       2.08930E+00       2.18776E+00       2.13853E+00       9.84600E-02       9.34473E-03       9.49089E-02       2.02966E-01       9.13428E-01
       2.18776E+00       2.29087E+00       2.23932E+00       1.03110E-01       9.13778E-03       8.86217E-02       1.98452E-01       9.22566E-01
       2.29087E+00       2.39883E+00       2.34485E+00       1.07960E-01       8.79379E-03       8.14542E-02       1.90998E-01       9.31359E-01
       2.39883E+00       2.51189E+00       2.45536E+00       1.13060E-01       8.35574E-03       7.39054E-02       1.81464E-01       9.39715E-01
       2.51189E+00       2.63027E+00       2.57108E+00       1.18380E-01       7.81960E-03       6.60550E-02       1.69833E-01       9.47535E-01
       2.63027E+00       2.75423E+00       2.69225E+00       1.23960E-01       7.17420E-03       5.78751E-02       1.55814E-01       9.54709E-01
       2.75423E+00       2.88403E+00       2.81913E+00       1.29800E-01       6.45234E-03       4.97099E-02       1.40139E-01       9.61161E-01
       2.88403E+00       3.01995E+00       2.95199E+00       1.35920E-01       5.77737E-03       4.25057E-02       1.25476E-01       9.66939E-01
       3.01995E+00       3.16228E+00       3.09111E+00       1.42330E-01       5.06626E-03       3.55952E-02       1.10029E-01       9.72005E-01
       3.16228E+00       3.31131E+00       3.23679E+00       1.49030E-01       4.48263E-03       3.00787E-02       9.73587E-02       9.76488E-01
       3.31131E+00       3.46737E+00       3.38934E+00       1.56060E-01       3.93720E-03       2.52288E-02       8.55089E-02       9.80425E-01
       3.46737E+00       3.63078E+00       3.54908E+00       1.63410E-01       3.49303E-03       2.13759E-02       7.58645E-02       9.83918E-01
       3.63078E+00       3.80189E+00       3.71633E+00       1.71110E-01       3.11872E-03       1.82264E-02       6.77354E-02       9.87036E-01
       3.80189E+00       3.98107E+00       3.89148E+00       1.79180E-01       2.77384E-03       1.54807E-02       6.02430E-02       9.89810E-01
       3.98107E+00       4.16869E+00       4.07488E+00       1.87620E-01       2.44717E-03       1.30432E-02       5.31495E-02       9.92257E-01
       4.16869E+00       4.36516E+00       4.26692E+00       1.96470E-01       2.10925E-03       1.07357E-02       4.58085E-02       9.94367E-01
       4.36516E+00       4.57088E+00       4.46802E+00       2.05720E-01       1.74778E-03       8.49590E-03       3.79598E-02       9.96114E-01
       4.57088E+00       4.78630E+00       4.67859E+00       2.15420E-01       1.36837E-03       6.35209E-03       2.97188E-02       9.97483E-01
       4.78630E+00       5.00000E+00       4.89315E+00       2.13700E-01       9.51682E-04       4.45335E-03       2.17909E-02       9.98434E-01
       5.00000E+00       5.20000E+00       5.10000E+00       2.00000E-01       5.99977E-04       2.99988E-03       1.52994E-02       9.99034E-01
       5.20000E+00       5.40000E+00       5.30000E+00       2.00000E-01       4.00828E-04       2.00414E-03       1.06219E-02       9.99435E-01
       5.40000E+00       5.60000E+00       5.50000E+00       2.00000E-01       2.68708E-04       1.34354E-03       7.38948E-03       9.99704E-01
       5.60000E+00       5.80000E+00       5.70000E+00       2.00000E-01       1.76757E-04       8.83783E-04       5.03756E-03       9.99881E-01
       5.80000E+00       6.00000E+00       5.90000E+00       2.00000E-01       1.04349E-04       5.21744E-04       3.07829E-03       9.99985E-01
       6.00000E+00       6.20000E+00       6.10000E+00       2.00000E-01       1.49219E-05       7.46095E-05       4.55118E-04       1.00000E+00

 Sum =                                                                         1.00000E+00
 Renormalization bin#   982 =                                                  1.15003E-01 barn        2.12000E+07        2.14000E+07        2.13000E+07
 Avg. Energy     bin#   982 =                                                  1.06586E+00 MeV         2.12000E+07        2.14000E+07
