"        MT= 91 recoil spectrum "
" Initial neutron energy corresponds to the group:"
   1.70000E+01    1.72000E+01       0.00000E+00           285           900           616



          Low               High              Mid              Energy           Number             dn/de            E*dn/de          Cumulative
         Energy            Energy            Energy             Width          Fraction                               Sum   
         [MeV]             [MeV]             [MeV]              [MeV]

       1.72500E-06       1.75000E-06       1.73750E-06       2.50000E-08       0.00000E+00       0.00000E+00       0.00000E+00       0.00000E+00
       1.75000E-06       1.77500E-06       1.76250E-06       2.50000E-08       5.03347E-12       2.01339E-04       3.54860E-10       5.03347E-12
       1.77500E-06       1.80000E-06       1.78750E-06       2.50000E-08       5.10450E-12       2.04180E-04       3.64972E-10       1.01380E-11
       1.80000E-06       1.82500E-06       1.81250E-06       2.50001E-08       5.17602E-12       2.07040E-04       3.75260E-10       1.53140E-11
       1.82500E-06       1.85000E-06       1.83750E-06       2.50000E-08       5.24755E-12       2.09902E-04       3.85695E-10       2.05615E-11
       1.85000E-06       1.87500E-06       1.86250E-06       2.50000E-08       5.31858E-12       2.12743E-04       3.96235E-10       2.58801E-11
       1.87500E-06       1.90000E-06       1.88750E-06       2.50000E-08       5.39011E-12       2.15604E-04       4.06953E-10       3.12702E-11
       1.90000E-06       1.92500E-06       1.91250E-06       2.50000E-08       5.46164E-12       2.18466E-04       4.17816E-10       3.67319E-11
       1.92500E-06       1.95000E-06       1.93750E-06       2.50001E-08       5.53316E-12       2.21326E-04       4.28818E-10       4.22650E-11
       1.95000E-06       1.97500E-06       1.96250E-06       2.50000E-08       5.60419E-12       2.24168E-04       4.39929E-10       4.78692E-11
       1.97500E-06       2.00000E-06       1.98750E-06       2.50000E-08       5.67572E-12       2.27029E-04       4.51220E-10       5.35449E-11
       2.00000E-06       2.02500E-06       2.01250E-06       2.50001E-08       5.74725E-12       2.29889E-04       4.62652E-10       5.92922E-11
       2.02500E-06       2.05000E-06       2.03750E-06       2.49999E-08       5.81877E-12       2.32752E-04       4.74233E-10       6.51110E-11
       2.05000E-06       2.07500E-06       2.06250E-06       2.50001E-08       5.88980E-12       2.35591E-04       4.85907E-10       7.10008E-11
       2.07500E-06       2.10000E-06       2.08750E-06       2.49999E-08       5.96133E-12       2.38455E-04       4.97774E-10       7.69621E-11
       2.10000E-06       2.12500E-06       2.11250E-06       2.50001E-08       6.03286E-12       2.41313E-04       5.09775E-10       8.29949E-11
       2.12500E-06       2.15000E-06       2.13750E-06       2.50001E-08       6.10439E-12       2.44175E-04       5.21923E-10       8.90993E-11
       2.15000E-06       2.17500E-06       2.16250E-06       2.49999E-08       6.17541E-12       2.47018E-04       5.34176E-10       9.52747E-11
       2.17500E-06       2.20000E-06       2.18750E-06       2.50001E-08       6.24694E-12       2.49877E-04       5.46605E-10       1.01522E-10
       2.20000E-06       2.22500E-06       2.21250E-06       2.49999E-08       6.31847E-12       2.52740E-04       5.59188E-10       1.07840E-10
       2.22500E-06       2.25000E-06       2.23750E-06       2.50001E-08       6.38950E-12       2.55579E-04       5.71858E-10       1.14230E-10
       2.25000E-06       2.27500E-06       2.26250E-06       2.50001E-08       6.46103E-12       2.58440E-04       5.84721E-10       1.20691E-10
       2.27500E-06       2.30000E-06       2.28750E-06       2.49999E-08       6.53255E-12       2.61304E-04       5.97732E-10       1.27223E-10
       2.30000E-06       2.32500E-06       2.31250E-06       2.50001E-08       6.60408E-12       2.64162E-04       6.10875E-10       1.33827E-10
       2.32500E-06       2.35000E-06       2.33750E-06       2.49999E-08       6.67511E-12       2.67006E-04       6.24126E-10       1.40502E-10
       2.35000E-06       2.37500E-06       2.36250E-06       2.50001E-08       6.74664E-12       2.69864E-04       6.37555E-10       1.47249E-10
       2.37500E-06       2.40000E-06       2.38750E-06       2.50001E-08       6.81817E-12       2.72726E-04       6.51132E-10       1.54067E-10
       2.40000E-06       2.42500E-06       2.41250E-06       2.49999E-08       6.88969E-12       2.75589E-04       6.64859E-10       1.60957E-10
       2.42500E-06       2.45000E-06       2.43750E-06       2.50001E-08       6.96072E-12       2.78428E-04       6.78668E-10       1.67918E-10
       2.45000E-06       2.47500E-06       2.46250E-06       2.49999E-08       7.03225E-12       2.81292E-04       6.92681E-10       1.74950E-10
       2.47500E-06       2.50000E-06       2.48750E-06       2.50001E-08       7.10378E-12       2.84150E-04       7.06823E-10       1.82054E-10
       2.50000E-06       2.52500E-06       2.51250E-06       2.50001E-08       7.17480E-12       2.86991E-04       7.21065E-10       1.89228E-10
       2.52500E-06       2.55000E-06       2.53750E-06       2.49999E-08       7.24633E-12       2.89855E-04       7.35507E-10       1.96475E-10
       2.55000E-06       2.57500E-06       2.56250E-06       2.50001E-08       7.31786E-12       2.92713E-04       7.50078E-10       2.03793E-10
       2.57500E-06       2.60000E-06       2.58750E-06       2.49999E-08       7.38939E-12       2.95577E-04       7.64806E-10       2.11182E-10
       2.60000E-06       2.62500E-06       2.61250E-06       2.50001E-08       7.46042E-12       2.98416E-04       7.79610E-10       2.18642E-10
       2.62500E-06       2.65000E-06       2.63750E-06       2.50001E-08       7.53194E-12       3.01277E-04       7.94617E-10       2.26174E-10
       2.65000E-06       2.67500E-06       2.66250E-06       2.49999E-08       7.60347E-12       3.04141E-04       8.09774E-10       2.33778E-10
       2.67500E-06       2.70000E-06       2.68750E-06       2.50001E-08       7.67500E-12       3.06999E-04       8.25059E-10       2.41453E-10
       2.70000E-06       2.72500E-06       2.71250E-06       2.49999E-08       7.74603E-12       3.09843E-04       8.40449E-10       2.49199E-10
       2.72500E-06       2.75000E-06       2.73750E-06       2.50001E-08       7.81756E-12       3.12701E-04       8.56019E-10       2.57016E-10
       2.75000E-06       2.77500E-06       2.76250E-06       2.50001E-08       7.88908E-12       3.15562E-04       8.71740E-10       2.64906E-10
       2.77500E-06       2.80000E-06       2.78750E-06       2.49999E-08       7.96061E-12       3.18426E-04       8.87613E-10       2.72866E-10
       2.80000E-06       2.82500E-06       2.81250E-06       2.50001E-08       8.03164E-12       3.21264E-04       9.03556E-10       2.80898E-10
       2.82500E-06       2.85000E-06       2.83750E-06       2.49999E-08       8.10317E-12       3.24129E-04       9.19715E-10       2.89001E-10
       2.85000E-06       2.87500E-06       2.86250E-06       2.50001E-08       8.17470E-12       3.26987E-04       9.35999E-10       2.97176E-10
       2.87500E-06       2.90000E-06       2.88750E-06       2.50001E-08       8.24572E-12       3.29828E-04       9.52377E-10       3.05421E-10
       2.90000E-06       2.92500E-06       2.91250E-06       2.49999E-08       8.31725E-12       3.32692E-04       9.68965E-10       3.13739E-10
       2.92500E-06       2.95000E-06       2.93750E-06       2.50001E-08       8.38878E-12       3.35550E-04       9.85678E-10       3.22127E-10
       2.95000E-06       2.97500E-06       2.96250E-06       2.49999E-08       8.46031E-12       3.38414E-04       1.00255E-09       3.30588E-10
       2.97500E-06       3.00000E-06       2.98750E-06       2.50001E-08       8.53133E-12       3.41252E-04       1.01949E-09       3.39119E-10
       3.00000E-06       3.02500E-06       3.01250E-06       2.50001E-08       8.60286E-12       3.44113E-04       1.03664E-09       3.47722E-10
       3.02500E-06       3.05000E-06       3.03750E-06       2.49999E-08       8.67439E-12       3.46978E-04       1.05394E-09       3.56396E-10
       3.05000E-06       3.07500E-06       3.06250E-06       2.50001E-08       8.74592E-12       3.49835E-04       1.07137E-09       3.65142E-10
       3.07500E-06       3.10000E-06       3.08750E-06       2.49999E-08       8.81695E-12       3.52680E-04       1.08890E-09       3.73959E-10
       3.10000E-06       3.12500E-06       3.11250E-06       2.50001E-08       8.88848E-12       3.55538E-04       1.10661E-09       3.82848E-10
       3.12500E-06       3.15000E-06       3.13750E-06       2.50001E-08       8.96000E-12       3.58399E-04       1.12448E-09       3.91808E-10
       3.15000E-06       3.17500E-06       3.16250E-06       2.49999E-08       9.03153E-12       3.61263E-04       1.14250E-09       4.00839E-10
       3.17500E-06       3.20000E-06       3.18750E-06       2.50001E-08       9.10256E-12       3.64101E-04       1.16057E-09       4.09942E-10
       3.20000E-06       3.22500E-06       3.21250E-06       2.49999E-08       9.17409E-12       3.66966E-04       1.17888E-09       4.19116E-10
       3.22500E-06       3.25000E-06       3.23750E-06       2.50001E-08       9.24561E-12       3.69823E-04       1.19730E-09       4.28361E-10
       3.25000E-06       3.27500E-06       3.26250E-06       2.50001E-08       9.31664E-12       3.72664E-04       1.21582E-09       4.37678E-10
       3.27500E-06       3.30000E-06       3.28750E-06       2.49999E-08       9.38817E-12       3.75529E-04       1.23455E-09       4.47066E-10
       3.30000E-06       3.32500E-06       3.31250E-06       2.50001E-08       9.45970E-12       3.78386E-04       1.25340E-09       4.56526E-10
       3.32500E-06       3.35000E-06       3.33750E-06       2.49999E-08       9.53123E-12       3.81251E-04       1.27243E-09       4.66057E-10
       3.35000E-06       3.37500E-06       3.36250E-06       2.50001E-08       9.60225E-12       3.84089E-04       1.29150E-09       4.75659E-10
       3.37500E-06       3.40000E-06       3.38750E-06       2.50001E-08       9.67378E-12       3.86950E-04       1.31079E-09       4.85333E-10
       3.40000E-06       3.42500E-06       3.41250E-06       2.49999E-08       9.74531E-12       3.89815E-04       1.33024E-09       4.95078E-10
       3.42500E-06       3.45000E-06       3.43750E-06       2.50001E-08       9.81684E-12       3.92672E-04       1.34981E-09       5.04895E-10
       3.45000E-06       3.47500E-06       3.46250E-06       2.49999E-08       9.88787E-12       3.95517E-04       1.36948E-09       5.14783E-10
       3.47500E-06       3.50000E-06       3.48750E-06       2.50001E-08       9.95939E-12       3.98374E-04       1.38933E-09       5.24742E-10
       3.50000E-06       3.52500E-06       3.51250E-06       2.50001E-08       1.00309E-11       4.01235E-04       1.40934E-09       5.34773E-10
       3.52500E-06       3.55000E-06       3.53750E-06       2.49999E-08       1.01019E-11       4.04080E-04       1.42943E-09       5.44875E-10
       3.55000E-06       3.57500E-06       3.56250E-06       2.50001E-08       1.01735E-11       4.06937E-04       1.44971E-09       5.55049E-10
       3.57500E-06       3.60000E-06       3.58750E-06       2.49999E-08       1.02450E-11       4.09803E-04       1.47017E-09       5.65294E-10
       3.60000E-06       3.62500E-06       3.61250E-06       2.50001E-08       1.03165E-11       4.12660E-04       1.49073E-09       5.75610E-10
       3.62500E-06       3.65000E-06       3.63750E-06       2.50001E-08       1.03876E-11       4.15501E-04       1.51138E-09       5.85998E-10
       3.65000E-06       3.67500E-06       3.66250E-06       2.49999E-08       1.04591E-11       4.18366E-04       1.53227E-09       5.96457E-10
       3.67500E-06       3.70000E-06       3.68750E-06       2.50001E-08       1.05306E-11       4.21223E-04       1.55326E-09       6.06988E-10
       3.70000E-06       3.72500E-06       3.71250E-06       2.49999E-08       1.06021E-11       4.24088E-04       1.57443E-09       6.17590E-10
       3.72500E-06       3.75000E-06       3.73750E-06       2.50001E-08       1.06732E-11       4.26925E-04       1.59563E-09       6.28263E-10
       3.75000E-06       3.77500E-06       3.76250E-06       2.50001E-08       1.07447E-11       4.29786E-04       1.61707E-09       6.39008E-10
       3.77500E-06       3.80000E-06       3.78750E-06       2.49999E-08       1.08162E-11       4.32652E-04       1.63867E-09       6.49824E-10
       3.80000E-06       3.82500E-06       3.81250E-06       2.50001E-08       1.08878E-11       4.35509E-04       1.66038E-09       6.60712E-10
       3.82500E-06       3.85000E-06       3.83750E-06       2.49999E-08       1.09588E-11       4.38354E-04       1.68218E-09       6.71670E-10
       3.85000E-06       3.87500E-06       3.86250E-06       2.50001E-08       1.10303E-11       4.41211E-04       1.70418E-09       6.82701E-10
       3.87500E-06       3.90000E-06       3.88750E-06       2.50001E-08       1.11018E-11       4.44072E-04       1.72633E-09       6.93803E-10
       3.90000E-06       3.92500E-06       3.91250E-06       2.49999E-08       1.11729E-11       4.46917E-04       1.74856E-09       7.04975E-10
       3.92500E-06       3.95000E-06       3.93750E-06       2.50001E-08       1.12444E-11       4.49774E-04       1.77099E-09       7.16220E-10
       3.95000E-06       3.97500E-06       3.96250E-06       2.49999E-08       1.13159E-11       4.52640E-04       1.79358E-09       7.27536E-10
       3.97500E-06       4.00000E-06       3.98750E-06       2.50001E-08       1.13875E-11       4.55496E-04       1.81629E-09       7.38923E-10
       4.00000E-06       4.02500E-06       4.01250E-06       2.50001E-08       1.14585E-11       4.58337E-04       1.83908E-09       7.50382E-10
       4.02500E-06       4.05000E-06       4.03750E-06       2.50001E-08       1.15300E-11       4.61199E-04       1.86209E-09       7.61912E-10
       4.05000E-06       4.07500E-06       4.06250E-06       2.49996E-08       1.16015E-11       4.64069E-04       1.88528E-09       7.73513E-10
       4.07500E-06       4.10000E-06       4.08750E-06       2.50001E-08       1.16731E-11       4.66921E-04       1.90854E-09       7.85186E-10
       4.10000E-06       4.12500E-06       4.11250E-06       2.50001E-08       1.17441E-11       4.69762E-04       1.93190E-09       7.96930E-10
       4.12500E-06       4.15000E-06       4.13750E-06       2.50001E-08       1.18156E-11       4.72623E-04       1.95548E-09       8.08746E-10
       4.15000E-06       4.17500E-06       4.16250E-06       2.50001E-08       1.18871E-11       4.75484E-04       1.97920E-09       8.20633E-10
       4.17500E-06       4.20000E-06       4.18750E-06       2.49996E-08       1.19582E-11       4.78334E-04       2.00302E-09       8.32591E-10
       4.20000E-06       4.22500E-06       4.21250E-06       2.50001E-08       1.20297E-11       4.81186E-04       2.02700E-09       8.44621E-10
       4.22500E-06       4.25000E-06       4.23750E-06       2.50001E-08       1.21012E-11       4.84047E-04       2.05115E-09       8.56722E-10
       4.25000E-06       4.27500E-06       4.26250E-06       2.50001E-08       1.21728E-11       4.86908E-04       2.07545E-09       8.68895E-10
       4.27500E-06       4.30000E-06       4.28750E-06       2.50001E-08       1.22438E-11       4.89750E-04       2.09980E-09       8.81139E-10
       4.30000E-06       4.32500E-06       4.31250E-06       2.49996E-08       1.23153E-11       4.92620E-04       2.12442E-09       8.93454E-10
       4.32500E-06       4.35000E-06       4.33750E-06       2.50001E-08       1.23868E-11       4.95472E-04       2.14911E-09       9.05841E-10
       4.35000E-06       4.37500E-06       4.36250E-06       2.50001E-08       1.24584E-11       4.98333E-04       2.17398E-09       9.18299E-10
       4.37500E-06       4.40000E-06       4.38750E-06       2.50001E-08       1.25294E-11       5.01174E-04       2.19890E-09       9.30829E-10
       4.40000E-06       4.42500E-06       4.41250E-06       2.50001E-08       1.26009E-11       5.04035E-04       2.22405E-09       9.43430E-10
       4.42500E-06       4.45000E-06       4.43750E-06       2.49996E-08       1.26725E-11       5.06906E-04       2.24939E-09       9.56102E-10
       4.45000E-06       4.47500E-06       4.46250E-06       2.50001E-08       1.27440E-11       5.09757E-04       2.27479E-09       9.68846E-10
       4.47500E-06       4.50000E-06       4.48750E-06       2.50001E-08       1.28150E-11       5.12598E-04       2.30029E-09       9.81661E-10
       4.50000E-06       4.52500E-06       4.51250E-06       2.50001E-08       1.28865E-11       5.15459E-04       2.32601E-09       9.94548E-10
       4.52500E-06       4.55000E-06       4.53750E-06       2.50001E-08       1.29581E-11       5.18321E-04       2.35188E-09       1.00751E-09
       4.55000E-06       4.57500E-06       4.56250E-06       2.49996E-08       1.30291E-11       5.21172E-04       2.37785E-09       1.02053E-09
       4.57500E-06       4.60000E-06       4.58750E-06       2.50001E-08       1.31006E-11       5.24023E-04       2.40395E-09       1.03364E-09
       4.60000E-06       4.62500E-06       4.61250E-06       2.50001E-08       1.31721E-11       5.26884E-04       2.43025E-09       1.04681E-09
       4.62500E-06       4.65000E-06       4.63750E-06       2.50001E-08       1.32437E-11       5.29745E-04       2.45669E-09       1.06005E-09
       4.65000E-06       4.67500E-06       4.66250E-06       2.50001E-08       1.33147E-11       5.32586E-04       2.48318E-09       1.07337E-09
       4.67500E-06       4.70000E-06       4.68750E-06       2.49996E-08       1.33862E-11       5.35458E-04       2.50996E-09       1.08675E-09
       4.70000E-06       4.72500E-06       4.71250E-06       2.50001E-08       1.34578E-11       5.38308E-04       2.53678E-09       1.10021E-09
       4.72500E-06       4.75000E-06       4.73750E-06       2.50001E-08       1.35293E-11       5.41169E-04       2.56379E-09       1.11374E-09
       4.75000E-06       4.77500E-06       4.76250E-06       2.50001E-08       1.36003E-11       5.44011E-04       2.59085E-09       1.12734E-09
       4.77500E-06       4.80000E-06       4.78750E-06       2.50001E-08       1.36718E-11       5.46872E-04       2.61815E-09       1.14101E-09
       4.80000E-06       4.82500E-06       4.81250E-06       2.49996E-08       1.37434E-11       5.49743E-04       2.64564E-09       1.15475E-09
       4.82500E-06       4.85000E-06       4.83750E-06       2.50001E-08       1.38149E-11       5.52594E-04       2.67317E-09       1.16857E-09
       4.85000E-06       4.87500E-06       4.86250E-06       2.50001E-08       1.38859E-11       5.55435E-04       2.70080E-09       1.18246E-09
       4.87500E-06       4.90000E-06       4.88750E-06       2.50001E-08       1.39575E-11       5.58296E-04       2.72867E-09       1.19641E-09
       4.90000E-06       4.92500E-06       4.91250E-06       2.50001E-08       1.40290E-11       5.61157E-04       2.75668E-09       1.21044E-09
       4.92500E-06       4.95000E-06       4.93750E-06       2.49996E-08       1.41000E-11       5.64009E-04       2.78479E-09       1.22454E-09
       4.95000E-06       4.97500E-06       4.96250E-06       2.50001E-08       1.41715E-11       5.66859E-04       2.81304E-09       1.23871E-09
       4.97500E-06       5.00000E-06       4.98750E-06       2.50001E-08       1.42431E-11       5.69721E-04       2.84148E-09       1.25296E-09
       5.00000E-06       5.02500E-06       5.01250E-06       2.50001E-08       1.43146E-11       5.72582E-04       2.87007E-09       1.26727E-09
       5.02500E-06       5.05000E-06       5.03750E-06       2.50001E-08       1.43856E-11       5.75423E-04       2.89869E-09       1.28166E-09
       5.05000E-06       5.07500E-06       5.06250E-06       2.49996E-08       1.44572E-11       5.78295E-04       2.92762E-09       1.29611E-09
       5.07500E-06       5.10000E-06       5.08750E-06       2.50001E-08       1.45287E-11       5.81145E-04       2.95657E-09       1.31064E-09
       5.10000E-06       5.12500E-06       5.11250E-06       2.50001E-08       1.46002E-11       5.84006E-04       2.98573E-09       1.32524E-09
       5.12500E-06       5.15000E-06       5.13750E-06       2.50001E-08       1.46712E-11       5.86847E-04       3.01493E-09       1.33991E-09
       5.15000E-06       5.17500E-06       5.16250E-06       2.50001E-08       1.47428E-11       5.89708E-04       3.04437E-09       1.35466E-09
       5.17500E-06       5.20000E-06       5.18750E-06       2.49996E-08       1.48143E-11       5.92581E-04       3.07401E-09       1.36947E-09
       5.20000E-06       5.22500E-06       5.21250E-06       2.50001E-08       1.48853E-11       5.95410E-04       3.10358E-09       1.38436E-09
       5.22500E-06       5.25000E-06       5.23750E-06       2.50001E-08       1.49568E-11       5.98272E-04       3.13345E-09       1.39931E-09
       5.25000E-06       5.27500E-06       5.26250E-06       2.50001E-08       1.50284E-11       6.01133E-04       3.16346E-09       1.41434E-09
       5.27500E-06       5.30000E-06       5.28750E-06       2.50001E-08       1.50999E-11       6.03994E-04       3.19362E-09       1.42944E-09
       5.30000E-06       5.32500E-06       5.31250E-06       2.49996E-08       1.51709E-11       6.06846E-04       3.22387E-09       1.44461E-09
       5.32500E-06       5.35000E-06       5.33750E-06       2.50001E-08       1.52425E-11       6.09696E-04       3.25425E-09       1.45986E-09
       5.35000E-06       5.37500E-06       5.36250E-06       2.50001E-08       1.53140E-11       6.12557E-04       3.28484E-09       1.47517E-09
       5.37500E-06       5.40000E-06       5.38750E-06       2.50001E-08       1.53855E-11       6.15418E-04       3.31557E-09       1.49055E-09
       5.40000E-06       5.42500E-06       5.41250E-06       2.50001E-08       1.54565E-11       6.18259E-04       3.34633E-09       1.50601E-09
       5.42500E-06       5.45000E-06       5.43750E-06       2.49996E-08       1.55281E-11       6.21132E-04       3.37741E-09       1.52154E-09
       5.45000E-06       5.47500E-06       5.46250E-06       2.50001E-08       1.55996E-11       6.23982E-04       3.40850E-09       1.53714E-09
       5.47500E-06       5.50000E-06       5.48750E-06       2.50001E-08       1.56711E-11       6.26843E-04       3.43980E-09       1.55281E-09
       5.50000E-06       5.52500E-06       5.51250E-06       2.50001E-08       1.57422E-11       6.29684E-04       3.47113E-09       1.56855E-09
       5.52500E-06       5.55000E-06       5.53750E-06       2.50001E-08       1.58137E-11       6.32545E-04       3.50272E-09       1.58437E-09
       5.55000E-06       5.57500E-06       5.56250E-06       2.49996E-08       1.58852E-11       6.35418E-04       3.53451E-09       1.60025E-09
       5.57500E-06       5.60000E-06       5.58750E-06       2.50001E-08       1.59562E-11       6.38247E-04       3.56621E-09       1.61621E-09
       5.60000E-06       5.62500E-06       5.61250E-06       2.50001E-08       1.60278E-11       6.41108E-04       3.59822E-09       1.63223E-09
       5.62500E-06       5.65000E-06       5.63750E-06       2.50001E-08       1.60993E-11       6.43969E-04       3.63038E-09       1.64833E-09
       5.65000E-06       5.67500E-06       5.66250E-06       2.50001E-08       1.61708E-11       6.46830E-04       3.66268E-09       1.66451E-09
       5.67500E-06       5.70000E-06       5.68750E-06       2.49996E-08       1.62418E-11       6.49684E-04       3.69508E-09       1.68075E-09
       5.70000E-06       5.72500E-06       5.71250E-06       2.50001E-08       1.63134E-11       6.52533E-04       3.72759E-09       1.69706E-09
       5.72500E-06       5.75000E-06       5.73750E-06       2.50001E-08       1.63849E-11       6.55394E-04       3.76032E-09       1.71345E-09
       5.75000E-06       5.77500E-06       5.76250E-06       2.50001E-08       1.64564E-11       6.58255E-04       3.79319E-09       1.72990E-09
       5.77500E-06       5.80000E-06       5.78750E-06       2.50001E-08       1.65275E-11       6.61096E-04       3.82609E-09       1.74643E-09
       5.80000E-06       5.82500E-06       5.81250E-06       2.49996E-08       1.65990E-11       6.63970E-04       3.85932E-09       1.76303E-09
       5.82500E-06       5.85000E-06       5.83750E-06       2.50001E-08       1.66705E-11       6.66818E-04       3.89255E-09       1.77970E-09
       5.85000E-06       5.87500E-06       5.86250E-06       2.50001E-08       1.67415E-11       6.69659E-04       3.92588E-09       1.79644E-09
       5.87500E-06       5.90000E-06       5.88750E-06       2.50001E-08       1.68131E-11       6.72520E-04       3.95946E-09       1.81325E-09
       5.90000E-06       5.92500E-06       5.91250E-06       2.50001E-08       1.68846E-11       6.75381E-04       3.99319E-09       1.83014E-09
       5.92500E-06       5.95000E-06       5.93750E-06       2.49996E-08       1.69561E-11       6.78255E-04       4.02714E-09       1.84709E-09
       5.95000E-06       5.97500E-06       5.96250E-06       2.50001E-08       1.70272E-11       6.81084E-04       4.06096E-09       1.86412E-09
       5.97500E-06       6.00000E-06       5.98750E-06       2.50001E-08       1.70987E-11       6.83945E-04       4.09512E-09       1.88122E-09
       6.00000E-06       6.02500E-06       6.01250E-06       2.50001E-08       1.71702E-11       6.86806E-04       4.12942E-09       1.89839E-09
       6.02500E-06       6.05000E-06       6.03750E-06       2.50001E-08       1.72417E-11       6.89667E-04       4.16386E-09       1.91563E-09
       6.05000E-06       6.07500E-06       6.06250E-06       2.49996E-08       1.73128E-11       6.92521E-04       4.19841E-09       1.93294E-09
       6.07500E-06       6.10000E-06       6.08750E-06       2.50001E-08       1.73843E-11       6.95369E-04       4.23306E-09       1.95033E-09
       6.10000E-06       6.12500E-06       6.11250E-06       2.50001E-08       1.74558E-11       6.98230E-04       4.26793E-09       1.96778E-09
       6.12500E-06       6.15000E-06       6.13750E-06       2.50001E-08       1.75274E-11       7.01091E-04       4.30295E-09       1.98531E-09
       6.15000E-06       6.17500E-06       6.16250E-06       2.50001E-08       1.75984E-11       7.03932E-04       4.33798E-09       2.00291E-09
       6.17500E-06       6.20000E-06       6.18750E-06       2.49996E-08       1.76699E-11       7.06807E-04       4.37337E-09       2.02058E-09
       6.20000E-06       6.22500E-06       6.21250E-06       2.50001E-08       1.77414E-11       7.09655E-04       4.40873E-09       2.03832E-09
       6.22500E-06       6.25000E-06       6.23750E-06       2.50001E-08       1.78125E-11       7.12496E-04       4.44419E-09       2.05613E-09
       6.25000E-06       6.27500E-06       6.26250E-06       2.50001E-08       1.78840E-11       7.15357E-04       4.47992E-09       2.07402E-09
       6.27500E-06       6.30000E-06       6.28750E-06       2.50001E-08       1.79555E-11       7.18218E-04       4.51580E-09       2.09197E-09
       6.30000E-06       6.32500E-06       6.31250E-06       2.49996E-08       1.80270E-11       7.21093E-04       4.55190E-09       2.11000E-09
       6.32500E-06       6.35000E-06       6.33750E-06       2.50001E-08       1.80981E-11       7.23920E-04       4.58784E-09       2.12810E-09
       6.35000E-06       6.37500E-06       6.36250E-06       2.50001E-08       1.81696E-11       7.26781E-04       4.62415E-09       2.14627E-09
       6.37500E-06       6.40000E-06       6.38750E-06       2.50001E-08       1.82411E-11       7.29642E-04       4.66059E-09       2.16451E-09
       6.40000E-06       6.42500E-06       6.41250E-06       2.50001E-08       1.83127E-11       7.32504E-04       4.69718E-09       2.18282E-09
       6.42500E-06       6.45000E-06       6.43750E-06       2.49996E-08       1.83837E-11       7.35359E-04       4.73387E-09       2.20121E-09
       6.45000E-06       6.47500E-06       6.46250E-06       2.50001E-08       1.84552E-11       7.38206E-04       4.77065E-09       2.21966E-09
       6.47500E-06       6.50000E-06       6.48750E-06       2.50001E-08       1.85267E-11       7.41067E-04       4.80767E-09       2.23819E-09
       6.50000E-06       6.52500E-06       6.51250E-06       2.50001E-08       1.85978E-11       7.43908E-04       4.84470E-09       2.25679E-09
       6.52500E-06       6.55000E-06       6.53750E-06       2.50001E-08       1.86693E-11       7.46769E-04       4.88200E-09       2.27545E-09
       6.55000E-06       6.57500E-06       6.56250E-06       2.49996E-08       1.87408E-11       7.49645E-04       4.91954E-09       2.29420E-09
       6.57500E-06       6.60000E-06       6.58750E-06       2.50001E-08       1.88124E-11       7.52491E-04       4.95704E-09       2.31301E-09
       6.60000E-06       6.62500E-06       6.61250E-06       2.50001E-08       1.88834E-11       7.55332E-04       4.99463E-09       2.33189E-09
       6.62500E-06       6.65000E-06       6.63750E-06       2.50001E-08       1.89549E-11       7.58193E-04       5.03251E-09       2.35085E-09
       6.65000E-06       6.67500E-06       6.66250E-06       2.50001E-08       1.90264E-11       7.61055E-04       5.07053E-09       2.36987E-09
       6.67500E-06       6.70000E-06       6.68750E-06       2.49996E-08       1.90980E-11       7.63930E-04       5.10878E-09       2.38897E-09
       6.70000E-06       6.72500E-06       6.71250E-06       2.50001E-08       1.91690E-11       7.66757E-04       5.14685E-09       2.40814E-09
       6.72500E-06       6.75000E-06       6.73750E-06       2.50001E-08       1.92405E-11       7.69618E-04       5.18530E-09       2.42738E-09
       6.75000E-06       6.77500E-06       6.76250E-06       2.50001E-08       1.93120E-11       7.72479E-04       5.22389E-09       2.44669E-09
       6.77500E-06       6.80000E-06       6.78750E-06       2.50001E-08       1.93836E-11       7.75340E-04       5.26262E-09       2.46608E-09
       6.80000E-06       6.82500E-06       6.81250E-06       2.49996E-08       1.94546E-11       7.78196E-04       5.30146E-09       2.48553E-09
       6.82500E-06       6.85000E-06       6.83750E-06       2.50001E-08       1.95261E-11       7.81042E-04       5.34038E-09       2.50506E-09
       6.85000E-06       6.87500E-06       6.86250E-06       2.50001E-08       1.95977E-11       7.83903E-04       5.37954E-09       2.52465E-09
       6.87500E-06       6.90000E-06       6.88750E-06       2.50001E-08       1.96687E-11       7.86745E-04       5.41870E-09       2.54432E-09
       6.90000E-06       6.92500E-06       6.91250E-06       2.50001E-08       1.97402E-11       7.89606E-04       5.45815E-09       2.56406E-09
       6.92500E-06       6.95000E-06       6.93750E-06       2.49996E-08       1.98117E-11       7.92482E-04       5.49784E-09       2.58387E-09
       6.95000E-06       6.97500E-06       6.96250E-06       2.50001E-08       1.98833E-11       7.95328E-04       5.53747E-09       2.60376E-09
       6.97500E-06       7.00000E-06       6.98750E-06       2.50001E-08       1.99543E-11       7.98169E-04       5.57721E-09       2.62371E-09
       7.00000E-06       7.02500E-06       7.01250E-06       2.50001E-08       2.00258E-11       8.01030E-04       5.61722E-09       2.64374E-09
       7.02500E-06       7.05000E-06       7.03750E-06       2.50001E-08       2.00974E-11       8.03891E-04       5.65738E-09       2.66384E-09
       7.05000E-06       7.07500E-06       7.06250E-06       2.49996E-08       2.01689E-11       8.06768E-04       5.69780E-09       2.68400E-09
       7.07500E-06       7.10000E-06       7.08750E-06       2.50001E-08       2.02399E-11       8.09593E-04       5.73799E-09       2.70424E-09
       7.10000E-06       7.12500E-06       7.11250E-06       2.50001E-08       2.03114E-11       8.12454E-04       5.77858E-09       2.72456E-09
       7.12500E-06       7.15000E-06       7.13750E-06       2.50001E-08       2.03830E-11       8.15316E-04       5.81931E-09       2.74494E-09
       7.15000E-06       7.17500E-06       7.16250E-06       2.50001E-08       2.04545E-11       8.18177E-04       5.86019E-09       2.76539E-09
       7.17500E-06       7.20000E-06       7.18750E-06       2.49996E-08       2.05255E-11       8.21033E-04       5.90118E-09       2.78592E-09
       7.20000E-06       7.22500E-06       7.21250E-06       2.50001E-08       2.05971E-11       8.23879E-04       5.94223E-09       2.80652E-09
       7.22500E-06       7.25000E-06       7.23750E-06       2.50001E-08       2.06686E-11       8.26740E-04       5.98353E-09       2.82718E-09
       7.25000E-06       7.27500E-06       7.26250E-06       2.50001E-08       2.07396E-11       8.29581E-04       6.02483E-09       2.84792E-09
       7.27500E-06       7.30000E-06       7.28750E-06       2.50001E-08       2.08111E-11       8.32442E-04       6.06642E-09       2.86874E-09
       7.30000E-06       7.32500E-06       7.31250E-06       2.49996E-08       2.08827E-11       8.35319E-04       6.10827E-09       2.88962E-09
       7.32500E-06       7.35000E-06       7.33750E-06       2.50001E-08       2.09542E-11       8.38164E-04       6.15003E-09       2.91057E-09
       7.35000E-06       7.37500E-06       7.36250E-06       2.50001E-08       2.10252E-11       8.41006E-04       6.19190E-09       2.93160E-09
       7.37500E-06       7.40000E-06       7.38750E-06       2.50001E-08       2.10967E-11       8.43867E-04       6.23406E-09       2.95269E-09
       7.40000E-06       7.42500E-06       7.41250E-06       2.50001E-08       2.11683E-11       8.46728E-04       6.27637E-09       2.97386E-09
       7.42500E-06       7.45000E-06       7.43750E-06       2.49996E-08       2.12398E-11       8.49605E-04       6.31894E-09       2.99510E-09
       7.45000E-06       7.47500E-06       7.46250E-06       2.50001E-08       2.13108E-11       8.52430E-04       6.36126E-09       3.01641E-09
       7.47500E-06       7.50000E-06       7.48750E-06       2.50001E-08       2.13824E-11       8.55291E-04       6.40399E-09       3.03780E-09
       7.50000E-06       7.52500E-06       7.51250E-06       2.50001E-08       2.14539E-11       8.58152E-04       6.44687E-09       3.05925E-09
       7.52500E-06       7.55000E-06       7.53750E-06       2.50001E-08       2.15249E-11       8.60993E-04       6.48974E-09       3.08077E-09
       7.55000E-06       7.57500E-06       7.56250E-06       2.49996E-08       2.15964E-11       8.63871E-04       6.53302E-09       3.10237E-09
       7.57500E-06       7.60000E-06       7.58750E-06       2.50001E-08       2.16680E-11       8.66716E-04       6.57620E-09       3.12404E-09
       7.60000E-06       7.62500E-06       7.61250E-06       2.50001E-08       2.17395E-11       8.69577E-04       6.61965E-09       3.14578E-09
       7.62500E-06       7.65000E-06       7.63750E-06       2.50001E-08       2.18105E-11       8.72418E-04       6.66309E-09       3.16759E-09
       7.65000E-06       7.67500E-06       7.66250E-06       2.50001E-08       2.18821E-11       8.75279E-04       6.70682E-09       3.18947E-09
       7.67500E-06       7.70000E-06       7.68750E-06       2.49996E-08       2.19536E-11       8.78157E-04       6.75083E-09       3.21142E-09
       7.70000E-06       7.72500E-06       7.71250E-06       2.50001E-08       2.20251E-11       8.81001E-04       6.79472E-09       3.23345E-09
       7.72500E-06       7.75000E-06       7.73750E-06       2.50001E-08       2.20961E-11       8.83842E-04       6.83873E-09       3.25555E-09
       7.75000E-06       7.77500E-06       7.76250E-06       2.50001E-08       2.21677E-11       8.86703E-04       6.88303E-09       3.27771E-09
       7.77500E-06       7.80000E-06       7.78750E-06       2.50001E-08       2.22392E-11       8.89564E-04       6.92748E-09       3.29995E-09
       7.80000E-06       7.82500E-06       7.81250E-06       2.49996E-08       2.23107E-11       8.92442E-04       6.97221E-09       3.32226E-09
       7.82500E-06       7.85000E-06       7.83750E-06       2.50001E-08       2.23817E-11       8.95267E-04       7.01665E-09       3.34464E-09
       7.85000E-06       7.87500E-06       7.86250E-06       2.50001E-08       2.24533E-11       8.98128E-04       7.06153E-09       3.36710E-09
       7.87500E-06       7.90000E-06       7.88750E-06       2.50001E-08       2.25248E-11       9.00989E-04       7.10655E-09       3.38962E-09
       7.90000E-06       7.92500E-06       7.91250E-06       2.50001E-08       2.25958E-11       9.03830E-04       7.15155E-09       3.41222E-09
       7.92500E-06       7.95000E-06       7.93750E-06       2.49996E-08       2.26674E-11       9.06708E-04       7.19700E-09       3.43489E-09
       7.95000E-06       7.97500E-06       7.96250E-06       2.50001E-08       2.27389E-11       9.09552E-04       7.24231E-09       3.45763E-09
       7.97500E-06       8.00000E-06       7.98750E-06       2.50001E-08       2.28104E-11       9.12413E-04       7.28790E-09       3.48044E-09
       8.00000E-06       8.02500E-06       8.01250E-06       2.49996E-08       2.28814E-11       9.15272E-04       7.33361E-09       3.50332E-09
       8.02500E-06       8.05000E-06       8.03750E-06       2.50006E-08       2.29530E-11       9.18098E-04       7.37921E-09       3.52627E-09
       8.05000E-06       8.07500E-06       8.06250E-06       2.49996E-08       2.30245E-11       9.20994E-04       7.42551E-09       3.54929E-09
       8.07500E-06       8.10000E-06       8.08750E-06       2.50006E-08       2.30960E-11       9.23820E-04       7.47139E-09       3.57239E-09
       8.10000E-06       8.12500E-06       8.11250E-06       2.49996E-08       2.31671E-11       9.26696E-04       7.51782E-09       3.59556E-09
       8.12500E-06       8.15000E-06       8.13750E-06       2.49996E-08       2.32386E-11       9.29557E-04       7.56427E-09       3.61880E-09
       8.15000E-06       8.17500E-06       8.16250E-06       2.50006E-08       2.33101E-11       9.32383E-04       7.61058E-09       3.64211E-09
       8.17500E-06       8.20000E-06       8.18750E-06       2.49996E-08       2.33811E-11       9.35260E-04       7.65744E-09       3.66549E-09
       8.20000E-06       8.22500E-06       8.21250E-06       2.50006E-08       2.34527E-11       9.38085E-04       7.70403E-09       3.68894E-09
       8.22500E-06       8.25000E-06       8.23750E-06       2.49996E-08       2.35242E-11       9.40982E-04       7.75134E-09       3.71246E-09
       8.25000E-06       8.27500E-06       8.26250E-06       2.49996E-08       2.35957E-11       9.43843E-04       7.79850E-09       3.73606E-09
       8.27500E-06       8.30000E-06       8.28750E-06       2.50006E-08       2.36668E-11       9.46648E-04       7.84535E-09       3.75973E-09
       8.30000E-06       8.32500E-06       8.31250E-06       2.49996E-08       2.37383E-11       9.49546E-04       7.89310E-09       3.78346E-09
       8.32500E-06       8.35000E-06       8.33750E-06       2.50006E-08       2.38098E-11       9.52370E-04       7.94039E-09       3.80727E-09
       8.35000E-06       8.37500E-06       8.36250E-06       2.49996E-08       2.38813E-11       9.55268E-04       7.98843E-09       3.83116E-09
       8.37500E-06       8.40000E-06       8.38750E-06       2.49996E-08       2.39524E-11       9.58109E-04       8.03614E-09       3.85511E-09
       8.40000E-06       8.42500E-06       8.41250E-06       2.50006E-08       2.40239E-11       9.60934E-04       8.08385E-09       3.87913E-09
       8.42500E-06       8.45000E-06       8.43750E-06       2.49996E-08       2.40954E-11       9.63831E-04       8.13233E-09       3.90323E-09
       8.45000E-06       8.47500E-06       8.46250E-06       2.50006E-08       2.41669E-11       9.66656E-04       8.18032E-09       3.92739E-09
       8.47500E-06       8.50000E-06       8.48750E-06       2.49996E-08       2.42380E-11       9.69534E-04       8.22892E-09       3.95163E-09
       8.50000E-06       8.52500E-06       8.51250E-06       2.49996E-08       2.43095E-11       9.72395E-04       8.27751E-09       3.97594E-09
       8.52500E-06       8.55000E-06       8.53750E-06       2.50006E-08       2.43810E-11       9.75219E-04       8.32593E-09       4.00032E-09
       8.55000E-06       8.57500E-06       8.56250E-06       2.49996E-08       2.44521E-11       9.78097E-04       8.37496E-09       4.02477E-09
       8.57500E-06       8.60000E-06       8.58750E-06       2.50006E-08       2.45236E-11       9.80921E-04       8.42366E-09       4.04930E-09
       8.60000E-06       8.62500E-06       8.61250E-06       2.49996E-08       2.45951E-11       9.83820E-04       8.47315E-09       4.07389E-09
       8.62500E-06       8.65000E-06       8.63750E-06       2.49996E-08       2.46666E-11       9.86681E-04       8.52245E-09       4.09856E-09
       8.65000E-06       8.67500E-06       8.66250E-06       2.50006E-08       2.47377E-11       9.89484E-04       8.57141E-09       4.12330E-09
       8.67500E-06       8.70000E-06       8.68750E-06       2.49996E-08       2.48092E-11       9.92383E-04       8.62133E-09       4.14811E-09
       8.70000E-06       8.72500E-06       8.71250E-06       2.50006E-08       2.48807E-11       9.95206E-04       8.67074E-09       4.17299E-09
       8.72500E-06       8.75000E-06       8.73750E-06       2.49996E-08       2.49523E-11       9.98105E-04       8.72095E-09       4.19794E-09
       8.75000E-06       8.77500E-06       8.76250E-06       2.49996E-08       2.50233E-11       1.00095E-03       8.77079E-09       4.22296E-09
       8.77500E-06       8.80000E-06       8.78750E-06       2.50006E-08       2.50948E-11       1.00377E-03       8.82062E-09       4.24806E-09
       8.80000E-06       8.82500E-06       8.81250E-06       2.49996E-08       2.51663E-11       1.00667E-03       8.87127E-09       4.27322E-09
       8.82500E-06       8.85000E-06       8.83750E-06       2.50006E-08       2.52379E-11       1.00949E-03       8.92138E-09       4.29846E-09
       8.85000E-06       8.87500E-06       8.86250E-06       2.49996E-08       2.53089E-11       1.01237E-03       8.97214E-09       4.32377E-09
       8.87500E-06       8.90000E-06       8.88750E-06       2.49996E-08       2.53804E-11       1.01523E-03       9.02288E-09       4.34915E-09
       8.90000E-06       8.92500E-06       8.91250E-06       2.50006E-08       2.54519E-11       1.01805E-03       9.07341E-09       4.37460E-09
       8.92500E-06       8.95000E-06       8.93750E-06       2.49996E-08       2.55230E-11       1.02093E-03       9.12460E-09       4.40013E-09
       8.95000E-06       8.97500E-06       8.96250E-06       2.50006E-08       2.55945E-11       1.02376E-03       9.17542E-09       4.42572E-09
       8.97500E-06       9.00000E-06       8.98750E-06       2.49996E-08       2.56660E-11       1.02666E-03       9.22708E-09       4.45139E-09
       9.00000E-06       9.02500E-06       9.01250E-06       2.49996E-08       2.57376E-11       1.02952E-03       9.27853E-09       4.47712E-09
       9.02500E-06       9.05000E-06       9.03750E-06       2.50006E-08       2.58086E-11       1.03232E-03       9.32959E-09       4.50293E-09
       9.05000E-06       9.07500E-06       9.06250E-06       2.49996E-08       2.58801E-11       1.03522E-03       9.38169E-09       4.52881E-09
       9.07500E-06       9.10000E-06       9.08750E-06       2.50006E-08       2.59516E-11       1.03804E-03       9.43321E-09       4.55477E-09
       9.10000E-06       9.12500E-06       9.11250E-06       2.49996E-08       2.60232E-11       1.04094E-03       9.48559E-09       4.58079E-09
       9.12500E-06       9.15000E-06       9.13750E-06       2.49996E-08       2.60942E-11       1.04378E-03       9.53758E-09       4.60688E-09
       9.15000E-06       9.17500E-06       9.16250E-06       2.50006E-08       2.61657E-11       1.04661E-03       9.58952E-09       4.63305E-09
       9.17500E-06       9.20000E-06       9.18750E-06       2.49996E-08       2.62373E-11       1.04951E-03       9.64234E-09       4.65929E-09
       9.20000E-06       9.22500E-06       9.21250E-06       2.50006E-08       2.63083E-11       1.05231E-03       9.69438E-09       4.68559E-09
       9.22500E-06       9.25000E-06       9.23750E-06       2.49996E-08       2.63798E-11       1.05521E-03       9.74749E-09       4.71197E-09
       9.25000E-06       9.27500E-06       9.26250E-06       2.49996E-08       2.64513E-11       1.05807E-03       9.80037E-09       4.73842E-09
       9.27500E-06       9.30000E-06       9.28750E-06       2.50006E-08       2.65229E-11       1.06089E-03       9.85302E-09       4.76495E-09
       9.30000E-06       9.32500E-06       9.31250E-06       2.49996E-08       2.65939E-11       1.06377E-03       9.90638E-09       4.79154E-09
       9.32500E-06       9.35000E-06       9.33750E-06       2.50006E-08       2.66654E-11       1.06659E-03       9.95931E-09       4.81821E-09
       9.35000E-06       9.37500E-06       9.36250E-06       2.49996E-08       2.67370E-11       1.06949E-03       1.00131E-08       4.84494E-09
       9.37500E-06       9.40000E-06       9.38750E-06       2.49996E-08       2.68085E-11       1.07236E-03       1.00667E-08       4.87175E-09
       9.40000E-06       9.42500E-06       9.41250E-06       2.50006E-08       2.68795E-11       1.07516E-03       1.01199E-08       4.89863E-09
       9.42500E-06       9.45000E-06       9.43750E-06       2.49996E-08       2.69510E-11       1.07806E-03       1.01742E-08       4.92558E-09
       9.45000E-06       9.47500E-06       9.46250E-06       2.50006E-08       2.70226E-11       1.08088E-03       1.02278E-08       4.95260E-09
       9.47500E-06       9.50000E-06       9.48750E-06       2.49996E-08       2.70941E-11       1.08378E-03       1.02824E-08       4.97970E-09
       9.50000E-06       9.52500E-06       9.51250E-06       2.49996E-08       2.71651E-11       1.08662E-03       1.03365E-08       5.00686E-09
       9.52500E-06       9.55000E-06       9.53750E-06       2.50006E-08       2.72366E-11       1.08944E-03       1.03905E-08       5.03410E-09
       9.55000E-06       9.57500E-06       9.56250E-06       2.49996E-08       2.73082E-11       1.09234E-03       1.04455E-08       5.06141E-09
       9.57500E-06       9.60000E-06       9.58750E-06       2.50006E-08       2.73792E-11       1.09514E-03       1.04997E-08       5.08879E-09
       9.60000E-06       9.62500E-06       9.61250E-06       2.49996E-08       2.74507E-11       1.09805E-03       1.05550E-08       5.11624E-09
       9.62500E-06       9.65000E-06       9.63750E-06       2.49996E-08       2.75223E-11       1.10091E-03       1.06100E-08       5.14376E-09
       9.65000E-06       9.67500E-06       9.66250E-06       2.50006E-08       2.75938E-11       1.10373E-03       1.06648E-08       5.17135E-09
       9.67500E-06       9.70000E-06       9.68750E-06       2.49996E-08       2.76648E-11       1.10661E-03       1.07203E-08       5.19902E-09
       9.70000E-06       9.72500E-06       9.71250E-06       2.50006E-08       2.77363E-11       1.10943E-03       1.07753E-08       5.22676E-09
       9.72500E-06       9.75000E-06       9.73750E-06       2.49996E-08       2.78079E-11       1.11233E-03       1.08313E-08       5.25456E-09
       9.75000E-06       9.77500E-06       9.76250E-06       2.49996E-08       2.78794E-11       1.11519E-03       1.08871E-08       5.28244E-09
       9.77500E-06       9.80000E-06       9.78750E-06       2.50006E-08       2.79504E-11       1.11799E-03       1.09423E-08       5.31039E-09
       9.80000E-06       9.82500E-06       9.81250E-06       2.49996E-08       2.80220E-11       1.12090E-03       1.09988E-08       5.33842E-09
       9.82500E-06       9.85000E-06       9.83750E-06       2.50006E-08       2.80935E-11       1.12371E-03       1.10545E-08       5.36651E-09
       9.85000E-06       9.87500E-06       9.86250E-06       2.49996E-08       2.81645E-11       1.12660E-03       1.11111E-08       5.39467E-09
       9.87500E-06       9.90000E-06       9.88750E-06       2.49996E-08       2.82360E-11       1.12946E-03       1.11675E-08       5.42291E-09
       9.90000E-06       9.92500E-06       9.91250E-06       2.50006E-08       2.83076E-11       1.13228E-03       1.12237E-08       5.45122E-09
       9.92500E-06       9.95000E-06       9.93750E-06       2.49996E-08       2.83791E-11       1.13518E-03       1.12809E-08       5.47960E-09
       9.95000E-06       9.97500E-06       9.96250E-06       2.50006E-08       2.84501E-11       1.13798E-03       1.13371E-08       5.50805E-09
       9.97500E-06       1.00000E-05       9.98750E-06       2.49996E-08       2.85216E-11       1.14088E-03       1.13946E-08       5.53657E-09
       1.00000E-05       1.04713E-05       1.02356E-05       4.71300E-07       5.51015E-10       1.16914E-03       1.19669E-08       6.08758E-09
       1.04713E-05       1.09648E-05       1.07180E-05       4.93500E-07       6.04186E-10       1.22429E-03       1.31220E-08       6.69177E-09
       1.09648E-05       1.14815E-05       1.12232E-05       5.16700E-07       6.62509E-10       1.28219E-03       1.43902E-08       7.35428E-09
       1.14815E-05       1.20226E-05       1.17521E-05       5.41101E-07       7.26384E-10       1.34242E-03       1.57762E-08       8.08066E-09
       1.20226E-05       1.25892E-05       1.23059E-05       5.66600E-07       7.96461E-10       1.40569E-03       1.72982E-08       8.87712E-09
       1.25892E-05       1.31826E-05       1.28859E-05       5.93400E-07       8.73341E-10       1.47176E-03       1.89649E-08       9.75047E-09
       1.31826E-05       1.38038E-05       1.34932E-05       6.21200E-07       9.57574E-10       1.54149E-03       2.07997E-08       1.07080E-08
       1.38038E-05       1.44544E-05       1.41291E-05       6.50600E-07       1.04996E-09       1.61383E-03       2.28020E-08       1.17580E-08
       1.44544E-05       1.51356E-05       1.47950E-05       6.81200E-07       1.15125E-09       1.69003E-03       2.50040E-08       1.29093E-08
       1.51356E-05       1.58489E-05       1.54922E-05       7.13300E-07       1.26234E-09       1.76972E-03       2.74170E-08       1.41716E-08
       1.58489E-05       1.65959E-05       1.62224E-05       7.47000E-07       1.38414E-09       1.85293E-03       3.00590E-08       1.55557E-08
       1.65959E-05       1.73780E-05       1.69869E-05       7.82101E-07       1.51769E-09       1.94053E-03       3.29638E-08       1.70734E-08
       1.73780E-05       1.81970E-05       1.77875E-05       8.19000E-07       1.66410E-09       2.03187E-03       3.61419E-08       1.87375E-08
       1.81970E-05       1.90546E-05       1.86258E-05       8.57599E-07       1.82466E-09       2.12764E-03       3.96290E-08       2.05622E-08
       1.90546E-05       1.99526E-05       1.95036E-05       8.98001E-07       2.00068E-09       2.22793E-03       4.34526E-08       2.25629E-08
       1.99526E-05       2.08930E-05       2.04228E-05       9.40399E-07       2.19371E-09       2.33274E-03       4.76411E-08       2.47566E-08
       2.08930E-05       2.18776E-05       2.13853E-05       9.84600E-07       2.40534E-09       2.44296E-03       5.22435E-08       2.71619E-08
       2.18776E-05       2.29087E-05       2.23932E-05       1.03110E-06       2.63743E-09       2.55788E-03       5.72789E-08       2.97994E-08
       2.29087E-05       2.39883E-05       2.34485E-05       1.07960E-06       2.89188E-09       2.67866E-03       6.28106E-08       3.26912E-08
       2.39883E-05       2.51189E-05       2.45536E-05       1.13060E-06       3.17084E-09       2.80456E-03       6.88621E-08       3.58621E-08
       2.51189E-05       2.63027E-05       2.57108E-05       1.18380E-06       3.47681E-09       2.93699E-03       7.55124E-08       3.93389E-08
       2.63027E-05       2.75423E-05       2.69225E-05       1.23960E-06       3.81224E-09       3.07538E-03       8.27969E-08       4.31511E-08
       2.75423E-05       2.88403E-05       2.81913E-05       1.29800E-06       4.18003E-09       3.22036E-03       9.07862E-08       4.73312E-08
       2.88403E-05       3.01995E-05       2.95199E-05       1.35920E-06       4.58329E-09       3.37205E-03       9.95426E-08       5.19144E-08
       3.01995E-05       3.16228E-05       3.09111E-05       1.42330E-06       4.99290E-09       3.50797E-03       1.08435E-07       5.69073E-08
       3.16228E-05       3.31131E-05       3.23679E-05       1.49030E-06       5.34619E-09       3.58733E-03       1.16115E-07       6.22535E-08
       3.31131E-05       3.46737E-05       3.38934E-05       1.56060E-06       5.72044E-09       3.66554E-03       1.24237E-07       6.79740E-08
       3.46737E-05       3.63078E-05       3.54907E-05       1.63410E-06       6.12409E-09       3.74768E-03       1.33008E-07       7.40981E-08
       3.63078E-05       3.80189E-05       3.71634E-05       1.71110E-06       6.55966E-09       3.83359E-03       1.42469E-07       8.06577E-08
       3.80189E-05       3.98107E-05       3.89148E-05       1.79180E-06       7.03000E-09       3.92343E-03       1.52680E-07       8.76877E-08
       3.98107E-05       4.16869E-05       4.07488E-05       1.87620E-06       7.53800E-09       4.01769E-03       1.63716E-07       9.52257E-08
       4.16869E-05       4.36516E-05       4.26692E-05       1.96470E-06       8.08696E-09       4.11613E-03       1.75632E-07       1.03313E-07
       4.36516E-05       4.57088E-05       4.46802E-05       2.05720E-06       8.68059E-09       4.21961E-03       1.88533E-07       1.11993E-07
       4.57088E-05       4.78630E-05       4.67859E-05       2.15420E-06       9.30724E-09       4.32051E-03       2.02139E-07       1.21301E-07
       4.78630E-05       5.01187E-05       4.89908E-05       2.25570E-06       9.96164E-09       4.41621E-03       2.16354E-07       1.31262E-07
       5.01187E-05       5.24808E-05       5.12998E-05       2.36210E-06       1.06673E-08       4.51601E-03       2.31670E-07       1.41929E-07
       5.24808E-05       5.49541E-05       5.37174E-05       2.47330E-06       1.14289E-08       4.62090E-03       2.48223E-07       1.53358E-07
       5.49541E-05       5.75440E-05       5.62490E-05       2.58990E-06       1.22513E-08       4.73043E-03       2.66082E-07       1.65610E-07
       5.75440E-05       6.02560E-05       5.89000E-05       2.71200E-06       1.31401E-08       4.84516E-03       2.85380E-07       1.78750E-07
       6.02560E-05       6.30957E-05       6.16758E-05       2.83970E-06       1.40882E-08       4.96114E-03       3.05983E-07       1.92838E-07
       6.30957E-05       6.60693E-05       6.45825E-05       2.97360E-06       1.50699E-08       5.06790E-03       3.27297E-07       2.07908E-07
       6.60693E-05       6.91831E-05       6.76262E-05       3.11380E-06       1.61244E-08       5.17835E-03       3.50192E-07       2.24032E-07
       6.91831E-05       7.24436E-05       7.08134E-05       3.26051E-06       1.72616E-08       5.29416E-03       3.74897E-07       2.41294E-07
       7.24436E-05       7.58578E-05       7.41507E-05       3.41420E-06       1.84890E-08       5.41532E-03       4.01550E-07       2.59783E-07
       7.58578E-05       7.94328E-05       7.76453E-05       3.57500E-06       1.98140E-08       5.54239E-03       4.30341E-07       2.79597E-07
       7.94328E-05       8.31764E-05       8.13046E-05       3.74360E-06       2.12455E-08       5.67514E-03       4.61415E-07       3.00842E-07
       8.31764E-05       8.70964E-05       8.51364E-05       3.92000E-06       2.27922E-08       5.81434E-03       4.95012E-07       3.23634E-07
       8.70964E-05       9.12011E-05       8.91488E-05       4.10471E-06       2.44645E-08       5.96011E-03       5.31337E-07       3.48099E-07
       9.12011E-05       9.54993E-05       9.33502E-05       4.29820E-06       2.62349E-08       6.10369E-03       5.69781E-07       3.74334E-07
       9.54993E-05       1.00000E-04       9.77497E-05       4.50070E-06       2.80795E-08       6.23891E-03       6.09851E-07       4.02413E-07
       1.00000E-04       1.04713E-04       1.02356E-04       4.71300E-06       3.00680E-08       6.37980E-03       6.53014E-07       4.32481E-07
       1.04713E-04       1.09648E-04       1.07181E-04       4.93501E-06       3.22133E-08       6.52752E-03       6.99623E-07       4.64695E-07
       1.09648E-04       1.14815E-04       1.12232E-04       5.16700E-06       3.45317E-08       6.68312E-03       7.50057E-07       4.99226E-07
       1.14815E-04       1.20226E-04       1.17520E-04       5.41100E-06       3.70346E-08       6.84433E-03       8.04349E-07       5.36261E-07
       1.20226E-04       1.25892E-04       1.23059E-04       5.66600E-06       3.97117E-08       7.00877E-03       8.62493E-07       5.75973E-07
       1.25892E-04       1.31826E-04       1.28859E-04       5.93401E-06       4.24818E-08       7.15903E-03       9.22506E-07       6.18454E-07
       1.31826E-04       1.38038E-04       1.34932E-04       6.21199E-06       4.54523E-08       7.31687E-03       9.87280E-07       6.63907E-07
       1.38038E-04       1.44544E-04       1.41291E-04       6.50601E-06       4.86580E-08       7.47893E-03       1.05671E-06       7.12565E-07
       1.44544E-04       1.51356E-04       1.47950E-04       6.81200E-06       5.21159E-08       7.65060E-03       1.13191E-06       7.64681E-07
       1.51356E-04       1.58489E-04       1.54922E-04       7.13300E-06       5.58503E-08       7.82986E-03       1.21302E-06       8.20531E-07
       1.58489E-04       1.65959E-04       1.62224E-04       7.47000E-06       5.98839E-08       8.01659E-03       1.30048E-06       8.80415E-07
       1.65959E-04       1.73780E-04       1.69870E-04       7.82100E-06       6.42421E-08       8.21405E-03       1.39532E-06       9.44657E-07
       1.73780E-04       1.81970E-04       1.77875E-04       8.19000E-06       6.89540E-08       8.41928E-03       1.49758E-06       1.01361E-06
       1.81970E-04       1.90546E-04       1.86258E-04       8.57600E-06       7.39549E-08       8.62347E-03       1.60619E-06       1.08757E-06
       1.90546E-04       1.99526E-04       1.95036E-04       8.98000E-06       7.91554E-08       8.81464E-03       1.71917E-06       1.16672E-06
       1.99526E-04       2.08930E-04       2.04228E-04       9.40399E-06       8.47596E-08       9.01316E-03       1.84074E-06       1.25148E-06
       2.08930E-04       2.18776E-04       2.13853E-04       9.84601E-06       9.08080E-08       9.22282E-03       1.97233E-06       1.34229E-06
       2.18776E-04       2.29087E-04       2.23932E-04       1.03110E-05       9.73385E-08       9.44026E-03       2.11397E-06       1.43963E-06
       2.29087E-04       2.39883E-04       2.34485E-04       1.07960E-05       1.04394E-07       9.66973E-03       2.26741E-06       1.54402E-06
       2.39883E-04       2.51189E-04       2.45536E-04       1.13060E-05       1.11954E-07       9.90216E-03       2.43134E-06       1.65598E-06
       2.51189E-04       2.63027E-04       2.57108E-04       1.18380E-05       1.19795E-07       1.01195E-02       2.60181E-06       1.77577E-06
       2.63027E-04       2.75423E-04       2.69225E-04       1.23960E-05       1.28201E-07       1.03421E-02       2.78435E-06       1.90397E-06
       2.75423E-04       2.88403E-04       2.81913E-04       1.29800E-05       1.37269E-07       1.05754E-02       2.98134E-06       2.04124E-06
       2.88403E-04       3.01995E-04       2.95199E-04       1.35920E-05       1.47056E-07       1.08193E-02       3.19385E-06       2.18830E-06
       3.01995E-04       3.16228E-04       3.09111E-04       1.42330E-05       1.57626E-07       1.10747E-02       3.42330E-06       2.34592E-06
       3.16228E-04       3.31131E-04       3.23680E-04       1.49030E-05       1.69044E-07       1.13429E-02       3.67147E-06       2.51496E-06
       3.31131E-04       3.46737E-04       3.38934E-04       1.56060E-05       1.81386E-07       1.16229E-02       3.93939E-06       2.69635E-06
       3.46737E-04       3.63078E-04       3.54908E-04       1.63410E-05       1.94731E-07       1.19167E-02       4.22932E-06       2.89108E-06
       3.63078E-04       3.80189E-04       3.71634E-04       1.71110E-05       2.08933E-07       1.22104E-02       4.53781E-06       3.10001E-06
       3.80189E-04       3.98107E-04       3.89148E-04       1.79180E-05       2.23700E-07       1.24847E-02       4.85838E-06       3.32371E-06
       3.98107E-04       4.16869E-04       4.07488E-04       1.87620E-05       2.39601E-07       1.27706E-02       5.20385E-06       3.56332E-06
       4.16869E-04       4.36516E-04       4.26692E-04       1.96470E-05       2.56768E-07       1.30691E-02       5.57648E-06       3.82008E-06
       4.36516E-04       4.57088E-04       4.46802E-04       2.05720E-05       2.75314E-07       1.33829E-02       5.97951E-06       4.09540E-06
       4.57088E-04       4.78630E-04       4.67859E-04       2.15420E-05       2.95352E-07       1.37105E-02       6.41460E-06       4.39075E-06
       4.78630E-04       5.01187E-04       4.89909E-04       2.25570E-05       3.16849E-07       1.40466E-02       6.88154E-06       4.70760E-06
       5.01187E-04       5.24808E-04       5.12998E-04       2.36210E-05       3.39083E-07       1.43551E-02       7.36415E-06       5.04668E-06
       5.24808E-04       5.49541E-04       5.37175E-04       2.47330E-05       3.62875E-07       1.46717E-02       7.88125E-06       5.40956E-06
       5.49541E-04       5.75440E-04       5.62491E-04       2.58990E-05       3.88542E-07       1.50022E-02       8.43861E-06       5.79810E-06
       5.75440E-04       6.02560E-04       5.89000E-04       2.71200E-05       4.16248E-07       1.53484E-02       9.04020E-06       6.21435E-06
       6.02560E-04       6.30957E-04       6.16758E-04       2.83970E-05       4.46163E-07       1.57117E-02       9.69030E-06       6.66051E-06
       6.30957E-04       6.60693E-04       6.45825E-04       2.97360E-05       4.78484E-07       1.60911E-02       1.03920E-05       7.13899E-06
       6.60693E-04       6.91831E-04       6.76262E-04       3.11380E-05       5.13421E-07       1.64886E-02       1.11506E-05       7.65241E-06
       6.91831E-04       7.24436E-04       7.08133E-04       3.26050E-05       5.51191E-07       1.69051E-02       1.19711E-05       8.20360E-06
       7.24436E-04       7.58578E-04       7.41507E-04       3.41420E-05       5.91461E-07       1.73236E-02       1.28455E-05       8.79507E-06
       7.58578E-04       7.94328E-04       7.76453E-04       3.57500E-05       6.33233E-07       1.77128E-02       1.37532E-05       9.42830E-06
       7.94328E-04       8.31764E-04       8.13046E-04       3.74360E-05       6.78170E-07       1.81155E-02       1.47287E-05       1.01065E-05
       8.31764E-04       8.70964E-04       8.51364E-04       3.92000E-05       7.26679E-07       1.85377E-02       1.57824E-05       1.08331E-05
       8.70964E-04       9.12011E-04       8.91487E-04       4.10470E-05       7.79070E-07       1.89799E-02       1.69204E-05       1.16122E-05
       9.12011E-04       9.54993E-04       9.33502E-04       4.29820E-05       8.35687E-07       1.94427E-02       1.81498E-05       1.24479E-05
       9.54993E-04       1.00000E-03       9.77497E-04       4.50070E-05       8.96500E-07       1.99191E-02       1.94709E-05       1.33444E-05
       1.00000E-03       1.04713E-03       1.02356E-03       4.71300E-05       9.59425E-07       2.03570E-02       2.08367E-05       1.43038E-05
       1.04713E-03       1.09648E-03       1.07180E-03       4.93500E-05       1.02663E-06       2.08031E-02       2.22968E-05       1.53305E-05
       1.09648E-03       1.14815E-03       1.12231E-03       5.16700E-05       1.09917E-06       2.12730E-02       2.38750E-05       1.64296E-05
       1.14815E-03       1.20226E-03       1.17520E-03       5.41100E-05       1.17741E-06       2.17595E-02       2.55718E-05       1.76070E-05
       1.20226E-03       1.25892E-03       1.23059E-03       5.66600E-05       1.26193E-06       2.22719E-02       2.74076E-05       1.88690E-05
       1.25892E-03       1.31826E-03       1.28859E-03       5.93400E-05       1.35323E-06       2.28048E-02       2.93860E-05       2.02222E-05
       1.31826E-03       1.38038E-03       1.34932E-03       6.21200E-05       1.45186E-06       2.33719E-02       3.15362E-05       2.16741E-05
       1.38038E-03       1.44544E-03       1.41291E-03       6.50599E-05       1.55856E-06       2.39557E-02       3.38473E-05       2.32326E-05
       1.44544E-03       1.51356E-03       1.47950E-03       6.81201E-05       1.67249E-06       2.45521E-02       3.63249E-05       2.49051E-05
       1.51356E-03       1.58489E-03       1.54923E-03       7.13300E-05       1.79060E-06       2.51031E-02       3.88904E-05       2.66957E-05
       1.58489E-03       1.65959E-03       1.62224E-03       7.47000E-05       1.91753E-06       2.56698E-02       4.16425E-05       2.86133E-05
       1.65959E-03       1.73780E-03       1.69870E-03       7.82101E-05       2.05453E-06       2.62694E-02       4.46237E-05       3.06678E-05
       1.73780E-03       1.81970E-03       1.77875E-03       8.18999E-05       2.20250E-06       2.68925E-02       4.78351E-05       3.28703E-05
       1.81970E-03       1.90546E-03       1.86258E-03       8.57600E-05       2.36237E-06       2.75463E-02       5.13071E-05       3.52326E-05
       1.90546E-03       1.99526E-03       1.95036E-03       8.98001E-05       2.53429E-06       2.82214E-02       5.50419E-05       3.77669E-05
       1.99526E-03       2.08930E-03       2.04228E-03       9.40400E-05       2.71218E-06       2.88406E-02       5.89007E-05       4.04791E-05
       2.08930E-03       2.18776E-03       2.13853E-03       9.84600E-05       2.90187E-06       2.94726E-02       6.30281E-05       4.33810E-05
       2.18776E-03       2.29087E-03       2.23932E-03       1.03110E-04       3.10645E-06       3.01275E-02       6.74650E-05       4.64874E-05
       2.29087E-03       2.39883E-03       2.34485E-03       1.07960E-04       3.32722E-06       3.08190E-02       7.22660E-05       4.98146E-05
       2.39883E-03       2.51189E-03       2.45536E-03       1.13060E-04       3.56557E-06       3.15371E-02       7.74348E-05       5.33802E-05
       2.51189E-03       2.63027E-03       2.57108E-03       1.18380E-04       3.82306E-06       3.22948E-02       8.30326E-05       5.72033E-05
       2.63027E-03       2.75423E-03       2.69225E-03       1.23960E-04       4.10128E-06       3.30855E-02       8.90746E-05       6.13046E-05
       2.75423E-03       2.88403E-03       2.81913E-03       1.29800E-04       4.40208E-06       3.39143E-02       9.56088E-05       6.57066E-05
       2.88403E-03       3.01995E-03       2.95199E-03       1.35920E-04       4.72243E-06       3.47442E-02       1.02565E-04       7.04291E-05
       3.01995E-03       3.16228E-03       3.09112E-03       1.42330E-04       5.04752E-06       3.54635E-02       1.09622E-04       7.54766E-05
       3.16228E-03       3.31131E-03       3.23679E-03       1.49030E-04       5.39496E-06       3.62005E-02       1.17174E-04       8.08716E-05
       3.31131E-03       3.46737E-03       3.38934E-03       1.56060E-04       5.76946E-06       3.69695E-02       1.25302E-04       8.66410E-05
       3.46737E-03       3.63078E-03       3.54907E-03       1.63410E-04       6.17311E-06       3.77769E-02       1.34073E-04       9.28141E-05
       3.63078E-03       3.80189E-03       3.71633E-03       1.71110E-04       6.60853E-06       3.86216E-02       1.43531E-04       9.94227E-05
       3.80189E-03       3.98107E-03       3.89148E-03       1.79180E-04       7.07672E-06       3.94950E-02       1.53694E-04       1.06499E-04
       3.98107E-03       4.16869E-03       4.07488E-03       1.87620E-04       7.56206E-06       4.03052E-02       1.64239E-04       1.14061E-04
       4.16869E-03       4.36516E-03       4.26693E-03       1.96470E-04       8.07836E-06       4.11175E-02       1.75445E-04       1.22140E-04
       4.36516E-03       4.57088E-03       4.46802E-03       2.05720E-04       8.63448E-06       4.19720E-02       1.87532E-04       1.30774E-04
       4.57088E-03       4.78630E-03       4.67859E-03       2.15420E-04       9.23366E-06       4.28635E-02       2.00541E-04       1.40008E-04
       4.78630E-03       5.01187E-03       4.89909E-03       2.25570E-04       9.87966E-06       4.37986E-02       2.14573E-04       1.49888E-04
       5.01187E-03       5.24807E-03       5.12997E-03       2.36200E-04       1.05765E-05       4.47777E-02       2.29708E-04       1.60464E-04
       5.24807E-03       5.49541E-03       5.37174E-03       2.47340E-04       1.13284E-05       4.58008E-02       2.46030E-04       1.71792E-04
       5.49541E-03       5.75440E-03       5.62491E-03       2.58990E-04       1.21402E-05       4.68752E-02       2.63669E-04       1.83933E-04
       5.75440E-03       6.02560E-03       5.89000E-03       2.71200E-04       1.30097E-05       4.79710E-02       2.82549E-04       1.96942E-04
       6.02560E-03       6.30957E-03       6.16759E-03       2.83970E-04       1.39106E-05       4.89862E-02       3.02126E-04       2.10853E-04
       6.30957E-03       6.60693E-03       6.45825E-03       2.97360E-04       1.48756E-05       5.00254E-02       3.23076E-04       2.25729E-04
       6.60693E-03       6.91831E-03       6.76262E-03       3.11380E-04       1.59159E-05       5.11142E-02       3.45666E-04       2.41644E-04
       6.91831E-03       7.24436E-03       7.08133E-03       3.26050E-04       1.70379E-05       5.22555E-02       3.70039E-04       2.58682E-04
       7.24436E-03       7.58578E-03       7.41507E-03       3.41420E-04       1.82487E-05       5.34495E-02       3.96332E-04       2.76931E-04
       7.58578E-03       7.94328E-03       7.76453E-03       3.57500E-04       1.95510E-05       5.46882E-02       4.24628E-04       2.96482E-04
       7.94328E-03       8.31764E-03       8.13046E-03       3.74360E-04       2.08837E-05       5.57850E-02       4.53558E-04       3.17366E-04
       8.31764E-03       8.70964E-03       8.51364E-03       3.92000E-04       2.22899E-05       5.68619E-02       4.84102E-04       3.39656E-04
       8.70964E-03       9.12011E-03       8.91487E-03       4.10471E-04       2.38031E-05       5.79897E-02       5.16971E-04       3.63459E-04
       9.12011E-03       9.54993E-03       9.33502E-03       4.29819E-04       2.54323E-05       5.91697E-02       5.52351E-04       3.88891E-04
       9.54993E-03       1.00000E-02       9.77496E-03       4.50070E-04       2.71872E-05       6.04065E-02       5.90471E-04       4.16078E-04
       1.00000E-02       1.04713E-02       1.02357E-02       4.71300E-04       2.90788E-05       6.16991E-02       6.31530E-04       4.45157E-04
       1.04713E-02       1.09648E-02       1.07180E-02       4.93500E-04       3.11173E-05       6.30543E-02       6.75820E-04       4.76274E-04
       1.09648E-02       1.14815E-02       1.12232E-02       5.16700E-04       3.33180E-05       6.44823E-02       7.23695E-04       5.09592E-04
       1.14815E-02       1.20226E-02       1.17521E-02       5.41100E-04       3.56684E-05       6.59183E-02       7.74676E-04       5.45261E-04
       1.20226E-02       1.25892E-02       1.23059E-02       5.66601E-04       3.80626E-05       6.71772E-02       8.26676E-04       5.83323E-04
       1.25892E-02       1.31826E-02       1.28859E-02       5.93399E-04       4.06100E-05       6.84362E-02       8.81863E-04       6.23933E-04
       1.31826E-02       1.38038E-02       1.34932E-02       6.21200E-04       4.33489E-05       6.97825E-02       9.41589E-04       6.67282E-04
       1.38038E-02       1.44544E-02       1.41291E-02       6.50601E-04       4.62980E-05       7.11620E-02       1.00546E-03       7.13580E-04
       1.44544E-02       1.51356E-02       1.47950E-02       6.81199E-04       4.94721E-05       7.26250E-02       1.07449E-03       7.63052E-04
       1.51356E-02       1.58489E-02       1.54923E-02       7.13301E-04       5.28837E-05       7.41394E-02       1.14859E-03       8.15936E-04
       1.58489E-02       1.65959E-02       1.62224E-02       7.47000E-04       5.63795E-05       7.54746E-02       1.22438E-03       8.72316E-04
       1.65959E-02       1.73780E-02       1.69870E-02       7.82100E-04       6.00525E-05       7.67837E-02       1.30432E-03       9.32368E-04
       1.73780E-02       1.81970E-02       1.77875E-02       8.19000E-04       6.39970E-05       7.81404E-02       1.38992E-03       9.96365E-04
       1.81970E-02       1.90546E-02       1.86258E-02       8.57600E-04       6.82347E-05       7.95647E-02       1.48196E-03       1.06460E-03
       1.90546E-02       1.99526E-02       1.95036E-02       8.98000E-04       7.27895E-05       8.10573E-02       1.58091E-03       1.13739E-03
       1.99526E-02       2.08930E-02       2.04228E-02       9.40400E-04       7.76899E-05       8.26136E-02       1.68720E-03       1.21508E-03
       2.08930E-02       2.18776E-02       2.13853E-02       9.84600E-04       8.29619E-05       8.42596E-02       1.80192E-03       1.29804E-03
       2.18776E-02       2.29087E-02       2.23931E-02       1.03110E-03       8.86371E-05       8.59637E-02       1.92500E-03       1.38668E-03
       2.29087E-02       2.39883E-02       2.34485E-02       1.07960E-03       9.47185E-05       8.77347E-02       2.05725E-03       1.48140E-03
       2.39883E-02       2.51189E-02       2.45536E-02       1.13060E-03       1.01021E-04       8.93521E-02       2.19392E-03       1.58242E-03
       2.51189E-02       2.63027E-02       2.57108E-02       1.18380E-03       1.07741E-04       9.10130E-02       2.34002E-03       1.69016E-03
       2.63027E-02       2.75423E-02       2.69225E-02       1.23960E-03       1.14966E-04       9.27443E-02       2.49691E-03       1.80513E-03
       2.75423E-02       2.88403E-02       2.81913E-02       1.29800E-03       1.22738E-04       9.45593E-02       2.66575E-03       1.92786E-03
       2.88403E-02       3.01995E-02       2.95199E-02       1.35920E-03       1.31103E-04       9.64563E-02       2.84738E-03       2.05897E-03
       3.01995E-02       3.16228E-02       3.09112E-02       1.42330E-03       1.40091E-04       9.84267E-02       3.04248E-03       2.19906E-03
       3.16228E-02       3.31131E-02       3.23680E-02       1.49030E-03       1.49153E-04       1.00083E-01       3.23947E-03       2.34821E-03
       3.31131E-02       3.46737E-02       3.38934E-02       1.56060E-03       1.58541E-04       1.01590E-01       3.44323E-03       2.50675E-03
       3.46737E-02       3.63078E-02       3.54908E-02       1.63410E-03       1.68596E-04       1.03174E-01       3.66171E-03       2.67535E-03
       3.63078E-02       3.80189E-02       3.71633E-02       1.71110E-03       1.79376E-04       1.04831E-01       3.89586E-03       2.85472E-03
       3.80189E-02       3.98107E-02       3.89148E-02       1.79180E-03       1.90937E-04       1.06562E-01       4.14682E-03       3.04566E-03
       3.98107E-02       4.16869E-02       4.07488E-02       1.87620E-03       2.03342E-04       1.08380E-01       4.41635E-03       3.24900E-03
       4.16869E-02       4.36516E-02       4.26693E-02       1.96470E-03       2.16661E-04       1.10277E-01       4.70543E-03       3.46566E-03
       4.36516E-02       4.57088E-02       4.46802E-02       2.05720E-03       2.30969E-04       1.12274E-01       5.01641E-03       3.69663E-03
       4.57088E-02       4.78630E-02       4.67859E-02       2.15420E-03       2.46268E-04       1.14320E-01       5.34857E-03       3.94290E-03
       4.78630E-02       5.01187E-02       4.89908E-02       2.25570E-03       2.61976E-04       1.16140E-01       5.68978E-03       4.20488E-03
       5.01187E-02       5.24808E-02       5.12998E-02       2.36210E-03       2.78611E-04       1.17951E-01       6.05084E-03       4.48349E-03
       5.24808E-02       5.49541E-02       5.37174E-02       2.47330E-03       2.96442E-04       1.19857E-01       6.43840E-03       4.77993E-03
       5.49541E-02       5.75440E-02       5.62491E-02       2.58990E-03       3.15567E-04       1.21845E-01       6.85369E-03       5.09550E-03
       5.75440E-02       6.02560E-02       5.89000E-02       2.71200E-03       3.36093E-04       1.23928E-01       7.29936E-03       5.43159E-03
       6.02560E-02       6.30957E-02       6.16758E-02       2.83970E-03       3.58113E-04       1.26109E-01       7.77791E-03       5.78970E-03
       6.30957E-02       6.60693E-02       6.45825E-02       2.97360E-03       3.81113E-04       1.28166E-01       8.27726E-03       6.17082E-03
       6.60693E-02       6.91831E-02       6.76262E-02       3.11380E-03       4.05357E-04       1.30181E-01       8.80363E-03       6.57617E-03
       6.91831E-02       7.24436E-02       7.08134E-02       3.26050E-03       4.31349E-04       1.32295E-01       9.36827E-03       7.00752E-03
       7.24436E-02       7.58578E-02       7.41507E-02       3.41420E-03       4.59230E-04       1.34506E-01       9.97371E-03       7.46675E-03
       7.58578E-02       7.94328E-02       7.76453E-02       3.57500E-03       4.89319E-04       1.36873E-01       1.06275E-02       7.95607E-03
       7.94328E-02       8.31764E-02       8.13046E-02       3.74360E-03       5.24115E-04       1.40003E-01       1.13829E-02       8.48019E-03
       8.31764E-02       8.70964E-02       8.51364E-02       3.92000E-03       5.62730E-04       1.43554E-01       1.22216E-02       9.04292E-03
       8.70964E-02       9.12011E-02       8.91488E-02       4.10470E-03       6.06887E-04       1.47852E-01       1.31808E-02       9.64980E-03
       9.12011E-02       9.54993E-02       9.33502E-02       4.29820E-03       6.56011E-04       1.52625E-01       1.42476E-02       1.03058E-02
       9.54993E-02       1.00000E-01       9.77497E-02       4.50070E-03       7.09037E-04       1.57539E-01       1.53994E-02       1.10149E-02
       1.00000E-01       1.04713E-01       1.02357E-01       4.71300E-03       7.66565E-04       1.62649E-01       1.66482E-02       1.17814E-02
       1.04713E-01       1.09648E-01       1.07180E-01       4.93500E-03       8.29099E-04       1.68004E-01       1.80067E-02       1.26105E-02
       1.09648E-01       1.14815E-01       1.12231E-01       5.16700E-03       8.97171E-04       1.73635E-01       1.94873E-02       1.35077E-02
       1.14815E-01       1.20226E-01       1.17520E-01       5.41100E-03       9.71195E-04       1.79485E-01       2.10932E-02       1.44789E-02
       1.20226E-01       1.25892E-01       1.23059E-01       5.66600E-03       1.05178E-03       1.85629E-01       2.28434E-02       1.55307E-02
       1.25892E-01       1.31826E-01       1.28859E-01       5.93400E-03       1.13669E-03       1.91555E-01       2.46836E-02       1.66673E-02
       1.31826E-01       1.38038E-01       1.34932E-01       6.21200E-03       1.22676E-03       1.97482E-01       2.66467E-02       1.78941E-02
       1.38038E-01       1.44544E-01       1.41291E-01       6.50600E-03       1.32465E-03       2.03604E-01       2.87674E-02       1.92188E-02
       1.44544E-01       1.51356E-01       1.47950E-01       6.81200E-03       1.43097E-03       2.10066E-01       3.10793E-02       2.06497E-02
       1.51356E-01       1.58489E-01       1.54923E-01       7.13300E-03       1.54640E-03       2.16795E-01       3.35864E-02       2.21961E-02
       1.58489E-01       1.65959E-01       1.62224E-01       7.47000E-03       1.66855E-03       2.23367E-01       3.62355E-02       2.38647E-02
       1.65959E-01       1.73780E-01       1.69869E-01       7.82100E-03       1.79963E-03       2.30102E-01       3.90873E-02       2.56643E-02
       1.73780E-01       1.81970E-01       1.77875E-01       8.19000E-03       1.94474E-03       2.37452E-01       4.22368E-02       2.76090E-02
       1.81970E-01       1.90546E-01       1.86258E-01       8.57600E-03       2.20049E-03       2.56586E-01       4.77913E-02       2.98095E-02
       1.90546E-01       1.99526E-01       1.95036E-01       8.98000E-03       2.55082E-03       2.84055E-01       5.54010E-02       3.23603E-02
       1.99526E-01       2.08930E-01       2.04228E-01       9.40400E-03       2.94789E-03       3.13472E-01       6.40197E-02       3.53082E-02
       2.08930E-01       2.18776E-01       2.13853E-01       9.84600E-03       3.39036E-03       3.44339E-01       7.36379E-02       3.86986E-02
       2.18776E-01       2.29087E-01       2.23931E-01       1.03110E-02       3.87682E-03       3.75988E-01       8.41956E-02       4.25754E-02
       2.29087E-01       2.39883E-01       2.34485E-01       1.07960E-02       4.40935E-03       4.08425E-01       9.57695E-02       4.69848E-02
       2.39883E-01       2.51189E-01       2.45536E-01       1.13060E-02       5.00038E-03       4.42277E-01       1.08595E-01       5.19851E-02
       2.51189E-01       2.63027E-01       2.57108E-01       1.18380E-02       5.63300E-03       4.75841E-01       1.22342E-01       5.76181E-02
       2.63027E-01       2.75423E-01       2.69225E-01       1.23960E-02       6.31172E-03       5.09174E-01       1.37082E-01       6.39299E-02
       2.75423E-01       2.88403E-01       2.81913E-01       1.29800E-02       7.06226E-03       5.44088E-01       1.53385E-01       7.09921E-02
       2.88403E-01       3.01995E-01       2.95199E-01       1.35920E-02       7.89189E-03       5.80627E-01       1.71401E-01       7.88840E-02
       3.01995E-01       3.16228E-01       3.09112E-01       1.42330E-02       8.80204E-03       6.18425E-01       1.91162E-01       8.76860E-02
       3.16228E-01       3.31131E-01       3.23680E-01       1.49030E-02       9.76567E-03       6.55282E-01       2.12101E-01       9.74517E-02
       3.31131E-01       3.46737E-01       3.38934E-01       1.56060E-02       1.08195E-02       6.93293E-01       2.34981E-01       1.08271E-01
       3.46737E-01       3.63078E-01       3.54908E-01       1.63410E-02       1.19802E-02       7.33137E-01       2.60196E-01       1.20251E-01
       3.63078E-01       3.80189E-01       3.71633E-01       1.71110E-02       1.32364E-02       7.73562E-01       2.87482E-01       1.33488E-01
       3.80189E-01       3.98107E-01       3.89148E-01       1.79180E-02       1.45592E-02       8.12548E-01       3.16202E-01       1.48047E-01
       3.98107E-01       4.16869E-01       4.07488E-01       1.87620E-02       1.60077E-02       8.53198E-01       3.47668E-01       1.64055E-01
       4.16869E-01       4.36516E-01       4.26692E-01       1.96470E-02       1.75979E-02       8.95706E-01       3.82191E-01       1.81653E-01
       4.36516E-01       4.57088E-01       4.46802E-01       2.05720E-02       1.93439E-02       9.40303E-01       4.20129E-01       2.00997E-01
       4.57088E-01       4.78630E-01       4.67859E-01       2.15420E-02       2.12604E-02       9.86928E-01       4.61743E-01       2.22257E-01
       4.78630E-01       5.01187E-01       4.89909E-01       2.25570E-02       2.33662E-02       1.03588E+00       5.07484E-01       2.45623E-01
       5.01187E-01       5.24808E-01       5.12998E-01       2.36210E-02       2.56834E-02       1.08731E+00       5.57788E-01       2.71307E-01
       5.24808E-01       5.49541E-01       5.37174E-01       2.47330E-02       2.82814E-02       1.14347E+00       6.14241E-01       2.99588E-01
       5.49541E-01       5.75440E-01       5.62490E-01       2.58990E-02       3.68293E-02       1.42204E+00       7.99881E-01       3.36417E-01
       5.75440E-01       6.02560E-01       5.89000E-01       2.71200E-02       3.67050E-02       1.35343E+00       7.97170E-01       3.73122E-01
       6.02560E-01       6.30957E-01       6.16758E-01       2.83970E-02       3.22885E-02       1.13704E+00       7.01279E-01       4.05411E-01
       6.30957E-01       6.60693E-01       6.45825E-01       2.97360E-02       3.19764E-02       1.07534E+00       6.94484E-01       4.37387E-01
       6.60693E-01       6.91831E-01       6.76262E-01       3.11380E-02       3.16654E-02       1.01694E+00       6.87716E-01       4.69053E-01
       6.91831E-01       7.24436E-01       7.08133E-01       3.26050E-02       3.13563E-02       9.61702E-01       6.81014E-01       5.00409E-01
       7.24436E-01       7.58578E-01       7.41507E-01       3.41420E-02       3.09825E-02       9.07459E-01       6.72887E-01       5.31391E-01
       7.58578E-01       7.94328E-01       7.76453E-01       3.57500E-02       3.04826E-02       8.52659E-01       6.62050E-01       5.61874E-01
       7.94328E-01       8.31764E-01       8.13046E-01       3.74360E-02       2.97701E-02       7.95228E-01       6.46557E-01       5.91644E-01
       8.31764E-01       8.70964E-01       8.51364E-01       3.92000E-02       2.88166E-02       7.35118E-01       6.25853E-01       6.20461E-01
       8.70964E-01       9.12011E-01       8.91487E-01       4.10470E-02       2.75909E-02       6.72178E-01       5.99238E-01       6.48052E-01
       9.12011E-01       9.54993E-01       9.33502E-01       4.29820E-02       2.60604E-02       6.06311E-01       5.65992E-01       6.74112E-01
       9.54993E-01       1.00000E+00       9.77497E-01       4.50070E-02       2.43614E-02       5.41280E-01       5.29099E-01       6.98473E-01
       1.00000E+00       1.04713E+00       1.02357E+00       4.71300E-02       2.24524E-02       4.76392E-01       4.87619E-01       7.20926E-01
       1.04713E+00       1.09648E+00       1.07181E+00       4.93500E-02       2.01742E-02       4.08799E-01       4.38153E-01       7.41100E-01
       1.09648E+00       1.14815E+00       1.12231E+00       5.16700E-02       1.75516E-02       3.39687E-01       3.81235E-01       7.58652E-01
       1.14815E+00       1.20226E+00       1.17520E+00       5.41100E-02       1.46275E-02       2.70328E-01       3.17691E-01       7.73279E-01
       1.20226E+00       1.25892E+00       1.23059E+00       5.66600E-02       1.36024E-02       2.40070E-01       2.95428E-01       7.86882E-01
       1.25892E+00       1.31826E+00       1.28859E+00       5.93400E-02       1.33139E-02       2.24366E-01       2.89115E-01       8.00195E-01
       1.31826E+00       1.38038E+00       1.34932E+00       6.21200E-02       1.29217E-02       2.08012E-01       2.80675E-01       8.13117E-01
       1.38038E+00       1.44544E+00       1.41291E+00       6.50600E-02       1.24132E-02       1.90795E-01       2.69577E-01       8.25530E-01
       1.44544E+00       1.51356E+00       1.47950E+00       6.81200E-02       1.17854E-02       1.73009E-01       2.55968E-01       8.37316E-01
       1.51356E+00       1.58489E+00       1.54923E+00       7.13300E-02       1.15649E-02       1.62132E-01       2.51179E-01       8.48880E-01
       1.58489E+00       1.65959E+00       1.62224E+00       7.47000E-02       1.16269E-02       1.55648E-01       2.52498E-01       8.60507E-01
       1.65959E+00       1.73780E+00       1.69869E+00       7.82100E-02       1.16452E-02       1.48897E-01       2.52930E-01       8.72153E-01
       1.73780E+00       1.81970E+00       1.77875E+00       8.19000E-02       1.16024E-02       1.41665E-01       2.51987E-01       8.83755E-01
       1.81970E+00       1.90546E+00       1.86258E+00       8.57600E-02       1.14471E-02       1.33479E-01       2.48615E-01       8.95202E-01
       1.90546E+00       1.99526E+00       1.95036E+00       8.98000E-02       1.12085E-02       1.24816E-01       2.43436E-01       9.06411E-01
       1.99526E+00       2.08930E+00       2.04228E+00       9.40400E-02       1.08488E-02       1.15364E-01       2.35606E-01       9.17259E-01
       2.08930E+00       2.18776E+00       2.13853E+00       9.84600E-02       1.03010E-02       1.04621E-01       2.23736E-01       9.27560E-01
       2.18776E+00       2.29087E+00       2.23932E+00       1.03110E-01       9.62961E-03       9.33917E-02       2.09133E-01       9.37190E-01
       2.29087E+00       2.39883E+00       2.34485E+00       1.07960E-01       8.89048E-03       8.23497E-02       1.93098E-01       9.46080E-01
       2.39883E+00       2.51189E+00       2.45536E+00       1.13060E-01       8.04650E-03       7.11701E-02       1.74748E-01       9.54127E-01
       2.51189E+00       2.63027E+00       2.57108E+00       1.18380E-01       7.25444E-03       6.12809E-02       1.57558E-01       9.61381E-01
       2.63027E+00       2.75423E+00       2.69225E+00       1.23960E-01       6.44002E-03       5.19524E-02       1.39869E-01       9.67821E-01
       2.75423E+00       2.88403E+00       2.81913E+00       1.29800E-01       5.72949E-03       4.41409E-02       1.24439E-01       9.73551E-01
       2.88403E+00       3.01995E+00       2.95199E+00       1.35920E-01       5.07664E-03       3.73502E-02       1.10257E-01       9.78628E-01
       3.01995E+00       3.16228E+00       3.09111E+00       1.42330E-01       4.47800E-03       3.14621E-02       9.72529E-02       9.83106E-01
       3.16228E+00       3.31131E+00       3.23679E+00       1.49030E-01       3.92306E-03       2.63240E-02       8.52052E-02       9.87029E-01
       3.31131E+00       3.46737E+00       3.38934E+00       1.56060E-01       3.36599E-03       2.15686E-02       7.31032E-02       9.90395E-01
       3.46737E+00       3.63078E+00       3.54908E+00       1.63410E-01       2.79007E-03       1.70740E-02       6.05970E-02       9.93185E-01
       3.63078E+00       3.80189E+00       3.71633E+00       1.71110E-01       2.20958E-03       1.29132E-02       4.79898E-02       9.95394E-01
       3.80189E+00       3.98107E+00       3.89148E+00       1.79180E-01       1.66777E-03       9.30780E-03       3.62211E-02       9.97062E-01
       3.98107E+00       4.16869E+00       4.07488E+00       1.87620E-01       1.20949E-03       6.44648E-03       2.62686E-02       9.98272E-01
       4.16869E+00       4.36516E+00       4.26692E+00       1.96470E-01       8.41434E-04       4.28276E-03       1.82742E-02       9.99113E-01
       4.36516E+00       4.57088E+00       4.46802E+00       2.05720E-01       5.44073E-04       2.64472E-03       1.18167E-02       9.99657E-01
       4.57088E+00       4.78630E+00       4.67859E+00       2.15420E-01       2.96687E-04       1.37725E-03       6.44359E-03       9.99954E-01
       4.78630E+00       5.00000E+00       4.89315E+00       2.13700E-01       4.60800E-05       2.15629E-04       1.05511E-03       1.00000E+00

 Sum =                                                                         1.00000E+00
 Renormalization bin#   961 =                                                  1.99922E-01 barn        1.70000E+07        1.72000E+07        1.71000E+07
 Avg. Energy     bin#   961 =                                                  9.44094E-01 MeV         1.70000E+07        1.72000E+07
