"        MT=  4 recoil spectrum "
" Initial neutron energy corresponds to the group:"
   2.16000E+01    2.18000E+01       0.00000E+00           475           906           432



          Low               High              Mid              Energy           Number             dn/de            E*dn/de          Cumulative
         Energy            Energy            Energy             Width          Fraction                               Sum   
         [MeV]             [MeV]             [MeV]              [MeV]

       6.47500E-06       6.50000E-06       6.48750E-06       2.50001E-08       0.00000E+00       0.00000E+00       0.00000E+00       0.00000E+00
       6.50000E-06       6.52500E-06       6.51250E-06       2.50001E-08       5.55215E-12       2.22085E-04       1.44633E-09       5.55215E-12
       6.52500E-06       6.55000E-06       6.53750E-06       2.50001E-08       5.57373E-12       2.22948E-04       1.45753E-09       1.11259E-11
       6.55000E-06       6.57500E-06       6.56250E-06       2.49996E-08       5.59476E-12       2.23794E-04       1.46865E-09       1.67206E-11
       6.57500E-06       6.60000E-06       6.58750E-06       2.50001E-08       5.61634E-12       2.24653E-04       1.47990E-09       2.23370E-11
       6.60000E-06       6.62500E-06       6.61250E-06       2.50001E-08       5.63736E-12       2.25494E-04       1.49108E-09       2.79743E-11
       6.62500E-06       6.65000E-06       6.63750E-06       2.50001E-08       5.65894E-12       2.26357E-04       1.50244E-09       3.36333E-11
       6.65000E-06       6.67500E-06       6.66250E-06       2.50001E-08       5.67997E-12       2.27198E-04       1.51371E-09       3.93133E-11
       6.67500E-06       6.70000E-06       6.68750E-06       2.49996E-08       5.70155E-12       2.28066E-04       1.52519E-09       4.50148E-11
       6.70000E-06       6.72500E-06       6.71250E-06       2.50001E-08       5.72258E-12       2.28902E-04       1.53651E-09       5.07374E-11
       6.72500E-06       6.75000E-06       6.73750E-06       2.50001E-08       5.74416E-12       2.29765E-04       1.54804E-09       5.64815E-11
       6.75000E-06       6.77500E-06       6.76250E-06       2.50001E-08       5.76518E-12       2.30606E-04       1.55948E-09       6.22467E-11
       6.77500E-06       6.80000E-06       6.78750E-06       2.50001E-08       5.78676E-12       2.31470E-04       1.57110E-09       6.80335E-11
       6.80000E-06       6.82500E-06       6.81250E-06       2.49996E-08       5.80779E-12       2.32315E-04       1.58265E-09       7.38413E-11
       6.82500E-06       6.85000E-06       6.83750E-06       2.50001E-08       5.82937E-12       2.33174E-04       1.59433E-09       7.96707E-11
       6.85000E-06       6.87500E-06       6.86250E-06       2.50001E-08       5.85040E-12       2.34015E-04       1.60593E-09       8.55211E-11
       6.87500E-06       6.90000E-06       6.88750E-06       2.50001E-08       5.87198E-12       2.34878E-04       1.61772E-09       9.13930E-11
       6.90000E-06       6.92500E-06       6.91250E-06       2.50001E-08       5.89300E-12       2.35719E-04       1.62941E-09       9.72860E-11
       6.92500E-06       6.95000E-06       6.93750E-06       2.49996E-08       5.91458E-12       2.36587E-04       1.64132E-09       1.03201E-10
       6.95000E-06       6.97500E-06       6.96250E-06       2.50001E-08       5.93561E-12       2.37424E-04       1.65306E-09       1.09136E-10
       6.97500E-06       7.00000E-06       6.98750E-06       2.50001E-08       5.95719E-12       2.38287E-04       1.66503E-09       1.15093E-10
       7.00000E-06       7.02500E-06       7.01250E-06       2.50001E-08       5.97822E-12       2.39128E-04       1.67688E-09       1.21072E-10
       7.02500E-06       7.05000E-06       7.03750E-06       2.50001E-08       5.99980E-12       2.39991E-04       1.68894E-09       1.27071E-10
       7.05000E-06       7.07500E-06       7.06250E-06       2.49996E-08       6.02082E-12       2.40837E-04       1.70091E-09       1.33092E-10
       7.07500E-06       7.10000E-06       7.08750E-06       2.50001E-08       6.04240E-12       2.41695E-04       1.71302E-09       1.39135E-10
       7.10000E-06       7.12500E-06       7.11250E-06       2.50001E-08       6.06398E-12       2.42558E-04       1.72520E-09       1.45199E-10
       7.12500E-06       7.15000E-06       7.13750E-06       2.50001E-08       6.08501E-12       2.43399E-04       1.73726E-09       1.51284E-10
       7.15000E-06       7.17500E-06       7.16250E-06       2.50001E-08       6.10659E-12       2.44263E-04       1.74953E-09       1.57390E-10
       7.17500E-06       7.20000E-06       7.18750E-06       2.49996E-08       6.12762E-12       2.45108E-04       1.76172E-09       1.63518E-10
       7.20000E-06       7.22500E-06       7.21250E-06       2.50001E-08       6.14920E-12       2.45967E-04       1.77404E-09       1.69667E-10
       7.22500E-06       7.25000E-06       7.23750E-06       2.50001E-08       6.17022E-12       2.46808E-04       1.78627E-09       1.75837E-10
       7.25000E-06       7.27500E-06       7.26250E-06       2.50001E-08       6.19180E-12       2.47671E-04       1.79871E-09       1.82029E-10
       7.27500E-06       7.30000E-06       7.28750E-06       2.50001E-08       6.21283E-12       2.48512E-04       1.81103E-09       1.88242E-10
       7.30000E-06       7.32500E-06       7.31250E-06       2.49996E-08       6.23441E-12       2.49380E-04       1.82359E-09       1.94476E-10
       7.32500E-06       7.35000E-06       7.33750E-06       2.50001E-08       6.25544E-12       2.50217E-04       1.83596E-09       2.00732E-10
       7.35000E-06       7.37500E-06       7.36250E-06       2.50001E-08       6.27702E-12       2.51080E-04       1.84857E-09       2.07009E-10
       7.37500E-06       7.40000E-06       7.38750E-06       2.50001E-08       6.29804E-12       2.51921E-04       1.86106E-09       2.13307E-10
       7.40000E-06       7.42500E-06       7.41250E-06       2.50001E-08       6.31962E-12       2.52784E-04       1.87376E-09       2.19626E-10
       7.42500E-06       7.45000E-06       7.43750E-06       2.49996E-08       6.34065E-12       2.53630E-04       1.88637E-09       2.25967E-10
       7.45000E-06       7.47500E-06       7.46250E-06       2.50001E-08       6.36223E-12       2.54488E-04       1.89912E-09       2.32329E-10
       7.47500E-06       7.50000E-06       7.48750E-06       2.50001E-08       6.38326E-12       2.55329E-04       1.91178E-09       2.38713E-10
       7.50000E-06       7.52500E-06       7.51250E-06       2.50001E-08       6.40484E-12       2.56193E-04       1.92465E-09       2.45117E-10
       7.52500E-06       7.55000E-06       7.53750E-06       2.50001E-08       6.42586E-12       2.57034E-04       1.93739E-09       2.51543E-10
       7.55000E-06       7.57500E-06       7.56250E-06       2.49996E-08       6.44744E-12       2.57902E-04       1.95038E-09       2.57991E-10
       7.57500E-06       7.60000E-06       7.58750E-06       2.50001E-08       6.46847E-12       2.58738E-04       1.96317E-09       2.64459E-10
       7.60000E-06       7.62500E-06       7.61250E-06       2.50001E-08       6.49005E-12       2.59601E-04       1.97621E-09       2.70949E-10
       7.62500E-06       7.65000E-06       7.63750E-06       2.50001E-08       6.51108E-12       2.60442E-04       1.98913E-09       2.77460E-10
       7.65000E-06       7.67500E-06       7.66250E-06       2.50001E-08       6.53266E-12       2.61305E-04       2.00225E-09       2.83993E-10
       7.67500E-06       7.70000E-06       7.68750E-06       2.49996E-08       6.55368E-12       2.62151E-04       2.01529E-09       2.90547E-10
       7.70000E-06       7.72500E-06       7.71250E-06       2.50001E-08       6.57527E-12       2.63010E-04       2.02846E-09       2.97122E-10
       7.72500E-06       7.75000E-06       7.73750E-06       2.50001E-08       6.59629E-12       2.63851E-04       2.04154E-09       3.03718E-10
       7.75000E-06       7.77500E-06       7.76250E-06       2.50001E-08       6.61787E-12       2.64714E-04       2.05484E-09       3.10336E-10
       7.77500E-06       7.80000E-06       7.78750E-06       2.50001E-08       6.63945E-12       2.65577E-04       2.06818E-09       3.16976E-10
       7.80000E-06       7.82500E-06       7.81250E-06       2.49996E-08       6.66048E-12       2.66423E-04       2.08143E-09       3.23636E-10
       7.82500E-06       7.85000E-06       7.83750E-06       2.50001E-08       6.68206E-12       2.67281E-04       2.09482E-09       3.30318E-10
       7.85000E-06       7.87500E-06       7.86250E-06       2.50001E-08       6.70309E-12       2.68122E-04       2.10811E-09       3.37021E-10
       7.87500E-06       7.90000E-06       7.88750E-06       2.50001E-08       6.72467E-12       2.68986E-04       2.12162E-09       3.43746E-10
       7.90000E-06       7.92500E-06       7.91250E-06       2.50001E-08       6.74569E-12       2.69827E-04       2.13500E-09       3.50492E-10
       7.92500E-06       7.95000E-06       7.93750E-06       2.49996E-08       6.76727E-12       2.70695E-04       2.14864E-09       3.57259E-10
       7.95000E-06       7.97500E-06       7.96250E-06       2.50001E-08       6.78830E-12       2.71531E-04       2.16206E-09       3.64047E-10
       7.97500E-06       8.00000E-06       7.98750E-06       2.50001E-08       6.80988E-12       2.72394E-04       2.17575E-09       3.70857E-10
       8.00000E-06       8.02500E-06       8.01250E-06       2.49996E-08       6.83091E-12       2.73240E-04       2.18934E-09       3.77688E-10
       8.02500E-06       8.05000E-06       8.03750E-06       2.50006E-08       6.85249E-12       2.74093E-04       2.20302E-09       3.84540E-10
       8.05000E-06       8.07500E-06       8.06250E-06       2.49996E-08       6.87351E-12       2.74945E-04       2.21674E-09       3.91414E-10
       8.07500E-06       8.10000E-06       8.08750E-06       2.50006E-08       6.89509E-12       2.75797E-04       2.23051E-09       3.98309E-10
       8.10000E-06       8.12500E-06       8.11250E-06       2.49996E-08       6.91612E-12       2.76649E-04       2.24431E-09       4.05225E-10
       8.12500E-06       8.15000E-06       8.13750E-06       2.49996E-08       6.93770E-12       2.77512E-04       2.25826E-09       4.12163E-10
       8.15000E-06       8.17500E-06       8.16250E-06       2.50006E-08       6.95872E-12       2.78343E-04       2.27197E-09       4.19122E-10
       8.17500E-06       8.20000E-06       8.18750E-06       2.49996E-08       6.98031E-12       2.79216E-04       2.28609E-09       4.26102E-10
       8.20000E-06       8.22500E-06       8.21250E-06       2.50006E-08       7.00133E-12       2.80047E-04       2.29989E-09       4.33103E-10
       8.22500E-06       8.25000E-06       8.23750E-06       2.49996E-08       7.02291E-12       2.80921E-04       2.31408E-09       4.40126E-10
       8.25000E-06       8.27500E-06       8.26250E-06       2.49996E-08       7.04394E-12       2.81762E-04       2.32806E-09       4.47170E-10
       8.27500E-06       8.30000E-06       8.28750E-06       2.50006E-08       7.06552E-12       2.82614E-04       2.34217E-09       4.54236E-10
       8.30000E-06       8.32500E-06       8.31250E-06       2.49996E-08       7.08654E-12       2.83466E-04       2.35631E-09       4.61322E-10
       8.32500E-06       8.35000E-06       8.33750E-06       2.50006E-08       7.10813E-12       2.84318E-04       2.37051E-09       4.68430E-10
       8.35000E-06       8.37500E-06       8.36250E-06       2.49996E-08       7.12915E-12       2.85170E-04       2.38474E-09       4.75559E-10
       8.37500E-06       8.40000E-06       8.38750E-06       2.49996E-08       7.15073E-12       2.86034E-04       2.39911E-09       4.82710E-10
       8.40000E-06       8.42500E-06       8.41250E-06       2.50006E-08       7.17176E-12       2.86864E-04       2.41324E-09       4.89882E-10
       8.42500E-06       8.45000E-06       8.43750E-06       2.49996E-08       7.19334E-12       2.87738E-04       2.42779E-09       4.97075E-10
       8.45000E-06       8.47500E-06       8.46250E-06       2.50006E-08       7.21492E-12       2.88590E-04       2.44219E-09       5.04290E-10
       8.47500E-06       8.50000E-06       8.48750E-06       2.49996E-08       7.23595E-12       2.89442E-04       2.45664E-09       5.11526E-10
       8.50000E-06       8.52500E-06       8.51250E-06       2.49996E-08       7.25752E-12       2.90305E-04       2.47122E-09       5.18784E-10
       8.52500E-06       8.55000E-06       8.53750E-06       2.50006E-08       7.27855E-12       2.91135E-04       2.48557E-09       5.26062E-10
       8.55000E-06       8.57500E-06       8.56250E-06       2.49996E-08       7.30013E-12       2.92010E-04       2.50033E-09       5.33362E-10
       8.57500E-06       8.60000E-06       8.58750E-06       2.50006E-08       7.32116E-12       2.92840E-04       2.51476E-09       5.40683E-10
       8.60000E-06       8.62500E-06       8.61250E-06       2.49996E-08       7.34274E-12       2.93714E-04       2.52961E-09       5.48026E-10
       8.62500E-06       8.65000E-06       8.63750E-06       2.49996E-08       7.36377E-12       2.94555E-04       2.54422E-09       5.55390E-10
       8.65000E-06       8.67500E-06       8.66250E-06       2.50006E-08       7.38535E-12       2.95407E-04       2.55896E-09       5.62775E-10
       8.67500E-06       8.70000E-06       8.68750E-06       2.49996E-08       7.40637E-12       2.96259E-04       2.57375E-09       5.70182E-10
       8.70000E-06       8.72500E-06       8.71250E-06       2.50006E-08       7.42795E-12       2.97111E-04       2.58858E-09       5.77610E-10
       8.72500E-06       8.75000E-06       8.73750E-06       2.49996E-08       7.44898E-12       2.97964E-04       2.60346E-09       5.85059E-10
       8.75000E-06       8.77500E-06       8.76250E-06       2.49996E-08       7.47056E-12       2.98827E-04       2.61847E-09       5.92529E-10
       8.77500E-06       8.80000E-06       8.78750E-06       2.50006E-08       7.49159E-12       2.99657E-04       2.63323E-09       6.00021E-10
       8.80000E-06       8.82500E-06       8.81250E-06       2.49996E-08       7.51317E-12       3.00531E-04       2.64843E-09       6.07534E-10
       8.82500E-06       8.85000E-06       8.83750E-06       2.50006E-08       7.53419E-12       3.01361E-04       2.66328E-09       6.15068E-10
       8.85000E-06       8.87500E-06       8.86250E-06       2.49996E-08       7.55577E-12       3.02235E-04       2.67856E-09       6.22624E-10
       8.87500E-06       8.90000E-06       8.88750E-06       2.49996E-08       7.57680E-12       3.03077E-04       2.69359E-09       6.30201E-10
       8.90000E-06       8.92500E-06       8.91250E-06       2.50006E-08       7.59838E-12       3.03928E-04       2.70876E-09       6.37799E-10
       8.92500E-06       8.95000E-06       8.93750E-06       2.49996E-08       7.61941E-12       3.04781E-04       2.72398E-09       6.45418E-10
       8.95000E-06       8.97500E-06       8.96250E-06       2.50006E-08       7.64099E-12       3.05632E-04       2.73923E-09       6.53059E-10
       8.97500E-06       9.00000E-06       8.98750E-06       2.49996E-08       7.66201E-12       3.06485E-04       2.75454E-09       6.60721E-10
       9.00000E-06       9.02500E-06       9.01250E-06       2.49996E-08       7.68359E-12       3.07348E-04       2.76998E-09       6.68405E-10
       9.02500E-06       9.05000E-06       9.03750E-06       2.50006E-08       7.70462E-12       3.08178E-04       2.78516E-09       6.76110E-10
       9.05000E-06       9.07500E-06       9.06250E-06       2.49996E-08       7.72620E-12       3.09053E-04       2.80079E-09       6.83836E-10
       9.07500E-06       9.10000E-06       9.08750E-06       2.50006E-08       7.74723E-12       3.09882E-04       2.81605E-09       6.91583E-10
       9.10000E-06       9.12500E-06       9.11250E-06       2.49996E-08       7.76881E-12       3.10757E-04       2.83177E-09       6.99352E-10
       9.12500E-06       9.15000E-06       9.13750E-06       2.49996E-08       7.78983E-12       3.11598E-04       2.84723E-09       7.07142E-10
       9.15000E-06       9.17500E-06       9.16250E-06       2.50006E-08       7.81141E-12       3.12449E-04       2.86282E-09       7.14953E-10
       9.17500E-06       9.20000E-06       9.18750E-06       2.49996E-08       7.83299E-12       3.13324E-04       2.87867E-09       7.22786E-10
       9.20000E-06       9.22500E-06       9.21250E-06       2.50006E-08       7.85402E-12       3.14154E-04       2.89414E-09       7.30640E-10
       9.22500E-06       9.25000E-06       9.23750E-06       2.49996E-08       7.87560E-12       3.15029E-04       2.91008E-09       7.38516E-10
       9.25000E-06       9.27500E-06       9.26250E-06       2.49996E-08       7.89663E-12       3.15870E-04       2.92574E-09       7.46412E-10
       9.27500E-06       9.30000E-06       9.28750E-06       2.50006E-08       7.91821E-12       3.16721E-04       2.94155E-09       7.54331E-10
       9.30000E-06       9.32500E-06       9.31250E-06       2.49996E-08       7.93923E-12       3.17574E-04       2.95741E-09       7.62270E-10
       9.32500E-06       9.35000E-06       9.33750E-06       2.50006E-08       7.96081E-12       3.18425E-04       2.97330E-09       7.70231E-10
       9.35000E-06       9.37500E-06       9.36250E-06       2.49996E-08       7.98184E-12       3.19278E-04       2.98924E-09       7.78212E-10
       9.37500E-06       9.40000E-06       9.38750E-06       2.49996E-08       8.00342E-12       3.20142E-04       3.00533E-09       7.86216E-10
       9.40000E-06       9.42500E-06       9.41250E-06       2.50006E-08       8.02445E-12       3.20970E-04       3.02113E-09       7.94240E-10
       9.42500E-06       9.45000E-06       9.43750E-06       2.49996E-08       8.04603E-12       3.21846E-04       3.03742E-09       8.02286E-10
       9.45000E-06       9.47500E-06       9.46250E-06       2.50006E-08       8.06705E-12       3.22675E-04       3.05331E-09       8.10353E-10
       9.47500E-06       9.50000E-06       9.48750E-06       2.49996E-08       8.08863E-12       3.23550E-04       3.06968E-09       8.18442E-10
       9.50000E-06       9.52500E-06       9.51250E-06       2.49996E-08       8.10966E-12       3.24391E-04       3.08577E-09       8.26552E-10
       9.52500E-06       9.55000E-06       9.53750E-06       2.50006E-08       8.13124E-12       3.25242E-04       3.10200E-09       8.34683E-10
       9.55000E-06       9.57500E-06       9.56250E-06       2.49996E-08       8.15227E-12       3.26096E-04       3.11829E-09       8.42835E-10
       9.57500E-06       9.60000E-06       9.58750E-06       2.50006E-08       8.17385E-12       3.26946E-04       3.13460E-09       8.51009E-10
       9.60000E-06       9.62500E-06       9.61250E-06       2.49996E-08       8.19487E-12       3.27800E-04       3.15098E-09       8.59204E-10
       9.62500E-06       9.65000E-06       9.63750E-06       2.49996E-08       8.21645E-12       3.28663E-04       3.16749E-09       8.67420E-10
       9.65000E-06       9.67500E-06       9.66250E-06       2.50006E-08       8.23748E-12       3.29492E-04       3.18371E-09       8.75658E-10
       9.67500E-06       9.70000E-06       9.68750E-06       2.49996E-08       8.25906E-12       3.30367E-04       3.20043E-09       8.83917E-10
       9.70000E-06       9.72500E-06       9.71250E-06       2.50006E-08       8.28009E-12       3.31196E-04       3.21674E-09       8.92197E-10
       9.72500E-06       9.75000E-06       9.73750E-06       2.49996E-08       8.30167E-12       3.32072E-04       3.23355E-09       9.00499E-10
       9.75000E-06       9.77500E-06       9.76250E-06       2.49996E-08       8.32269E-12       3.32913E-04       3.25006E-09       9.08821E-10
       9.77500E-06       9.80000E-06       9.78750E-06       2.50006E-08       8.34427E-12       3.33763E-04       3.26671E-09       9.17166E-10
       9.80000E-06       9.82500E-06       9.81250E-06       2.49996E-08       8.36530E-12       3.34617E-04       3.28343E-09       9.25531E-10
       9.82500E-06       9.85000E-06       9.83750E-06       2.50006E-08       8.38688E-12       3.35468E-04       3.30016E-09       9.33918E-10
       9.85000E-06       9.87500E-06       9.86250E-06       2.49996E-08       8.40846E-12       3.36344E-04       3.31719E-09       9.42326E-10
       9.87500E-06       9.90000E-06       9.88750E-06       2.49996E-08       8.42949E-12       3.37185E-04       3.33391E-09       9.50756E-10
       9.90000E-06       9.92500E-06       9.91250E-06       2.50006E-08       8.45107E-12       3.38035E-04       3.35077E-09       9.59207E-10
       9.92500E-06       9.95000E-06       9.93750E-06       2.49996E-08       8.47209E-12       3.38889E-04       3.36771E-09       9.67679E-10
       9.95000E-06       9.97500E-06       9.96250E-06       2.50006E-08       8.49367E-12       3.39739E-04       3.38465E-09       9.76173E-10
       9.97500E-06       1.00000E-05       9.98750E-06       2.49996E-08       8.51470E-12       3.40593E-04       3.40167E-09       9.84687E-10
       1.00000E-05       1.04713E-05       1.02356E-05       4.71300E-07       1.64506E-10       3.49047E-04       3.57273E-09       1.14919E-09
       1.04713E-05       1.09648E-05       1.07180E-05       4.93500E-07       1.80370E-10       3.65492E-04       3.91736E-09       1.32956E-09
       1.09648E-05       1.14815E-05       1.12232E-05       5.16700E-07       1.97778E-10       3.82772E-04       4.29590E-09       1.52734E-09
       1.14815E-05       1.20226E-05       1.17521E-05       5.41101E-07       2.16857E-10       4.00770E-04       4.70987E-09       1.74420E-09
       1.20226E-05       1.25892E-05       1.23059E-05       5.66600E-07       2.37779E-10       4.19659E-04       5.16428E-09       1.98198E-09
       1.25892E-05       1.31826E-05       1.28859E-05       5.93400E-07       2.60725E-10       4.39375E-04       5.66175E-09       2.24270E-09
       1.31826E-05       1.38038E-05       1.34932E-05       6.21200E-07       2.85874E-10       4.60197E-04       6.20953E-09       2.52858E-09
       1.38038E-05       1.44544E-05       1.41291E-05       6.50600E-07       3.13458E-10       4.81798E-04       6.80737E-09       2.84203E-09
       1.44544E-05       1.51356E-05       1.47950E-05       6.81200E-07       3.43692E-10       5.04539E-04       7.46466E-09       3.18573E-09
       1.51356E-05       1.58489E-05       1.54922E-05       7.13300E-07       3.76853E-10       5.28324E-04       8.18493E-09       3.56258E-09
       1.58489E-05       1.65959E-05       1.62224E-05       7.47000E-07       4.13213E-10       5.53164E-04       8.97364E-09       3.97579E-09
       1.65959E-05       1.73780E-05       1.69869E-05       7.82101E-07       4.53081E-10       5.79313E-04       9.84075E-09       4.42887E-09
       1.73780E-05       1.81970E-05       1.77875E-05       8.19000E-07       4.96794E-10       6.06586E-04       1.07896E-08       4.92567E-09
       1.81970E-05       1.90546E-05       1.86258E-05       8.57599E-07       5.44724E-10       6.35173E-04       1.18306E-08       5.47039E-09
       1.90546E-05       1.99526E-05       1.95036E-05       8.98001E-07       5.97268E-10       6.65109E-04       1.29720E-08       6.06766E-09
       1.99526E-05       2.08930E-05       2.04228E-05       9.40399E-07       6.54926E-10       6.96434E-04       1.42231E-08       6.72259E-09
       2.08930E-05       2.18776E-05       2.13853E-05       9.84600E-07       7.18061E-10       7.29292E-04       1.55961E-08       7.44065E-09
       2.18776E-05       2.29087E-05       2.23932E-05       1.03110E-06       7.87339E-10       7.63590E-04       1.70992E-08       8.22799E-09
       2.29087E-05       2.39883E-05       2.34485E-05       1.07960E-06       8.63311E-10       7.99659E-04       1.87508E-08       9.09130E-09
       2.39883E-05       2.51189E-05       2.45536E-05       1.13060E-06       9.46588E-10       8.37244E-04       2.05574E-08       1.00379E-08
       2.51189E-05       2.63027E-05       2.57108E-05       1.18380E-06       1.03794E-09       8.76790E-04       2.25430E-08       1.10758E-08
       2.63027E-05       2.75423E-05       2.69225E-05       1.23960E-06       1.13810E-09       9.18117E-04       2.47180E-08       1.22139E-08
       2.75423E-05       2.88403E-05       2.81913E-05       1.29800E-06       1.24788E-09       9.61385E-04       2.71027E-08       1.34618E-08
       2.88403E-05       3.01995E-05       2.95199E-05       1.35920E-06       1.36828E-09       1.00668E-03       2.97172E-08       1.48301E-08
       3.01995E-05       3.16228E-05       3.09111E-05       1.42330E-06       1.50031E-09       1.05410E-03       3.25836E-08       1.63304E-08
       3.16228E-05       3.31131E-05       3.23679E-05       1.49030E-06       1.64501E-09       1.10381E-03       3.57281E-08       1.79754E-08
       3.31131E-05       3.46737E-05       3.38934E-05       1.56060E-06       1.80376E-09       1.15581E-03       3.91743E-08       1.97792E-08
       3.46737E-05       3.63078E-05       3.54907E-05       1.63410E-06       1.97778E-09       1.21032E-03       4.29551E-08       2.17569E-08
       3.63078E-05       3.80189E-05       3.71634E-05       1.71110E-06       2.16857E-09       1.26735E-03       4.70991E-08       2.39255E-08
       3.80189E-05       3.98107E-05       3.89148E-05       1.79180E-06       2.36938E-09       1.32235E-03       5.14588E-08       2.62949E-08
       3.98107E-05       4.16869E-05       4.07488E-05       1.87620E-06       2.54135E-09       1.35452E-03       5.51950E-08       2.88362E-08
       4.16869E-05       4.36516E-05       4.26692E-05       1.96470E-06       2.71897E-09       1.38391E-03       5.90505E-08       3.15552E-08
       4.36516E-05       4.57088E-05       4.46802E-05       2.05720E-06       2.91054E-09       1.41480E-03       6.32137E-08       3.44657E-08
       4.57088E-05       4.78630E-05       4.67859E-05       2.15420E-06       3.11726E-09       1.44706E-03       6.77022E-08       3.75830E-08
       4.78630E-05       5.01187E-05       4.89908E-05       2.25570E-06       3.34042E-09       1.48088E-03       7.25496E-08       4.09234E-08
       5.01187E-05       5.24808E-05       5.12998E-05       2.36210E-06       3.58145E-09       1.51621E-03       7.77814E-08       4.45049E-08
       5.24808E-05       5.49541E-05       5.37174E-05       2.47330E-06       3.84191E-09       1.55335E-03       8.34421E-08       4.83468E-08
       5.49541E-05       5.75440E-05       5.62490E-05       2.58990E-06       4.12350E-09       1.59215E-03       8.95568E-08       5.24703E-08
       5.75440E-05       6.02560E-05       5.89000E-05       2.71200E-06       4.42346E-09       1.63107E-03       9.60699E-08       5.68937E-08
       6.02560E-05       6.30957E-05       6.16758E-05       2.83970E-06       4.73466E-09       1.66731E-03       1.02833E-07       6.16284E-08
       6.30957E-05       6.60693E-05       6.45825E-05       2.97360E-06       5.06953E-09       1.70485E-03       1.10103E-07       6.66979E-08
       6.60693E-05       6.91831E-05       6.76262E-05       3.11380E-06       5.43097E-09       1.74416E-03       1.17951E-07       7.21289E-08
       6.91831E-05       7.24436E-05       7.08134E-05       3.26051E-06       5.82118E-09       1.78536E-03       1.26427E-07       7.79501E-08
       7.24436E-05       7.58578E-05       7.41507E-05       3.41420E-06       6.24282E-09       1.82849E-03       1.35584E-07       8.41929E-08
       7.58578E-05       7.94328E-05       7.76453E-05       3.57500E-06       6.69545E-09       1.87285E-03       1.45418E-07       9.08883E-08
       7.94328E-05       8.31764E-05       8.13046E-05       3.74360E-06       7.16362E-09       1.91357E-03       1.55582E-07       9.80520E-08
       8.31764E-05       8.70964E-05       8.51364E-05       3.92000E-06       7.66411E-09       1.95513E-03       1.66453E-07       1.05716E-07
       8.70964E-05       9.12011E-05       8.91488E-05       4.10471E-06       8.20384E-09       1.99864E-03       1.78176E-07       1.13920E-07
       9.12011E-05       9.54993E-05       9.33502E-05       4.29820E-06       8.78633E-09       2.04419E-03       1.90826E-07       1.22706E-07
       9.54993E-05       1.00000E-04       9.77497E-05       4.50070E-06       9.41508E-09       2.09191E-03       2.04484E-07       1.32121E-07
       1.00000E-04       1.04713E-04       1.02356E-04       4.71300E-06       1.00943E-08       2.14180E-03       2.19227E-07       1.42216E-07
       1.04713E-04       1.09648E-04       1.07181E-04       4.93501E-06       1.08279E-08       2.19410E-03       2.35165E-07       1.53044E-07
       1.09648E-04       1.14815E-04       1.12232E-04       5.16700E-06       1.16215E-08       2.24918E-03       2.52429E-07       1.64665E-07
       1.14815E-04       1.20226E-04       1.17520E-04       5.41100E-06       1.24680E-08       2.30420E-03       2.70790E-07       1.77133E-07
       1.20226E-04       1.25892E-04       1.23059E-04       5.66600E-06       1.33459E-08       2.35544E-03       2.89858E-07       1.90479E-07
       1.25892E-04       1.31826E-04       1.28859E-04       5.93401E-06       1.42896E-08       2.40809E-03       3.10304E-07       2.04769E-07
       1.31826E-04       1.38038E-04       1.34932E-04       6.21199E-06       1.53077E-08       2.46422E-03       3.32502E-07       2.20076E-07
       1.38038E-04       1.44544E-04       1.41291E-04       6.50601E-06       1.64076E-08       2.52192E-03       3.56324E-07       2.36484E-07
       1.44544E-04       1.51356E-04       1.47950E-04       6.81200E-06       1.75953E-08       2.58299E-03       3.82154E-07       2.54079E-07
       1.51356E-04       1.58489E-04       1.54922E-04       7.13300E-06       1.88726E-08       2.64581E-03       4.09896E-07       2.72952E-07
       1.58489E-04       1.65959E-04       1.62224E-04       7.47000E-06       2.01941E-08       2.70336E-03       4.38549E-07       2.93146E-07
       1.65959E-04       1.73780E-04       1.69870E-04       7.82100E-06       2.16044E-08       2.76235E-03       4.69240E-07       3.14750E-07
       1.73780E-04       1.81970E-04       1.77875E-04       8.19000E-06       2.31254E-08       2.82362E-03       5.02251E-07       3.37876E-07
       1.81970E-04       1.90546E-04       1.86258E-04       8.57600E-06       2.47668E-08       2.88792E-03       5.37897E-07       3.62642E-07
       1.90546E-04       1.99526E-04       1.95036E-04       8.98000E-06       2.65383E-08       2.95527E-03       5.76384E-07       3.89181E-07
       1.99526E-04       2.08930E-04       2.04228E-04       9.40399E-06       2.84523E-08       3.02555E-03       6.17902E-07       4.17633E-07
       2.08930E-04       2.18776E-04       2.13853E-04       9.84601E-06       3.05202E-08       3.09975E-03       6.62891E-07       4.48153E-07
       2.18776E-04       2.29087E-04       2.23932E-04       1.03110E-05       3.27554E-08       3.17674E-03       7.11372E-07       4.80909E-07
       2.29087E-04       2.39883E-04       2.34485E-04       1.07960E-05       3.51460E-08       3.25547E-03       7.63358E-07       5.16055E-07
       2.39883E-04       2.51189E-04       2.45536E-04       1.13060E-05       3.76222E-08       3.32763E-03       8.17052E-07       5.53677E-07
       2.51189E-04       2.63027E-04       2.57108E-04       1.18380E-05       4.02816E-08       3.40274E-03       8.74871E-07       5.93958E-07
       2.63027E-04       2.75423E-04       2.69225E-04       1.23960E-05       4.31515E-08       3.48108E-03       9.37195E-07       6.37110E-07
       2.75423E-04       2.88403E-04       2.81913E-04       1.29800E-05       4.62504E-08       3.56320E-03       1.00451E-06       6.83360E-07
       2.88403E-04       3.01995E-04       2.95199E-04       1.35920E-05       4.95980E-08       3.64906E-03       1.07720E-06       7.32958E-07
       3.01995E-04       3.16228E-04       3.09111E-04       1.42330E-05       5.32078E-08       3.73834E-03       1.15556E-06       7.86166E-07
       3.16228E-04       3.31131E-04       3.23680E-04       1.49030E-05       5.70183E-08       3.82596E-03       1.23838E-06       8.43184E-07
       3.31131E-04       3.46737E-04       3.38934E-04       1.56060E-05       6.11063E-08       3.91557E-03       1.32712E-06       9.04291E-07
       3.46737E-04       3.63078E-04       3.54908E-04       1.63410E-05       6.55219E-08       4.00966E-03       1.42306E-06       9.69813E-07
       3.63078E-04       3.80189E-04       3.71634E-04       1.71110E-05       7.02939E-08       4.10811E-03       1.52671E-06       1.04011E-06
       3.80189E-04       3.98107E-04       3.89148E-04       1.79180E-05       7.54531E-08       4.21103E-03       1.63871E-06       1.11556E-06
       3.98107E-04       4.16869E-04       4.07488E-04       1.87620E-05       8.10341E-08       4.31905E-03       1.75996E-06       1.19659E-06
       4.16869E-04       4.36516E-04       4.26692E-04       1.96470E-05       8.70726E-08       4.43185E-03       1.89104E-06       1.28367E-06
       4.36516E-04       4.57088E-04       4.46802E-04       2.05720E-05       9.36108E-08       4.55039E-03       2.03312E-06       1.37728E-06
       4.57088E-04       4.78630E-04       4.67859E-04       2.15420E-05       1.00631E-07       4.67139E-03       2.18555E-06       1.47791E-06
       4.78630E-04       5.01187E-04       4.89909E-04       2.25570E-05       1.07940E-07       4.78521E-03       2.34431E-06       1.58585E-06
       5.01187E-04       5.24808E-04       5.12998E-04       2.36210E-05       1.15798E-07       4.90235E-03       2.51490E-06       1.70165E-06
       5.24808E-04       5.49541E-04       5.37175E-04       2.47330E-05       1.24293E-07       5.02539E-03       2.69951E-06       1.82594E-06
       5.49541E-04       5.75440E-04       5.62491E-04       2.58990E-05       1.33482E-07       5.15394E-03       2.89904E-06       1.95942E-06
       5.75440E-04       6.02560E-04       5.89000E-04       2.71200E-05       1.43426E-07       5.28856E-03       3.11496E-06       2.10285E-06
       6.02560E-04       6.30957E-04       6.16758E-04       2.83970E-05       1.54154E-07       5.42853E-03       3.34809E-06       2.25700E-06
       6.30957E-04       6.60693E-04       6.45825E-04       2.97360E-05       1.65270E-07       5.55790E-03       3.58943E-06       2.42227E-06
       6.60693E-04       6.91831E-04       6.76262E-04       3.11380E-05       1.77098E-07       5.68753E-03       3.84626E-06       2.59937E-06
       6.91831E-04       7.24436E-04       7.08133E-04       3.26050E-05       1.89874E-07       5.82346E-03       4.12378E-06       2.78924E-06
       7.24436E-04       7.58578E-04       7.41507E-04       3.41420E-05       2.03678E-07       5.96562E-03       4.42355E-06       2.99292E-06
       7.58578E-04       7.94328E-04       7.76453E-04       3.57500E-05       2.18602E-07       6.11475E-03       4.74781E-06       3.21152E-06
       7.94328E-04       8.31764E-04       8.13046E-04       3.74360E-05       2.34744E-07       6.27055E-03       5.09824E-06       3.44627E-06
       8.31764E-04       8.70964E-04       8.51364E-04       3.92000E-05       2.52209E-07       6.43390E-03       5.47759E-06       3.69848E-06
       8.70964E-04       9.12011E-04       8.91487E-04       4.10470E-05       2.71115E-07       6.60498E-03       5.88826E-06       3.96959E-06
       9.12011E-04       9.54993E-04       9.33502E-04       4.29820E-05       2.91423E-07       6.78012E-03       6.32926E-06       4.26101E-06
       9.54993E-04       1.00000E-03       9.77497E-04       4.50070E-05       3.12437E-07       6.94195E-03       6.78573E-06       4.57345E-06
       1.00000E-03       1.04713E-03       1.02356E-03       4.71300E-05       3.34968E-07       7.10731E-03       7.27480E-06       4.90842E-06
       1.04713E-03       1.09648E-03       1.07180E-03       4.93500E-05       3.59303E-07       7.28071E-03       7.80350E-06       5.26772E-06
       1.09648E-03       1.14815E-03       1.12231E-03       5.16700E-05       3.85628E-07       7.46327E-03       8.37614E-06       5.65335E-06
       1.14815E-03       1.20226E-03       1.17520E-03       5.41100E-05       4.14078E-07       7.65252E-03       8.99328E-06       6.06743E-06
       1.20226E-03       1.25892E-03       1.23059E-03       5.66600E-05       4.44806E-07       7.85044E-03       9.66067E-06       6.51223E-06
       1.25892E-03       1.31826E-03       1.28859E-03       5.93400E-05       4.76694E-07       8.03327E-03       1.03516E-05       6.98893E-06
       1.31826E-03       1.38038E-03       1.34932E-03       6.21200E-05       4.01101E-06       6.45687E-02       8.71238E-05       1.09999E-05
       1.38038E-03       1.44544E-03       1.41291E-03       6.50599E-05       3.41504E-05       5.24907E-01       7.41646E-04       4.51504E-05
       1.44544E-03       1.51356E-03       1.47950E-03       6.81201E-05       3.57512E-05       5.24826E-01       7.76480E-04       8.09016E-05
       1.51356E-03       1.58489E-03       1.54923E-03       7.13300E-05       3.74221E-05       5.24633E-01       8.12775E-04       1.18324E-04
       1.58489E-03       1.65959E-03       1.62224E-03       7.47000E-05       3.91764E-05       5.24450E-01       8.50783E-04       1.57500E-04
       1.65959E-03       1.73780E-03       1.69870E-03       7.82101E-05       4.10011E-05       5.24244E-01       8.90530E-04       1.98501E-04
       1.73780E-03       1.81970E-03       1.77875E-03       8.18999E-05       4.29234E-05       5.24096E-01       9.32236E-04       2.41425E-04
       1.81970E-03       1.90546E-03       1.86258E-03       8.57600E-05       4.49165E-05       5.23746E-01       9.75520E-04       2.86341E-04
       1.90546E-03       1.99526E-03       1.95036E-03       8.98001E-05       4.70184E-05       5.23589E-01       1.02119E-03       3.33359E-04
       1.99526E-03       2.08930E-03       2.04228E-03       9.40400E-05       4.92045E-05       5.23229E-01       1.06858E-03       3.82564E-04
       2.08930E-03       2.18776E-03       2.13853E-03       9.84600E-05       5.14893E-05       5.22947E-01       1.11834E-03       4.34053E-04
       2.18776E-03       2.29087E-03       2.23932E-03       1.03110E-04       5.38997E-05       5.22740E-01       1.17058E-03       4.87953E-04
       2.29087E-03       2.39883E-03       2.34485E-03       1.07960E-04       5.63963E-05       5.22382E-01       1.22491E-03       5.44349E-04
       2.39883E-03       2.51189E-03       2.45536E-03       1.13060E-04       5.90061E-05       5.21902E-01       1.28146E-03       6.03355E-04
       2.51189E-03       2.63027E-03       2.57108E-03       1.18380E-04       6.17532E-05       5.21651E-01       1.34121E-03       6.65109E-04
       2.63027E-03       2.75423E-03       2.69225E-03       1.23960E-04       6.46118E-05       5.21232E-01       1.40329E-03       7.29720E-04
       2.75423E-03       2.88403E-03       2.81913E-03       1.29800E-04       6.76121E-05       5.20894E-01       1.46847E-03       7.97332E-04
       2.88403E-03       3.01995E-03       2.95199E-03       1.35920E-04       7.07268E-05       5.20357E-01       1.53609E-03       8.68059E-04
       3.01995E-03       3.16228E-03       3.09112E-03       1.42330E-04       7.39845E-05       5.19809E-01       1.60679E-03       9.42044E-04
       3.16228E-03       3.31131E-03       3.23679E-03       1.49030E-04       7.74119E-05       5.19438E-01       1.68132E-03       1.01946E-03
       3.31131E-03       3.46737E-03       3.38934E-03       1.56060E-04       8.09833E-05       5.18924E-01       1.75881E-03       1.10044E-03
       3.46737E-03       3.63078E-03       3.54907E-03       1.63410E-04       8.47135E-05       5.18411E-01       1.83988E-03       1.18515E-03
       3.63078E-03       3.80189E-03       3.71633E-03       1.71110E-04       8.86014E-05       5.17804E-01       1.92433E-03       1.27375E-03
       3.80189E-03       3.98107E-03       3.89148E-03       1.79180E-04       9.26763E-05       5.17224E-01       2.01277E-03       1.36643E-03
       3.98107E-03       4.16869E-03       4.07488E-03       1.87620E-04       9.69077E-05       5.16511E-01       2.10472E-03       1.46334E-03
       4.16869E-03       4.36516E-03       4.26693E-03       1.96470E-04       1.01326E-04       5.15734E-01       2.20060E-03       1.56466E-03
       4.36516E-03       4.57088E-03       4.46802E-03       2.05720E-04       1.05946E-04       5.15001E-01       2.30104E-03       1.67061E-03
       4.57088E-03       4.78630E-03       4.67859E-03       2.15420E-04       1.10768E-04       5.14195E-01       2.40571E-03       1.78138E-03
       4.78630E-03       5.01187E-03       4.89909E-03       2.25570E-04       1.15794E-04       5.13339E-01       2.51489E-03       1.89717E-03
       5.01187E-03       5.24807E-03       5.12997E-03       2.36200E-04       1.21057E-04       5.12519E-01       2.62920E-03       2.01823E-03
       5.24807E-03       5.49541E-03       5.37174E-03       2.47340E-04       1.26520E-04       5.11522E-01       2.74776E-03       2.14475E-03
       5.49541E-03       5.75440E-03       5.62491E-03       2.58990E-04       1.32230E-04       5.10560E-01       2.87185E-03       2.27698E-03
       5.75440E-03       6.02560E-03       5.89000E-03       2.71200E-04       1.38188E-04       5.09542E-01       3.00120E-03       2.41517E-03
       6.02560E-03       6.30957E-03       6.16759E-03       2.83970E-04       1.44383E-04       5.08445E-01       3.13588E-03       2.55955E-03
       6.30957E-03       6.60693E-03       6.45825E-03       2.97360E-04       1.50857E-04       5.07319E-01       3.27639E-03       2.71041E-03
       6.60693E-03       6.91831E-03       6.76262E-03       3.11380E-04       1.57611E-04       5.06169E-01       3.42303E-03       2.86802E-03
       6.91831E-03       7.24436E-03       7.08133E-03       3.26050E-04       1.64649E-04       5.04981E-01       3.57594E-03       3.03267E-03
       7.24436E-03       7.58578E-03       7.41507E-03       3.41420E-04       1.71985E-04       5.03733E-01       3.73522E-03       3.20465E-03
       7.58578E-03       7.94328E-03       7.76453E-03       3.57500E-04       1.79603E-04       5.02387E-01       3.90080E-03       3.38425E-03
       7.94328E-03       8.31764E-03       8.13046E-03       3.74360E-04       1.87545E-04       5.00975E-01       4.07316E-03       3.57180E-03
       8.31764E-03       8.70964E-03       8.51364E-03       3.92000E-04       1.95804E-04       4.99500E-01       4.25257E-03       3.76760E-03
       8.70964E-03       9.12011E-03       8.91487E-03       4.10471E-04       2.04411E-04       4.97993E-01       4.43954E-03       3.97201E-03
       9.12011E-03       9.54993E-03       9.33502E-03       4.29819E-04       2.13369E-04       4.96415E-01       4.63405E-03       4.18538E-03
       9.54993E-03       1.00000E-02       9.77496E-03       4.50070E-04       2.23702E-04       4.97038E-01       4.85853E-03       4.40909E-03
       1.00000E-02       1.04713E-02       1.02357E-02       4.71300E-04       2.47885E-04       5.25960E-01       5.38354E-03       4.65697E-03
       1.04713E-02       1.09648E-02       1.07180E-02       4.93500E-04       2.59473E-04       5.25781E-01       5.63535E-03       4.91644E-03
       1.09648E-02       1.14815E-02       1.12232E-02       5.16700E-04       2.70700E-04       5.23902E-01       5.87983E-03       5.18714E-03
       1.14815E-02       1.20226E-02       1.17521E-02       5.41100E-04       2.82408E-04       5.21914E-01       6.13356E-03       5.46955E-03
       1.20226E-02       1.25892E-02       1.23059E-02       5.66601E-04       2.94592E-04       5.19929E-01       6.39820E-03       5.76414E-03
       1.25892E-02       1.31826E-02       1.28859E-02       5.93399E-04       3.07208E-04       5.17709E-01       6.67115E-03       6.07135E-03
       1.31826E-02       1.38038E-02       1.34932E-02       6.21200E-04       3.20311E-04       5.15633E-01       6.95754E-03       6.39166E-03
       1.38038E-02       1.44544E-02       1.41291E-02       6.50601E-04       3.33939E-04       5.13278E-01       7.25216E-03       6.72560E-03
       1.44544E-02       1.51356E-02       1.47950E-02       6.81199E-04       3.48069E-04       5.10966E-01       7.55974E-03       7.07367E-03
       1.51356E-02       1.58489E-02       1.54923E-02       7.13301E-04       3.62691E-04       5.08469E-01       7.87733E-03       7.43636E-03
       1.58489E-02       1.65959E-02       1.62224E-02       7.47000E-04       3.77819E-04       5.05782E-01       8.20500E-03       7.81418E-03
       1.65959E-02       1.73780E-02       1.69870E-02       7.82100E-04       3.93534E-04       5.03176E-01       8.54743E-03       8.20772E-03
       1.73780E-02       1.81970E-02       1.77875E-02       8.19000E-04       4.09811E-04       5.00379E-01       8.90050E-03       8.61753E-03
       1.81970E-02       1.90546E-02       1.86258E-02       8.57600E-04       4.26712E-04       4.97565E-01       9.26755E-03       9.04424E-03
       1.90546E-02       1.99526E-02       1.95036E-02       8.98000E-04       4.44323E-04       4.94792E-01       9.65023E-03       9.48856E-03
       1.99526E-02       2.08930E-02       2.04228E-02       9.40400E-04       4.62472E-04       4.91782E-01       1.00436E-02       9.95103E-03
       2.08930E-02       2.18776E-02       2.13853E-02       9.84600E-04       4.81116E-04       4.88642E-01       1.04498E-02       1.04321E-02
       2.18776E-02       2.29087E-02       2.23931E-02       1.03110E-03       5.00493E-04       4.85397E-01       1.08696E-02       1.09326E-02
       2.29087E-02       2.39883E-02       2.34485E-02       1.07960E-03       5.31559E-04       4.92366E-01       1.15452E-02       1.14642E-02
       2.39883E-02       2.51189E-02       2.45536E-02       1.13060E-03       5.93545E-04       5.24982E-01       1.28902E-02       1.20577E-02
       2.51189E-02       2.63027E-02       2.57108E-02       1.18380E-03       6.17829E-04       5.21903E-01       1.34186E-02       1.26756E-02
       2.63027E-02       2.75423E-02       2.69225E-02       1.23960E-03       6.43011E-04       5.18724E-01       1.39653E-02       1.33186E-02
       2.75423E-02       2.88403E-02       2.81913E-02       1.29800E-03       6.71292E-04       5.17174E-01       1.45798E-02       1.39899E-02
       2.88403E-02       3.01995E-02       2.95199E-02       1.35920E-03       6.99478E-04       5.14625E-01       1.51917E-02       1.46894E-02
       3.01995E-02       3.16228E-02       3.09112E-02       1.42330E-03       7.27631E-04       5.11228E-01       1.58026E-02       1.54170E-02
       3.16228E-02       3.31131E-02       3.23680E-02       1.49030E-03       7.57473E-04       5.08269E-01       1.64516E-02       1.61745E-02
       3.31131E-02       3.46737E-02       3.38934E-02       1.56060E-03       7.88998E-04       5.05574E-01       1.71356E-02       1.69635E-02
       3.46737E-02       3.63078E-02       3.54908E-02       1.63410E-03       8.20933E-04       5.02376E-01       1.78297E-02       1.77844E-02
       3.63078E-02       3.80189E-02       3.71633E-02       1.71110E-03       8.55300E-04       4.99854E-01       1.85763E-02       1.86397E-02
       3.80189E-02       3.98107E-02       3.89148E-02       1.79180E-03       8.89551E-04       4.96457E-01       1.93195E-02       1.95292E-02
       3.98107E-02       4.16869E-02       4.07488E-02       1.87620E-03       9.24579E-04       4.92794E-01       2.00807E-02       2.04538E-02
       4.16869E-02       4.36516E-02       4.26693E-02       1.96470E-03       9.60708E-04       4.88984E-01       2.08646E-02       2.14145E-02
       4.36516E-02       4.57088E-02       4.46802E-02       2.05720E-03       9.98231E-04       4.85238E-01       2.16805E-02       2.24128E-02
       4.57088E-02       4.78630E-02       4.67859E-02       2.15420E-03       1.03723E-03       4.81494E-01       2.25271E-02       2.34500E-02
       4.78630E-02       5.01187E-02       4.89908E-02       2.25570E-03       1.07778E-03       4.77801E-01       2.34079E-02       2.45278E-02
       5.01187E-02       5.24808E-02       5.12998E-02       2.36210E-03       1.12002E-03       4.74163E-01       2.43244E-02       2.56478E-02
       5.24808E-02       5.49541E-02       5.37174E-02       2.47330E-03       1.16404E-03       4.70641E-01       2.52816E-02       2.68118E-02
       5.49541E-02       5.75440E-02       5.62491E-02       2.58990E-03       1.20993E-03       4.67173E-01       2.62780E-02       2.80218E-02
       5.75440E-02       6.02560E-02       5.89000E-02       2.71200E-03       1.25787E-03       4.63816E-01       2.73187E-02       2.92796E-02
       6.02560E-02       6.30957E-02       6.16758E-02       2.83970E-03       1.30761E-03       4.60476E-01       2.84002E-02       3.05872E-02
       6.30957E-02       6.60693E-02       6.45825E-02       2.97360E-03       1.35950E-03       4.57192E-01       2.95266E-02       3.19467E-02
       6.60693E-02       6.91831E-02       6.76262E-02       3.11380E-03       1.41382E-03       4.54048E-01       3.07055E-02       3.33606E-02
       6.91831E-02       7.24436E-02       7.08134E-02       3.26050E-03       1.47077E-03       4.51087E-01       3.19430E-02       3.48313E-02
       7.24436E-02       7.58578E-02       7.41507E-02       3.41420E-03       1.53054E-03       4.48288E-01       3.32409E-02       3.63619E-02
       7.58578E-02       7.94328E-02       7.76453E-02       3.57500E-03       1.59338E-03       4.45701E-01       3.46066E-02       3.79553E-02
       7.94328E-02       8.31764E-02       8.13046E-02       3.74360E-03       1.65928E-03       4.43230E-01       3.60366E-02       3.96145E-02
       8.31764E-02       8.70964E-02       8.51364E-02       3.92000E-03       1.72838E-03       4.40913E-01       3.75377E-02       4.13429E-02
       8.70964E-02       9.12011E-02       8.91488E-02       4.10470E-03       1.80125E-03       4.38826E-01       3.91207E-02       4.31442E-02
       9.12011E-02       9.54993E-02       9.33502E-02       4.29820E-03       1.87813E-03       4.36959E-01       4.07902E-02       4.50223E-02
       9.54993E-02       1.00000E-01       9.77497E-02       4.50070E-03       1.95934E-03       4.35340E-01       4.25543E-02       4.69816E-02
       1.00000E-01       1.04713E-01       1.02357E-01       4.71300E-03       2.04602E-03       4.34123E-01       4.44353E-02       4.90276E-02
       1.04713E-01       1.09648E-01       1.07180E-01       4.93500E-03       2.13832E-03       4.33298E-01       4.64411E-02       5.11660E-02
       1.09648E-01       1.14815E-01       1.12231E-01       5.16700E-03       2.23802E-03       4.33138E-01       4.86117E-02       5.34040E-02
       1.14815E-01       1.20226E-01       1.17520E-01       5.41100E-03       2.34538E-03       4.33446E-01       5.09388E-02       5.57494E-02
       1.20226E-01       1.25892E-01       1.23059E-01       5.66600E-03       2.45877E-03       4.33951E-01       5.34016E-02       5.82081E-02
       1.25892E-01       1.31826E-01       1.28859E-01       5.93400E-03       2.57863E-03       4.34552E-01       5.59960E-02       6.07868E-02
       1.31826E-01       1.38038E-01       1.34932E-01       6.21200E-03       2.70568E-03       4.35557E-01       5.87706E-02       6.34925E-02
       1.38038E-01       1.44544E-01       1.41291E-01       6.50600E-03       2.84042E-03       4.36584E-01       6.16854E-02       6.63329E-02
       1.44544E-01       1.51356E-01       1.47950E-01       6.81200E-03       2.98293E-03       4.37893E-01       6.47863E-02       6.93158E-02
       1.51356E-01       1.58489E-01       1.54923E-01       7.13300E-03       3.13367E-03       4.39320E-01       6.80606E-02       7.24495E-02
       1.58489E-01       1.65959E-01       1.62224E-01       7.47000E-03       3.29169E-03       4.40655E-01       7.14848E-02       7.57412E-02
       1.65959E-01       1.73780E-01       1.69869E-01       7.82100E-03       3.45642E-03       4.41940E-01       7.50722E-02       7.91976E-02
       1.73780E-01       1.81970E-01       1.77875E-01       8.19000E-03       3.62927E-03       4.43134E-01       7.88225E-02       8.28268E-02
       1.81970E-01       1.90546E-01       1.86258E-01       8.57600E-03       3.81022E-03       4.44289E-01       8.27524E-02       8.66371E-02
       1.90546E-01       1.99526E-01       1.95036E-01       8.98000E-03       3.99910E-03       4.45334E-01       8.68561E-02       9.06362E-02
       1.99526E-01       2.08930E-01       2.04228E-01       9.40400E-03       4.19435E-03       4.46017E-01       9.10892E-02       9.48305E-02
       2.08930E-01       2.18776E-01       2.13853E-01       9.84600E-03       4.39549E-03       4.46424E-01       9.54691E-02       9.92260E-02
       2.18776E-01       2.29087E-01       2.23931E-01       1.03110E-02       4.60308E-03       4.46424E-01       9.99684E-02       1.03829E-01
       2.29087E-01       2.39883E-01       2.34485E-01       1.07960E-02       4.87829E-03       4.51860E-01       1.05955E-01       1.08707E-01
       2.39883E-01       2.51189E-01       2.45536E-01       1.13060E-02       5.23903E-03       4.63385E-01       1.13778E-01       1.13946E-01
       2.51189E-01       2.63027E-01       2.57108E-01       1.18380E-02       5.63212E-03       4.75766E-01       1.22323E-01       1.19579E-01
       2.63027E-01       2.75423E-01       2.69225E-01       1.23960E-02       6.05248E-03       4.88261E-01       1.31452E-01       1.25631E-01
       2.75423E-01       2.88403E-01       2.81913E-01       1.29800E-02       6.49716E-03       5.00552E-01       1.41112E-01       1.32128E-01
       2.88403E-01       3.01995E-01       2.95199E-01       1.35920E-02       6.96022E-03       5.12082E-01       1.51166E-01       1.39088E-01
       3.01995E-01       3.16228E-01       3.09112E-01       1.42330E-02       7.45428E-03       5.23732E-01       1.61892E-01       1.46543E-01
       3.16228E-01       3.31131E-01       3.23680E-01       1.49030E-02       7.97319E-03       5.35006E-01       1.73170E-01       1.54516E-01
       3.31131E-01       3.46737E-01       3.38934E-01       1.56060E-02       8.51156E-03       5.45403E-01       1.84856E-01       1.63027E-01
       3.46737E-01       3.63078E-01       3.54908E-01       1.63410E-02       9.08804E-03       5.56150E-01       1.97382E-01       1.72115E-01
       3.63078E-01       3.80189E-01       3.71633E-01       1.71110E-02       9.70817E-03       5.67364E-01       2.10852E-01       1.81824E-01
       3.80189E-01       3.98107E-01       3.89148E-01       1.79180E-02       1.03761E-02       5.79089E-01       2.25351E-01       1.92200E-01
       3.98107E-01       4.16869E-01       4.07488E-01       1.87620E-02       1.10724E-02       5.90151E-01       2.40479E-01       2.03272E-01
       4.16869E-01       4.36516E-01       4.26692E-01       1.96470E-02       1.18189E-02       6.01560E-01       2.56681E-01       2.15091E-01
       4.36516E-01       4.57088E-01       4.46802E-01       2.05720E-02       1.26342E-02       6.14145E-01       2.74401E-01       2.27725E-01
       4.57088E-01       4.78630E-01       4.67859E-01       2.15420E-02       1.35201E-02       6.27618E-01       2.93637E-01       2.41245E-01
       4.78630E-01       5.01187E-01       4.89909E-01       2.25570E-02       1.44507E-02       6.40628E-01       3.13849E-01       2.55696E-01
       5.01187E-01       5.24808E-01       5.12998E-01       2.36210E-02       1.54709E-02       6.54965E-01       3.35996E-01       2.71167E-01
       5.24808E-01       5.49541E-01       5.37174E-01       2.47330E-02       1.66008E-02       6.71201E-01       3.60552E-01       2.87768E-01
       5.49541E-01       5.75440E-01       5.62490E-01       2.58990E-02       1.78553E-02       6.89420E-01       3.87792E-01       3.05623E-01
       5.75440E-01       6.02560E-01       5.89000E-01       2.71200E-02       1.92499E-02       7.09806E-01       4.18076E-01       3.24873E-01
       6.02560E-01       6.30957E-01       6.16758E-01       2.83970E-02       2.08021E-02       7.32544E-01       4.51803E-01       3.45675E-01
       6.30957E-01       6.60693E-01       6.45825E-01       2.97360E-02       2.25342E-02       7.57810E-01       4.89413E-01       3.68209E-01
       6.60693E-01       6.91831E-01       6.76262E-01       3.11380E-02       2.44652E-02       7.85701E-01       5.31340E-01       3.92674E-01
       6.91831E-01       7.24436E-01       7.08133E-01       3.26050E-02       2.87052E-02       8.80392E-01       6.23435E-01       4.21380E-01
       7.24436E-01       7.58578E-01       7.41507E-01       3.41420E-02       3.34713E-02       9.80356E-01       7.26941E-01       4.54851E-01
       7.58578E-01       7.94328E-01       7.76453E-01       3.57500E-02       2.81959E-02       7.88696E-01       6.12385E-01       4.83047E-01
       7.94328E-01       8.31764E-01       8.13046E-01       3.74360E-02       2.81254E-02       7.51292E-01       6.10835E-01       5.11172E-01
       8.31764E-01       8.70964E-01       8.51364E-01       3.92000E-02       2.80313E-02       7.15084E-01       6.08797E-01       5.39203E-01
       8.70964E-01       9.12011E-01       8.91487E-01       4.10470E-02       2.79594E-02       6.81155E-01       6.07241E-01       5.67163E-01
       9.12011E-01       9.54993E-01       9.33502E-01       4.29820E-02       2.78012E-02       6.46810E-01       6.03798E-01       5.94964E-01
       9.54993E-01       1.00000E+00       9.77497E-01       4.50070E-02       2.75347E-02       6.11788E-01       5.98020E-01       6.22499E-01
       1.00000E+00       1.04713E+00       1.02357E+00       4.71300E-02       2.70655E-02       5.74272E-01       5.87805E-01       6.49564E-01
       1.04713E+00       1.09648E+00       1.07181E+00       4.93500E-02       2.63624E-02       5.34192E-01       5.72550E-01       6.75927E-01
       1.09648E+00       1.14815E+00       1.12231E+00       5.16700E-02       2.54003E-02       4.91587E-01       5.51716E-01       7.01327E-01
       1.14815E+00       1.20226E+00       1.17520E+00       5.41100E-02       2.41529E-02       4.46366E-01       5.24571E-01       7.25480E-01
       1.20226E+00       1.25892E+00       1.23059E+00       5.66600E-02       2.26856E-02       4.00381E-01       4.92704E-01       7.48165E-01
       1.25892E+00       1.31826E+00       1.28859E+00       5.93400E-02       2.10432E-02       3.54621E-01       4.56962E-01       7.69209E-01
       1.31826E+00       1.38038E+00       1.34932E+00       6.21200E-02       1.91098E-02       3.07627E-01       4.15087E-01       7.88318E-01
       1.38038E+00       1.44544E+00       1.41291E+00       6.50600E-02       1.69673E-02       2.60794E-01       3.68479E-01       8.05286E-01
       1.44544E+00       1.51356E+00       1.47950E+00       6.81200E-02       1.45665E-02       2.13837E-01       3.16371E-01       8.19852E-01
       1.51356E+00       1.58489E+00       1.54923E+00       7.13300E-02       1.33693E-02       1.87429E-01       2.90369E-01       8.33221E-01
       1.58489E+00       1.65959E+00       1.62224E+00       7.47000E-02       1.31412E-02       1.75920E-01       2.85384E-01       8.46363E-01
       1.65959E+00       1.73780E+00       1.69869E+00       7.82100E-02       1.28916E-02       1.64833E-01       2.80002E-01       8.59254E-01
       1.73780E+00       1.81970E+00       1.77875E+00       8.19000E-02       1.25901E-02       1.53726E-01       2.73440E-01       8.71844E-01
       1.81970E+00       1.90546E+00       1.86258E+00       8.57600E-02       1.21975E-02       1.42228E-01       2.64911E-01       8.84042E-01
       1.90546E+00       1.99526E+00       1.95036E+00       8.98000E-02       1.19073E-02       1.32598E-01       2.58615E-01       8.95949E-01
       1.99526E+00       2.08930E+00       2.04228E+00       9.40400E-02       1.18022E-02       1.25501E-01       2.56309E-01       9.07751E-01
       2.08930E+00       2.18776E+00       2.13853E+00       9.84600E-02       1.17073E-02       1.18904E-01       2.54280E-01       9.19459E-01
       2.18776E+00       2.29087E+00       2.23932E+00       1.03110E-01       1.18162E-02       1.14598E-01       2.56620E-01       9.31275E-01
       2.29087E+00       2.39883E+00       2.34485E+00       1.07960E-01       1.23420E-02       1.14320E-01       2.68063E-01       9.43617E-01
       2.39883E+00       2.51189E+00       2.45536E+00       1.13060E-01       1.00402E-02       8.88046E-02       2.18047E-01       9.53657E-01
       2.51189E+00       2.63027E+00       2.57108E+00       1.18380E-01       9.38758E-03       7.93004E-02       2.03888E-01       9.63045E-01
       2.63027E+00       2.75423E+00       2.69225E+00       1.23960E-01       7.99592E-03       6.45040E-02       1.73661E-01       9.71040E-01
       2.75423E+00       2.88403E+00       2.81913E+00       1.29800E-01       4.57277E-03       3.52294E-02       9.93162E-02       9.75613E-01
       2.88403E+00       3.01995E+00       2.95199E+00       1.35920E-01       3.58819E-03       2.63993E-02       7.79303E-02       9.79201E-01
       3.01995E+00       3.16228E+00       3.09111E+00       1.42330E-01       3.15399E-03       2.21597E-02       6.84981E-02       9.82355E-01
       3.16228E+00       3.31131E+00       3.23679E+00       1.49030E-01       2.78553E-03       1.86911E-02       6.04992E-02       9.85141E-01
       3.31131E+00       3.46737E+00       3.38934E+00       1.56060E-01       2.43766E-03       1.56200E-02       5.29415E-02       9.87579E-01
       3.46737E+00       3.63078E+00       3.54908E+00       1.63410E-01       2.16591E-03       1.32545E-02       4.70411E-02       9.89744E-01
       3.63078E+00       3.80189E+00       3.71633E+00       1.71110E-01       1.92144E-03       1.12293E-02       4.17317E-02       9.91666E-01
       3.80189E+00       3.98107E+00       3.89148E+00       1.79180E-01       1.71350E-03       9.56303E-03       3.72143E-02       9.93379E-01
       3.98107E+00       4.16869E+00       4.07488E+00       1.87620E-01       1.51958E-03       8.09925E-03       3.30035E-02       9.94899E-01
       4.16869E+00       4.36516E+00       4.26692E+00       1.96470E-01       1.32215E-03       6.72954E-03       2.87144E-02       9.96221E-01
       4.36516E+00       4.57088E+00       4.46802E+00       2.05720E-01       1.11346E-03       5.41249E-03       2.41831E-02       9.97335E-01
       4.57088E+00       4.78630E+00       4.67859E+00       2.15420E-01       8.93053E-04       4.14564E-03       1.93957E-02       9.98228E-01
       4.78630E+00       5.00000E+00       4.89315E+00       2.13700E-01       6.41148E-04       3.00022E-03       1.46805E-02       9.98869E-01
       5.00000E+00       5.20000E+00       5.10000E+00       2.00000E-01       4.15544E-04       2.07772E-03       1.05964E-02       9.99284E-01
       5.20000E+00       5.40000E+00       5.30000E+00       2.00000E-01       2.80092E-04       1.40046E-03       7.42244E-03       9.99564E-01
       5.40000E+00       5.60000E+00       5.50000E+00       2.00000E-01       1.88500E-04       9.42502E-04       5.18376E-03       9.99753E-01
       5.60000E+00       5.80000E+00       5.70000E+00       2.00000E-01       1.27396E-04       6.36978E-04       3.63078E-03       9.99880E-01
       5.80000E+00       6.00000E+00       5.90000E+00       2.00000E-01       8.18004E-05       4.09002E-04       2.41311E-03       9.99962E-01
       6.00000E+00       6.20000E+00       6.10000E+00       2.00000E-01       3.77487E-05       1.88744E-04       1.15134E-03       1.00000E+00

 Sum =                                                                         1.00000E+00
 Renormalization bin#   984 =                                                  1.80723E-01 barn        2.16000E+07        2.18000E+07        2.17000E+07
 Avg. Energy     bin#   984 =                                                  9.90572E-01 MeV         2.16000E+07        2.18000E+07
