"        MT=  4 recoil spectrum "
" Initial neutron energy corresponds to the group:"
   1.88000E+01    1.90000E+01       0.00000E+00           339           902           564



          Low               High              Mid              Energy           Number             dn/de            E*dn/de          Cumulative
         Energy            Energy            Energy             Width          Fraction                               Sum   
         [MeV]             [MeV]             [MeV]              [MeV]

       3.07500E-06       3.10000E-06       3.08750E-06       2.49999E-08       0.00000E+00       0.00000E+00       0.00000E+00       0.00000E+00
       3.10000E-06       3.12500E-06       3.11250E-06       2.50001E-08       4.35399E-12       1.74159E-04       5.42070E-10       4.35399E-12
       3.12500E-06       3.15000E-06       3.13750E-06       2.50001E-08       4.38915E-12       1.75565E-04       5.50836E-10       8.74315E-12
       3.15000E-06       3.17500E-06       3.16250E-06       2.49999E-08       4.42431E-12       1.76973E-04       5.59678E-10       1.31675E-11
       3.17500E-06       3.20000E-06       3.18750E-06       2.50001E-08       4.45903E-12       1.78361E-04       5.68525E-10       1.76265E-11
       3.20000E-06       3.22500E-06       3.21250E-06       2.49999E-08       4.49419E-12       1.79769E-04       5.77507E-10       2.21207E-11
       3.22500E-06       3.25000E-06       3.23750E-06       2.50001E-08       4.52892E-12       1.81156E-04       5.86493E-10       2.66496E-11
       3.25000E-06       3.27500E-06       3.26250E-06       2.50001E-08       4.56408E-12       1.82562E-04       5.95610E-10       3.12137E-11
       3.27500E-06       3.30000E-06       3.28750E-06       2.49999E-08       4.59880E-12       1.83953E-04       6.04746E-10       3.58125E-11
       3.30000E-06       3.32500E-06       3.31250E-06       2.50001E-08       4.63396E-12       1.85358E-04       6.13997E-10       4.04464E-11
       3.32500E-06       3.35000E-06       3.33750E-06       2.49999E-08       4.66912E-12       1.86766E-04       6.23331E-10       4.51155E-11
       3.35000E-06       3.37500E-06       3.36250E-06       2.50001E-08       4.70384E-12       1.88153E-04       6.32664E-10       4.98194E-11
       3.37500E-06       3.40000E-06       3.38750E-06       2.50001E-08       4.73900E-12       1.89559E-04       6.42132E-10       5.45584E-11
       3.40000E-06       3.42500E-06       3.41250E-06       2.49999E-08       4.77372E-12       1.90950E-04       6.51617E-10       5.93321E-11
       3.42500E-06       3.45000E-06       3.43750E-06       2.50001E-08       4.80888E-12       1.92355E-04       6.61219E-10       6.41410E-11
       3.45000E-06       3.47500E-06       3.46250E-06       2.49999E-08       4.84361E-12       1.93745E-04       6.70843E-10       6.89846E-11
       3.47500E-06       3.50000E-06       3.48750E-06       2.50001E-08       4.87876E-12       1.95150E-04       6.80585E-10       7.38634E-11
       3.50000E-06       3.52500E-06       3.51250E-06       2.50001E-08       4.91392E-12       1.96556E-04       6.90403E-10       7.87773E-11
       3.52500E-06       3.55000E-06       3.53750E-06       2.49999E-08       4.94865E-12       1.97947E-04       7.00238E-10       8.37259E-11
       3.55000E-06       3.57500E-06       3.56250E-06       2.50001E-08       4.98381E-12       1.99351E-04       7.10190E-10       8.87097E-11
       3.57500E-06       3.60000E-06       3.58750E-06       2.49999E-08       5.01853E-12       2.00742E-04       7.20163E-10       9.37283E-11
       3.60000E-06       3.62500E-06       3.61250E-06       2.50001E-08       5.05369E-12       2.02147E-04       7.30255E-10       9.87819E-11
       3.62500E-06       3.65000E-06       3.63750E-06       2.50001E-08       5.08841E-12       2.03536E-04       7.40361E-10       1.03870E-10
       3.65000E-06       3.67500E-06       3.66250E-06       2.49999E-08       5.12357E-12       2.04944E-04       7.50607E-10       1.08994E-10
       3.67500E-06       3.70000E-06       3.68750E-06       2.50001E-08       5.15873E-12       2.06348E-04       7.60910E-10       1.14153E-10
       3.70000E-06       3.72500E-06       3.71250E-06       2.49999E-08       5.19345E-12       2.07739E-04       7.71232E-10       1.19346E-10
       3.72500E-06       3.75000E-06       3.73750E-06       2.50001E-08       5.22861E-12       2.09144E-04       7.81674E-10       1.24575E-10
       3.75000E-06       3.77500E-06       3.76250E-06       2.50001E-08       5.26334E-12       2.10533E-04       7.92129E-10       1.29838E-10
       3.77500E-06       3.80000E-06       3.78750E-06       2.49999E-08       5.29849E-12       2.11941E-04       8.02727E-10       1.35137E-10
       3.80000E-06       3.82500E-06       3.81250E-06       2.50001E-08       5.33322E-12       2.13328E-04       8.13313E-10       1.40470E-10
       3.82500E-06       3.85000E-06       3.83750E-06       2.49999E-08       5.36838E-12       2.14736E-04       8.24051E-10       1.45838E-10
       3.85000E-06       3.87500E-06       3.86250E-06       2.50001E-08       5.40354E-12       2.16141E-04       8.34843E-10       1.51242E-10
       3.87500E-06       3.90000E-06       3.88750E-06       2.50001E-08       5.43826E-12       2.17530E-04       8.45646E-10       1.56680E-10
       3.90000E-06       3.92500E-06       3.91250E-06       2.49999E-08       5.47342E-12       2.18938E-04       8.56595E-10       1.62153E-10
       3.92500E-06       3.95000E-06       3.93750E-06       2.50001E-08       5.50814E-12       2.20325E-04       8.67529E-10       1.67661E-10
       3.95000E-06       3.97500E-06       3.96250E-06       2.49999E-08       5.54330E-12       2.21733E-04       8.78618E-10       1.73205E-10
       3.97500E-06       4.00000E-06       3.98750E-06       2.50001E-08       5.57803E-12       2.23120E-04       8.89692E-10       1.78783E-10
       4.00000E-06       4.02500E-06       4.01250E-06       2.50001E-08       5.61318E-12       2.24526E-04       9.00913E-10       1.84396E-10
       4.02500E-06       4.05000E-06       4.03750E-06       2.50001E-08       5.64834E-12       2.25933E-04       9.12204E-10       1.90044E-10
       4.05000E-06       4.07500E-06       4.06250E-06       2.49996E-08       5.68307E-12       2.27326E-04       9.23512E-10       1.95727E-10
       4.07500E-06       4.10000E-06       4.08750E-06       2.50001E-08       5.71822E-12       2.28728E-04       9.34926E-10       2.01446E-10
       4.10000E-06       4.12500E-06       4.11250E-06       2.50001E-08       5.75295E-12       2.30117E-04       9.46356E-10       2.07199E-10
       4.12500E-06       4.15000E-06       4.13750E-06       2.50001E-08       5.78811E-12       2.31523E-04       9.57928E-10       2.12987E-10
       4.15000E-06       4.17500E-06       4.16250E-06       2.50001E-08       5.82283E-12       2.32912E-04       9.69498E-10       2.18810E-10
       4.17500E-06       4.20000E-06       4.18750E-06       2.49996E-08       5.85799E-12       2.34323E-04       9.81228E-10       2.24668E-10
       4.20000E-06       4.22500E-06       4.21250E-06       2.50001E-08       5.89315E-12       2.35725E-04       9.92992E-10       2.30561E-10
       4.22500E-06       4.25000E-06       4.23750E-06       2.50001E-08       5.92787E-12       2.37114E-04       1.00477E-09       2.36489E-10
       4.25000E-06       4.27500E-06       4.26250E-06       2.50001E-08       5.96303E-12       2.38520E-04       1.01669E-09       2.42452E-10
       4.27500E-06       4.30000E-06       4.28750E-06       2.50001E-08       5.99776E-12       2.39909E-04       1.02861E-09       2.48449E-10
       4.30000E-06       4.32500E-06       4.31250E-06       2.49996E-08       6.03291E-12       2.41320E-04       1.04069E-09       2.54482E-10
       4.32500E-06       4.35000E-06       4.33750E-06       2.50001E-08       6.06807E-12       2.42722E-04       1.05281E-09       2.60550E-10
       4.35000E-06       4.37500E-06       4.36250E-06       2.50001E-08       6.10280E-12       2.44111E-04       1.06493E-09       2.66653E-10
       4.37500E-06       4.40000E-06       4.38750E-06       2.50001E-08       6.13795E-12       2.45517E-04       1.07721E-09       2.72791E-10
       4.40000E-06       4.42500E-06       4.41250E-06       2.50001E-08       6.17268E-12       2.46906E-04       1.08947E-09       2.78964E-10
       4.42500E-06       4.45000E-06       4.43750E-06       2.49996E-08       6.20784E-12       2.48317E-04       1.10191E-09       2.85172E-10
       4.45000E-06       4.47500E-06       4.46250E-06       2.50001E-08       6.24256E-12       2.49701E-04       1.11429E-09       2.91414E-10
       4.47500E-06       4.50000E-06       4.48750E-06       2.50001E-08       6.27772E-12       2.51108E-04       1.12685E-09       2.97692E-10
       4.50000E-06       4.52500E-06       4.51250E-06       2.50001E-08       6.31288E-12       2.52514E-04       1.13947E-09       3.04005E-10
       4.52500E-06       4.55000E-06       4.53750E-06       2.50001E-08       6.34760E-12       2.53903E-04       1.15209E-09       3.10352E-10
       4.55000E-06       4.57500E-06       4.56250E-06       2.49996E-08       6.38276E-12       2.55314E-04       1.16487E-09       3.16735E-10
       4.57500E-06       4.60000E-06       4.58750E-06       2.50001E-08       6.41749E-12       2.56698E-04       1.17760E-09       3.23153E-10
       4.60000E-06       4.62500E-06       4.61250E-06       2.50001E-08       6.45264E-12       2.58105E-04       1.19051E-09       3.29605E-10
       4.62500E-06       4.65000E-06       4.63750E-06       2.50001E-08       6.48737E-12       2.59494E-04       1.20340E-09       3.36093E-10
       4.65000E-06       4.67500E-06       4.66250E-06       2.50001E-08       6.52253E-12       2.60900E-04       1.21645E-09       3.42615E-10
       4.67500E-06       4.70000E-06       4.68750E-06       2.49996E-08       6.55768E-12       2.62311E-04       1.22958E-09       3.49173E-10
       4.70000E-06       4.72500E-06       4.71250E-06       2.50001E-08       6.59241E-12       2.63695E-04       1.24266E-09       3.55765E-10
       4.72500E-06       4.75000E-06       4.73750E-06       2.50001E-08       6.62757E-12       2.65102E-04       1.25592E-09       3.62393E-10
       4.75000E-06       4.77500E-06       4.76250E-06       2.50001E-08       6.66229E-12       2.66491E-04       1.26916E-09       3.69055E-10
       4.77500E-06       4.80000E-06       4.78750E-06       2.50001E-08       6.69745E-12       2.67897E-04       1.28256E-09       3.75752E-10
       4.80000E-06       4.82500E-06       4.81250E-06       2.49996E-08       6.73217E-12       2.69291E-04       1.29596E-09       3.82485E-10
       4.82500E-06       4.85000E-06       4.83750E-06       2.50001E-08       6.76733E-12       2.70692E-04       1.30947E-09       3.89252E-10
       4.85000E-06       4.87500E-06       4.86250E-06       2.50001E-08       6.80249E-12       2.72099E-04       1.32308E-09       3.96054E-10
       4.87500E-06       4.90000E-06       4.88750E-06       2.50001E-08       6.83721E-12       2.73488E-04       1.33667E-09       4.02892E-10
       4.90000E-06       4.92500E-06       4.91250E-06       2.50001E-08       6.87237E-12       2.74894E-04       1.35042E-09       4.09764E-10
       4.92500E-06       4.95000E-06       4.93750E-06       2.49996E-08       6.90710E-12       2.76288E-04       1.36417E-09       4.16671E-10
       4.95000E-06       4.97500E-06       4.96250E-06       2.50001E-08       6.94226E-12       2.77689E-04       1.37803E-09       4.23613E-10
       4.97500E-06       5.00000E-06       4.98750E-06       2.50001E-08       6.97698E-12       2.79078E-04       1.39190E-09       4.30590E-10
       5.00000E-06       5.02500E-06       5.01250E-06       2.50001E-08       7.01214E-12       2.80484E-04       1.40593E-09       4.37603E-10
       5.02500E-06       5.05000E-06       5.03750E-06       2.50001E-08       7.04730E-12       2.81891E-04       1.42002E-09       4.44650E-10
       5.05000E-06       5.07500E-06       5.06250E-06       2.49996E-08       7.08202E-12       2.83285E-04       1.43413E-09       4.51732E-10
       5.07500E-06       5.10000E-06       5.08750E-06       2.50001E-08       7.11718E-12       2.84686E-04       1.44834E-09       4.58849E-10
       5.10000E-06       5.12500E-06       5.11250E-06       2.50001E-08       7.15190E-12       2.86075E-04       1.46256E-09       4.66001E-10
       5.12500E-06       5.15000E-06       5.13750E-06       2.50001E-08       7.18706E-12       2.87481E-04       1.47694E-09       4.73188E-10
       5.15000E-06       5.17500E-06       5.16250E-06       2.50001E-08       7.22179E-12       2.88870E-04       1.49129E-09       4.80410E-10
       5.17500E-06       5.20000E-06       5.18750E-06       2.49996E-08       7.25695E-12       2.90282E-04       1.50584E-09       4.87667E-10
       5.20000E-06       5.22500E-06       5.21250E-06       2.50001E-08       7.29210E-12       2.91683E-04       1.52040E-09       4.94959E-10
       5.22500E-06       5.25000E-06       5.23750E-06       2.50001E-08       7.32683E-12       2.93072E-04       1.53496E-09       5.02286E-10
       5.25000E-06       5.27500E-06       5.26250E-06       2.50001E-08       7.36199E-12       2.94478E-04       1.54969E-09       5.09648E-10
       5.27500E-06       5.30000E-06       5.28750E-06       2.50001E-08       7.39671E-12       2.95867E-04       1.56440E-09       5.17044E-10
       5.30000E-06       5.32500E-06       5.31250E-06       2.49996E-08       7.43187E-12       2.97279E-04       1.57930E-09       5.24476E-10
       5.32500E-06       5.35000E-06       5.33750E-06       2.50001E-08       7.46659E-12       2.98663E-04       1.59411E-09       5.31943E-10
       5.35000E-06       5.37500E-06       5.36250E-06       2.50001E-08       7.50175E-12       3.00069E-04       1.60912E-09       5.39445E-10
       5.37500E-06       5.40000E-06       5.38750E-06       2.50001E-08       7.53691E-12       3.01475E-04       1.62420E-09       5.46982E-10
       5.40000E-06       5.42500E-06       5.41250E-06       2.50001E-08       7.57163E-12       3.02864E-04       1.63925E-09       5.54553E-10
       5.42500E-06       5.45000E-06       5.43750E-06       2.49996E-08       7.60679E-12       3.04276E-04       1.65450E-09       5.62160E-10
       5.45000E-06       5.47500E-06       5.46250E-06       2.50001E-08       7.64152E-12       3.05659E-04       1.66966E-09       5.69801E-10
       5.47500E-06       5.50000E-06       5.48750E-06       2.50001E-08       7.67668E-12       3.07066E-04       1.68502E-09       5.77478E-10
       5.50000E-06       5.52500E-06       5.51250E-06       2.50001E-08       7.71140E-12       3.08455E-04       1.70036E-09       5.85190E-10
       5.52500E-06       5.55000E-06       5.53750E-06       2.50001E-08       7.74656E-12       3.09861E-04       1.71586E-09       5.92936E-10
       5.55000E-06       5.57500E-06       5.56250E-06       2.49996E-08       7.78172E-12       3.11273E-04       1.73146E-09       6.00718E-10
       5.57500E-06       5.60000E-06       5.58750E-06       2.50001E-08       7.81644E-12       3.12656E-04       1.74697E-09       6.08534E-10
       5.60000E-06       5.62500E-06       5.61250E-06       2.50001E-08       7.85160E-12       3.14063E-04       1.76268E-09       6.16386E-10
       5.62500E-06       5.65000E-06       5.63750E-06       2.50001E-08       7.88632E-12       3.15452E-04       1.77836E-09       6.24272E-10
       5.65000E-06       5.67500E-06       5.66250E-06       2.50001E-08       7.92148E-12       3.16858E-04       1.79421E-09       6.32194E-10
       5.67500E-06       5.70000E-06       5.68750E-06       2.49996E-08       7.95621E-12       3.18253E-04       1.81006E-09       6.40150E-10
       5.70000E-06       5.72500E-06       5.71250E-06       2.50001E-08       7.99136E-12       3.19653E-04       1.82602E-09       6.48141E-10
       5.72500E-06       5.75000E-06       5.73750E-06       2.50001E-08       8.02652E-12       3.21060E-04       1.84208E-09       6.56168E-10
       5.75000E-06       5.77500E-06       5.76250E-06       2.50001E-08       8.06125E-12       3.22449E-04       1.85811E-09       6.64229E-10
       5.77500E-06       5.80000E-06       5.78750E-06       2.50001E-08       8.09641E-12       3.23855E-04       1.87431E-09       6.72325E-10
       5.80000E-06       5.82500E-06       5.81250E-06       2.49996E-08       8.13113E-12       3.25250E-04       1.89052E-09       6.80457E-10
       5.82500E-06       5.85000E-06       5.83750E-06       2.50001E-08       8.16629E-12       3.26650E-04       1.90682E-09       6.88623E-10
       5.85000E-06       5.87500E-06       5.86250E-06       2.50001E-08       8.20101E-12       3.28039E-04       1.92313E-09       6.96824E-10
       5.87500E-06       5.90000E-06       5.88750E-06       2.50001E-08       8.23617E-12       3.29446E-04       1.93961E-09       7.05060E-10
       5.90000E-06       5.92500E-06       5.91250E-06       2.50001E-08       8.27133E-12       3.30852E-04       1.95616E-09       7.13331E-10
       5.92500E-06       5.95000E-06       5.93750E-06       2.49996E-08       8.30605E-12       3.32247E-04       1.97272E-09       7.21637E-10
       5.95000E-06       5.97500E-06       5.96250E-06       2.50001E-08       8.34121E-12       3.33647E-04       1.98937E-09       7.29979E-10
       5.97500E-06       6.00000E-06       5.98750E-06       2.50001E-08       8.37594E-12       3.35036E-04       2.00603E-09       7.38355E-10
       6.00000E-06       6.02500E-06       6.01250E-06       2.50001E-08       8.41109E-12       3.36442E-04       2.02286E-09       7.46766E-10
       6.02500E-06       6.05000E-06       6.03750E-06       2.50001E-08       8.44625E-12       3.37849E-04       2.03976E-09       7.55212E-10
       6.05000E-06       6.07500E-06       6.06250E-06       2.49996E-08       8.48098E-12       3.39244E-04       2.05667E-09       7.63693E-10
       6.07500E-06       6.10000E-06       6.08750E-06       2.50001E-08       8.51613E-12       3.40644E-04       2.07367E-09       7.72209E-10
       6.10000E-06       6.12500E-06       6.11250E-06       2.50001E-08       8.55086E-12       3.42033E-04       2.09068E-09       7.80760E-10
       6.12500E-06       6.15000E-06       6.13750E-06       2.50001E-08       8.58602E-12       3.43439E-04       2.10786E-09       7.89346E-10
       6.15000E-06       6.17500E-06       6.16250E-06       2.50001E-08       8.62074E-12       3.44828E-04       2.12500E-09       7.97967E-10
       6.17500E-06       6.20000E-06       6.18750E-06       2.49996E-08       8.65590E-12       3.46241E-04       2.14237E-09       8.06623E-10
       6.20000E-06       6.22500E-06       6.21250E-06       2.50001E-08       8.69106E-12       3.47641E-04       2.15972E-09       8.15314E-10
       6.22500E-06       6.25000E-06       6.23750E-06       2.50001E-08       8.72578E-12       3.49030E-04       2.17707E-09       8.24039E-10
       6.25000E-06       6.27500E-06       6.26250E-06       2.50001E-08       8.76094E-12       3.50436E-04       2.19461E-09       8.32800E-10
       6.27500E-06       6.30000E-06       6.28750E-06       2.50001E-08       8.79567E-12       3.51825E-04       2.21210E-09       8.41596E-10
       6.30000E-06       6.32500E-06       6.31250E-06       2.49996E-08       8.83082E-12       3.53238E-04       2.22982E-09       8.50427E-10
       6.32500E-06       6.35000E-06       6.33750E-06       2.50001E-08       8.86555E-12       3.54621E-04       2.24741E-09       8.59292E-10
       6.35000E-06       6.37500E-06       6.36250E-06       2.50001E-08       8.90071E-12       3.56027E-04       2.26522E-09       8.68193E-10
       6.37500E-06       6.40000E-06       6.38750E-06       2.50001E-08       8.93587E-12       3.57433E-04       2.28310E-09       8.77129E-10
       6.40000E-06       6.42500E-06       6.41250E-06       2.50001E-08       8.97059E-12       3.58822E-04       2.30095E-09       8.86100E-10
       6.42500E-06       6.45000E-06       6.43750E-06       2.49996E-08       9.00575E-12       3.60235E-04       2.31902E-09       8.95105E-10
       6.45000E-06       6.47500E-06       6.46250E-06       2.50001E-08       9.04047E-12       3.61617E-04       2.33695E-09       9.04146E-10
       6.47500E-06       6.50000E-06       6.48750E-06       2.50001E-08       9.07563E-12       3.63024E-04       2.35512E-09       9.13221E-10
       6.50000E-06       6.52500E-06       6.51250E-06       2.50001E-08       9.11035E-12       3.64413E-04       2.37324E-09       9.22332E-10
       6.52500E-06       6.55000E-06       6.53750E-06       2.50001E-08       9.14551E-12       3.65819E-04       2.39154E-09       9.31477E-10
       6.55000E-06       6.57500E-06       6.56250E-06       2.49996E-08       9.18067E-12       3.67232E-04       2.40996E-09       9.40658E-10
       6.57500E-06       6.60000E-06       6.58750E-06       2.50001E-08       9.21540E-12       3.68614E-04       2.42825E-09       9.49873E-10
       6.60000E-06       6.62500E-06       6.61250E-06       2.50001E-08       9.25056E-12       3.70021E-04       2.44676E-09       9.59124E-10
       6.62500E-06       6.65000E-06       6.63750E-06       2.50001E-08       9.28528E-12       3.71410E-04       2.46523E-09       9.68409E-10
       6.65000E-06       6.67500E-06       6.66250E-06       2.50001E-08       9.32044E-12       3.72816E-04       2.48389E-09       9.77730E-10
       6.67500E-06       6.70000E-06       6.68750E-06       2.49996E-08       9.35516E-12       3.74212E-04       2.50254E-09       9.87085E-10
       6.70000E-06       6.72500E-06       6.71250E-06       2.50001E-08       9.39032E-12       3.75611E-04       2.52129E-09       9.96475E-10
       6.72500E-06       6.75000E-06       6.73750E-06       2.50001E-08       9.42548E-12       3.77018E-04       2.54016E-09       1.00590E-09
       6.75000E-06       6.77500E-06       6.76250E-06       2.50001E-08       9.46020E-12       3.78407E-04       2.55897E-09       1.01536E-09
       6.77500E-06       6.80000E-06       6.78750E-06       2.50001E-08       9.49536E-12       3.79813E-04       2.57798E-09       1.02486E-09
       6.80000E-06       6.82500E-06       6.81250E-06       2.49996E-08       9.53009E-12       3.81209E-04       2.59699E-09       1.03439E-09
       6.82500E-06       6.85000E-06       6.83750E-06       2.50001E-08       9.56524E-12       3.82608E-04       2.61608E-09       1.04395E-09
       6.85000E-06       6.87500E-06       6.86250E-06       2.50001E-08       9.59997E-12       3.83997E-04       2.63518E-09       1.05355E-09
       6.87500E-06       6.90000E-06       6.88750E-06       2.50001E-08       9.63513E-12       3.85404E-04       2.65447E-09       1.06319E-09
       6.90000E-06       6.92500E-06       6.91250E-06       2.50001E-08       9.67028E-12       3.86810E-04       2.67382E-09       1.07286E-09
       6.92500E-06       6.95000E-06       6.93750E-06       2.49996E-08       9.70501E-12       3.88206E-04       2.69318E-09       1.08256E-09
       6.95000E-06       6.97500E-06       6.96250E-06       2.50001E-08       9.74017E-12       3.89605E-04       2.71263E-09       1.09230E-09
       6.97500E-06       7.00000E-06       6.98750E-06       2.50001E-08       9.77489E-12       3.90994E-04       2.73207E-09       1.10208E-09
       7.00000E-06       7.02500E-06       7.01250E-06       2.50001E-08       9.81005E-12       3.92400E-04       2.75171E-09       1.11189E-09
       7.02500E-06       7.05000E-06       7.03750E-06       2.50001E-08       9.84477E-12       3.93789E-04       2.77129E-09       1.12173E-09
       7.05000E-06       7.07500E-06       7.06250E-06       2.49996E-08       9.87993E-12       3.95203E-04       2.79112E-09       1.13161E-09
       7.07500E-06       7.10000E-06       7.08750E-06       2.50001E-08       9.91509E-12       3.96602E-04       2.81092E-09       1.14153E-09
       7.10000E-06       7.12500E-06       7.11250E-06       2.50001E-08       9.94982E-12       3.97991E-04       2.83071E-09       1.15148E-09
       7.12500E-06       7.15000E-06       7.13750E-06       2.50001E-08       9.98497E-12       3.99397E-04       2.85070E-09       1.16146E-09
       7.15000E-06       7.17500E-06       7.16250E-06       2.50001E-08       1.00197E-11       4.00786E-04       2.87063E-09       1.17148E-09
       7.17500E-06       7.20000E-06       7.18750E-06       2.49996E-08       1.00549E-11       4.02200E-04       2.89082E-09       1.18154E-09
       7.20000E-06       7.22500E-06       7.21250E-06       2.50001E-08       1.00896E-11       4.03582E-04       2.91083E-09       1.19163E-09
       7.22500E-06       7.25000E-06       7.23750E-06       2.50001E-08       1.01247E-11       4.04988E-04       2.93110E-09       1.20175E-09
       7.25000E-06       7.27500E-06       7.26250E-06       2.50001E-08       1.01599E-11       4.06394E-04       2.95144E-09       1.21191E-09
       7.27500E-06       7.30000E-06       7.28750E-06       2.50001E-08       1.01946E-11       4.07783E-04       2.97172E-09       1.22211E-09
       7.30000E-06       7.32500E-06       7.31250E-06       2.49996E-08       1.02298E-11       4.09197E-04       2.99226E-09       1.23233E-09
       7.32500E-06       7.35000E-06       7.33750E-06       2.50001E-08       1.02645E-11       4.10579E-04       3.01262E-09       1.24260E-09
       7.35000E-06       7.37500E-06       7.36250E-06       2.50001E-08       1.02997E-11       4.11985E-04       3.03324E-09       1.25290E-09
       7.37500E-06       7.40000E-06       7.38750E-06       2.50001E-08       1.03344E-11       4.13374E-04       3.05380E-09       1.26323E-09
       7.40000E-06       7.42500E-06       7.41250E-06       2.50001E-08       1.03695E-11       4.14780E-04       3.07456E-09       1.27360E-09
       7.42500E-06       7.45000E-06       7.43750E-06       2.49996E-08       1.04047E-11       4.16194E-04       3.09545E-09       1.28401E-09
       7.45000E-06       7.47500E-06       7.46250E-06       2.50001E-08       1.04394E-11       4.17575E-04       3.11616E-09       1.29445E-09
       7.47500E-06       7.50000E-06       7.48750E-06       2.50001E-08       1.04746E-11       4.18982E-04       3.13713E-09       1.30492E-09
       7.50000E-06       7.52500E-06       7.51250E-06       2.50001E-08       1.05093E-11       4.20371E-04       3.15804E-09       1.31543E-09
       7.52500E-06       7.55000E-06       7.53750E-06       2.50001E-08       1.05445E-11       4.21777E-04       3.17915E-09       1.32598E-09
       7.55000E-06       7.57500E-06       7.56250E-06       2.49996E-08       1.05792E-11       4.23174E-04       3.20025E-09       1.33655E-09
       7.57500E-06       7.60000E-06       7.58750E-06       2.50001E-08       1.06144E-11       4.24572E-04       3.22144E-09       1.34717E-09
       7.60000E-06       7.62500E-06       7.61250E-06       2.50001E-08       1.06495E-11       4.25979E-04       3.24276E-09       1.35782E-09
       7.62500E-06       7.65000E-06       7.63750E-06       2.50001E-08       1.06842E-11       4.27368E-04       3.26402E-09       1.36850E-09
       7.65000E-06       7.67500E-06       7.66250E-06       2.50001E-08       1.07194E-11       4.28774E-04       3.28548E-09       1.37922E-09
       7.67500E-06       7.70000E-06       7.68750E-06       2.49996E-08       1.07541E-11       4.30171E-04       3.30694E-09       1.38998E-09
       7.70000E-06       7.72500E-06       7.71250E-06       2.50001E-08       1.07893E-11       4.31569E-04       3.32848E-09       1.40077E-09
       7.72500E-06       7.75000E-06       7.73750E-06       2.50001E-08       1.08244E-11       4.32976E-04       3.35015E-09       1.41159E-09
       7.75000E-06       7.77500E-06       7.76250E-06       2.50001E-08       1.08592E-11       4.34365E-04       3.37176E-09       1.42245E-09
       7.77500E-06       7.80000E-06       7.78750E-06       2.50001E-08       1.08943E-11       4.35771E-04       3.39357E-09       1.43334E-09
       7.80000E-06       7.82500E-06       7.81250E-06       2.49996E-08       1.09290E-11       4.37168E-04       3.41538E-09       1.44427E-09
       7.82500E-06       7.85000E-06       7.83750E-06       2.50001E-08       1.09642E-11       4.38566E-04       3.43726E-09       1.45524E-09
       7.85000E-06       7.87500E-06       7.86250E-06       2.50001E-08       1.09989E-11       4.39955E-04       3.45915E-09       1.46624E-09
       7.87500E-06       7.90000E-06       7.88750E-06       2.50001E-08       1.10341E-11       4.41362E-04       3.48124E-09       1.47727E-09
       7.90000E-06       7.92500E-06       7.91250E-06       2.50001E-08       1.10692E-11       4.42768E-04       3.50340E-09       1.48834E-09
       7.92500E-06       7.95000E-06       7.93750E-06       2.49996E-08       1.11040E-11       4.44165E-04       3.52556E-09       1.49944E-09
       7.95000E-06       7.97500E-06       7.96250E-06       2.50001E-08       1.11391E-11       4.45563E-04       3.54780E-09       1.51058E-09
       7.97500E-06       8.00000E-06       7.98750E-06       2.50001E-08       1.11738E-11       4.46952E-04       3.57003E-09       1.52176E-09
       8.00000E-06       8.02500E-06       8.01250E-06       2.49996E-08       1.12090E-11       4.48367E-04       3.59254E-09       1.53296E-09
       8.02500E-06       8.05000E-06       8.03750E-06       2.50006E-08       1.12437E-11       4.49739E-04       3.61478E-09       1.54421E-09
       8.05000E-06       8.07500E-06       8.06250E-06       2.49996E-08       1.12789E-11       4.51162E-04       3.63750E-09       1.55549E-09
       8.07500E-06       8.10000E-06       8.08750E-06       2.50006E-08       1.13140E-11       4.52551E-04       3.66001E-09       1.56680E-09
       8.10000E-06       8.12500E-06       8.11250E-06       2.49996E-08       1.13488E-11       4.53958E-04       3.68273E-09       1.57815E-09
       8.12500E-06       8.15000E-06       8.13750E-06       2.49996E-08       1.13839E-11       4.55364E-04       3.70553E-09       1.58953E-09
       8.15000E-06       8.17500E-06       8.16250E-06       2.50006E-08       1.14187E-11       4.56736E-04       3.72810E-09       1.60095E-09
       8.17500E-06       8.20000E-06       8.18750E-06       2.49996E-08       1.14538E-11       4.58159E-04       3.75118E-09       1.61241E-09
       8.20000E-06       8.22500E-06       8.21250E-06       2.50006E-08       1.14885E-11       4.59531E-04       3.77390E-09       1.62390E-09
       8.22500E-06       8.25000E-06       8.23750E-06       2.49996E-08       1.15237E-11       4.60955E-04       3.79712E-09       1.63542E-09
       8.25000E-06       8.27500E-06       8.26250E-06       2.49996E-08       1.15589E-11       4.62361E-04       3.82026E-09       1.64698E-09
       8.27500E-06       8.30000E-06       8.28750E-06       2.50006E-08       1.15936E-11       4.63732E-04       3.84318E-09       1.65857E-09
       8.30000E-06       8.32500E-06       8.31250E-06       2.49996E-08       1.16287E-11       4.65156E-04       3.86661E-09       1.67020E-09
       8.32500E-06       8.35000E-06       8.33750E-06       2.50006E-08       1.16635E-11       4.66528E-04       3.88967E-09       1.68186E-09
       8.35000E-06       8.37500E-06       8.36250E-06       2.49996E-08       1.16986E-11       4.67952E-04       3.91325E-09       1.69356E-09
       8.37500E-06       8.40000E-06       8.38750E-06       2.49996E-08       1.17333E-11       4.69341E-04       3.93660E-09       1.70530E-09
       8.40000E-06       8.42500E-06       8.41250E-06       2.50006E-08       1.17685E-11       4.70729E-04       3.96001E-09       1.71706E-09
       8.42500E-06       8.45000E-06       8.43750E-06       2.49996E-08       1.18037E-11       4.72154E-04       3.98380E-09       1.72887E-09
       8.45000E-06       8.47500E-06       8.46250E-06       2.50006E-08       1.18384E-11       4.73525E-04       4.00720E-09       1.74071E-09
       8.47500E-06       8.50000E-06       8.48750E-06       2.49996E-08       1.18735E-11       4.74949E-04       4.03113E-09       1.75258E-09
       8.50000E-06       8.52500E-06       8.51250E-06       2.49996E-08       1.19083E-11       4.76338E-04       4.05483E-09       1.76449E-09
       8.52500E-06       8.55000E-06       8.53750E-06       2.50006E-08       1.19434E-11       4.77726E-04       4.07859E-09       1.77643E-09
       8.55000E-06       8.57500E-06       8.56250E-06       2.49996E-08       1.19781E-11       4.79133E-04       4.10258E-09       1.78841E-09
       8.57500E-06       8.60000E-06       8.58750E-06       2.50006E-08       1.20133E-11       4.80521E-04       4.12648E-09       1.80042E-09
       8.60000E-06       8.62500E-06       8.61250E-06       2.49996E-08       1.20485E-11       4.81946E-04       4.15076E-09       1.81247E-09
       8.62500E-06       8.65000E-06       8.63750E-06       2.49996E-08       1.20832E-11       4.83335E-04       4.17481E-09       1.82455E-09
       8.65000E-06       8.67500E-06       8.66250E-06       2.50006E-08       1.21183E-11       4.84723E-04       4.19891E-09       1.83667E-09
       8.67500E-06       8.70000E-06       8.68750E-06       2.49996E-08       1.21531E-11       4.86130E-04       4.22326E-09       1.84883E-09
       8.70000E-06       8.72500E-06       8.71250E-06       2.50006E-08       1.21882E-11       4.87518E-04       4.24750E-09       1.86101E-09
       8.72500E-06       8.75000E-06       8.73750E-06       2.49996E-08       1.22230E-11       4.88926E-04       4.27199E-09       1.87324E-09
       8.75000E-06       8.77500E-06       8.76250E-06       2.49996E-08       1.22581E-11       4.90332E-04       4.29653E-09       1.88550E-09
       8.77500E-06       8.80000E-06       8.78750E-06       2.50006E-08       1.22933E-11       4.91720E-04       4.32099E-09       1.89779E-09
       8.80000E-06       8.82500E-06       8.81250E-06       2.49996E-08       1.23280E-11       4.93127E-04       4.34568E-09       1.91012E-09
       8.82500E-06       8.85000E-06       8.83750E-06       2.50006E-08       1.23632E-11       4.94515E-04       4.37027E-09       1.92248E-09
       8.85000E-06       8.87500E-06       8.86250E-06       2.49996E-08       1.23979E-11       4.95923E-04       4.39511E-09       1.93488E-09
       8.87500E-06       8.90000E-06       8.88750E-06       2.49996E-08       1.24330E-11       4.97329E-04       4.42001E-09       1.94731E-09
       8.90000E-06       8.92500E-06       8.91250E-06       2.50006E-08       1.24678E-11       4.98699E-04       4.44465E-09       1.95978E-09
       8.92500E-06       8.95000E-06       8.93750E-06       2.49996E-08       1.25029E-11       5.00124E-04       4.46986E-09       1.97228E-09
       8.95000E-06       8.97500E-06       8.96250E-06       2.50006E-08       1.25381E-11       5.01512E-04       4.49480E-09       1.98482E-09
       8.97500E-06       9.00000E-06       8.98750E-06       2.49996E-08       1.25728E-11       5.02920E-04       4.51999E-09       1.99739E-09
       9.00000E-06       9.02500E-06       9.01250E-06       2.49996E-08       1.26080E-11       5.04326E-04       4.54524E-09       2.01000E-09
       9.02500E-06       9.05000E-06       9.03750E-06       2.50006E-08       1.26427E-11       5.05696E-04       4.57023E-09       2.02264E-09
       9.05000E-06       9.07500E-06       9.06250E-06       2.49996E-08       1.26778E-11       5.07121E-04       4.59579E-09       2.03532E-09
       9.07500E-06       9.10000E-06       9.08750E-06       2.50006E-08       1.27126E-11       5.08491E-04       4.62091E-09       2.04803E-09
       9.10000E-06       9.12500E-06       9.11250E-06       2.49996E-08       1.27477E-11       5.09917E-04       4.64662E-09       2.06078E-09
       9.12500E-06       9.15000E-06       9.13750E-06       2.49996E-08       1.27829E-11       5.11323E-04       4.67222E-09       2.07356E-09
       9.15000E-06       9.17500E-06       9.16250E-06       2.50006E-08       1.28176E-11       5.12693E-04       4.69755E-09       2.08638E-09
       9.17500E-06       9.20000E-06       9.18750E-06       2.49996E-08       1.28528E-11       5.14119E-04       4.72346E-09       2.09923E-09
       9.20000E-06       9.22500E-06       9.21250E-06       2.50006E-08       1.28875E-11       5.15488E-04       4.74893E-09       2.11212E-09
       9.22500E-06       9.25000E-06       9.23750E-06       2.49996E-08       1.29226E-11       5.16914E-04       4.77499E-09       2.12504E-09
       9.25000E-06       9.27500E-06       9.26250E-06       2.49996E-08       1.29574E-11       5.18303E-04       4.80078E-09       2.13800E-09
       9.27500E-06       9.30000E-06       9.28750E-06       2.50006E-08       1.29925E-11       5.19689E-04       4.82662E-09       2.15099E-09
       9.30000E-06       9.32500E-06       9.31250E-06       2.49996E-08       1.30277E-11       5.21116E-04       4.85289E-09       2.16402E-09
       9.32500E-06       9.35000E-06       9.33750E-06       2.50006E-08       1.30624E-11       5.22485E-04       4.87870E-09       2.17708E-09
       9.35000E-06       9.37500E-06       9.36250E-06       2.49996E-08       1.30976E-11       5.23911E-04       4.90512E-09       2.19018E-09
       9.37500E-06       9.40000E-06       9.38750E-06       2.49996E-08       1.31323E-11       5.25300E-04       4.93125E-09       2.20331E-09
       9.40000E-06       9.42500E-06       9.41250E-06       2.50006E-08       1.31675E-11       5.26686E-04       4.95743E-09       2.21648E-09
       9.42500E-06       9.45000E-06       9.43750E-06       2.49996E-08       1.32026E-11       5.28113E-04       4.98406E-09       2.22968E-09
       9.45000E-06       9.47500E-06       9.46250E-06       2.50006E-08       1.32373E-11       5.29481E-04       5.01022E-09       2.24292E-09
       9.47500E-06       9.50000E-06       9.48750E-06       2.49996E-08       1.32725E-11       5.30908E-04       5.03699E-09       2.25619E-09
       9.50000E-06       9.52500E-06       9.51250E-06       2.49996E-08       1.33072E-11       5.32297E-04       5.06347E-09       2.26950E-09
       9.52500E-06       9.55000E-06       9.53750E-06       2.50006E-08       1.33424E-11       5.33683E-04       5.09000E-09       2.28284E-09
       9.55000E-06       9.57500E-06       9.56250E-06       2.49996E-08       1.33771E-11       5.35092E-04       5.11682E-09       2.29622E-09
       9.57500E-06       9.60000E-06       9.58750E-06       2.50006E-08       1.34123E-11       5.36478E-04       5.14348E-09       2.30963E-09
       9.60000E-06       9.62500E-06       9.61250E-06       2.49996E-08       1.34474E-11       5.37905E-04       5.17061E-09       2.32308E-09
       9.62500E-06       9.65000E-06       9.63750E-06       2.49996E-08       1.34821E-11       5.39294E-04       5.19745E-09       2.33656E-09
       9.65000E-06       9.67500E-06       9.66250E-06       2.50006E-08       1.35173E-11       5.40680E-04       5.22432E-09       2.35008E-09
       9.67500E-06       9.70000E-06       9.68750E-06       2.49996E-08       1.35520E-11       5.42089E-04       5.25149E-09       2.36363E-09
       9.70000E-06       9.72500E-06       9.71250E-06       2.50006E-08       1.35872E-11       5.43475E-04       5.27850E-09       2.37722E-09
       9.72500E-06       9.75000E-06       9.73750E-06       2.49996E-08       1.36219E-11       5.44885E-04       5.30581E-09       2.39084E-09
       9.75000E-06       9.77500E-06       9.76250E-06       2.49996E-08       1.36571E-11       5.46291E-04       5.33317E-09       2.40450E-09
       9.77500E-06       9.80000E-06       9.78750E-06       2.50006E-08       1.36922E-11       5.47677E-04       5.36038E-09       2.41819E-09
       9.80000E-06       9.82500E-06       9.81250E-06       2.49996E-08       1.37270E-11       5.49086E-04       5.38791E-09       2.43192E-09
       9.82500E-06       9.85000E-06       9.83750E-06       2.50006E-08       1.37621E-11       5.50472E-04       5.41527E-09       2.44568E-09
       9.85000E-06       9.87500E-06       9.86250E-06       2.49996E-08       1.37968E-11       5.51882E-04       5.44293E-09       2.45948E-09
       9.87500E-06       9.90000E-06       9.88750E-06       2.49996E-08       1.38320E-11       5.53288E-04       5.47064E-09       2.47331E-09
       9.90000E-06       9.92500E-06       9.91250E-06       2.50006E-08       1.38667E-11       5.54656E-04       5.49803E-09       2.48717E-09
       9.92500E-06       9.95000E-06       9.93750E-06       2.49996E-08       1.39019E-11       5.56083E-04       5.52608E-09       2.50108E-09
       9.95000E-06       9.97500E-06       9.96250E-06       2.50006E-08       1.39370E-11       5.57469E-04       5.55378E-09       2.51501E-09
       9.97500E-06       1.00000E-05       9.98750E-06       2.49996E-08       1.39718E-11       5.58879E-04       5.58180E-09       2.52899E-09
       1.00000E-05       1.04713E-05       1.02356E-05       4.71300E-07       2.69934E-10       5.72743E-04       5.86239E-09       2.79892E-09
       1.04713E-05       1.09648E-05       1.07180E-05       4.93500E-07       2.95973E-10       5.99742E-04       6.42807E-09       3.09489E-09
       1.09648E-05       1.14815E-05       1.12232E-05       5.16700E-07       3.24533E-10       6.28089E-04       7.04913E-09       3.41942E-09
       1.14815E-05       1.20226E-05       1.17521E-05       5.41101E-07       3.55833E-10       6.57610E-04       7.72826E-09       3.77526E-09
       1.20226E-05       1.25892E-05       1.23059E-05       5.66600E-07       3.90171E-10       6.88618E-04       8.47407E-09       4.16543E-09
       1.25892E-05       1.31826E-05       1.28859E-05       5.93400E-07       4.27821E-10       7.20965E-04       9.29029E-09       4.59325E-09
       1.31826E-05       1.38038E-05       1.34932E-05       6.21200E-07       4.69082E-10       7.55123E-04       1.01890E-08       5.06233E-09
       1.38038E-05       1.44544E-05       1.41291E-05       6.50600E-07       5.14354E-10       7.90583E-04       1.11702E-08       5.57669E-09
       1.44544E-05       1.51356E-05       1.47950E-05       6.81200E-07       5.63966E-10       8.27901E-04       1.22488E-08       6.14065E-09
       1.51356E-05       1.58489E-05       1.54922E-05       7.13300E-07       6.18396E-10       8.66952E-04       1.34310E-08       6.75905E-09
       1.58489E-05       1.65959E-05       1.62224E-05       7.47000E-07       6.78035E-10       9.07678E-04       1.47247E-08       7.43708E-09
       1.65959E-05       1.73780E-05       1.69869E-05       7.82101E-07       7.43447E-10       9.50578E-04       1.61474E-08       8.18053E-09
       1.73780E-05       1.81970E-05       1.77875E-05       8.19000E-07       8.15196E-10       9.95356E-04       1.77049E-08       8.99573E-09
       1.81970E-05       1.90546E-05       1.86258E-05       8.57599E-07       8.93847E-10       1.04227E-03       1.94130E-08       9.88957E-09
       1.90546E-05       1.99526E-05       1.95036E-05       8.98001E-07       9.80050E-10       1.09137E-03       2.12856E-08       1.08696E-08
       1.99526E-05       2.08930E-05       2.04228E-05       9.40399E-07       1.07463E-09       1.14274E-03       2.33379E-08       1.19443E-08
       2.08930E-05       2.18776E-05       2.13853E-05       9.84600E-07       1.17833E-09       1.19676E-03       2.55930E-08       1.31226E-08
       2.18776E-05       2.29087E-05       2.23932E-05       1.03110E-06       1.29196E-09       1.25299E-03       2.80584E-08       1.44145E-08
       2.29087E-05       2.39883E-05       2.34485E-05       1.07960E-06       1.41662E-09       1.31217E-03       3.07685E-08       1.58312E-08
       2.39883E-05       2.51189E-05       2.45536E-05       1.13060E-06       1.55330E-09       1.37388E-03       3.37336E-08       1.73845E-08
       2.51189E-05       2.63027E-05       2.57108E-05       1.18380E-06       1.70318E-09       1.43874E-03       3.69912E-08       1.90877E-08
       2.63027E-05       2.75423E-05       2.69225E-05       1.23960E-06       1.86747E-09       1.50651E-03       4.05591E-08       2.09551E-08
       2.75423E-05       2.88403E-05       2.81913E-05       1.29800E-06       2.04765E-09       1.57754E-03       4.44729E-08       2.30028E-08
       2.88403E-05       3.01995E-05       2.95199E-05       1.35920E-06       2.24519E-09       1.65184E-03       4.87623E-08       2.52480E-08
       3.01995E-05       3.16228E-05       3.09111E-05       1.42330E-06       2.46182E-09       1.72966E-03       5.34657E-08       2.77098E-08
       3.16228E-05       3.31131E-05       3.23679E-05       1.49030E-06       2.69929E-09       1.81125E-03       5.86263E-08       3.04091E-08
       3.31131E-05       3.46737E-05       3.38934E-05       1.56060E-06       2.94883E-09       1.88955E-03       6.40432E-08       3.33579E-08
       3.46737E-05       3.63078E-05       3.54907E-05       1.63410E-06       3.16265E-09       1.93540E-03       6.86889E-08       3.65206E-08
       3.63078E-05       3.80189E-05       3.71634E-05       1.71110E-06       3.38367E-09       1.97748E-03       7.34897E-08       3.99042E-08
       3.80189E-05       3.98107E-05       3.89148E-05       1.79180E-06       3.62209E-09       2.02149E-03       7.86657E-08       4.35263E-08
       3.98107E-05       4.16869E-05       4.07488E-05       1.87620E-06       3.87936E-09       2.06766E-03       8.42549E-08       4.74057E-08
       4.16869E-05       4.36516E-05       4.26692E-05       1.96470E-06       4.15706E-09       2.11588E-03       9.02829E-08       5.15627E-08
       4.36516E-05       4.57088E-05       4.46802E-05       2.05720E-06       4.45708E-09       2.16658E-03       9.68030E-08       5.60198E-08
       4.57088E-05       4.78630E-05       4.67859E-05       2.15420E-06       4.78123E-09       2.21950E-03       1.03841E-07       6.08010E-08
       4.78630E-05       5.01187E-05       4.89908E-05       2.25570E-06       5.13169E-09       2.27499E-03       1.11454E-07       6.59327E-08
       5.01187E-05       5.24808E-05       5.12998E-05       2.36210E-06       5.50489E-09       2.33050E-03       1.19554E-07       7.14376E-08
       5.24808E-05       5.49541E-05       5.37174E-05       2.47330E-06       5.89211E-09       2.38228E-03       1.27970E-07       7.73297E-08
       5.49541E-05       5.75440E-05       5.62490E-05       2.58990E-06       6.30884E-09       2.43594E-03       1.37019E-07       8.36386E-08
       5.75440E-05       6.02560E-05       5.89000E-05       2.71200E-06       6.75869E-09       2.49214E-03       1.46787E-07       9.03973E-08
       6.02560E-05       6.30957E-05       6.16758E-05       2.83970E-06       7.24440E-09       2.55112E-03       1.57342E-07       9.76417E-08
       6.30957E-05       6.60693E-05       6.45825E-05       2.97360E-06       7.76913E-09       2.61270E-03       1.68735E-07       1.05411E-07
       6.60693E-05       6.91831E-05       6.76262E-05       3.11380E-06       8.33231E-09       2.67593E-03       1.80963E-07       1.13743E-07
       6.91831E-05       7.24436E-05       7.08134E-05       3.26051E-06       8.91481E-09       2.73418E-03       1.93617E-07       1.22658E-07
       7.24436E-05       7.58578E-05       7.41507E-05       3.41420E-06       9.53768E-09       2.79353E-03       2.07142E-07       1.32196E-07
       7.58578E-05       7.94328E-05       7.76453E-05       3.57500E-06       1.02094E-08       2.85578E-03       2.21738E-07       1.42405E-07
       7.94328E-05       8.31764E-05       8.13046E-05       3.74360E-06       1.09344E-08       2.92082E-03       2.37476E-07       1.53339E-07
       8.31764E-05       8.70964E-05       8.51364E-05       3.92000E-06       1.17169E-08       2.98900E-03       2.54473E-07       1.65056E-07
       8.70964E-05       9.12011E-05       8.91488E-05       4.10471E-06       1.25621E-08       3.06041E-03       2.72832E-07       1.77618E-07
       9.12011E-05       9.54993E-05       9.33502E-05       4.29820E-06       1.34755E-08       3.13514E-03       2.92666E-07       1.91094E-07
       9.54993E-05       1.00000E-04       9.77497E-05       4.50070E-06       1.44628E-08       3.21345E-03       3.14114E-07       2.05557E-07
       1.00000E-04       1.04713E-04       1.02356E-04       4.71300E-06       1.55165E-08       3.29227E-03       3.36985E-07       2.21073E-07
       1.04713E-04       1.09648E-04       1.07181E-04       4.93501E-06       1.66083E-08       3.36541E-03       3.60707E-07       2.37681E-07
       1.09648E-04       1.14815E-04       1.12232E-04       5.16700E-06       1.77831E-08       3.44166E-03       3.86263E-07       2.55464E-07
       1.14815E-04       1.20226E-04       1.17520E-04       5.41100E-06       1.90500E-08       3.52061E-03       4.13744E-07       2.74515E-07
       1.20226E-04       1.25892E-04       1.23059E-04       5.66600E-06       2.04189E-08       3.60376E-03       4.43475E-07       2.94933E-07
       1.25892E-04       1.31826E-04       1.28859E-04       5.93401E-06       2.18976E-08       3.69019E-03       4.75514E-07       3.16831E-07
       1.31826E-04       1.38038E-04       1.34932E-04       6.21199E-06       2.34862E-08       3.78078E-03       5.10148E-07       3.40317E-07
       1.38038E-04       1.44544E-04       1.41291E-04       6.50601E-06       2.51308E-08       3.86270E-03       5.45764E-07       3.65448E-07
       1.44544E-04       1.51356E-04       1.47950E-04       6.81200E-06       2.68856E-08       3.94681E-03       5.83930E-07       3.92334E-07
       1.51356E-04       1.58489E-04       1.54922E-04       7.13300E-06       2.87789E-08       4.03462E-03       6.25053E-07       4.21112E-07
       1.58489E-04       1.65959E-04       1.62224E-04       7.47000E-06       3.08216E-08       4.12606E-03       6.69345E-07       4.51934E-07
       1.65959E-04       1.73780E-04       1.69870E-04       7.82100E-06       3.30267E-08       4.22283E-03       7.17329E-07       4.84961E-07
       1.73780E-04       1.81970E-04       1.77875E-04       8.19000E-06       3.54084E-08       4.32336E-03       7.69019E-07       5.20369E-07
       1.81970E-04       1.90546E-04       1.86258E-04       8.57600E-06       3.79820E-08       4.42886E-03       8.24911E-07       5.58351E-07
       1.90546E-04       1.99526E-04       1.95036E-04       8.98000E-06       4.07638E-08       4.53940E-03       8.85346E-07       5.99115E-07
       1.99526E-04       2.08930E-04       2.04228E-04       9.40399E-06       4.37383E-08       4.65104E-03       9.49872E-07       6.42853E-07
       2.08930E-04       2.18776E-04       2.13853E-04       9.84601E-06       4.68201E-08       4.75523E-03       1.01692E-06       6.89673E-07
       2.18776E-04       2.29087E-04       2.23932E-04       1.03110E-05       5.01293E-08       4.86173E-03       1.08869E-06       7.39803E-07
       2.29087E-04       2.39883E-04       2.34485E-04       1.07960E-05       5.37007E-08       4.97413E-03       1.16636E-06       7.93503E-07
       2.39883E-04       2.51189E-04       2.45536E-04       1.13060E-05       5.75577E-08       5.09090E-03       1.25000E-06       8.51061E-07
       2.51189E-04       2.63027E-04       2.57108E-04       1.18380E-05       6.17246E-08       5.21410E-03       1.34059E-06       9.12786E-07
       2.63027E-04       2.75423E-04       2.69225E-04       1.23960E-05       6.62114E-08       5.34136E-03       1.43803E-06       9.78997E-07
       2.75423E-04       2.88403E-04       2.81913E-04       1.29800E-05       7.08953E-08       5.46188E-03       1.53978E-06       1.04989E-06
       2.88403E-04       3.01995E-04       2.95199E-04       1.35920E-05       7.59012E-08       5.58427E-03       1.64847E-06       1.12579E-06
       3.01995E-04       3.16228E-04       3.09111E-04       1.42330E-05       8.13039E-08       5.71235E-03       1.76575E-06       1.20710E-06
       3.16228E-04       3.31131E-04       3.23680E-04       1.49030E-05       8.71372E-08       5.84695E-03       1.89254E-06       1.29423E-06
       3.31131E-04       3.46737E-04       3.38934E-04       1.56060E-05       9.34392E-08       5.98739E-03       2.02933E-06       1.38767E-06
       3.46737E-04       3.63078E-04       3.54908E-04       1.63410E-05       1.00249E-07       6.13482E-03       2.17729E-06       1.48792E-06
       3.63078E-04       3.80189E-04       3.71634E-04       1.71110E-05       1.07612E-07       6.28908E-03       2.33723E-06       1.59554E-06
       3.80189E-04       3.98107E-04       3.89148E-04       1.79180E-05       1.15578E-07       6.45037E-03       2.51015E-06       1.71111E-06
       3.98107E-04       4.16869E-04       4.07488E-04       1.87620E-05       1.24118E-07       6.61538E-03       2.69569E-06       1.83523E-06
       4.16869E-04       4.36516E-04       4.26692E-04       1.96470E-05       1.32990E-07       6.76898E-03       2.88827E-06       1.96822E-06
       4.36516E-04       4.57088E-04       4.46802E-04       2.05720E-05       1.42521E-07       6.92789E-03       3.09539E-06       2.11074E-06
       4.57088E-04       4.78630E-04       4.67859E-04       2.15420E-05       1.52814E-07       7.09377E-03       3.31888E-06       2.26356E-06
       4.78630E-04       5.01187E-04       4.89909E-04       2.25570E-05       1.63937E-07       7.26769E-03       3.56050E-06       2.42749E-06
       5.01187E-04       5.24808E-04       5.12998E-04       2.36210E-05       1.75965E-07       7.44950E-03       3.82158E-06       2.60346E-06
       5.24808E-04       5.49541E-04       5.37175E-04       2.47330E-05       1.88927E-07       7.63866E-03       4.10329E-06       2.79238E-06
       5.49541E-04       5.75440E-04       5.62491E-04       2.58990E-05       2.02360E-07       7.81342E-03       4.39498E-06       2.99474E-06
       5.75440E-04       6.02560E-04       5.89000E-04       2.71200E-05       2.16654E-07       7.98870E-03       4.70535E-06       3.21140E-06
       6.02560E-04       6.30957E-04       6.16758E-04       2.83970E-05       2.32078E-07       8.17262E-03       5.04053E-06       3.44348E-06
       6.30957E-04       6.60693E-04       6.45825E-04       2.97360E-05       2.48734E-07       8.36473E-03       5.40215E-06       3.69221E-06
       6.60693E-04       6.91831E-04       6.76262E-04       3.11380E-05       2.66726E-07       8.56593E-03       5.79282E-06       3.95894E-06
       6.91831E-04       7.24436E-04       7.08133E-04       3.26050E-05       2.86170E-07       8.77689E-03       6.21521E-06       4.24511E-06
       7.24436E-04       7.58578E-04       7.41507E-04       3.41420E-05       3.07194E-07       8.99754E-03       6.67174E-06       4.55230E-06
       7.58578E-04       7.94328E-04       7.76453E-04       3.57500E-05       3.29936E-07       9.22898E-03       7.16587E-06       4.88224E-06
       7.94328E-04       8.31764E-04       8.13046E-04       3.74360E-05       3.54345E-07       9.46536E-03       7.69577E-06       5.23658E-06
       8.31764E-04       8.70964E-04       8.51364E-04       3.92000E-05       3.79609E-07       9.68389E-03       8.24452E-06       5.61619E-06
       8.70964E-04       9.12011E-04       8.91487E-04       4.10470E-05       4.06687E-07       9.90783E-03       8.83271E-06       6.02288E-06
       9.12011E-04       9.54993E-04       9.33502E-04       4.29820E-05       4.35929E-07       1.01421E-02       9.46770E-06       6.45880E-06
       9.54993E-04       1.00000E-03       9.77497E-04       4.50070E-05       4.67519E-07       1.03877E-02       1.01539E-05       6.92632E-06
       1.00000E-03       1.04713E-03       1.02356E-03       4.71300E-05       5.01666E-07       1.06443E-02       1.08951E-05       7.42799E-06
       1.04713E-03       1.09648E-03       1.07180E-03       4.93500E-05       5.38487E-07       1.09116E-02       1.16951E-05       7.96648E-06
       1.09648E-03       1.14815E-03       1.12231E-03       5.16700E-05       5.76723E-07       1.11616E-02       1.25269E-05       8.54320E-06
       1.14815E-03       1.20226E-03       1.17520E-03       5.41100E-05       6.17281E-07       1.14079E-02       1.34066E-05       9.16048E-06
       1.20226E-03       1.25892E-03       1.23059E-03       5.66600E-05       6.61073E-07       1.16674E-02       1.43577E-05       9.82155E-06
       1.25892E-03       1.31826E-03       1.28859E-03       5.93400E-05       7.08345E-07       1.19371E-02       1.53820E-05       1.05299E-05
       1.31826E-03       1.38038E-03       1.34932E-03       6.21200E-05       7.59377E-07       1.22244E-02       1.64946E-05       1.12893E-05
       1.38038E-03       1.44544E-03       1.41291E-03       6.50599E-05       8.14541E-07       1.25199E-02       1.76894E-05       1.21038E-05
       1.44544E-03       1.51356E-03       1.47950E-03       6.81201E-05       8.74154E-07       1.28325E-02       1.89857E-05       1.29780E-05
       1.51356E-03       1.58489E-03       1.54923E-03       7.13300E-05       1.95936E-06       2.74689E-02       4.25556E-05       1.49373E-05
       1.58489E-03       1.65959E-03       1.62224E-03       7.47000E-05       2.79594E-05       3.74290E-01       6.07188E-04       4.28968E-05
       1.65959E-03       1.73780E-03       1.69870E-03       7.82101E-05       3.15463E-05       4.03354E-01       6.85175E-04       7.44431E-05
       1.73780E-03       1.81970E-03       1.77875E-03       8.18999E-05       3.30265E-05       4.03255E-01       7.17289E-04       1.07470E-04
       1.81970E-03       1.90546E-03       1.86258E-03       8.57600E-05       3.45847E-05       4.03273E-01       7.51129E-04       1.42054E-04
       1.90546E-03       1.99526E-03       1.95036E-03       8.98001E-05       3.61982E-05       4.03098E-01       7.86187E-04       1.78253E-04
       1.99526E-03       2.08930E-03       2.04228E-03       9.40400E-05       3.79136E-05       4.03164E-01       8.23374E-04       2.16166E-04
       2.08930E-03       2.18776E-03       2.13853E-03       9.84600E-05       3.96858E-05       4.03066E-01       8.61968E-04       2.55852E-04
       2.18776E-03       2.29087E-03       2.23932E-03       1.03110E-04       4.15574E-05       4.03039E-01       9.02532E-04       2.97409E-04
       2.29087E-03       2.39883E-03       2.34485E-03       1.07960E-04       4.34960E-05       4.02890E-01       9.44717E-04       3.40905E-04
       2.39883E-03       2.51189E-03       2.45536E-03       1.13060E-04       4.55385E-05       4.02782E-01       9.88975E-04       3.86444E-04
       2.51189E-03       2.63027E-03       2.57108E-03       1.18380E-04       4.76637E-05       4.02633E-01       1.03520E-03       4.34108E-04
       2.63027E-03       2.75423E-03       2.69225E-03       1.23960E-04       4.99068E-05       4.02605E-01       1.08391E-03       4.84014E-04
       2.75423E-03       2.88403E-03       2.81913E-03       1.29800E-04       5.22462E-05       4.02513E-01       1.13474E-03       5.36261E-04
       2.88403E-03       3.01995E-03       2.95199E-03       1.35920E-04       5.46815E-05       4.02307E-01       1.18761E-03       5.90942E-04
       3.01995E-03       3.16228E-03       3.09112E-03       1.42330E-04       5.72391E-05       4.02157E-01       1.24311E-03       6.48181E-04
       3.16228E-03       3.31131E-03       3.23679E-03       1.49030E-04       5.99179E-05       4.02053E-01       1.30136E-03       7.08099E-04
       3.31131E-03       3.46737E-03       3.38934E-03       1.56060E-04       6.27067E-05       4.01811E-01       1.36188E-03       7.70806E-04
       3.46737E-03       3.63078E-03       3.54907E-03       1.63410E-04       6.56143E-05       4.01532E-01       1.42507E-03       8.36420E-04
       3.63078E-03       3.80189E-03       3.71633E-03       1.71110E-04       6.86584E-05       4.01253E-01       1.49119E-03       9.05079E-04
       3.80189E-03       3.98107E-03       3.89148E-03       1.79180E-04       7.18514E-05       4.01001E-01       1.56049E-03       9.76930E-04
       3.98107E-03       4.16869E-03       4.07488E-03       1.87620E-04       7.51603E-05       4.00599E-01       1.63239E-03       1.05209E-03
       4.16869E-03       4.36516E-03       4.26693E-03       1.96470E-04       7.86570E-05       4.00351E-01       1.70827E-03       1.13075E-03
       4.36516E-03       4.57088E-03       4.46802E-03       2.05720E-04       8.22740E-05       3.99933E-01       1.78691E-03       1.21302E-03
       4.57088E-03       4.78630E-03       4.67859E-03       2.15420E-04       8.60625E-05       3.99511E-01       1.86915E-03       1.29908E-03
       4.78630E-03       5.01187E-03       4.89909E-03       2.25570E-04       9.00194E-05       3.99075E-01       1.95510E-03       1.38910E-03
       5.01187E-03       5.24807E-03       5.12997E-03       2.36200E-04       9.41575E-05       3.98635E-01       2.04499E-03       1.48326E-03
       5.24807E-03       5.49541E-03       5.37174E-03       2.47340E-04       9.84802E-05       3.98157E-01       2.13879E-03       1.58174E-03
       5.49541E-03       5.75440E-03       5.62491E-03       2.58990E-04       1.02989E-04       3.97655E-01       2.23677E-03       1.68473E-03
       5.75440E-03       6.02560E-03       5.89000E-03       2.71200E-04       1.07710E-04       3.97160E-01       2.33927E-03       1.79244E-03
       6.02560E-03       6.30957E-03       6.16759E-03       2.83970E-04       1.12636E-04       3.96647E-01       2.44635E-03       1.90508E-03
       6.30957E-03       6.60693E-03       6.45825E-03       2.97360E-04       1.17778E-04       3.96078E-01       2.55797E-03       2.02285E-03
       6.60693E-03       6.91831E-03       6.76262E-03       3.11380E-04       1.23131E-04       3.95438E-01       2.67420E-03       2.14598E-03
       6.91831E-03       7.24436E-03       7.08133E-03       3.26050E-04       1.28712E-04       3.94762E-01       2.79544E-03       2.27470E-03
       7.24436E-03       7.58578E-03       7.41507E-03       3.41420E-04       1.34542E-04       3.94067E-01       2.92204E-03       2.40924E-03
       7.58578E-03       7.94328E-03       7.76453E-03       3.57500E-04       1.40625E-04       3.93356E-01       3.05422E-03       2.54986E-03
       7.94328E-03       8.31764E-03       8.13046E-03       3.74360E-04       1.46965E-04       3.92576E-01       3.19183E-03       2.69683E-03
       8.31764E-03       8.70964E-03       8.51364E-03       3.92000E-04       1.53601E-04       3.91838E-01       3.33597E-03       2.85043E-03
       8.70964E-03       9.12011E-03       8.91487E-03       4.10471E-04       1.60457E-04       3.90910E-01       3.48491E-03       3.01089E-03
       9.12011E-03       9.54993E-03       9.33502E-03       4.29819E-04       1.67612E-04       3.89959E-01       3.64028E-03       3.17850E-03
       9.54993E-03       1.00000E-02       9.77496E-03       4.50070E-04       1.75061E-04       3.88963E-01       3.80210E-03       3.35356E-03
       1.00000E-02       1.04713E-02       1.02357E-02       4.71300E-04       1.82831E-04       3.87930E-01       3.97071E-03       3.53639E-03
       1.04713E-02       1.09648E-02       1.07180E-02       4.93500E-04       1.90916E-04       3.86861E-01       4.14639E-03       3.72731E-03
       1.09648E-02       1.14815E-02       1.12232E-02       5.16700E-04       1.99349E-04       3.85811E-01       4.33001E-03       3.92665E-03
       1.14815E-02       1.20226E-02       1.17521E-02       5.41100E-04       2.18170E-04       4.03197E-01       4.73840E-03       4.14482E-03
       1.20226E-02       1.25892E-02       1.23059E-02       5.66601E-04       2.35231E-04       4.15162E-01       5.10894E-03       4.38005E-03
       1.25892E-02       1.31826E-02       1.28859E-02       5.93399E-04       2.45583E-04       4.13858E-01       5.33293E-03       4.62564E-03
       1.31826E-02       1.38038E-02       1.34932E-02       6.21200E-04       2.56321E-04       4.12622E-01       5.56759E-03       4.88196E-03
       1.38038E-02       1.44544E-02       1.41291E-02       6.50601E-04       2.67797E-04       4.11615E-01       5.81576E-03       5.14975E-03
       1.44544E-02       1.51356E-02       1.47950E-02       6.81199E-04       2.79391E-04       4.10145E-01       6.06810E-03       5.42915E-03
       1.51356E-02       1.58489E-02       1.54923E-02       7.13301E-04       2.91469E-04       4.08620E-01       6.33044E-03       5.72061E-03
       1.58489E-02       1.65959E-02       1.62224E-02       7.47000E-04       3.04014E-04       4.06979E-01       6.60218E-03       6.02463E-03
       1.65959E-02       1.73780E-02       1.69870E-02       7.82100E-04       3.17062E-04       4.05399E-01       6.88649E-03       6.34169E-03
       1.73780E-02       1.81970E-02       1.77875E-02       8.19000E-04       3.30563E-04       4.03617E-01       7.17934E-03       6.67225E-03
       1.81970E-02       1.90546E-02       1.86258E-02       8.57600E-04       3.44515E-04       4.01721E-01       7.48237E-03       7.01677E-03
       1.90546E-02       1.99526E-02       1.95036E-02       8.98000E-04       3.59016E-04       3.99795E-01       7.79745E-03       7.37578E-03
       1.99526E-02       2.08930E-02       2.04228E-02       9.40400E-04       3.74097E-04       3.97806E-01       8.12432E-03       7.74988E-03
       2.08930E-02       2.18776E-02       2.13853E-02       9.84600E-04       3.89769E-04       3.95866E-01       8.46570E-03       8.13965E-03
       2.18776E-02       2.29087E-02       2.23931E-02       1.03110E-03       4.06094E-04       3.93846E-01       8.81945E-03       8.54574E-03
       2.29087E-02       2.39883E-02       2.34485E-02       1.07960E-03       4.23848E-04       3.92597E-01       9.20581E-03       8.96959E-03
       2.39883E-02       2.51189E-02       2.45536E-02       1.13060E-03       4.41558E-04       3.90552E-01       9.58947E-03       9.41115E-03
       2.51189E-02       2.63027E-02       2.57108E-02       1.18380E-03       4.59906E-04       3.88500E-01       9.98865E-03       9.87106E-03
       2.63027E-02       2.75423E-02       2.69225E-02       1.23960E-03       4.79427E-04       3.86759E-01       1.04125E-02       1.03505E-02
       2.75423E-02       2.88403E-02       2.81913E-02       1.29800E-03       5.28416E-04       4.07100E-01       1.14767E-02       1.08789E-02
       2.88403E-02       3.01995E-02       2.95199E-02       1.35920E-03       5.81848E-04       4.28082E-01       1.26369E-02       1.14608E-02
       3.01995E-02       3.16228E-02       3.09112E-02       1.42330E-03       6.06334E-04       4.26006E-01       1.31683E-02       1.20671E-02
       3.16228E-02       3.31131E-02       3.23680E-02       1.49030E-03       6.32032E-04       4.24097E-01       1.37271E-02       1.26991E-02
       3.31131E-02       3.46737E-02       3.38934E-02       1.56060E-03       6.62606E-04       4.24585E-01       1.43906E-02       1.33617E-02
       3.46737E-02       3.63078E-02       3.54908E-02       1.63410E-03       6.91008E-04       4.22867E-01       1.50079E-02       1.40527E-02
       3.63078E-02       3.80189E-02       3.71633E-02       1.71110E-03       7.19867E-04       4.20705E-01       1.56348E-02       1.47726E-02
       3.80189E-02       3.98107E-02       3.89148E-02       1.79180E-03       7.51779E-04       4.19566E-01       1.63273E-02       1.55244E-02
       3.98107E-02       4.16869E-02       4.07488E-02       1.87620E-03       7.84665E-04       4.18221E-01       1.70420E-02       1.63090E-02
       4.16869E-02       4.36516E-02       4.26693E-02       1.96470E-03       8.18221E-04       4.16460E-01       1.77700E-02       1.71273E-02
       4.36516E-02       4.57088E-02       4.46802E-02       2.05720E-03       8.56331E-04       4.16260E-01       1.85986E-02       1.79836E-02
       4.57088E-02       4.78630E-02       4.67859E-02       2.15420E-03       8.93346E-04       4.14700E-01       1.94021E-02       1.88769E-02
       4.78630E-02       5.01187E-02       4.89908E-02       2.25570E-03       9.30834E-04       4.12659E-01       2.02165E-02       1.98078E-02
       5.01187E-02       5.24808E-02       5.12998E-02       2.36210E-03       9.70102E-04       4.10695E-01       2.10685E-02       2.07779E-02
       5.24808E-02       5.49541E-02       5.37174E-02       2.47330E-03       1.01086E-03       4.08710E-01       2.19548E-02       2.17887E-02
       5.49541E-02       5.75440E-02       5.62491E-02       2.58990E-03       1.05345E-03       4.06752E-01       2.28794E-02       2.28422E-02
       5.75440E-02       6.02560E-02       5.89000E-02       2.71200E-03       1.09814E-03       4.04919E-01       2.38497E-02       2.39403E-02
       6.02560E-02       6.30957E-02       6.16758E-02       2.83970E-03       1.14511E-03       4.03250E-01       2.48708E-02       2.50854E-02
       6.30957E-02       6.60693E-02       6.45825E-02       2.97360E-03       1.19454E-03       4.01716E-01       2.59438E-02       2.62800E-02
       6.60693E-02       6.91831E-02       6.76262E-02       3.11380E-03       1.24662E-03       4.00354E-01       2.70744E-02       2.75266E-02
       6.91831E-02       7.24436E-02       7.08134E-02       3.26050E-03       1.30130E-03       3.99112E-01       2.82624E-02       2.88279E-02
       7.24436E-02       7.58578E-02       7.41507E-02       3.41420E-03       1.35866E-03       3.97945E-01       2.95079E-02       3.01866E-02
       7.58578E-02       7.94328E-02       7.76453E-02       3.57500E-03       1.41931E-03       3.97009E-01       3.08259E-02       3.16059E-02
       7.94328E-02       8.31764E-02       8.13046E-02       3.74360E-03       1.48343E-03       3.96259E-01       3.22176E-02       3.30893E-02
       8.31764E-02       8.70964E-02       8.51364E-02       3.92000E-03       1.55138E-03       3.95760E-01       3.36936E-02       3.46407E-02
       8.70964E-02       9.12011E-02       8.91488E-02       4.10470E-03       1.62435E-03       3.95728E-01       3.52787E-02       3.62650E-02
       9.12011E-02       9.54993E-02       9.33502E-02       4.29820E-03       1.70253E-03       3.96104E-01       3.69764E-02       3.79676E-02
       9.54993E-02       1.00000E-01       9.77497E-02       4.50070E-03       1.78788E-03       3.97246E-01       3.88306E-02       3.97554E-02
       1.00000E-01       1.04713E-01       1.02357E-01       4.71300E-03       1.88088E-03       3.99084E-01       4.08488E-02       4.16363E-02
       1.04713E-01       1.09648E-01       1.07180E-01       4.93500E-03       1.97935E-03       4.01085E-01       4.29885E-02       4.36157E-02
       1.09648E-01       1.14815E-01       1.12231E-01       5.16700E-03       2.08411E-03       4.03349E-01       4.52685E-02       4.56998E-02
       1.14815E-01       1.20226E-01       1.17520E-01       5.41100E-03       2.19586E-03       4.05813E-01       4.76914E-02       4.78956E-02
       1.20226E-01       1.25892E-01       1.23059E-01       5.66600E-03       2.31528E-03       4.08626E-01       5.02851E-02       5.02109E-02
       1.25892E-01       1.31826E-01       1.28859E-01       5.93400E-03       2.44275E-03       4.11653E-01       5.30452E-02       5.26537E-02
       1.31826E-01       1.38038E-01       1.34932E-01       6.21200E-03       2.57868E-03       4.15113E-01       5.60120E-02       5.52323E-02
       1.38038E-01       1.44544E-01       1.41291E-01       6.50600E-03       2.72251E-03       4.18461E-01       5.91248E-02       5.79549E-02
       1.44544E-01       1.51356E-01       1.47950E-01       6.81200E-03       2.87378E-03       4.21869E-01       6.24156E-02       6.08286E-02
       1.51356E-01       1.58489E-01       1.54923E-01       7.13300E-03       3.03453E-03       4.25421E-01       6.59073E-02       6.38632E-02
       1.58489E-01       1.65959E-01       1.62224E-01       7.47000E-03       3.20510E-03       4.29063E-01       6.96044E-02       6.70683E-02
       1.65959E-01       1.73780E-01       1.69869E-01       7.82100E-03       3.38574E-03       4.32903E-01       7.35371E-02       7.04540E-02
       1.73780E-01       1.81970E-01       1.77875E-01       8.19000E-03       3.57523E-03       4.36536E-01       7.76489E-02       7.40292E-02
       1.81970E-01       1.90546E-01       1.86258E-01       8.57600E-03       3.77381E-03       4.40043E-01       8.19615E-02       7.78030E-02
       1.90546E-01       1.99526E-01       1.95036E-01       8.98000E-03       3.98266E-03       4.43503E-01       8.64991E-02       8.17857E-02
       1.99526E-01       2.08930E-01       2.04228E-01       9.40400E-03       4.25891E-03       4.52883E-01       9.24914E-02       8.60446E-02
       2.08930E-01       2.18776E-01       2.13853E-01       9.84600E-03       4.61972E-03       4.69197E-01       1.00339E-01       9.06643E-02
       2.18776E-01       2.29087E-01       2.23931E-01       1.03110E-02       5.01732E-03       4.86599E-01       1.08965E-01       9.56817E-02
       2.29087E-01       2.39883E-01       2.34485E-01       1.07960E-02       5.44690E-03       5.04530E-01       1.18305E-01       1.01129E-01
       2.39883E-01       2.51189E-01       2.45536E-01       1.13060E-02       5.90569E-03       5.22350E-01       1.28256E-01       1.07034E-01
       2.51189E-01       2.63027E-01       2.57108E-01       1.18380E-02       6.38836E-03       5.39649E-01       1.38748E-01       1.13423E-01
       2.63027E-01       2.75423E-01       2.69225E-01       1.23960E-02       6.90720E-03       5.57212E-01       1.50015E-01       1.20330E-01
       2.75423E-01       2.88403E-01       2.81913E-01       1.29800E-02       7.45596E-03       5.74419E-01       1.61936E-01       1.27786E-01
       2.88403E-01       3.01995E-01       2.95199E-01       1.35920E-02       8.02923E-03       5.90732E-01       1.74384E-01       1.35815E-01
       3.01995E-01       3.16228E-01       3.09112E-01       1.42330E-02       8.64478E-03       6.07376E-01       1.87747E-01       1.44460E-01
       3.16228E-01       3.31131E-01       3.23680E-01       1.49030E-02       9.30690E-03       6.24499E-01       2.02137E-01       1.53767E-01
       3.31131E-01       3.46737E-01       3.38934E-01       1.56060E-02       1.00184E-02       6.41960E-01       2.17582E-01       1.63785E-01
       3.46737E-01       3.63078E-01       3.54908E-01       1.63410E-02       1.07587E-02       6.58386E-01       2.33666E-01       1.74544E-01
       3.63078E-01       3.80189E-01       3.71633E-01       1.71110E-02       1.15474E-02       6.74854E-01       2.50798E-01       1.86091E-01
       3.80189E-01       3.98107E-01       3.89148E-01       1.79180E-02       1.24004E-02       6.92063E-01       2.69315E-01       1.98492E-01
       3.98107E-01       4.16869E-01       4.07488E-01       1.87620E-02       1.33164E-02       7.09756E-01       2.89217E-01       2.11808E-01
       4.16869E-01       4.36516E-01       4.26692E-01       1.96470E-02       1.42679E-02       7.26211E-01       3.09869E-01       2.26076E-01
       4.36516E-01       4.57088E-01       4.46802E-01       2.05720E-02       1.52962E-02       7.43543E-01       3.32217E-01       2.41372E-01
       4.57088E-01       4.78630E-01       4.67859E-01       2.15420E-02       1.64180E-02       7.62138E-01       3.56573E-01       2.57790E-01
       4.78630E-01       5.01187E-01       4.89909E-01       2.25570E-02       1.76455E-02       7.82264E-01       3.83238E-01       2.75436E-01
       5.01187E-01       5.24808E-01       5.12998E-01       2.36210E-02       1.89924E-02       8.04049E-01       4.12475E-01       2.94428E-01
       5.24808E-01       5.49541E-01       5.37174E-01       2.47330E-02       2.04744E-02       8.27816E-01       4.44682E-01       3.14902E-01
       5.49541E-01       5.75440E-01       5.62490E-01       2.58990E-02       2.21121E-02       8.53783E-01       4.80245E-01       3.37015E-01
       5.75440E-01       6.02560E-01       5.89000E-01       2.71200E-02       2.39278E-02       8.82294E-01       5.19671E-01       3.60942E-01
       6.02560E-01       6.30957E-01       6.16758E-01       2.83970E-02       2.79556E-02       9.84456E-01       6.07172E-01       3.88898E-01
       6.30957E-01       6.60693E-01       6.45825E-01       2.97360E-02       3.24289E-02       1.09056E+00       7.04311E-01       4.21327E-01
       6.60693E-01       6.91831E-01       6.76262E-01       3.11380E-02       2.73386E-02       8.77981E-01       5.93745E-01       4.48665E-01
       6.91831E-01       7.24436E-01       7.08133E-01       3.26050E-02       2.72101E-02       8.34537E-01       5.90964E-01       4.75876E-01
       7.24436E-01       7.58578E-01       7.41507E-01       3.41420E-02       2.70767E-02       7.93061E-01       5.88060E-01       5.02952E-01
       7.58578E-01       7.94328E-01       7.76453E-01       3.57500E-02       2.69891E-02       7.54940E-01       5.86175E-01       5.29941E-01
       7.94328E-01       8.31764E-01       8.13046E-01       3.74360E-02       2.68524E-02       7.17288E-01       5.83188E-01       5.56794E-01
       8.31764E-01       8.70964E-01       8.51364E-01       3.92000E-02       2.66520E-02       6.79899E-01       5.78842E-01       5.83446E-01
       8.70964E-01       9.12011E-01       8.91487E-01       4.10470E-02       2.63031E-02       6.40803E-01       5.71268E-01       6.09749E-01
       9.12011E-01       9.54993E-01       9.33502E-01       4.29820E-02       2.57793E-02       5.99769E-01       5.59885E-01       6.35528E-01
       9.54993E-01       1.00000E+00       9.77497E-01       4.50070E-02       2.50528E-02       5.56643E-01       5.44117E-01       6.60581E-01
       1.00000E+00       1.04713E+00       1.02357E+00       4.71300E-02       2.40947E-02       5.11240E-01       5.23287E-01       6.84676E-01
       1.04713E+00       1.09648E+00       1.07181E+00       4.93500E-02       2.29546E-02       4.65140E-01       4.98539E-01       7.07630E-01
       1.09648E+00       1.14815E+00       1.12231E+00       5.16700E-02       2.16607E-02       4.19213E-01       4.70489E-01       7.29291E-01
       1.14815E+00       1.20226E+00       1.17520E+00       5.41100E-02       2.00815E-02       3.71123E-01       4.36146E-01       7.49373E-01
       1.20226E+00       1.25892E+00       1.23059E+00       5.66600E-02       1.82754E-02       3.22545E-01       3.96921E-01       7.67648E-01
       1.25892E+00       1.31826E+00       1.28859E+00       5.93400E-02       1.61780E-02       2.72633E-01       3.51312E-01       7.83826E-01
       1.31826E+00       1.38038E+00       1.34932E+00       6.21200E-02       1.51478E-02       2.43847E-01       3.29028E-01       7.98974E-01
       1.38038E+00       1.44544E+00       1.41291E+00       6.50600E-02       1.49478E-02       2.29755E-01       3.24623E-01       8.13922E-01
       1.44544E+00       1.51356E+00       1.47950E+00       6.81200E-02       1.46597E-02       2.15204E-01       3.18394E-01       8.28581E-01
       1.51356E+00       1.58489E+00       1.54923E+00       7.13300E-02       1.42772E-02       2.00157E-01       3.10088E-01       8.42859E-01
       1.58489E+00       1.65959E+00       1.62224E+00       7.47000E-02       1.38023E-02       1.84770E-01       2.99741E-01       8.56661E-01
       1.65959E+00       1.73780E+00       1.69869E+00       7.82100E-02       1.35256E-02       1.72940E-01       2.93772E-01       8.70187E-01
       1.73780E+00       1.81970E+00       1.77875E+00       8.19000E-02       1.36148E-02       1.66237E-01       2.95694E-01       8.83801E-01
       1.81970E+00       1.90546E+00       1.86258E+00       8.57600E-02       1.39575E-02       1.62750E-01       3.03136E-01       8.97759E-01
       1.90546E+00       1.99526E+00       1.95036E+00       8.98000E-02       1.45519E-02       1.62047E-01       3.16051E-01       9.12311E-01
       1.99526E+00       2.08930E+00       2.04228E+00       9.40400E-02       1.35474E-02       1.44060E-01       2.94211E-01       9.25858E-01
       2.08930E+00       2.18776E+00       2.13853E+00       9.84600E-02       1.25474E-02       1.27436E-01       2.72527E-01       9.38406E-01
       2.18776E+00       2.29087E+00       2.23932E+00       1.03110E-01       1.18808E-02       1.15224E-01       2.58023E-01       9.50286E-01
       2.29087E+00       2.39883E+00       2.34485E+00       1.07960E-01       9.43568E-03       8.73998E-02       2.04939E-01       9.59722E-01
       2.39883E+00       2.51189E+00       2.45536E+00       1.13060E-01       5.62299E-03       4.97346E-02       1.22116E-01       9.65345E-01
       2.51189E+00       2.63027E+00       2.57108E+00       1.18380E-01       4.94083E-03       4.17371E-02       1.07309E-01       9.70286E-01
       2.63027E+00       2.75423E+00       2.69225E+00       1.23960E-01       4.42162E-03       3.56697E-02       9.60318E-02       9.74707E-01
       2.75423E+00       2.88403E+00       2.81913E+00       1.29800E-01       3.95024E-03       3.04333E-02       8.57954E-02       9.78658E-01
       2.88403E+00       3.01995E+00       2.95199E+00       1.35920E-01       3.48324E-03       2.56272E-02       7.56511E-02       9.82141E-01
       3.01995E+00       3.16228E+00       3.09111E+00       1.42330E-01       3.09906E-03       2.17737E-02       6.73051E-02       9.85240E-01
       3.16228E+00       3.31131E+00       3.23679E+00       1.49030E-01       2.74788E-03       1.84384E-02       5.96815E-02       9.87988E-01
       3.31131E+00       3.46737E+00       3.38934E+00       1.56060E-01       2.44723E-03       1.56813E-02       5.31493E-02       9.90435E-01
       3.46737E+00       3.63078E+00       3.54908E+00       1.63410E-01       2.17244E-03       1.32944E-02       4.71829E-02       9.92607E-01
       3.63078E+00       3.80189E+00       3.71633E+00       1.71110E-01       1.89623E-03       1.10820E-02       4.11843E-02       9.94504E-01
       3.80189E+00       3.98107E+00       3.89148E+00       1.79180E-01       1.60290E-03       8.94575E-03       3.48122E-02       9.96107E-01
       3.98107E+00       4.16869E+00       4.07488E+00       1.87620E-01       1.28676E-03       6.85831E-03       2.79468E-02       9.97393E-01
       4.16869E+00       4.36516E+00       4.26692E+00       1.96470E-01       9.64741E-04       4.91037E-03       2.09522E-02       9.98358E-01
       4.36516E+00       4.57088E+00       4.46802E+00       2.05720E-01       6.77232E-04       3.29201E-03       1.47088E-02       9.99035E-01
       4.57088E+00       4.78630E+00       4.67859E+00       2.15420E-01       4.55826E-04       2.11599E-03       9.89984E-03       9.99491E-01
       4.78630E+00       5.00000E+00       4.89315E+00       2.13700E-01       2.82446E-04       1.32169E-03       6.46724E-03       9.99774E-01
       5.00000E+00       5.20000E+00       5.10000E+00       2.00000E-01       1.57280E-04       7.86399E-04       4.01064E-03       9.99931E-01
       5.20000E+00       5.40000E+00       5.30000E+00       2.00000E-01       6.91122E-05       3.45561E-04       1.83147E-03       1.00000E+00

 Sum =                                                                         1.00000E+00
 Renormalization bin#   970 =                                                  2.30386E-01 barn        1.88000E+07        1.90000E+07        1.89000E+07
 Avg. Energy     bin#   970 =                                                  9.37229E-01 MeV         1.88000E+07        1.90000E+07
