"        MT= 91 recoil spectrum "
" Initial neutron energy corresponds to the group:"
   1.50000E+01    1.52000E+01       0.00000E+00           280           897           618



          Low               High              Mid              Energy           Number             dn/de            E*dn/de          Cumulative
         Energy            Energy            Energy             Width          Fraction                               Sum   
         [MeV]             [MeV]             [MeV]              [MeV]

       1.60000E-06       1.62500E-06       1.61250E-06       2.50000E-08       0.00000E+00       0.00000E+00       0.00000E+00       0.00000E+00
       1.62500E-06       1.65000E-06       1.63750E-06       2.50000E-08       3.49451E-12       1.39780E-04       2.28890E-10       3.49451E-12
       1.65000E-06       1.67500E-06       1.66250E-06       2.50000E-08       3.54801E-12       1.41921E-04       2.35943E-10       7.04252E-12
       1.67500E-06       1.70000E-06       1.68750E-06       2.50001E-08       3.60151E-12       1.44060E-04       2.43101E-10       1.06440E-11
       1.70000E-06       1.72500E-06       1.71250E-06       2.50000E-08       3.65467E-12       1.46187E-04       2.50345E-10       1.42987E-11
       1.72500E-06       1.75000E-06       1.73750E-06       2.50000E-08       3.70817E-12       1.48327E-04       2.57718E-10       1.80069E-11
       1.75000E-06       1.77500E-06       1.76250E-06       2.50000E-08       3.76132E-12       1.50453E-04       2.65174E-10       2.17682E-11
       1.77500E-06       1.80000E-06       1.78750E-06       2.50000E-08       3.81483E-12       1.52593E-04       2.72760E-10       2.55830E-11
       1.80000E-06       1.82500E-06       1.81250E-06       2.50001E-08       3.86798E-12       1.54719E-04       2.80428E-10       2.94510E-11
       1.82500E-06       1.85000E-06       1.83750E-06       2.50000E-08       3.92148E-12       1.56860E-04       2.88229E-10       3.33725E-11
       1.85000E-06       1.87500E-06       1.86250E-06       2.50000E-08       3.97499E-12       1.59000E-04       2.96137E-10       3.73475E-11
       1.87500E-06       1.90000E-06       1.88750E-06       2.50000E-08       4.02814E-12       1.61126E-04       3.04125E-10       4.13756E-11
       1.90000E-06       1.92500E-06       1.91250E-06       2.50000E-08       4.08164E-12       1.63266E-04       3.12246E-10       4.54572E-11
       1.92500E-06       1.95000E-06       1.93750E-06       2.50001E-08       4.13480E-12       1.65391E-04       3.20446E-10       4.95920E-11
       1.95000E-06       1.97500E-06       1.96250E-06       2.50000E-08       4.18830E-12       1.67532E-04       3.28782E-10       5.37803E-11
       1.97500E-06       2.00000E-06       1.98750E-06       2.50000E-08       4.24146E-12       1.69658E-04       3.37196E-10       5.80218E-11
       2.00000E-06       2.02500E-06       2.01250E-06       2.50001E-08       4.29496E-12       1.71798E-04       3.45743E-10       6.23168E-11
       2.02500E-06       2.05000E-06       2.03750E-06       2.49999E-08       4.34846E-12       1.73939E-04       3.54402E-10       6.66652E-11
       2.05000E-06       2.07500E-06       2.06250E-06       2.50001E-08       4.40162E-12       1.76064E-04       3.63132E-10       7.10668E-11
       2.07500E-06       2.10000E-06       2.08750E-06       2.49999E-08       4.45512E-12       1.78206E-04       3.72004E-10       7.55220E-11
       2.10000E-06       2.12500E-06       2.11250E-06       2.50001E-08       4.50827E-12       1.80330E-04       3.80948E-10       8.00302E-11
       2.12500E-06       2.15000E-06       2.13750E-06       2.50001E-08       4.56178E-12       1.82470E-04       3.90030E-10       8.45920E-11
       2.15000E-06       2.17500E-06       2.16250E-06       2.49999E-08       4.61493E-12       1.84598E-04       3.99194E-10       8.92069E-11
       2.17500E-06       2.20000E-06       2.18750E-06       2.50001E-08       4.66843E-12       1.86737E-04       4.08486E-10       9.38754E-11
       2.20000E-06       2.22500E-06       2.21250E-06       2.49999E-08       4.72193E-12       1.88878E-04       4.17894E-10       9.85973E-11
       2.22500E-06       2.25000E-06       2.23750E-06       2.50001E-08       4.77509E-12       1.91003E-04       4.27369E-10       1.03372E-10
       2.25000E-06       2.27500E-06       2.26250E-06       2.50001E-08       4.82859E-12       1.93143E-04       4.36986E-10       1.08201E-10
       2.27500E-06       2.30000E-06       2.28750E-06       2.49999E-08       4.88175E-12       1.95271E-04       4.46683E-10       1.13083E-10
       2.30000E-06       2.32500E-06       2.31250E-06       2.50001E-08       4.93525E-12       1.97409E-04       4.56509E-10       1.18018E-10
       2.32500E-06       2.35000E-06       2.33750E-06       2.49999E-08       4.98841E-12       1.99537E-04       4.66419E-10       1.23006E-10
       2.35000E-06       2.37500E-06       2.36250E-06       2.50001E-08       5.04191E-12       2.01676E-04       4.76458E-10       1.28048E-10
       2.37500E-06       2.40000E-06       2.38750E-06       2.50001E-08       5.09541E-12       2.03816E-04       4.86610E-10       1.33144E-10
       2.40000E-06       2.42500E-06       2.41250E-06       2.49999E-08       5.14857E-12       2.05944E-04       4.96839E-10       1.38292E-10
       2.42500E-06       2.45000E-06       2.43750E-06       2.50001E-08       5.20207E-12       2.08082E-04       5.07200E-10       1.43494E-10
       2.45000E-06       2.47500E-06       2.46250E-06       2.49999E-08       5.25522E-12       2.10210E-04       5.17642E-10       1.48750E-10
       2.47500E-06       2.50000E-06       2.48750E-06       2.50001E-08       5.30872E-12       2.12348E-04       5.28216E-10       1.54058E-10
       2.50000E-06       2.52500E-06       2.51250E-06       2.50001E-08       5.36188E-12       2.14474E-04       5.38867E-10       1.59420E-10
       2.52500E-06       2.55000E-06       2.53750E-06       2.49999E-08       5.41538E-12       2.16617E-04       5.49664E-10       1.64836E-10
       2.55000E-06       2.57500E-06       2.56250E-06       2.50001E-08       5.46888E-12       2.18755E-04       5.60558E-10       1.70304E-10
       2.57500E-06       2.60000E-06       2.58750E-06       2.49999E-08       5.52204E-12       2.20883E-04       5.71534E-10       1.75826E-10
       2.60000E-06       2.62500E-06       2.61250E-06       2.50001E-08       5.57554E-12       2.23021E-04       5.82642E-10       1.81402E-10
       2.62500E-06       2.65000E-06       2.63750E-06       2.50001E-08       5.62870E-12       2.25147E-04       5.93825E-10       1.87031E-10
       2.65000E-06       2.67500E-06       2.66250E-06       2.49999E-08       5.68220E-12       2.27289E-04       6.05158E-10       1.92713E-10
       2.67500E-06       2.70000E-06       2.68750E-06       2.50001E-08       5.73536E-12       2.29413E-04       6.16548E-10       1.98448E-10
       2.70000E-06       2.72500E-06       2.71250E-06       2.49999E-08       5.78886E-12       2.31556E-04       6.28095E-10       2.04237E-10
       2.72500E-06       2.75000E-06       2.73750E-06       2.50001E-08       5.84236E-12       2.33693E-04       6.39736E-10       2.10079E-10
       2.75000E-06       2.77500E-06       2.76250E-06       2.50001E-08       5.89551E-12       2.35820E-04       6.51452E-10       2.15975E-10
       2.77500E-06       2.80000E-06       2.78750E-06       2.49999E-08       5.94902E-12       2.37962E-04       6.63319E-10       2.21924E-10
       2.80000E-06       2.82500E-06       2.81250E-06       2.50001E-08       6.00217E-12       2.40086E-04       6.75242E-10       2.27926E-10
       2.82500E-06       2.85000E-06       2.83750E-06       2.49999E-08       6.05567E-12       2.42228E-04       6.87323E-10       2.33982E-10
       2.85000E-06       2.87500E-06       2.86250E-06       2.50001E-08       6.10883E-12       2.44352E-04       6.99458E-10       2.40091E-10
       2.87500E-06       2.90000E-06       2.88750E-06       2.50001E-08       6.16233E-12       2.46492E-04       7.11747E-10       2.46253E-10
       2.90000E-06       2.92500E-06       2.91250E-06       2.49999E-08       6.21583E-12       2.48635E-04       7.24149E-10       2.52469E-10
       2.92500E-06       2.95000E-06       2.93750E-06       2.50001E-08       6.26899E-12       2.50759E-04       7.36603E-10       2.58738E-10
       2.95000E-06       2.97500E-06       2.96250E-06       2.49999E-08       6.32249E-12       2.52901E-04       7.49219E-10       2.65060E-10
       2.97500E-06       3.00000E-06       2.98750E-06       2.50001E-08       6.37565E-12       2.55025E-04       7.61887E-10       2.71436E-10
       3.00000E-06       3.02500E-06       3.01250E-06       2.50001E-08       6.42915E-12       2.57165E-04       7.74709E-10       2.77865E-10
       3.02500E-06       3.05000E-06       3.03750E-06       2.49999E-08       6.48230E-12       2.59294E-04       7.87604E-10       2.84347E-10
       3.05000E-06       3.07500E-06       3.06250E-06       2.50001E-08       6.53581E-12       2.61431E-04       8.00633E-10       2.90883E-10
       3.07500E-06       3.10000E-06       3.08750E-06       2.49999E-08       6.58931E-12       2.63574E-04       8.13784E-10       2.97473E-10
       3.10000E-06       3.12500E-06       3.11250E-06       2.50001E-08       6.64246E-12       2.65698E-04       8.26984E-10       3.04115E-10
       3.12500E-06       3.15000E-06       3.13750E-06       2.50001E-08       6.69597E-12       2.67838E-04       8.40340E-10       3.10811E-10
       3.15000E-06       3.17500E-06       3.16250E-06       2.49999E-08       6.74912E-12       2.69966E-04       8.53769E-10       3.17560E-10
       3.17500E-06       3.20000E-06       3.18750E-06       2.50001E-08       6.80262E-12       2.72104E-04       8.67331E-10       3.24363E-10
       3.20000E-06       3.22500E-06       3.21250E-06       2.49999E-08       6.85578E-12       2.74233E-04       8.80973E-10       3.31218E-10
       3.22500E-06       3.25000E-06       3.23750E-06       2.50001E-08       6.90928E-12       2.76370E-04       8.94748E-10       3.38128E-10
       3.25000E-06       3.27500E-06       3.26250E-06       2.50001E-08       6.96278E-12       2.78510E-04       9.08640E-10       3.45091E-10
       3.27500E-06       3.30000E-06       3.28750E-06       2.49999E-08       7.01594E-12       2.80639E-04       9.22601E-10       3.52107E-10
       3.30000E-06       3.32500E-06       3.31250E-06       2.50001E-08       7.06944E-12       2.82777E-04       9.36697E-10       3.59176E-10
       3.32500E-06       3.35000E-06       3.33750E-06       2.49999E-08       7.12260E-12       2.84905E-04       9.50872E-10       3.66299E-10
       3.35000E-06       3.37500E-06       3.36250E-06       2.50001E-08       7.17610E-12       2.87043E-04       9.65181E-10       3.73475E-10
       3.37500E-06       3.40000E-06       3.38750E-06       2.50001E-08       7.22925E-12       2.89169E-04       9.79560E-10       3.80704E-10
       3.40000E-06       3.42500E-06       3.41250E-06       2.49999E-08       7.28276E-12       2.91312E-04       9.94102E-10       3.87987E-10
       3.42500E-06       3.45000E-06       3.43750E-06       2.50001E-08       7.33626E-12       2.93449E-04       1.00873E-09       3.95323E-10
       3.45000E-06       3.47500E-06       3.46250E-06       2.49999E-08       7.38941E-12       2.95578E-04       1.02344E-09       4.02712E-10
       3.47500E-06       3.50000E-06       3.48750E-06       2.50001E-08       7.44292E-12       2.97715E-04       1.03828E-09       4.10155E-10
       3.50000E-06       3.52500E-06       3.51250E-06       2.50001E-08       7.49607E-12       2.99842E-04       1.05319E-09       4.17651E-10
       3.52500E-06       3.55000E-06       3.53750E-06       2.49999E-08       7.54957E-12       3.01985E-04       1.06827E-09       4.25201E-10
       3.55000E-06       3.57500E-06       3.56250E-06       2.50001E-08       7.60273E-12       3.04108E-04       1.08338E-09       4.32804E-10
       3.57500E-06       3.60000E-06       3.58750E-06       2.49999E-08       7.65623E-12       3.06251E-04       1.09868E-09       4.40460E-10
       3.60000E-06       3.62500E-06       3.61250E-06       2.50001E-08       7.70973E-12       3.08388E-04       1.11405E-09       4.48170E-10
       3.62500E-06       3.65000E-06       3.63750E-06       2.50001E-08       7.76289E-12       3.10514E-04       1.12950E-09       4.55932E-10
       3.65000E-06       3.67500E-06       3.66250E-06       2.49999E-08       7.81639E-12       3.12657E-04       1.14511E-09       4.63749E-10
       3.67500E-06       3.70000E-06       3.68750E-06       2.50001E-08       7.86955E-12       3.14781E-04       1.16075E-09       4.71618E-10
       3.70000E-06       3.72500E-06       3.71250E-06       2.49999E-08       7.92305E-12       3.16924E-04       1.17658E-09       4.79541E-10
       3.72500E-06       3.75000E-06       3.73750E-06       2.50001E-08       7.97620E-12       3.19047E-04       1.19244E-09       4.87518E-10
       3.75000E-06       3.77500E-06       3.76250E-06       2.50001E-08       8.02970E-12       3.21187E-04       1.20847E-09       4.95547E-10
       3.77500E-06       3.80000E-06       3.78750E-06       2.49999E-08       8.08321E-12       3.23330E-04       1.22461E-09       5.03631E-10
       3.80000E-06       3.82500E-06       3.81250E-06       2.50001E-08       8.13636E-12       3.25453E-04       1.24079E-09       5.11767E-10
       3.82500E-06       3.85000E-06       3.83750E-06       2.49999E-08       8.18986E-12       3.27596E-04       1.25715E-09       5.19957E-10
       3.85000E-06       3.87500E-06       3.86250E-06       2.50001E-08       8.24302E-12       3.29720E-04       1.27354E-09       5.28200E-10
       3.87500E-06       3.90000E-06       3.88750E-06       2.50001E-08       8.29652E-12       3.31860E-04       1.29010E-09       5.36496E-10
       3.90000E-06       3.92500E-06       3.91250E-06       2.49999E-08       8.35002E-12       3.34003E-04       1.30679E-09       5.44846E-10
       3.92500E-06       3.95000E-06       3.93750E-06       2.50001E-08       8.40318E-12       3.36126E-04       1.32350E-09       5.53250E-10
       3.95000E-06       3.97500E-06       3.96250E-06       2.49999E-08       8.45668E-12       3.38269E-04       1.34039E-09       5.61706E-10
       3.97500E-06       4.00000E-06       3.98750E-06       2.50001E-08       8.50984E-12       3.40392E-04       1.35731E-09       5.70216E-10
       4.00000E-06       4.02500E-06       4.01250E-06       2.50001E-08       8.56334E-12       3.42532E-04       1.37441E-09       5.78779E-10
       4.02500E-06       4.05000E-06       4.03750E-06       2.50001E-08       8.61649E-12       3.44658E-04       1.39156E-09       5.87396E-10
       4.05000E-06       4.07500E-06       4.06250E-06       2.49996E-08       8.67000E-12       3.46805E-04       1.40890E-09       5.96066E-10
       4.07500E-06       4.10000E-06       4.08750E-06       2.50001E-08       8.72350E-12       3.48939E-04       1.42629E-09       6.04789E-10
       4.10000E-06       4.12500E-06       4.11250E-06       2.50001E-08       8.77665E-12       3.51065E-04       1.44375E-09       6.13566E-10
       4.12500E-06       4.15000E-06       4.13750E-06       2.50001E-08       8.83016E-12       3.53205E-04       1.46139E-09       6.22396E-10
       4.15000E-06       4.17500E-06       4.16250E-06       2.50001E-08       8.88331E-12       3.55331E-04       1.47907E-09       6.31280E-10
       4.17500E-06       4.20000E-06       4.18750E-06       2.49996E-08       8.93681E-12       3.57478E-04       1.49694E-09       6.40216E-10
       4.20000E-06       4.22500E-06       4.21250E-06       2.50001E-08       8.98997E-12       3.59597E-04       1.51480E-09       6.49206E-10
       4.22500E-06       4.25000E-06       4.23750E-06       2.50001E-08       9.04347E-12       3.61737E-04       1.53286E-09       6.58250E-10
       4.25000E-06       4.27500E-06       4.26250E-06       2.50001E-08       9.09697E-12       3.63877E-04       1.55103E-09       6.67347E-10
       4.27500E-06       4.30000E-06       4.28750E-06       2.50001E-08       9.15013E-12       3.66004E-04       1.56924E-09       6.76497E-10
       4.30000E-06       4.32500E-06       4.31250E-06       2.49996E-08       9.20363E-12       3.68151E-04       1.58765E-09       6.85701E-10
       4.32500E-06       4.35000E-06       4.33750E-06       2.50001E-08       9.25679E-12       3.70270E-04       1.60605E-09       6.94957E-10
       4.35000E-06       4.37500E-06       4.36250E-06       2.50001E-08       9.31029E-12       3.72410E-04       1.62464E-09       7.04268E-10
       4.37500E-06       4.40000E-06       4.38750E-06       2.50001E-08       9.36344E-12       3.74536E-04       1.64328E-09       7.13631E-10
       4.40000E-06       4.42500E-06       4.41250E-06       2.50001E-08       9.41695E-12       3.76676E-04       1.66208E-09       7.23048E-10
       4.42500E-06       4.45000E-06       4.43750E-06       2.49996E-08       9.47045E-12       3.78824E-04       1.68103E-09       7.32518E-10
       4.45000E-06       4.47500E-06       4.46250E-06       2.50001E-08       9.52360E-12       3.80943E-04       1.69996E-09       7.42042E-10
       4.47500E-06       4.50000E-06       4.48750E-06       2.50001E-08       9.57710E-12       3.83083E-04       1.71908E-09       7.51619E-10
       4.50000E-06       4.52500E-06       4.51250E-06       2.50001E-08       9.63026E-12       3.85209E-04       1.73826E-09       7.61249E-10
       4.52500E-06       4.55000E-06       4.53750E-06       2.50001E-08       9.68376E-12       3.87349E-04       1.75760E-09       7.70933E-10
       4.55000E-06       4.57500E-06       4.56250E-06       2.49996E-08       9.73692E-12       3.89483E-04       1.77701E-09       7.80670E-10
       4.57500E-06       4.60000E-06       4.58750E-06       2.50001E-08       9.79042E-12       3.91615E-04       1.79654E-09       7.90461E-10
       4.60000E-06       4.62500E-06       4.61250E-06       2.50001E-08       9.84392E-12       3.93755E-04       1.81620E-09       8.00304E-10
       4.62500E-06       4.65000E-06       4.63750E-06       2.50001E-08       9.89708E-12       3.95882E-04       1.83590E-09       8.10202E-10
       4.65000E-06       4.67500E-06       4.66250E-06       2.50001E-08       9.95058E-12       3.98022E-04       1.85578E-09       8.20152E-10
       4.67500E-06       4.70000E-06       4.68750E-06       2.49996E-08       1.00037E-11       4.00156E-04       1.87573E-09       8.30156E-10
       4.70000E-06       4.72500E-06       4.71250E-06       2.50001E-08       1.00572E-11       4.02288E-04       1.89578E-09       8.40213E-10
       4.72500E-06       4.75000E-06       4.73750E-06       2.50001E-08       1.01104E-11       4.04414E-04       1.91591E-09       8.50323E-10
       4.75000E-06       4.77500E-06       4.76250E-06       2.50001E-08       1.01639E-11       4.06554E-04       1.93621E-09       8.60487E-10
       4.77500E-06       4.80000E-06       4.78750E-06       2.50001E-08       1.02174E-11       4.08694E-04       1.95662E-09       8.70705E-10
       4.80000E-06       4.82500E-06       4.81250E-06       2.49996E-08       1.02706E-11       4.10828E-04       1.97711E-09       8.80975E-10
       4.82500E-06       4.85000E-06       4.83750E-06       2.50001E-08       1.03241E-11       4.12961E-04       1.99770E-09       8.91299E-10
       4.85000E-06       4.87500E-06       4.86250E-06       2.50001E-08       1.03772E-11       4.15087E-04       2.01836E-09       9.01677E-10
       4.87500E-06       4.90000E-06       4.88750E-06       2.50001E-08       1.04307E-11       4.17227E-04       2.03920E-09       9.12107E-10
       4.90000E-06       4.92500E-06       4.91250E-06       2.50001E-08       1.04839E-11       4.19353E-04       2.06007E-09       9.22591E-10
       4.92500E-06       4.95000E-06       4.93750E-06       2.49996E-08       1.05374E-11       4.21501E-04       2.08116E-09       9.33129E-10
       4.95000E-06       4.97500E-06       4.96250E-06       2.50001E-08       1.05909E-11       4.23633E-04       2.10228E-09       9.43719E-10
       4.97500E-06       5.00000E-06       4.98750E-06       2.50001E-08       1.06440E-11       4.25759E-04       2.12348E-09       9.54363E-10
       5.00000E-06       5.02500E-06       5.01250E-06       2.50001E-08       1.06975E-11       4.27900E-04       2.14485E-09       9.65061E-10
       5.02500E-06       5.05000E-06       5.03750E-06       2.50001E-08       1.07507E-11       4.30026E-04       2.16625E-09       9.75812E-10
       5.05000E-06       5.07500E-06       5.06250E-06       2.49996E-08       1.08042E-11       4.32174E-04       2.18788E-09       9.86616E-10
       5.07500E-06       5.10000E-06       5.08750E-06       2.50001E-08       1.08573E-11       4.34292E-04       2.20946E-09       9.97473E-10
       5.10000E-06       5.12500E-06       5.11250E-06       2.50001E-08       1.09108E-11       4.36432E-04       2.23126E-09       1.00838E-09
       5.12500E-06       5.15000E-06       5.13750E-06       2.50001E-08       1.09643E-11       4.38572E-04       2.25316E-09       1.01935E-09
       5.15000E-06       5.17500E-06       5.16250E-06       2.50001E-08       1.10175E-11       4.40698E-04       2.27511E-09       1.03037E-09
       5.17500E-06       5.20000E-06       5.18750E-06       2.49996E-08       1.10710E-11       4.42847E-04       2.29727E-09       1.04144E-09
       5.20000E-06       5.22500E-06       5.21250E-06       2.50001E-08       1.11242E-11       4.44965E-04       2.31938E-09       1.05256E-09
       5.22500E-06       5.25000E-06       5.23750E-06       2.50001E-08       1.11777E-11       4.47105E-04       2.34171E-09       1.06374E-09
       5.25000E-06       5.27500E-06       5.26250E-06       2.50001E-08       1.12308E-11       4.49231E-04       2.36408E-09       1.07497E-09
       5.27500E-06       5.30000E-06       5.28750E-06       2.50001E-08       1.12843E-11       4.51371E-04       2.38662E-09       1.08625E-09
       5.30000E-06       5.32500E-06       5.31250E-06       2.49996E-08       1.13378E-11       4.53520E-04       2.40932E-09       1.09759E-09
       5.32500E-06       5.35000E-06       5.33750E-06       2.50001E-08       1.13910E-11       4.55637E-04       2.43196E-09       1.10898E-09
       5.35000E-06       5.37500E-06       5.36250E-06       2.50001E-08       1.14445E-11       4.57777E-04       2.45483E-09       1.12043E-09
       5.37500E-06       5.40000E-06       5.38750E-06       2.50001E-08       1.14976E-11       4.59904E-04       2.47773E-09       1.13192E-09
       5.40000E-06       5.42500E-06       5.41250E-06       2.50001E-08       1.15511E-11       4.62044E-04       2.50081E-09       1.14348E-09
       5.42500E-06       5.45000E-06       5.43750E-06       2.49996E-08       1.16043E-11       4.64179E-04       2.52397E-09       1.15508E-09
       5.45000E-06       5.47500E-06       5.46250E-06       2.50001E-08       1.16578E-11       4.66310E-04       2.54722E-09       1.16674E-09
       5.47500E-06       5.50000E-06       5.48750E-06       2.50001E-08       1.17113E-11       4.68450E-04       2.57062E-09       1.17845E-09
       5.50000E-06       5.52500E-06       5.51250E-06       2.50001E-08       1.17645E-11       4.70576E-04       2.59405E-09       1.19021E-09
       5.52500E-06       5.55000E-06       5.53750E-06       2.50001E-08       1.18180E-11       4.72716E-04       2.61767E-09       1.20203E-09
       5.55000E-06       5.57500E-06       5.56250E-06       2.49996E-08       1.18711E-11       4.74852E-04       2.64136E-09       1.21390E-09
       5.57500E-06       5.60000E-06       5.58750E-06       2.50001E-08       1.19246E-11       4.76983E-04       2.66514E-09       1.22583E-09
       5.60000E-06       5.62500E-06       5.61250E-06       2.50001E-08       1.19778E-11       4.79109E-04       2.68900E-09       1.23781E-09
       5.62500E-06       5.65000E-06       5.63750E-06       2.50001E-08       1.20313E-11       4.81249E-04       2.71304E-09       1.24984E-09
       5.65000E-06       5.67500E-06       5.66250E-06       2.50001E-08       1.20848E-11       4.83389E-04       2.73719E-09       1.26192E-09
       5.67500E-06       5.70000E-06       5.68750E-06       2.49996E-08       1.21379E-11       4.85524E-04       2.76142E-09       1.27406E-09
       5.70000E-06       5.72500E-06       5.71250E-06       2.50001E-08       1.21914E-11       4.87655E-04       2.78573E-09       1.28625E-09
       5.72500E-06       5.75000E-06       5.73750E-06       2.50001E-08       1.22446E-11       4.89781E-04       2.81012E-09       1.29850E-09
       5.75000E-06       5.77500E-06       5.76250E-06       2.50001E-08       1.22981E-11       4.91921E-04       2.83470E-09       1.31079E-09
       5.77500E-06       5.80000E-06       5.78750E-06       2.50001E-08       1.23512E-11       4.94048E-04       2.85930E-09       1.32314E-09
       5.80000E-06       5.82500E-06       5.81250E-06       2.49996E-08       1.24047E-11       4.96197E-04       2.88415E-09       1.33555E-09
       5.82500E-06       5.85000E-06       5.83750E-06       2.50001E-08       1.24582E-11       4.98328E-04       2.90899E-09       1.34801E-09
       5.85000E-06       5.87500E-06       5.86250E-06       2.50001E-08       1.25114E-11       5.00454E-04       2.93391E-09       1.36052E-09
       5.87500E-06       5.90000E-06       5.88750E-06       2.50001E-08       1.25649E-11       5.02594E-04       2.95902E-09       1.37308E-09
       5.90000E-06       5.92500E-06       5.91250E-06       2.50001E-08       1.26181E-11       5.04720E-04       2.98416E-09       1.38570E-09
       5.92500E-06       5.95000E-06       5.93750E-06       2.49996E-08       1.26716E-11       5.06870E-04       3.00954E-09       1.39837E-09
       5.95000E-06       5.97500E-06       5.96250E-06       2.50001E-08       1.27247E-11       5.08987E-04       3.03483E-09       1.41110E-09
       5.97500E-06       6.00000E-06       5.98750E-06       2.50001E-08       1.27782E-11       5.11127E-04       3.06037E-09       1.42388E-09
       6.00000E-06       6.02500E-06       6.01250E-06       2.50001E-08       1.28317E-11       5.13267E-04       3.08602E-09       1.43671E-09
       6.02500E-06       6.05000E-06       6.03750E-06       2.50001E-08       1.28849E-11       5.15393E-04       3.11169E-09       1.44959E-09
       6.05000E-06       6.07500E-06       6.06250E-06       2.49996E-08       1.29384E-11       5.17543E-04       3.13760E-09       1.46253E-09
       6.07500E-06       6.10000E-06       6.08750E-06       2.50001E-08       1.29915E-11       5.19659E-04       3.16343E-09       1.47552E-09
       6.10000E-06       6.12500E-06       6.11250E-06       2.50001E-08       1.30450E-11       5.21799E-04       3.18950E-09       1.48857E-09
       6.12500E-06       6.15000E-06       6.13750E-06       2.50001E-08       1.30982E-11       5.23926E-04       3.21559E-09       1.50167E-09
       6.15000E-06       6.17500E-06       6.16250E-06       2.50001E-08       1.31517E-11       5.26066E-04       3.24188E-09       1.51482E-09
       6.17500E-06       6.20000E-06       6.18750E-06       2.49996E-08       1.32052E-11       5.28216E-04       3.26834E-09       1.52802E-09
       6.20000E-06       6.22500E-06       6.21250E-06       2.50001E-08       1.32583E-11       5.30332E-04       3.29469E-09       1.54128E-09
       6.22500E-06       6.25000E-06       6.23750E-06       2.50001E-08       1.33119E-11       5.32472E-04       3.32129E-09       1.55459E-09
       6.25000E-06       6.27500E-06       6.26250E-06       2.50001E-08       1.33650E-11       5.34598E-04       3.34792E-09       1.56796E-09
       6.27500E-06       6.30000E-06       6.28750E-06       2.50001E-08       1.34185E-11       5.36738E-04       3.37474E-09       1.58138E-09
       6.30000E-06       6.32500E-06       6.31250E-06       2.49996E-08       1.34717E-11       5.38875E-04       3.40165E-09       1.59485E-09
       6.32500E-06       6.35000E-06       6.33750E-06       2.50001E-08       1.35252E-11       5.41005E-04       3.42862E-09       1.60837E-09
       6.35000E-06       6.37500E-06       6.36250E-06       2.50001E-08       1.35787E-11       5.43145E-04       3.45576E-09       1.62195E-09
       6.37500E-06       6.40000E-06       6.38750E-06       2.50001E-08       1.36318E-11       5.45271E-04       3.48292E-09       1.63558E-09
       6.40000E-06       6.42500E-06       6.41250E-06       2.50001E-08       1.36853E-11       5.47411E-04       3.51027E-09       1.64927E-09
       6.42500E-06       6.45000E-06       6.43750E-06       2.49996E-08       1.37385E-11       5.49548E-04       3.53771E-09       1.66301E-09
       6.45000E-06       6.47500E-06       6.46250E-06       2.50001E-08       1.37920E-11       5.51677E-04       3.56521E-09       1.67680E-09
       6.47500E-06       6.50000E-06       6.48750E-06       2.50001E-08       1.38451E-11       5.53803E-04       3.59280E-09       1.69064E-09
       6.50000E-06       6.52500E-06       6.51250E-06       2.50001E-08       1.38986E-11       5.55944E-04       3.62058E-09       1.70454E-09
       6.52500E-06       6.55000E-06       6.53750E-06       2.50001E-08       1.39521E-11       5.58084E-04       3.64847E-09       1.71850E-09
       6.55000E-06       6.57500E-06       6.56250E-06       2.49996E-08       1.40053E-11       5.60221E-04       3.67645E-09       1.73250E-09
       6.57500E-06       6.60000E-06       6.58750E-06       2.50001E-08       1.40588E-11       5.62350E-04       3.70448E-09       1.74656E-09
       6.60000E-06       6.62500E-06       6.61250E-06       2.50001E-08       1.41120E-11       5.64476E-04       3.73260E-09       1.76067E-09
       6.62500E-06       6.65000E-06       6.63750E-06       2.50001E-08       1.41655E-11       5.66616E-04       3.76091E-09       1.77484E-09
       6.65000E-06       6.67500E-06       6.66250E-06       2.50001E-08       1.42186E-11       5.68742E-04       3.78925E-09       1.78906E-09
       6.67500E-06       6.70000E-06       6.68750E-06       2.49996E-08       1.42721E-11       5.70893E-04       3.81785E-09       1.80333E-09
       6.70000E-06       6.72500E-06       6.71250E-06       2.50001E-08       1.43256E-11       5.73022E-04       3.84641E-09       1.81765E-09
       6.72500E-06       6.75000E-06       6.73750E-06       2.50001E-08       1.43788E-11       5.75149E-04       3.87506E-09       1.83203E-09
       6.75000E-06       6.77500E-06       6.76250E-06       2.50001E-08       1.44323E-11       5.77289E-04       3.90392E-09       1.84646E-09
       6.77500E-06       6.80000E-06       6.78750E-06       2.50001E-08       1.44854E-11       5.79415E-04       3.93278E-09       1.86095E-09
       6.80000E-06       6.82500E-06       6.81250E-06       2.49996E-08       1.45389E-11       5.81566E-04       3.96192E-09       1.87549E-09
       6.82500E-06       6.85000E-06       6.83750E-06       2.50001E-08       1.45921E-11       5.83681E-04       3.99092E-09       1.89008E-09
       6.85000E-06       6.87500E-06       6.86250E-06       2.50001E-08       1.46456E-11       5.85821E-04       4.02020E-09       1.90473E-09
       6.87500E-06       6.90000E-06       6.88750E-06       2.50001E-08       1.46991E-11       5.87961E-04       4.04958E-09       1.91943E-09
       6.90000E-06       6.92500E-06       6.91250E-06       2.50001E-08       1.47522E-11       5.90088E-04       4.07898E-09       1.93418E-09
       6.92500E-06       6.95000E-06       6.93750E-06       2.49996E-08       1.48058E-11       5.92239E-04       4.10866E-09       1.94898E-09
       6.95000E-06       6.97500E-06       6.96250E-06       2.50001E-08       1.48589E-11       5.94354E-04       4.13819E-09       1.96384E-09
       6.97500E-06       7.00000E-06       6.98750E-06       2.50001E-08       1.49124E-11       5.96494E-04       4.16800E-09       1.97876E-09
       7.00000E-06       7.02500E-06       7.01250E-06       2.50001E-08       1.49656E-11       5.98620E-04       4.19783E-09       1.99372E-09
       7.02500E-06       7.05000E-06       7.03750E-06       2.50001E-08       1.50191E-11       6.00760E-04       4.22785E-09       2.00874E-09
       7.05000E-06       7.07500E-06       7.06250E-06       2.49996E-08       1.50726E-11       6.02912E-04       4.25807E-09       2.02381E-09
       7.07500E-06       7.10000E-06       7.08750E-06       2.50001E-08       1.51257E-11       6.05027E-04       4.28813E-09       2.03894E-09
       7.10000E-06       7.12500E-06       7.11250E-06       2.50001E-08       1.51792E-11       6.07167E-04       4.31847E-09       2.05412E-09
       7.12500E-06       7.15000E-06       7.13750E-06       2.50001E-08       1.52324E-11       6.09293E-04       4.34883E-09       2.06935E-09
       7.15000E-06       7.17500E-06       7.16250E-06       2.50001E-08       1.52859E-11       6.11433E-04       4.37939E-09       2.08464E-09
       7.17500E-06       7.20000E-06       7.18750E-06       2.49996E-08       1.53390E-11       6.13571E-04       4.41004E-09       2.09997E-09
       7.20000E-06       7.22500E-06       7.21250E-06       2.50001E-08       1.53925E-11       6.15699E-04       4.44073E-09       2.11537E-09
       7.22500E-06       7.25000E-06       7.23750E-06       2.50001E-08       1.54460E-11       6.17839E-04       4.47161E-09       2.13081E-09
       7.25000E-06       7.27500E-06       7.26250E-06       2.50001E-08       1.54992E-11       6.19965E-04       4.50250E-09       2.14631E-09
       7.27500E-06       7.30000E-06       7.28750E-06       2.50001E-08       1.55527E-11       6.22106E-04       4.53359E-09       2.16187E-09
       7.30000E-06       7.32500E-06       7.31250E-06       2.49996E-08       1.56059E-11       6.24244E-04       4.56478E-09       2.17747E-09
       7.32500E-06       7.35000E-06       7.33750E-06       2.50001E-08       1.56594E-11       6.26372E-04       4.59600E-09       2.19313E-09
       7.35000E-06       7.37500E-06       7.36250E-06       2.50001E-08       1.57125E-11       6.28498E-04       4.62732E-09       2.20884E-09
       7.37500E-06       7.40000E-06       7.38750E-06       2.50001E-08       1.57660E-11       6.30638E-04       4.65884E-09       2.22461E-09
       7.40000E-06       7.42500E-06       7.41250E-06       2.50001E-08       1.58195E-11       6.32778E-04       4.69047E-09       2.24043E-09
       7.42500E-06       7.45000E-06       7.43750E-06       2.49996E-08       1.58727E-11       6.34917E-04       4.72219E-09       2.25630E-09
       7.45000E-06       7.47500E-06       7.46250E-06       2.50001E-08       1.59262E-11       6.37044E-04       4.75394E-09       2.27223E-09
       7.47500E-06       7.50000E-06       7.48750E-06       2.50001E-08       1.59793E-11       6.39171E-04       4.78579E-09       2.28821E-09
       7.50000E-06       7.52500E-06       7.51250E-06       2.50001E-08       1.60328E-11       6.41311E-04       4.81785E-09       2.30424E-09
       7.52500E-06       7.55000E-06       7.53750E-06       2.50001E-08       1.60860E-11       6.43437E-04       4.84991E-09       2.32033E-09
       7.55000E-06       7.57500E-06       7.56250E-06       2.49996E-08       1.61395E-11       6.45589E-04       4.88227E-09       2.33646E-09
       7.57500E-06       7.60000E-06       7.58750E-06       2.50001E-08       1.61930E-11       6.47717E-04       4.91455E-09       2.35266E-09
       7.60000E-06       7.62500E-06       7.61250E-06       2.50001E-08       1.62461E-11       6.49843E-04       4.94693E-09       2.36890E-09
       7.62500E-06       7.65000E-06       7.63750E-06       2.50001E-08       1.62996E-11       6.51983E-04       4.97952E-09       2.38520E-09
       7.65000E-06       7.67500E-06       7.66250E-06       2.50001E-08       1.63528E-11       6.54110E-04       5.01211E-09       2.40156E-09
       7.67500E-06       7.70000E-06       7.68750E-06       2.49996E-08       1.64063E-11       6.56262E-04       5.04502E-09       2.41796E-09
       7.70000E-06       7.72500E-06       7.71250E-06       2.50001E-08       1.64595E-11       6.58376E-04       5.07772E-09       2.43442E-09
       7.72500E-06       7.75000E-06       7.73750E-06       2.50001E-08       1.65130E-11       6.60516E-04       5.11074E-09       2.45094E-09
       7.75000E-06       7.77500E-06       7.76250E-06       2.50001E-08       1.65665E-11       6.62656E-04       5.14387E-09       2.46750E-09
       7.77500E-06       7.80000E-06       7.78750E-06       2.50001E-08       1.66196E-11       6.64782E-04       5.17699E-09       2.48412E-09
       7.80000E-06       7.82500E-06       7.81250E-06       2.49996E-08       1.66731E-11       6.66935E-04       5.21043E-09       2.50079E-09
       7.82500E-06       7.85000E-06       7.83750E-06       2.50001E-08       1.67263E-11       6.69049E-04       5.24367E-09       2.51752E-09
       7.85000E-06       7.87500E-06       7.86250E-06       2.50001E-08       1.67798E-11       6.71189E-04       5.27722E-09       2.53430E-09
       7.87500E-06       7.90000E-06       7.88750E-06       2.50001E-08       1.68329E-11       6.73315E-04       5.31077E-09       2.55113E-09
       7.90000E-06       7.92500E-06       7.91250E-06       2.50001E-08       1.68864E-11       6.75455E-04       5.34454E-09       2.56802E-09
       7.92500E-06       7.95000E-06       7.93750E-06       2.49996E-08       1.69399E-11       6.77608E-04       5.37851E-09       2.58496E-09
       7.95000E-06       7.97500E-06       7.96250E-06       2.50001E-08       1.69931E-11       6.79721E-04       5.41228E-09       2.60195E-09
       7.97500E-06       8.00000E-06       7.98750E-06       2.50001E-08       1.70466E-11       6.81861E-04       5.44637E-09       2.61900E-09
       8.00000E-06       8.02500E-06       8.01250E-06       2.49996E-08       1.70998E-11       6.84001E-04       5.48055E-09       2.63610E-09
       8.02500E-06       8.05000E-06       8.03750E-06       2.50006E-08       1.71533E-11       6.86115E-04       5.51465E-09       2.65325E-09
       8.05000E-06       8.07500E-06       8.06250E-06       2.49996E-08       1.72064E-11       6.88267E-04       5.54915E-09       2.67046E-09
       8.07500E-06       8.10000E-06       8.08750E-06       2.50006E-08       1.72599E-11       6.90381E-04       5.58345E-09       2.68772E-09
       8.10000E-06       8.12500E-06       8.11250E-06       2.49996E-08       1.73134E-11       6.92547E-04       5.61829E-09       2.70503E-09
       8.12500E-06       8.15000E-06       8.13750E-06       2.49996E-08       1.73666E-11       6.94673E-04       5.65290E-09       2.72240E-09
       8.15000E-06       8.17500E-06       8.16250E-06       2.50006E-08       1.74201E-11       6.96787E-04       5.68752E-09       2.73982E-09
       8.17500E-06       8.20000E-06       8.18750E-06       2.49996E-08       1.74732E-11       6.98940E-04       5.72257E-09       2.75729E-09
       8.20000E-06       8.22500E-06       8.21250E-06       2.50006E-08       1.75267E-11       7.01053E-04       5.75740E-09       2.77482E-09
       8.22500E-06       8.25000E-06       8.23750E-06       2.49996E-08       1.75799E-11       7.03206E-04       5.79266E-09       2.79240E-09
       8.25000E-06       8.27500E-06       8.26250E-06       2.49996E-08       1.76334E-11       7.05346E-04       5.82792E-09       2.81003E-09
       8.27500E-06       8.30000E-06       8.28750E-06       2.50006E-08       1.76869E-11       7.07459E-04       5.86307E-09       2.82772E-09
       8.30000E-06       8.32500E-06       8.31250E-06       2.49996E-08       1.77400E-11       7.09613E-04       5.89866E-09       2.84546E-09
       8.32500E-06       8.35000E-06       8.33750E-06       2.50006E-08       1.77935E-11       7.11726E-04       5.93401E-09       2.86325E-09
       8.35000E-06       8.37500E-06       8.36250E-06       2.49996E-08       1.78467E-11       7.13879E-04       5.96981E-09       2.88110E-09
       8.37500E-06       8.40000E-06       8.38750E-06       2.49996E-08       1.79002E-11       7.16019E-04       6.00561E-09       2.89900E-09
       8.40000E-06       8.42500E-06       8.41250E-06       2.50006E-08       1.79534E-11       7.18118E-04       6.04117E-09       2.91695E-09
       8.42500E-06       8.45000E-06       8.43750E-06       2.49996E-08       1.80069E-11       7.20286E-04       6.07741E-09       2.93496E-09
       8.45000E-06       8.47500E-06       8.46250E-06       2.50006E-08       1.80604E-11       7.22398E-04       6.11329E-09       2.95302E-09
       8.47500E-06       8.50000E-06       8.48750E-06       2.49996E-08       1.81135E-11       7.24552E-04       6.14963E-09       2.97113E-09
       8.50000E-06       8.52500E-06       8.51250E-06       2.49996E-08       1.81670E-11       7.26692E-04       6.18596E-09       2.98930E-09
       8.52500E-06       8.55000E-06       8.53750E-06       2.50006E-08       1.82202E-11       7.28790E-04       6.22205E-09       3.00752E-09
       8.55000E-06       8.57500E-06       8.56250E-06       2.49996E-08       1.82737E-11       7.30958E-04       6.25883E-09       3.02579E-09
       8.57500E-06       8.60000E-06       8.58750E-06       2.50006E-08       1.83268E-11       7.33057E-04       6.29512E-09       3.04412E-09
       8.60000E-06       8.62500E-06       8.61250E-06       2.49996E-08       1.83803E-11       7.35225E-04       6.33212E-09       3.06250E-09
       8.62500E-06       8.65000E-06       8.63750E-06       2.49996E-08       1.84338E-11       7.37365E-04       6.36899E-09       3.08094E-09
       8.65000E-06       8.67500E-06       8.66250E-06       2.50006E-08       1.84870E-11       7.39463E-04       6.40560E-09       3.09942E-09
       8.67500E-06       8.70000E-06       8.68750E-06       2.49996E-08       1.85405E-11       7.41631E-04       6.44292E-09       3.11796E-09
       8.70000E-06       8.72500E-06       8.71250E-06       2.50006E-08       1.85937E-11       7.43729E-04       6.47974E-09       3.13656E-09
       8.72500E-06       8.75000E-06       8.73750E-06       2.49996E-08       1.86472E-11       7.45898E-04       6.51728E-09       3.15520E-09
       8.75000E-06       8.77500E-06       8.76250E-06       2.49996E-08       1.87003E-11       7.48024E-04       6.55456E-09       3.17390E-09
       8.77500E-06       8.80000E-06       8.78750E-06       2.50006E-08       1.87538E-11       7.50135E-04       6.59181E-09       3.19266E-09
       8.80000E-06       8.82500E-06       8.81250E-06       2.49996E-08       1.88073E-11       7.52304E-04       6.62968E-09       3.21147E-09
       8.82500E-06       8.85000E-06       8.83750E-06       2.50006E-08       1.88605E-11       7.54401E-04       6.66702E-09       3.23033E-09
       8.85000E-06       8.87500E-06       8.86250E-06       2.49996E-08       1.89140E-11       7.56570E-04       6.70510E-09       3.24924E-09
       8.87500E-06       8.90000E-06       8.88750E-06       2.49996E-08       1.89671E-11       7.58697E-04       6.74292E-09       3.26821E-09
       8.90000E-06       8.92500E-06       8.91250E-06       2.50006E-08       1.90206E-11       7.60808E-04       6.78070E-09       3.28723E-09
       8.92500E-06       8.95000E-06       8.93750E-06       2.49996E-08       1.90738E-11       7.62963E-04       6.81898E-09       3.30630E-09
       8.95000E-06       8.97500E-06       8.96250E-06       2.50006E-08       1.91273E-11       7.65074E-04       6.85697E-09       3.32543E-09
       8.97500E-06       9.00000E-06       8.98750E-06       2.49996E-08       1.91808E-11       7.67243E-04       6.89560E-09       3.34461E-09
       9.00000E-06       9.02500E-06       9.01250E-06       2.49996E-08       1.92339E-11       7.69370E-04       6.93394E-09       3.36384E-09
       9.02500E-06       9.05000E-06       9.03750E-06       2.50006E-08       1.92874E-11       7.71480E-04       6.97225E-09       3.38313E-09
       9.05000E-06       9.07500E-06       9.06250E-06       2.49996E-08       1.93406E-11       7.73636E-04       7.01107E-09       3.40247E-09
       9.07500E-06       9.10000E-06       9.08750E-06       2.50006E-08       1.93941E-11       7.75746E-04       7.04960E-09       3.42187E-09
       9.10000E-06       9.12500E-06       9.11250E-06       2.49996E-08       1.94473E-11       7.77902E-04       7.08863E-09       3.44131E-09
       9.12500E-06       9.15000E-06       9.13750E-06       2.49996E-08       1.95008E-11       7.80042E-04       7.12764E-09       3.46081E-09
       9.15000E-06       9.17500E-06       9.16250E-06       2.50006E-08       1.95543E-11       7.82153E-04       7.16647E-09       3.48037E-09
       9.17500E-06       9.20000E-06       9.18750E-06       2.49996E-08       1.96074E-11       7.84309E-04       7.20584E-09       3.49998E-09
       9.20000E-06       9.22500E-06       9.21250E-06       2.50006E-08       1.96609E-11       7.86419E-04       7.24488E-09       3.51964E-09
       9.22500E-06       9.25000E-06       9.23750E-06       2.49996E-08       1.97141E-11       7.88575E-04       7.28446E-09       3.53935E-09
       9.25000E-06       9.27500E-06       9.26250E-06       2.49996E-08       1.97676E-11       7.90715E-04       7.32400E-09       3.55912E-09
       9.27500E-06       9.30000E-06       9.28750E-06       2.50006E-08       1.98207E-11       7.92811E-04       7.36323E-09       3.57894E-09
       9.30000E-06       9.32500E-06       9.31250E-06       2.49996E-08       1.98742E-11       7.94982E-04       7.40327E-09       3.59881E-09
       9.32500E-06       9.35000E-06       9.33750E-06       2.50006E-08       1.99277E-11       7.97091E-04       7.44284E-09       3.61874E-09
       9.35000E-06       9.37500E-06       9.36250E-06       2.49996E-08       1.99809E-11       7.99248E-04       7.48296E-09       3.63872E-09
       9.37500E-06       9.40000E-06       9.38750E-06       2.49996E-08       2.00344E-11       8.01388E-04       7.52303E-09       3.65876E-09
       9.40000E-06       9.42500E-06       9.41250E-06       2.50006E-08       2.00876E-11       8.03484E-04       7.56279E-09       3.67884E-09
       9.42500E-06       9.45000E-06       9.43750E-06       2.49996E-08       2.01411E-11       8.05654E-04       7.60336E-09       3.69898E-09
       9.45000E-06       9.47500E-06       9.46250E-06       2.50006E-08       2.01942E-11       8.07750E-04       7.64333E-09       3.71918E-09
       9.47500E-06       9.50000E-06       9.48750E-06       2.49996E-08       2.02477E-11       8.09921E-04       7.68412E-09       3.73943E-09
       9.50000E-06       9.52500E-06       9.51250E-06       2.49996E-08       2.03012E-11       8.12061E-04       7.72473E-09       3.75973E-09
       9.52500E-06       9.55000E-06       9.53750E-06       2.50006E-08       2.03544E-11       8.14156E-04       7.76501E-09       3.78008E-09
       9.55000E-06       9.57500E-06       9.56250E-06       2.49996E-08       2.04079E-11       8.16327E-04       7.80613E-09       3.80049E-09
       9.57500E-06       9.60000E-06       9.58750E-06       2.50006E-08       2.04610E-11       8.18422E-04       7.84662E-09       3.82095E-09
       9.60000E-06       9.62500E-06       9.61250E-06       2.49996E-08       2.05145E-11       8.20594E-04       7.88796E-09       3.84147E-09
       9.62500E-06       9.65000E-06       9.63750E-06       2.49996E-08       2.05677E-11       8.22720E-04       7.92896E-09       3.86203E-09
       9.65000E-06       9.67500E-06       9.66250E-06       2.50006E-08       2.06212E-11       8.24828E-04       7.96990E-09       3.88265E-09
       9.67500E-06       9.70000E-06       9.68750E-06       2.49996E-08       2.06747E-11       8.27000E-04       8.01156E-09       3.90333E-09
       9.70000E-06       9.72500E-06       9.71250E-06       2.50006E-08       2.07278E-11       8.29095E-04       8.05258E-09       3.92406E-09
       9.72500E-06       9.75000E-06       9.73750E-06       2.49996E-08       2.07813E-11       8.31266E-04       8.09446E-09       3.94484E-09
       9.75000E-06       9.77500E-06       9.76250E-06       2.49996E-08       2.08345E-11       8.33393E-04       8.13600E-09       3.96567E-09
       9.77500E-06       9.80000E-06       9.78750E-06       2.50006E-08       2.08880E-11       8.35501E-04       8.17747E-09       3.98656E-09
       9.80000E-06       9.82500E-06       9.81250E-06       2.49996E-08       2.09412E-11       8.37659E-04       8.21953E-09       4.00750E-09
       9.82500E-06       9.85000E-06       9.83750E-06       2.50006E-08       2.09947E-11       8.39767E-04       8.26121E-09       4.02850E-09
       9.85000E-06       9.87500E-06       9.86250E-06       2.49996E-08       2.10482E-11       8.41939E-04       8.30363E-09       4.04954E-09
       9.87500E-06       9.90000E-06       9.88750E-06       2.49996E-08       2.11013E-11       8.44066E-04       8.34570E-09       4.07065E-09
       9.90000E-06       9.92500E-06       9.91250E-06       2.50006E-08       2.11548E-11       8.46173E-04       8.38769E-09       4.09180E-09
       9.92500E-06       9.95000E-06       9.93750E-06       2.49996E-08       2.12080E-11       8.48332E-04       8.43030E-09       4.11301E-09
       9.95000E-06       9.97500E-06       9.96250E-06       2.50006E-08       2.12615E-11       8.50440E-04       8.47250E-09       4.13427E-09
       9.97500E-06       1.00000E-05       9.98750E-06       2.49996E-08       2.13146E-11       8.52598E-04       8.51533E-09       4.15558E-09
       1.00000E-05       1.04713E-05       1.02356E-05       4.71300E-07       4.11789E-10       8.73729E-04       8.94318E-09       4.56737E-09
       1.04713E-05       1.09648E-05       1.07180E-05       4.93500E-07       4.51518E-10       9.14930E-04       9.80626E-09       5.01889E-09
       1.09648E-05       1.14815E-05       1.12232E-05       5.16700E-07       4.95078E-10       9.58154E-04       1.07535E-08       5.51397E-09
       1.14815E-05       1.20226E-05       1.17521E-05       5.41101E-07       5.42850E-10       1.00323E-03       1.17900E-08       6.05682E-09
       1.20226E-05       1.25892E-05       1.23059E-05       5.66600E-07       5.95212E-10       1.05050E-03       1.29273E-08       6.65203E-09
       1.25892E-05       1.31826E-05       1.28859E-05       5.93400E-07       6.52649E-10       1.09985E-03       1.41725E-08       7.30468E-09
       1.31826E-05       1.38038E-05       1.34932E-05       6.21200E-07       7.15608E-10       1.15198E-03       1.55439E-08       8.02029E-09
       1.38038E-05       1.44544E-05       1.41291E-05       6.50600E-07       7.84676E-10       1.20608E-03       1.70408E-08       8.80496E-09
       1.44544E-05       1.51356E-05       1.47950E-05       6.81200E-07       8.60372E-10       1.26302E-03       1.86864E-08       9.66534E-09
       1.51356E-05       1.58489E-05       1.54922E-05       7.13300E-07       9.43386E-10       1.32257E-03       2.04895E-08       1.06087E-08
       1.58489E-05       1.65959E-05       1.62224E-05       7.47000E-07       1.03441E-09       1.38475E-03       2.24640E-08       1.16431E-08
       1.65959E-05       1.73780E-05       1.69869E-05       7.82101E-07       1.13420E-09       1.45019E-03       2.46343E-08       1.27773E-08
       1.73780E-05       1.81970E-05       1.77875E-05       8.19000E-07       1.24362E-09       1.51846E-03       2.70095E-08       1.40209E-08
       1.81970E-05       1.90546E-05       1.86258E-05       8.57599E-07       1.36360E-09       1.59002E-03       2.96153E-08       1.53845E-08
       1.90546E-05       1.99526E-05       1.95036E-05       8.98001E-07       1.49514E-09       1.66497E-03       3.24728E-08       1.68797E-08
       1.99526E-05       2.08930E-05       2.04228E-05       9.40399E-07       1.63939E-09       1.74329E-03       3.56029E-08       1.85191E-08
       2.08930E-05       2.18776E-05       2.13853E-05       9.84600E-07       1.79758E-09       1.82570E-03       3.90430E-08       2.03166E-08
       2.18776E-05       2.29087E-05       2.23932E-05       1.03110E-06       1.97099E-09       1.91154E-03       4.28055E-08       2.22876E-08
       2.29087E-05       2.39883E-05       2.34485E-05       1.07960E-06       2.16115E-09       2.00181E-03       4.69393E-08       2.44488E-08
       2.39883E-05       2.51189E-05       2.45536E-05       1.13060E-06       2.36963E-09       2.09591E-03       5.14620E-08       2.68184E-08
       2.51189E-05       2.63027E-05       2.57108E-05       1.18380E-06       2.59827E-09       2.19486E-03       5.64315E-08       2.94167E-08
       2.63027E-05       2.75423E-05       2.69225E-05       1.23960E-06       2.84262E-09       2.29318E-03       6.17380E-08       3.22593E-08
       2.75423E-05       2.88403E-05       2.81913E-05       1.29800E-06       3.05435E-09       2.35312E-03       6.63374E-08       3.53137E-08
       2.88403E-05       3.01995E-05       2.95199E-05       1.35920E-06       3.26863E-09       2.40482E-03       7.09900E-08       3.85823E-08
       3.01995E-05       3.16228E-05       3.09111E-05       1.42330E-06       3.49979E-09       2.45892E-03       7.60081E-08       4.20821E-08
       3.16228E-05       3.31131E-05       3.23679E-05       1.49030E-06       3.74928E-09       2.51579E-03       8.14310E-08       4.58313E-08
       3.31131E-05       3.46737E-05       3.38934E-05       1.56060E-06       4.01872E-09       2.57511E-03       8.72792E-08       4.98501E-08
       3.46737E-05       3.63078E-05       3.54907E-05       1.63410E-06       4.30977E-09       2.63739E-03       9.36030E-08       5.41598E-08
       3.63078E-05       3.80189E-05       3.71634E-05       1.71110E-06       4.62432E-09       2.70254E-03       1.00435E-07       5.87842E-08
       3.80189E-05       3.98107E-05       3.89148E-05       1.79180E-06       4.96449E-09       2.77067E-03       1.07820E-07       6.37486E-08
       3.98107E-05       4.16869E-05       4.07488E-05       1.87620E-06       5.32854E-09       2.84007E-03       1.15729E-07       6.90772E-08
       4.16869E-05       4.36516E-05       4.26692E-05       1.96470E-06       5.70605E-09       2.90429E-03       1.23924E-07       7.47832E-08
       4.36516E-05       4.57088E-05       4.46802E-05       2.05720E-06       6.11149E-09       2.97078E-03       1.32735E-07       8.08947E-08
       4.57088E-05       4.78630E-05       4.67859E-05       2.15420E-06       6.54920E-09       3.04020E-03       1.42239E-07       8.74439E-08
       4.78630E-05       5.01187E-05       4.89908E-05       2.25570E-06       7.02194E-09       3.11298E-03       1.52507E-07       9.44659E-08
       5.01187E-05       5.24808E-05       5.12998E-05       2.36210E-06       7.53287E-09       3.18905E-03       1.63598E-07       1.01999E-07
       5.24808E-05       5.49541E-05       5.37174E-05       2.47330E-06       8.08300E-09       3.26810E-03       1.75554E-07       1.10082E-07
       5.49541E-05       5.75440E-05       5.62490E-05       2.58990E-06       8.65360E-09       3.34129E-03       1.87944E-07       1.18735E-07
       5.75440E-05       6.02560E-05       5.89000E-05       2.71200E-06       9.26165E-09       3.41506E-03       2.01147E-07       1.27997E-07
       6.02560E-05       6.30957E-05       6.16758E-05       2.83970E-06       9.91762E-09       3.49249E-03       2.15402E-07       1.37915E-07
       6.30957E-05       6.60693E-05       6.45825E-05       2.97360E-06       1.06257E-08       3.57336E-03       2.30776E-07       1.48540E-07
       6.60693E-05       6.91831E-05       6.76262E-05       3.11380E-06       1.13905E-08       3.65806E-03       2.47381E-07       1.59931E-07
       6.91831E-05       7.24436E-05       7.08134E-05       3.26051E-06       1.22166E-08       3.74685E-03       2.65327E-07       1.72147E-07
       7.24436E-05       7.58578E-05       7.41507E-05       3.41420E-06       1.31097E-08       3.83975E-03       2.84720E-07       1.85257E-07
       7.58578E-05       7.94328E-05       7.76453E-05       3.57500E-06       1.40754E-08       3.93718E-03       3.05703E-07       1.99332E-07
       7.94328E-05       8.31764E-05       8.13046E-05       3.74360E-06       1.51110E-08       4.03649E-03       3.28185E-07       2.14443E-07
       8.31764E-05       8.70964E-05       8.51364E-05       3.92000E-06       1.61848E-08       4.12879E-03       3.51510E-07       2.30628E-07
       8.70964E-05       9.12011E-05       8.91488E-05       4.10471E-06       1.73370E-08       4.22369E-03       3.76536E-07       2.47965E-07
       9.12011E-05       9.54993E-05       9.33502E-05       4.29820E-06       1.85811E-08       4.32299E-03       4.03552E-07       2.66546E-07
       9.54993E-05       1.00000E-04       9.77497E-05       4.50070E-06       1.99248E-08       4.42705E-03       4.32743E-07       2.86471E-07
       1.00000E-04       1.04713E-04       1.02356E-04       4.71300E-06       2.13774E-08       4.53584E-03       4.64272E-07       3.07849E-07
       1.04713E-04       1.09648E-04       1.07181E-04       4.93501E-06       2.29426E-08       4.64894E-03       4.98276E-07       3.30791E-07
       1.09648E-04       1.14815E-04       1.12232E-04       5.16700E-06       2.45697E-08       4.75511E-03       5.33673E-07       3.55361E-07
       1.14815E-04       1.20226E-04       1.17520E-04       5.41100E-06       2.62994E-08       4.86036E-03       5.71192E-07       3.81660E-07
       1.20226E-04       1.25892E-04       1.23059E-04       5.66600E-06       2.81669E-08       4.97122E-03       6.11753E-07       4.09827E-07
       1.25892E-04       1.31826E-04       1.28859E-04       5.93401E-06       3.01830E-08       5.08644E-03       6.55434E-07       4.40010E-07
       1.31826E-04       1.38038E-04       1.34932E-04       6.21199E-06       3.23595E-08       5.20920E-03       7.02887E-07       4.72370E-07
       1.38038E-04       1.44544E-04       1.41291E-04       6.50601E-06       3.47124E-08       5.33544E-03       7.53850E-07       5.07082E-07
       1.44544E-04       1.51356E-04       1.47950E-04       6.81200E-06       3.72553E-08       5.46907E-03       8.09149E-07       5.44337E-07
       1.51356E-04       1.58489E-04       1.54922E-04       7.13300E-06       4.00063E-08       5.60863E-03       8.68903E-07       5.84344E-07
       1.58489E-04       1.65959E-04       1.62224E-04       7.47000E-06       4.29610E-08       5.75113E-03       9.32972E-07       6.27305E-07
       1.65959E-04       1.73780E-04       1.69870E-04       7.82100E-06       4.60264E-08       5.88498E-03       9.99679E-07       6.73331E-07
       1.73780E-04       1.81970E-04       1.77875E-04       8.19000E-06       4.93121E-08       6.02101E-03       1.07099E-06       7.22643E-07
       1.81970E-04       1.90546E-04       1.86258E-04       8.57600E-06       5.28608E-08       6.16381E-03       1.14806E-06       7.75504E-07
       1.90546E-04       1.99526E-04       1.95036E-04       8.98000E-06       5.66939E-08       6.31336E-03       1.23133E-06       8.32198E-07
       1.99526E-04       2.08930E-04       2.04228E-04       9.40399E-06       6.08380E-08       6.46939E-03       1.32123E-06       8.93036E-07
       2.08930E-04       2.18776E-04       2.13853E-04       9.84601E-06       6.53101E-08       6.63315E-03       1.41852E-06       9.58346E-07
       2.18776E-04       2.29087E-04       2.23932E-04       1.03110E-05       6.99633E-08       6.78531E-03       1.51944E-06       1.02831E-06
       2.29087E-04       2.39883E-04       2.34485E-04       1.07960E-05       7.49051E-08       6.93824E-03       1.62691E-06       1.10321E-06
       2.39883E-04       2.51189E-04       2.45536E-04       1.13060E-05       8.02384E-08       7.09697E-03       1.74256E-06       1.18345E-06
       2.51189E-04       2.63027E-04       2.57108E-04       1.18380E-05       8.59979E-08       7.26455E-03       1.86778E-06       1.26945E-06
       2.63027E-04       2.75423E-04       2.69225E-04       1.23960E-05       9.22185E-08       7.43938E-03       2.00287E-06       1.36167E-06
       2.75423E-04       2.88403E-04       2.81913E-04       1.29800E-05       9.89421E-08       7.62265E-03       2.14893E-06       1.46061E-06
       2.88403E-04       3.01995E-04       2.95199E-04       1.35920E-05       1.06211E-07       7.81425E-03       2.30676E-06       1.56682E-06
       3.01995E-04       3.16228E-04       3.09111E-04       1.42330E-05       1.14075E-07       8.01483E-03       2.47748E-06       1.68090E-06
       3.16228E-04       3.31131E-04       3.23680E-04       1.49030E-05       1.22535E-07       8.22213E-03       2.66134E-06       1.80343E-06
       3.31131E-04       3.46737E-04       3.38934E-04       1.56060E-05       1.31322E-07       8.41486E-03       2.85208E-06       1.93475E-06
       3.46737E-04       3.63078E-04       3.54908E-04       1.63410E-05       1.40727E-07       8.61190E-03       3.05643E-06       2.07548E-06
       3.63078E-04       3.80189E-04       3.71634E-04       1.71110E-05       1.50885E-07       8.81804E-03       3.27708E-06       2.22637E-06
       3.80189E-04       3.98107E-04       3.89148E-04       1.79180E-05       1.61864E-07       9.03362E-03       3.51541E-06       2.38823E-06
       3.98107E-04       4.16869E-04       4.07488E-04       1.87620E-05       1.73732E-07       9.25980E-03       3.77326E-06       2.56196E-06
       4.16869E-04       4.36516E-04       4.26692E-04       1.96470E-05       1.86551E-07       9.49512E-03       4.05150E-06       2.74851E-06
       4.36516E-04       4.57088E-04       4.46802E-04       2.05720E-05       1.99930E-07       9.71853E-03       4.34226E-06       2.94844E-06
       4.57088E-04       4.78630E-04       4.67859E-04       2.15420E-05       2.14117E-07       9.93950E-03       4.65028E-06       3.16256E-06
       4.78630E-04       5.01187E-04       4.89909E-04       2.25570E-05       2.29432E-07       1.01712E-02       4.98296E-06       3.39199E-06
       5.01187E-04       5.24808E-04       5.12998E-04       2.36210E-05       2.45974E-07       1.04134E-02       5.34205E-06       3.63797E-06
       5.24808E-04       5.49541E-04       5.37175E-04       2.47330E-05       2.63847E-07       1.06678E-02       5.73048E-06       3.90181E-06
       5.49541E-04       5.75440E-04       5.62491E-04       2.58990E-05       2.83169E-07       1.09336E-02       6.15004E-06       4.18498E-06
       5.75440E-04       6.02560E-04       5.89000E-04       2.71200E-05       3.04067E-07       1.12119E-02       6.60382E-06       4.48905E-06
       6.02560E-04       6.30957E-04       6.16758E-04       2.83970E-05       3.26677E-07       1.15039E-02       7.09515E-06       4.81573E-06
       6.30957E-04       6.60693E-04       6.45825E-04       2.97360E-05       3.51042E-07       1.18053E-02       7.62414E-06       5.16677E-06
       6.60693E-04       6.91831E-04       6.76262E-04       3.11380E-05       3.76395E-07       1.20880E-02       8.17463E-06       5.54316E-06
       6.91831E-04       7.24436E-04       7.08133E-04       3.26050E-05       4.03508E-07       1.23757E-02       8.76361E-06       5.94667E-06
       7.24436E-04       7.58578E-04       7.41507E-04       3.41420E-05       4.32803E-07       1.26765E-02       9.39974E-06       6.37947E-06
       7.58578E-04       7.94328E-04       7.76453E-04       3.57500E-05       4.64469E-07       1.29921E-02       1.00878E-05       6.84394E-06
       7.94328E-04       8.31764E-04       8.13046E-04       3.74360E-05       4.98716E-07       1.33218E-02       1.08313E-05       7.34266E-06
       8.31764E-04       8.70964E-04       8.51364E-04       3.92000E-05       5.35732E-07       1.36666E-02       1.16353E-05       7.87839E-06
       8.70964E-04       9.12011E-04       8.91487E-04       4.10470E-05       5.74488E-07       1.39959E-02       1.24771E-05       8.45288E-06
       9.12011E-04       9.54993E-04       9.33502E-04       4.29820E-05       6.15536E-07       1.43208E-02       1.33685E-05       9.06842E-06
       9.54993E-04       1.00000E-03       9.77497E-04       4.50070E-05       6.59859E-07       1.46613E-02       1.43313E-05       9.72828E-06
       1.00000E-03       1.04713E-03       1.02356E-03       4.71300E-05       7.07762E-07       1.50172E-02       1.53711E-05       1.04360E-05
       1.04713E-03       1.09648E-03       1.07180E-03       4.93500E-05       7.59514E-07       1.53904E-02       1.64955E-05       1.11956E-05
       1.09648E-03       1.14815E-03       1.12231E-03       5.16700E-05       8.15521E-07       1.57832E-02       1.77138E-05       1.20111E-05
       1.14815E-03       1.20226E-03       1.17520E-03       5.41100E-05       8.76074E-07       1.61906E-02       1.90273E-05       1.28871E-05
       1.20226E-03       1.25892E-03       1.23059E-03       5.66600E-05       9.41650E-07       1.66193E-02       2.04515E-05       1.38288E-05
       1.25892E-03       1.31826E-03       1.28859E-03       5.93400E-05       1.01242E-06       1.70613E-02       2.19850E-05       1.48412E-05
       1.31826E-03       1.38038E-03       1.34932E-03       6.21200E-05       1.08620E-06       1.74855E-02       2.35935E-05       1.59274E-05
       1.38038E-03       1.44544E-03       1.41291E-03       6.50599E-05       1.16507E-06       1.79077E-02       2.53019E-05       1.70925E-05
       1.44544E-03       1.51356E-03       1.47950E-03       6.81201E-05       1.25030E-06       1.83543E-02       2.71552E-05       1.83428E-05
       1.51356E-03       1.58489E-03       1.54923E-03       7.13300E-05       1.34249E-06       1.88209E-02       2.91578E-05       1.96853E-05
       1.58489E-03       1.65959E-03       1.62224E-03       7.47000E-05       1.44224E-06       1.93071E-02       3.13207E-05       2.11275E-05
       1.65959E-03       1.73780E-03       1.69870E-03       7.82101E-05       1.55013E-06       1.98201E-02       3.36684E-05       2.26776E-05
       1.73780E-03       1.81970E-03       1.77875E-03       8.18999E-05       1.66345E-06       2.03107E-02       3.61277E-05       2.43411E-05
       1.81970E-03       1.90546E-03       1.86258E-03       8.57600E-05       1.78329E-06       2.07940E-02       3.87304E-05       2.61244E-05
       1.90546E-03       1.99526E-03       1.95036E-03       8.98001E-05       1.91276E-06       2.13002E-02       4.15431E-05       2.80371E-05
       1.99526E-03       2.08930E-03       2.04228E-03       9.40400E-05       2.05275E-06       2.18285E-02       4.45799E-05       3.00899E-05
       2.08930E-03       2.18776E-03       2.13853E-03       9.84600E-05       2.20414E-06       2.23861E-02       4.78734E-05       3.22940E-05
       2.18776E-03       2.29087E-03       2.23932E-03       1.03110E-04       2.36791E-06       2.29648E-02       5.14255E-05       3.46619E-05
       2.29087E-03       2.39883E-03       2.34485E-03       1.07960E-04       2.54518E-06       2.35752E-02       5.52803E-05       3.72071E-05
       2.39883E-03       2.51189E-03       2.45536E-03       1.13060E-04       2.73714E-06       2.42097E-02       5.94435E-05       3.99443E-05
       2.51189E-03       2.63027E-03       2.57108E-03       1.18380E-04       2.94444E-06       2.48727E-02       6.39498E-05       4.28887E-05
       2.63027E-03       2.75423E-03       2.69225E-03       1.23960E-04       3.15843E-06       2.54794E-02       6.85969E-05       4.60471E-05
       2.75423E-03       2.88403E-03       2.81913E-03       1.29800E-04       3.38558E-06       2.60830E-02       7.35314E-05       4.94327E-05
       2.88403E-03       3.01995E-03       2.95199E-03       1.35920E-04       3.63099E-06       2.67142E-02       7.88600E-05       5.30637E-05
       3.01995E-03       3.16228E-03       3.09112E-03       1.42330E-04       3.89625E-06       2.73748E-02       8.46185E-05       5.69599E-05
       3.16228E-03       3.31131E-03       3.23679E-03       1.49030E-04       4.18309E-06       2.80688E-02       9.08528E-05       6.11430E-05
       3.31131E-03       3.46737E-03       3.38934E-03       1.56060E-04       4.49333E-06       2.87923E-02       9.75869E-05       6.56363E-05
       3.46737E-03       3.63078E-03       3.54907E-03       1.63410E-04       4.82065E-06       2.95004E-02       1.04699E-04       7.04570E-05
       3.63078E-03       3.80189E-03       3.71633E-03       1.71110E-04       5.16686E-06       3.01962E-02       1.12219E-04       7.56239E-05
       3.80189E-03       3.98107E-03       3.89148E-03       1.79180E-04       5.54085E-06       3.09234E-02       1.20338E-04       8.11647E-05
       3.98107E-03       4.16869E-03       4.07488E-03       1.87620E-04       5.94505E-06       3.16867E-02       1.29119E-04       8.71098E-05
       4.16869E-03       4.36516E-03       4.26693E-03       1.96470E-04       6.38207E-06       3.24836E-02       1.38605E-04       9.34918E-05
       4.36516E-03       4.57088E-03       4.46802E-03       2.05720E-04       6.85488E-06       3.33215E-02       1.48881E-04       1.00347E-04
       4.57088E-03       4.78630E-03       4.67859E-03       2.15420E-04       7.36653E-06       3.41961E-02       1.59990E-04       1.07713E-04
       4.78630E-03       5.01187E-03       4.89909E-03       2.25570E-04       7.92046E-06       3.51130E-02       1.72022E-04       1.15634E-04
       5.01187E-03       5.24807E-03       5.12997E-03       2.36200E-04       8.51957E-06       3.60694E-02       1.85035E-04       1.24153E-04
       5.24807E-03       5.49541E-03       5.37174E-03       2.47340E-04       9.14899E-06       3.69895E-02       1.98698E-04       1.33302E-04
       5.49541E-03       5.75440E-03       5.62491E-03       2.58990E-04       9.82090E-06       3.79200E-02       2.13297E-04       1.43123E-04
       5.75440E-03       6.02560E-03       5.89000E-03       2.71200E-04       1.05477E-05       3.88928E-02       2.29078E-04       1.53671E-04
       6.02560E-03       6.30957E-03       6.16759E-03       2.83970E-04       1.13342E-05       3.99135E-02       2.46170E-04       1.65005E-04
       6.30957E-03       6.60693E-03       6.45825E-03       2.97360E-04       1.21858E-05       4.09798E-02       2.64658E-04       1.77191E-04
       6.60693E-03       6.91831E-03       6.76262E-03       3.11380E-04       1.31079E-05       4.20960E-02       2.84679E-04       1.90299E-04
       6.91831E-03       7.24436E-03       7.08133E-03       3.26050E-04       1.40773E-05       4.31754E-02       3.05740E-04       2.04376E-04
       7.24436E-03       7.58578E-03       7.41507E-03       3.41420E-04       1.50940E-05       4.42095E-02       3.27816E-04       2.19470E-04
       7.58578E-03       7.94328E-03       7.76453E-03       3.57500E-04       1.61924E-05       4.52934E-02       3.51682E-04       2.35662E-04
       7.94328E-03       8.31764E-03       8.13046E-03       3.74360E-04       1.73800E-05       4.64260E-02       3.77465E-04       2.53042E-04
       8.31764E-03       8.70964E-03       8.51364E-03       3.92000E-04       1.86644E-05       4.76134E-02       4.05363E-04       2.71707E-04
       8.70964E-03       9.12011E-03       8.91487E-03       4.10471E-04       2.00543E-05       4.88569E-02       4.35554E-04       2.91761E-04
       9.12011E-03       9.54993E-03       9.33502E-03       4.29819E-04       2.15590E-05       5.01584E-02       4.68230E-04       3.13320E-04
       9.54993E-03       1.00000E-02       9.77496E-03       4.50070E-04       2.31885E-05       5.15220E-02       5.03626E-04       3.36509E-04
       1.00000E-02       1.04713E-02       1.02357E-02       4.71300E-04       2.49519E-05       5.29427E-02       5.41903E-04       3.61461E-04
       1.04713E-02       1.09648E-02       1.07180E-02       4.93500E-04       2.67921E-05       5.42900E-02       5.81883E-04       3.88253E-04
       1.09648E-02       1.14815E-02       1.12232E-02       5.16700E-04       2.87455E-05       5.56328E-02       6.24375E-04       4.16998E-04
       1.14815E-02       1.20226E-02       1.17521E-02       5.41100E-04       3.08560E-05       5.70246E-02       6.70156E-04       4.47854E-04
       1.20226E-02       1.25892E-02       1.23059E-02       5.66601E-04       3.31402E-05       5.84896E-02       7.19767E-04       4.80994E-04
       1.25892E-02       1.31826E-02       1.28859E-02       5.93399E-04       3.56123E-05       6.00140E-02       7.73335E-04       5.16607E-04
       1.31826E-02       1.38038E-02       1.34932E-02       6.21200E-04       3.82870E-05       6.16339E-02       8.31639E-04       5.54894E-04
       1.38038E-02       1.44544E-02       1.41291E-02       6.50601E-04       4.11198E-05       6.32029E-02       8.93000E-04       5.96014E-04
       1.44544E-02       1.51356E-02       1.47950E-02       6.81199E-04       4.40983E-05       6.47363E-02       9.57774E-04       6.40112E-04
       1.51356E-02       1.58489E-02       1.54923E-02       7.13301E-04       4.73177E-05       6.63363E-02       1.02770E-03       6.87430E-04
       1.58489E-02       1.65959E-02       1.62224E-02       7.47000E-04       5.07984E-05       6.80032E-02       1.10318E-03       7.38228E-04
       1.65959E-02       1.73780E-02       1.69870E-02       7.82100E-04       5.45635E-05       6.97655E-02       1.18510E-03       7.92792E-04
       1.73780E-02       1.81970E-02       1.77875E-02       8.19000E-04       5.86386E-05       7.15978E-02       1.27355E-03       8.51430E-04
       1.81970E-02       1.90546E-02       1.86258E-02       8.57600E-04       6.30509E-05       7.35203E-02       1.36937E-03       9.14481E-04
       1.90546E-02       1.99526E-02       1.95036E-02       8.98000E-04       6.78298E-05       7.55343E-02       1.47319E-03       9.82311E-04
       1.99526E-02       2.08930E-02       2.04228E-02       9.40400E-04       7.30064E-05       7.76333E-02       1.58549E-03       1.05532E-03
       2.08930E-02       2.18776E-02       2.13853E-02       9.84600E-04       7.85018E-05       7.97297E-02       1.70504E-03       1.13382E-03
       2.18776E-02       2.29087E-02       2.23931E-02       1.03110E-03       8.43766E-05       8.18317E-02       1.83247E-03       1.21820E-03
       2.29087E-02       2.39883E-02       2.34485E-02       1.07960E-03       9.07381E-05       8.40478E-02       1.97079E-03       1.30893E-03
       2.39883E-02       2.51189E-02       2.45536E-02       1.13060E-03       9.76298E-05       8.63522E-02       2.12026E-03       1.40656E-03
       2.51189E-02       2.63027E-02       2.57108E-02       1.18380E-03       1.05100E-04       8.87817E-02       2.28265E-03       1.51166E-03
       2.63027E-02       2.75423E-02       2.69225E-02       1.23960E-03       1.13197E-04       9.13172E-02       2.45849E-03       1.62486E-03
       2.75423E-02       2.88403E-02       2.81913E-02       1.29800E-03       1.21776E-04       9.38178E-02       2.64485E-03       1.74664E-03
       2.88403E-02       3.01995E-02       2.95199E-02       1.35920E-03       1.30754E-04       9.61996E-02       2.83980E-03       1.87739E-03
       3.01995E-02       3.16228E-02       3.09112E-02       1.42330E-03       1.40463E-04       9.86882E-02       3.05057E-03       2.01785E-03
       3.16228E-02       3.31131E-02       3.23680E-02       1.49030E-03       1.50970E-04       1.01302E-01       3.27893E-03       2.16882E-03
       3.31131E-02       3.46737E-02       3.38934E-02       1.56060E-03       1.62350E-04       1.04030E-01       3.52594E-03       2.33117E-03
       3.46737E-02       3.63078E-02       3.54908E-02       1.63410E-03       1.74675E-04       1.06893E-01       3.79373E-03       2.50585E-03
       3.63078E-02       3.80189E-02       3.71633E-02       1.71110E-03       1.88032E-04       1.09890E-01       4.08386E-03       2.69388E-03
       3.80189E-02       3.98107E-02       3.89148E-02       1.79180E-03       2.02514E-04       1.13023E-01       4.39825E-03       2.89639E-03
       3.98107E-02       4.16869E-02       4.07488E-02       1.87620E-03       2.18214E-04       1.16307E-01       4.73936E-03       3.11461E-03
       4.16869E-02       4.36516E-02       4.26693E-02       1.96470E-03       2.34920E-04       1.19570E-01       5.10198E-03       3.34953E-03
       4.36516E-02       4.57088E-02       4.46802E-02       2.05720E-03       2.52773E-04       1.22872E-01       5.48995E-03       3.60230E-03
       4.57088E-02       4.78630E-02       4.67859E-02       2.15420E-03       2.72118E-04       1.26320E-01       5.90999E-03       3.87442E-03
       4.78630E-02       5.01187E-02       4.89908E-02       2.25570E-03       2.93093E-04       1.29935E-01       6.36561E-03       4.16751E-03
       5.01187E-02       5.24808E-02       5.12998E-02       2.36210E-03       3.15845E-04       1.33714E-01       6.85948E-03       4.48336E-03
       5.24808E-02       5.49541E-02       5.37174E-02       2.47330E-03       3.40529E-04       1.37682E-01       7.39592E-03       4.82389E-03
       5.49541E-02       5.75440E-02       5.62491E-02       2.58990E-03       3.67092E-04       1.41740E-01       7.97275E-03       5.19098E-03
       5.75440E-02       6.02560E-02       5.89000E-02       2.71200E-03       3.95507E-04       1.45836E-01       8.58973E-03       5.58649E-03
       6.02560E-02       6.30957E-02       6.16758E-02       2.83970E-03       4.26313E-04       1.50126E-01       9.25916E-03       6.01280E-03
       6.30957E-02       6.60693E-02       6.45825E-02       2.97360E-03       4.59747E-04       1.54610E-01       9.98507E-03       6.47255E-03
       6.60693E-02       6.91831E-02       6.76262E-02       3.11380E-03       4.96055E-04       1.59308E-01       1.07734E-02       6.96860E-03
       6.91831E-02       7.24436E-02       7.08134E-02       3.26050E-03       5.36758E-04       1.64624E-01       1.16576E-02       7.50536E-03
       7.24436E-02       7.58578E-02       7.41507E-02       3.41420E-03       5.82458E-04       1.70599E-01       1.26500E-02       8.08782E-03
       7.58578E-02       7.94328E-02       7.76453E-02       3.57500E-03       6.32290E-04       1.76864E-01       1.37327E-02       8.72011E-03
       7.94328E-02       8.31764E-02       8.13046E-02       3.74360E-03       6.86638E-04       1.83416E-01       1.49126E-02       9.40675E-03
       8.31764E-02       8.70964E-02       8.51364E-02       3.92000E-03       7.46314E-04       1.90386E-01       1.62088E-02       1.01531E-02
       8.70964E-02       9.12011E-02       8.91488E-02       4.10470E-03       8.11827E-04       1.97780E-01       1.76318E-02       1.09649E-02
       9.12011E-02       9.54993E-02       9.33502E-02       4.29820E-03       8.83361E-04       2.05519E-01       1.91852E-02       1.18482E-02
       9.54993E-02       1.00000E-01       9.77497E-02       4.50070E-03       9.61469E-04       2.13627E-01       2.08819E-02       1.28097E-02
       1.00000E-01       1.04713E-01       1.02357E-01       4.71300E-03       1.04679E-03       2.22107E-01       2.27341E-02       1.38565E-02
       1.04713E-01       1.09648E-01       1.07180E-01       4.93500E-03       1.13996E-03       2.30994E-01       2.47581E-02       1.49965E-02
       1.09648E-01       1.14815E-01       1.12231E-01       5.16700E-03       1.24089E-03       2.40156E-01       2.69531E-02       1.62374E-02
       1.14815E-01       1.20226E-01       1.17520E-01       5.41100E-03       1.34905E-03       2.49316E-01       2.92997E-02       1.75864E-02
       1.20226E-01       1.25892E-01       1.23059E-01       5.66600E-03       1.46706E-03       2.58924E-01       3.18629E-02       1.90535E-02
       1.25892E-01       1.31826E-01       1.28859E-01       5.93400E-03       1.59588E-03       2.68939E-01       3.46552E-02       2.06493E-02
       1.31826E-01       1.38038E-01       1.34932E-01       6.21200E-03       1.73647E-03       2.79535E-01       3.77183E-02       2.23858E-02
       1.38038E-01       1.44544E-01       1.41291E-01       6.50600E-03       1.88873E-03       2.90306E-01       4.10176E-02       2.42746E-02
       1.44544E-01       1.51356E-01       1.47950E-01       6.81200E-03       2.05314E-03       3.01401E-01       4.45923E-02       2.63277E-02
       1.51356E-01       1.58489E-01       1.54923E-01       7.13300E-03       2.23230E-03       3.12955E-01       4.84837E-02       2.85600E-02
       1.58489E-01       1.65959E-01       1.62224E-01       7.47000E-03       2.45769E-03       3.29009E-01       5.33731E-02       3.10177E-02
       1.65959E-01       1.73780E-01       1.69869E-01       7.82100E-03       2.75418E-03       3.52151E-01       5.98198E-02       3.37719E-02
       1.73780E-01       1.81970E-01       1.77875E-01       8.19000E-03       3.08785E-03       3.77027E-01       6.70637E-02       3.68597E-02
       1.81970E-01       1.90546E-01       1.86258E-01       8.57600E-03       3.45695E-03       4.03096E-01       7.50799E-02       4.03167E-02
       1.90546E-01       1.99526E-01       1.95036E-01       8.98000E-03       3.86501E-03       4.30402E-01       8.39440E-02       4.41817E-02
       1.99526E-01       2.08930E-01       2.04228E-01       9.40400E-03       4.31601E-03       4.58955E-01       9.37315E-02       4.84977E-02
       2.08930E-01       2.18776E-01       2.13853E-01       9.84600E-03       4.81416E-03       4.88946E-01       1.04563E-01       5.33119E-02
       2.18776E-01       2.29087E-01       2.23931E-01       1.03110E-02       5.36392E-03       5.20213E-01       1.16492E-01       5.86758E-02
       2.29087E-01       2.39883E-01       2.34485E-01       1.07960E-02       5.96880E-03       5.52871E-01       1.29640E-01       6.46446E-02
       2.39883E-01       2.51189E-01       2.45536E-01       1.13060E-02       6.63591E-03       5.86937E-01       1.44114E-01       7.12805E-02
       2.51189E-01       2.63027E-01       2.57108E-01       1.18380E-02       7.37174E-03       6.22718E-01       1.60106E-01       7.86522E-02
       2.63027E-01       2.75423E-01       2.69225E-01       1.23960E-02       8.18193E-03       6.60046E-01       1.77701E-01       8.68341E-02
       2.75423E-01       2.88403E-01       2.81913E-01       1.29800E-02       9.04427E-03       6.96785E-01       1.96433E-01       9.58784E-02
       2.88403E-01       3.01995E-01       2.95199E-01       1.35920E-02       9.97626E-03       7.33980E-01       2.16670E-01       1.05855E-01
       3.01995E-01       3.16228E-01       3.09112E-01       1.42330E-02       1.10011E-02       7.72927E-01       2.38921E-01       1.16856E-01
       3.16228E-01       3.31131E-01       3.23680E-01       1.49030E-02       1.21206E-02       8.13299E-01       2.63248E-01       1.28976E-01
       3.31131E-01       3.46737E-01       3.38934E-01       1.56060E-02       1.32960E-02       8.51981E-01       2.88765E-01       1.42272E-01
       3.46737E-01       3.63078E-01       3.54908E-01       1.63410E-02       1.45715E-02       8.91715E-01       3.16476E-01       1.56844E-01
       3.63078E-01       3.80189E-01       3.71633E-01       1.71110E-02       1.59698E-02       9.33304E-01       3.46847E-01       1.72814E-01
       3.80189E-01       3.98107E-01       3.89148E-01       1.79180E-02       1.75027E-02       9.76821E-01       3.80128E-01       1.90316E-01
       3.98107E-01       4.16869E-01       4.07488E-01       1.87620E-02       1.91830E-02       1.02244E+00       4.16632E-01       2.09499E-01
       4.16869E-01       4.36516E-01       4.26692E-01       1.96470E-02       2.10253E-02       1.07015E+00       4.56626E-01       2.30525E-01
       4.36516E-01       4.57088E-01       4.46802E-01       2.05720E-02       2.30471E-02       1.12031E+00       5.00558E-01       2.53572E-01
       4.57088E-01       4.78630E-01       4.67859E-01       2.15420E-02       2.52662E-02       1.17288E+00       5.48743E-01       2.78838E-01
       4.78630E-01       5.01187E-01       4.89909E-01       2.25570E-02       2.89572E-02       1.28373E+00       6.28912E-01       3.07795E-01
       5.01187E-01       5.24808E-01       5.12998E-01       2.36210E-02       3.72225E-02       1.57582E+00       8.08393E-01       3.45018E-01
       5.24808E-01       5.49541E-01       5.37174E-01       2.47330E-02       2.98221E-02       1.20576E+00       6.47703E-01       3.74840E-01
       5.49541E-01       5.75440E-01       5.62490E-01       2.58990E-02       2.96615E-02       1.14528E+00       6.44206E-01       4.04501E-01
       5.75440E-01       6.02560E-01       5.89000E-01       2.71200E-02       2.94674E-02       1.08655E+00       6.39981E-01       4.33968E-01
       6.02560E-01       6.30957E-01       6.16758E-01       2.83970E-02       2.92476E-02       1.02995E+00       6.35232E-01       4.63216E-01
       6.30957E-01       6.60693E-01       6.45825E-01       2.97360E-02       2.89695E-02       9.74223E-01       6.29177E-01       4.92185E-01
       6.60693E-01       6.91831E-01       6.76262E-01       3.11380E-02       2.86703E-02       9.20750E-01       6.22669E-01       5.20856E-01
       6.91831E-01       7.24436E-01       7.08133E-01       3.26050E-02       2.81999E-02       8.64896E-01       6.12462E-01       5.49056E-01
       7.24436E-01       7.58578E-01       7.41507E-01       3.41420E-02       2.75317E-02       8.06387E-01       5.97942E-01       5.76587E-01
       7.58578E-01       7.94328E-01       7.76453E-01       3.57500E-02       2.66392E-02       7.45152E-01       5.78576E-01       6.03227E-01
       7.94328E-01       8.31764E-01       8.13046E-01       3.74360E-02       2.54935E-02       6.80990E-01       5.53676E-01       6.28720E-01
       8.31764E-01       8.70964E-01       8.51364E-01       3.92000E-02       2.41560E-02       6.16225E-01       5.24632E-01       6.52876E-01
       8.70964E-01       9.12011E-01       8.91487E-01       4.10470E-02       2.27324E-02       5.53814E-01       4.93718E-01       6.75609E-01
       9.12011E-01       9.54993E-01       9.33502E-01       4.29820E-02       2.10067E-02       4.88733E-01       4.56234E-01       6.96615E-01
       9.54993E-01       1.00000E+00       9.77497E-01       4.50070E-02       1.89298E-02       4.20598E-01       4.11133E-01       7.15545E-01
       1.00000E+00       1.04713E+00       1.02357E+00       4.71300E-02       1.64685E-02       3.49428E-01       3.57662E-01       7.32014E-01
       1.04713E+00       1.09648E+00       1.07181E+00       4.93500E-02       1.49937E-02       3.03823E-01       3.25639E-01       7.47007E-01
       1.09648E+00       1.14815E+00       1.12231E+00       5.16700E-02       1.47972E-02       2.86379E-01       3.21408E-01       7.61805E-01
       1.14815E+00       1.20226E+00       1.17520E+00       5.41100E-02       1.45143E-02       2.68236E-01       3.15232E-01       7.76319E-01
       1.20226E+00       1.25892E+00       1.23059E+00       5.66600E-02       1.41240E-02       2.49277E-01       3.06758E-01       7.90443E-01
       1.25892E+00       1.31826E+00       1.28859E+00       5.93400E-02       1.36116E-02       2.29384E-01       2.95582E-01       8.04054E-01
       1.31826E+00       1.38038E+00       1.34932E+00       6.21200E-02       1.32531E-02       2.13347E-01       2.87874E-01       8.17308E-01
       1.38038E+00       1.44544E+00       1.41291E+00       6.50600E-02       1.33180E-02       2.04703E-01       2.89227E-01       8.30626E-01
       1.44544E+00       1.51356E+00       1.47950E+00       6.81200E-02       1.33493E-02       1.95967E-01       2.89934E-01       8.43975E-01
       1.51356E+00       1.58489E+00       1.54923E+00       7.13300E-02       1.33249E-02       1.86807E-01       2.89406E-01       8.57300E-01
       1.58489E+00       1.65959E+00       1.62224E+00       7.47000E-02       1.32341E-02       1.77163E-01       2.87400E-01       8.70534E-01
       1.65959E+00       1.73780E+00       1.69869E+00       7.82100E-02       1.30680E-02       1.67089E-01       2.83833E-01       8.83602E-01
       1.73780E+00       1.81970E+00       1.77875E+00       8.19000E-02       1.28046E-02       1.56344E-01       2.78097E-01       8.96406E-01
       1.81970E+00       1.90546E+00       1.86258E+00       8.57600E-02       1.23503E-02       1.44010E-01       2.68230E-01       9.08757E-01
       1.90546E+00       1.99526E+00       1.95036E+00       8.98000E-02       1.17523E-02       1.30872E-01       2.55247E-01       9.20509E-01
       1.99526E+00       2.08930E+00       2.04228E+00       9.40400E-02       1.10337E-02       1.17330E-01       2.39620E-01       9.31543E-01
       2.08930E+00       2.18776E+00       2.13853E+00       9.84600E-02       1.01758E-02       1.03350E-01       2.21016E-01       9.41719E-01
       2.18776E+00       2.29087E+00       2.23932E+00       1.03110E-01       9.27581E-03       8.99603E-02       2.01449E-01       9.50994E-01
       2.29087E+00       2.39883E+00       2.34485E+00       1.07960E-01       8.31130E-03       7.69850E-02       1.80518E-01       9.59306E-01
       2.39883E+00       2.51189E+00       2.45536E+00       1.13060E-01       7.39128E-03       6.53748E-02       1.60519E-01       9.66697E-01
       2.51189E+00       2.63027E+00       2.57108E+00       1.18380E-01       6.46539E-03       5.46156E-02       1.40421E-01       9.73162E-01
       2.63027E+00       2.75423E+00       2.69225E+00       1.23960E-01       5.59870E-03       4.51654E-02       1.21597E-01       9.78761E-01
       2.75423E+00       2.88403E+00       2.81913E+00       1.29800E-01       4.78579E-03       3.68705E-02       1.03943E-01       9.83547E-01
       2.88403E+00       3.01995E+00       2.95199E+00       1.35920E-01       4.01962E-03       2.95734E-02       8.73004E-02       9.87566E-01
       3.01995E+00       3.16228E+00       3.09111E+00       1.42330E-01       3.31081E-03       2.32615E-02       7.19040E-02       9.90877E-01
       3.16228E+00       3.31131E+00       3.23679E+00       1.49030E-01       2.67195E-03       1.79289E-02       5.80323E-02       9.93549E-01
       3.31131E+00       3.46737E+00       3.38934E+00       1.56060E-01       2.11875E-03       1.35765E-02       4.60154E-02       9.95668E-01
       3.46737E+00       3.63078E+00       3.54908E+00       1.63410E-01       1.64323E-03       1.00559E-02       3.56891E-02       9.97311E-01
       3.63078E+00       3.80189E+00       3.71633E+00       1.71110E-01       1.22461E-03       7.15684E-03       2.65972E-02       9.98536E-01
       3.80189E+00       3.98107E+00       3.89148E+00       1.79180E-01       8.40259E-04       4.68947E-03       1.82490E-02       9.99376E-01
       3.98107E+00       4.16869E+00       4.07488E+00       1.87620E-01       4.83905E-04       2.57918E-03       1.05098E-02       9.99860E-01
       4.16869E+00       4.36516E+00       4.26692E+00       1.96470E-01       1.40113E-04       7.13152E-04       3.04297E-03       1.00000E+00

 Sum =                                                                         1.00000E+00
 Renormalization bin#   951 =                                                  2.89712E-01 barn        1.50000E+07        1.52000E+07        1.51000E+07
 Avg. Energy     bin#   951 =                                                  8.83296E-01 MeV         1.50000E+07        1.52000E+07
