"        MT= 91 recoil spectrum "
" Initial neutron energy corresponds to the group:"
   1.94000E+01    1.96000E+01       0.00000E+00           363           903           541



          Low               High              Mid              Energy           Number             dn/de            E*dn/de          Cumulative
         Energy            Energy            Energy             Width          Fraction                               Sum   
         [MeV]             [MeV]             [MeV]              [MeV]

       3.67500E-06       3.70000E-06       3.68750E-06       2.50001E-08       0.00000E+00       0.00000E+00       0.00000E+00       0.00000E+00
       3.70000E-06       3.72500E-06       3.71250E-06       2.49999E-08       7.25933E-12       2.90375E-04       1.07802E-09       7.25933E-12
       3.72500E-06       3.75000E-06       3.73750E-06       2.50001E-08       7.30843E-12       2.92336E-04       1.09261E-09       1.45678E-11
       3.75000E-06       3.77500E-06       3.76250E-06       2.50001E-08       7.35682E-12       2.94272E-04       1.10720E-09       2.19246E-11
       3.77500E-06       3.80000E-06       3.78750E-06       2.49999E-08       7.40592E-12       2.96238E-04       1.12200E-09       2.93305E-11
       3.80000E-06       3.82500E-06       3.81250E-06       2.50001E-08       7.45502E-12       2.98200E-04       1.13689E-09       3.67855E-11
       3.82500E-06       3.85000E-06       3.83750E-06       2.49999E-08       7.50340E-12       3.00138E-04       1.15178E-09       4.42889E-11
       3.85000E-06       3.87500E-06       3.86250E-06       2.50001E-08       7.55251E-12       3.02099E-04       1.16686E-09       5.18414E-11
       3.87500E-06       3.90000E-06       3.88750E-06       2.50001E-08       7.60161E-12       3.04063E-04       1.18205E-09       5.94430E-11
       3.90000E-06       3.92500E-06       3.91250E-06       2.49999E-08       7.64999E-12       3.06001E-04       1.19723E-09       6.70930E-11
       3.92500E-06       3.95000E-06       3.93750E-06       2.50001E-08       7.69909E-12       3.07963E-04       1.21260E-09       7.47921E-11
       3.95000E-06       3.97500E-06       3.96250E-06       2.49999E-08       7.74820E-12       3.09930E-04       1.22810E-09       8.25403E-11
       3.97500E-06       4.00000E-06       3.98750E-06       2.50001E-08       7.79730E-12       3.11891E-04       1.24366E-09       9.03376E-11
       4.00000E-06       4.02500E-06       4.01250E-06       2.50001E-08       7.84568E-12       3.13826E-04       1.25923E-09       9.81833E-11
       4.02500E-06       4.05000E-06       4.03750E-06       2.50001E-08       7.89478E-12       3.15790E-04       1.27500E-09       1.06078E-10
       4.05000E-06       4.07500E-06       4.06250E-06       2.49996E-08       7.94389E-12       3.17760E-04       1.29090E-09       1.14022E-10
       4.07500E-06       4.10000E-06       4.08750E-06       2.50001E-08       7.99227E-12       3.19690E-04       1.30673E-09       1.22014E-10
       4.10000E-06       4.12500E-06       4.11250E-06       2.50001E-08       8.04137E-12       3.21654E-04       1.32280E-09       1.30056E-10
       4.12500E-06       4.15000E-06       4.13750E-06       2.50001E-08       8.09047E-12       3.23618E-04       1.33897E-09       1.38146E-10
       4.15000E-06       4.17500E-06       4.16250E-06       2.50001E-08       8.13886E-12       3.25553E-04       1.35511E-09       1.46285E-10
       4.17500E-06       4.20000E-06       4.18750E-06       2.49996E-08       8.18796E-12       3.27523E-04       1.37150E-09       1.54473E-10
       4.20000E-06       4.22500E-06       4.21250E-06       2.50001E-08       8.23706E-12       3.29481E-04       1.38794E-09       1.62710E-10
       4.22500E-06       4.25000E-06       4.23750E-06       2.50001E-08       8.28617E-12       3.31445E-04       1.40450E-09       1.70996E-10
       4.25000E-06       4.27500E-06       4.26250E-06       2.50001E-08       8.33455E-12       3.33381E-04       1.42103E-09       1.79331E-10
       4.27500E-06       4.30000E-06       4.28750E-06       2.50001E-08       8.38365E-12       3.35345E-04       1.43779E-09       1.87714E-10
       4.30000E-06       4.32500E-06       4.31250E-06       2.49996E-08       8.43275E-12       3.37315E-04       1.45467E-09       1.96147E-10
       4.32500E-06       4.35000E-06       4.33750E-06       2.50001E-08       8.48113E-12       3.39244E-04       1.47147E-09       2.04628E-10
       4.35000E-06       4.37500E-06       4.36250E-06       2.50001E-08       8.53024E-12       3.41208E-04       1.48852E-09       2.13158E-10
       4.37500E-06       4.40000E-06       4.38750E-06       2.50001E-08       8.57934E-12       3.43172E-04       1.50567E-09       2.21738E-10
       4.40000E-06       4.42500E-06       4.41250E-06       2.50001E-08       8.62772E-12       3.45108E-04       1.52279E-09       2.30366E-10
       4.42500E-06       4.45000E-06       4.43750E-06       2.49996E-08       8.67682E-12       3.47078E-04       1.54016E-09       2.39042E-10
       4.45000E-06       4.47500E-06       4.46250E-06       2.50001E-08       8.72593E-12       3.49036E-04       1.55757E-09       2.47768E-10
       4.47500E-06       4.50000E-06       4.48750E-06       2.50001E-08       8.77431E-12       3.50971E-04       1.57498E-09       2.56543E-10
       4.50000E-06       4.52500E-06       4.51250E-06       2.50001E-08       8.82341E-12       3.52935E-04       1.59262E-09       2.65366E-10
       4.52500E-06       4.55000E-06       4.53750E-06       2.50001E-08       8.87252E-12       3.54899E-04       1.61036E-09       2.74239E-10
       4.55000E-06       4.57500E-06       4.56250E-06       2.49996E-08       8.92162E-12       3.56870E-04       1.62822E-09       2.83160E-10
       4.57500E-06       4.60000E-06       4.58750E-06       2.50001E-08       8.97000E-12       3.58799E-04       1.64599E-09       2.92130E-10
       4.60000E-06       4.62500E-06       4.61250E-06       2.50001E-08       9.01910E-12       3.60763E-04       1.66402E-09       3.01149E-10
       4.62500E-06       4.65000E-06       4.63750E-06       2.50001E-08       9.06821E-12       3.62727E-04       1.68215E-09       3.10217E-10
       4.65000E-06       4.67500E-06       4.66250E-06       2.50001E-08       9.11659E-12       3.64662E-04       1.70024E-09       3.19334E-10
       4.67500E-06       4.70000E-06       4.68750E-06       2.49996E-08       9.16569E-12       3.66633E-04       1.71859E-09       3.28500E-10
       4.70000E-06       4.72500E-06       4.71250E-06       2.50001E-08       9.21479E-12       3.68590E-04       1.73698E-09       3.37715E-10
       4.72500E-06       4.75000E-06       4.73750E-06       2.50001E-08       9.26317E-12       3.70526E-04       1.75536E-09       3.46978E-10
       4.75000E-06       4.77500E-06       4.76250E-06       2.50001E-08       9.31228E-12       3.72490E-04       1.77398E-09       3.56290E-10
       4.77500E-06       4.80000E-06       4.78750E-06       2.50001E-08       9.36138E-12       3.74454E-04       1.79270E-09       3.65651E-10
       4.80000E-06       4.82500E-06       4.81250E-06       2.49996E-08       9.41048E-12       3.76425E-04       1.81155E-09       3.75062E-10
       4.82500E-06       4.85000E-06       4.83750E-06       2.50001E-08       9.45887E-12       3.78353E-04       1.83028E-09       3.84521E-10
       4.85000E-06       4.87500E-06       4.86250E-06       2.50001E-08       9.50797E-12       3.80317E-04       1.84929E-09       3.94029E-10
       4.87500E-06       4.90000E-06       4.88750E-06       2.50001E-08       9.55707E-12       3.82281E-04       1.86840E-09       4.03586E-10
       4.90000E-06       4.92500E-06       4.91250E-06       2.50001E-08       9.60545E-12       3.84217E-04       1.88746E-09       4.13191E-10
       4.92500E-06       4.95000E-06       4.93750E-06       2.49996E-08       9.65456E-12       3.86188E-04       1.90680E-09       4.22846E-10
       4.95000E-06       4.97500E-06       4.96250E-06       2.50001E-08       9.70366E-12       3.88145E-04       1.92617E-09       4.32549E-10
       4.97500E-06       5.00000E-06       4.98750E-06       2.50001E-08       9.75204E-12       3.90080E-04       1.94552E-09       4.42301E-10
       5.00000E-06       5.02500E-06       5.01250E-06       2.50001E-08       9.80114E-12       3.92044E-04       1.96512E-09       4.52103E-10
       5.02500E-06       5.05000E-06       5.03750E-06       2.50001E-08       9.85025E-12       3.94008E-04       1.98482E-09       4.61953E-10
       5.05000E-06       5.07500E-06       5.06250E-06       2.49996E-08       9.89935E-12       3.95980E-04       2.00465E-09       4.71852E-10
       5.07500E-06       5.10000E-06       5.08750E-06       2.50001E-08       9.94773E-12       3.97908E-04       2.02436E-09       4.81800E-10
       5.10000E-06       5.12500E-06       5.11250E-06       2.50001E-08       9.99683E-12       3.99872E-04       2.04434E-09       4.91797E-10
       5.12500E-06       5.15000E-06       5.13750E-06       2.50001E-08       1.00459E-11       4.01836E-04       2.06443E-09       5.01843E-10
       5.15000E-06       5.17500E-06       5.16250E-06       2.50001E-08       1.00943E-11       4.03771E-04       2.08447E-09       5.11937E-10
       5.17500E-06       5.20000E-06       5.18750E-06       2.49996E-08       1.01434E-11       4.05743E-04       2.10479E-09       5.22080E-10
       5.20000E-06       5.22500E-06       5.21250E-06       2.50001E-08       1.01925E-11       4.07699E-04       2.12513E-09       5.32273E-10
       5.22500E-06       5.25000E-06       5.23750E-06       2.50001E-08       1.02409E-11       4.09635E-04       2.14546E-09       5.42514E-10
       5.25000E-06       5.27500E-06       5.26250E-06       2.50001E-08       1.02900E-11       4.11599E-04       2.16604E-09       5.52804E-10
       5.27500E-06       5.30000E-06       5.28750E-06       2.50001E-08       1.03391E-11       4.13563E-04       2.18671E-09       5.63143E-10
       5.30000E-06       5.32500E-06       5.31250E-06       2.49996E-08       1.03875E-11       4.15506E-04       2.20738E-09       5.73530E-10
       5.32500E-06       5.35000E-06       5.33750E-06       2.50001E-08       1.04366E-11       4.17462E-04       2.22820E-09       5.83967E-10
       5.35000E-06       5.37500E-06       5.36250E-06       2.50001E-08       1.04857E-11       4.19426E-04       2.24917E-09       5.94453E-10
       5.37500E-06       5.40000E-06       5.38750E-06       2.50001E-08       1.05348E-11       4.21390E-04       2.27024E-09       6.04988E-10
       5.40000E-06       5.42500E-06       5.41250E-06       2.50001E-08       1.05832E-11       4.23326E-04       2.29125E-09       6.15571E-10
       5.42500E-06       5.45000E-06       5.43750E-06       2.49996E-08       1.06323E-11       4.25298E-04       2.31256E-09       6.26203E-10
       5.45000E-06       5.47500E-06       5.46250E-06       2.50001E-08       1.06814E-11       4.27254E-04       2.33387E-09       6.36884E-10
       5.47500E-06       5.50000E-06       5.48750E-06       2.50001E-08       1.07298E-11       4.29189E-04       2.35518E-09       6.47614E-10
       5.50000E-06       5.52500E-06       5.51250E-06       2.50001E-08       1.07789E-11       4.31153E-04       2.37673E-09       6.58393E-10
       5.52500E-06       5.55000E-06       5.53750E-06       2.50001E-08       1.08280E-11       4.33118E-04       2.39839E-09       6.69221E-10
       5.55000E-06       5.57500E-06       5.56250E-06       2.49996E-08       1.08764E-11       4.35061E-04       2.42003E-09       6.80097E-10
       5.57500E-06       5.60000E-06       5.58750E-06       2.50001E-08       1.09255E-11       4.37017E-04       2.44183E-09       6.91023E-10
       5.60000E-06       5.62500E-06       5.61250E-06       2.50001E-08       1.09746E-11       4.38981E-04       2.46378E-09       7.01997E-10
       5.62500E-06       5.65000E-06       5.63750E-06       2.50001E-08       1.10237E-11       4.40945E-04       2.48583E-09       7.13021E-10
       5.65000E-06       5.67500E-06       5.66250E-06       2.50001E-08       1.10721E-11       4.42880E-04       2.50781E-09       7.24093E-10
       5.67500E-06       5.70000E-06       5.68750E-06       2.49996E-08       1.11212E-11       4.44853E-04       2.53010E-09       7.35214E-10
       5.70000E-06       5.72500E-06       5.71250E-06       2.50001E-08       1.11703E-11       4.46809E-04       2.55239E-09       7.46385E-10
       5.72500E-06       5.75000E-06       5.73750E-06       2.50001E-08       1.12186E-11       4.48744E-04       2.57467E-09       7.57603E-10
       5.75000E-06       5.77500E-06       5.76250E-06       2.50001E-08       1.12677E-11       4.50708E-04       2.59720E-09       7.68871E-10
       5.77500E-06       5.80000E-06       5.78750E-06       2.50001E-08       1.13168E-11       4.52672E-04       2.61984E-09       7.80188E-10
       5.80000E-06       5.82500E-06       5.81250E-06       2.49996E-08       1.13652E-11       4.54616E-04       2.64245E-09       7.91553E-10
       5.82500E-06       5.85000E-06       5.83750E-06       2.50001E-08       1.14143E-11       4.56571E-04       2.66524E-09       8.02967E-10
       5.85000E-06       5.87500E-06       5.86250E-06       2.50001E-08       1.14634E-11       4.58536E-04       2.68816E-09       8.14431E-10
       5.87500E-06       5.90000E-06       5.88750E-06       2.50001E-08       1.15118E-11       4.60471E-04       2.71102E-09       8.25943E-10
       5.90000E-06       5.92500E-06       5.91250E-06       2.50001E-08       1.15609E-11       4.62435E-04       2.73415E-09       8.37504E-10
       5.92500E-06       5.95000E-06       5.93750E-06       2.49996E-08       1.16100E-11       4.64408E-04       2.75742E-09       8.49114E-10
       5.95000E-06       5.97500E-06       5.96250E-06       2.50001E-08       1.16591E-11       4.66363E-04       2.78069E-09       8.60773E-10
       5.97500E-06       6.00000E-06       5.98750E-06       2.50001E-08       1.17075E-11       4.68298E-04       2.80394E-09       8.72480E-10
       6.00000E-06       6.02500E-06       6.01250E-06       2.50001E-08       1.17566E-11       4.70262E-04       2.82745E-09       8.84237E-10
       6.02500E-06       6.05000E-06       6.03750E-06       2.50001E-08       1.18057E-11       4.72227E-04       2.85107E-09       8.96043E-10
       6.05000E-06       6.07500E-06       6.06250E-06       2.49996E-08       1.18541E-11       4.74171E-04       2.87466E-09       9.07897E-10
       6.07500E-06       6.10000E-06       6.08750E-06       2.50001E-08       1.19032E-11       4.76126E-04       2.89842E-09       9.19800E-10
       6.10000E-06       6.12500E-06       6.11250E-06       2.50001E-08       1.19523E-11       4.78090E-04       2.92233E-09       9.31752E-10
       6.12500E-06       6.15000E-06       6.13750E-06       2.50001E-08       1.20007E-11       4.80025E-04       2.94616E-09       9.43753E-10
       6.15000E-06       6.17500E-06       6.16250E-06       2.50001E-08       1.20498E-11       4.81989E-04       2.97026E-09       9.55803E-10
       6.17500E-06       6.20000E-06       6.18750E-06       2.49996E-08       1.20989E-11       4.83963E-04       2.99452E-09       9.67902E-10
       6.20000E-06       6.22500E-06       6.21250E-06       2.50001E-08       1.21480E-11       4.85918E-04       3.01876E-09       9.80049E-10
       6.22500E-06       6.25000E-06       6.23750E-06       2.50001E-08       1.21964E-11       4.87853E-04       3.04298E-09       9.92246E-10
       6.25000E-06       6.27500E-06       6.26250E-06       2.50001E-08       1.22455E-11       4.89817E-04       3.06748E-09       1.00449E-09
       6.27500E-06       6.30000E-06       6.28750E-06       2.50001E-08       1.22946E-11       4.91781E-04       3.09207E-09       1.01679E-09
       6.30000E-06       6.32500E-06       6.31250E-06       2.49996E-08       1.23430E-11       4.93726E-04       3.11664E-09       1.02913E-09
       6.32500E-06       6.35000E-06       6.33750E-06       2.50001E-08       1.23921E-11       4.95680E-04       3.14138E-09       1.04152E-09
       6.35000E-06       6.37500E-06       6.36250E-06       2.50001E-08       1.24412E-11       4.97645E-04       3.16626E-09       1.05396E-09
       6.37500E-06       6.40000E-06       6.38750E-06       2.50001E-08       1.24895E-11       4.99580E-04       3.19107E-09       1.06645E-09
       6.40000E-06       6.42500E-06       6.41250E-06       2.50001E-08       1.25386E-11       5.01544E-04       3.21615E-09       1.07899E-09
       6.42500E-06       6.45000E-06       6.43750E-06       2.49996E-08       1.25878E-11       5.03518E-04       3.24140E-09       1.09158E-09
       6.45000E-06       6.47500E-06       6.46250E-06       2.50001E-08       1.26369E-11       5.05472E-04       3.26661E-09       1.10421E-09
       6.47500E-06       6.50000E-06       6.48750E-06       2.50001E-08       1.26852E-11       5.07407E-04       3.29181E-09       1.11690E-09
       6.50000E-06       6.52500E-06       6.51250E-06       2.50001E-08       1.27343E-11       5.09372E-04       3.31728E-09       1.12963E-09
       6.52500E-06       6.55000E-06       6.53750E-06       2.50001E-08       1.27834E-11       5.11336E-04       3.34286E-09       1.14242E-09
       6.55000E-06       6.57500E-06       6.56250E-06       2.49996E-08       1.28318E-11       5.13281E-04       3.36840E-09       1.15525E-09
       6.57500E-06       6.60000E-06       6.58750E-06       2.50001E-08       1.28809E-11       5.15235E-04       3.39411E-09       1.16813E-09
       6.60000E-06       6.62500E-06       6.61250E-06       2.50001E-08       1.29300E-11       5.17199E-04       3.41998E-09       1.18106E-09
       6.62500E-06       6.65000E-06       6.63750E-06       2.50001E-08       1.29784E-11       5.19134E-04       3.44575E-09       1.19404E-09
       6.65000E-06       6.67500E-06       6.66250E-06       2.50001E-08       1.30275E-11       5.21098E-04       3.47182E-09       1.20707E-09
       6.67500E-06       6.70000E-06       6.68750E-06       2.49996E-08       1.30766E-11       5.23073E-04       3.49805E-09       1.22014E-09
       6.70000E-06       6.72500E-06       6.71250E-06       2.50001E-08       1.31250E-11       5.24998E-04       3.52405E-09       1.23327E-09
       6.72500E-06       6.75000E-06       6.73750E-06       2.50001E-08       1.31741E-11       5.26962E-04       3.55041E-09       1.24644E-09
       6.75000E-06       6.77500E-06       6.76250E-06       2.50001E-08       1.32232E-11       5.28926E-04       3.57686E-09       1.25967E-09
       6.77500E-06       6.80000E-06       6.78750E-06       2.50001E-08       1.32723E-11       5.30890E-04       3.60342E-09       1.27294E-09
       6.80000E-06       6.82500E-06       6.81250E-06       2.49996E-08       1.33207E-11       5.32836E-04       3.62994E-09       1.28626E-09
       6.82500E-06       6.85000E-06       6.83750E-06       2.50001E-08       1.33698E-11       5.34790E-04       3.65662E-09       1.29963E-09
       6.85000E-06       6.87500E-06       6.86250E-06       2.50001E-08       1.34189E-11       5.36754E-04       3.68347E-09       1.31305E-09
       6.87500E-06       6.90000E-06       6.88750E-06       2.50001E-08       1.34673E-11       5.38689E-04       3.71022E-09       1.32651E-09
       6.90000E-06       6.92500E-06       6.91250E-06       2.50001E-08       1.35164E-11       5.40653E-04       3.73726E-09       1.34003E-09
       6.92500E-06       6.95000E-06       6.93750E-06       2.49996E-08       1.35655E-11       5.42628E-04       3.76448E-09       1.35360E-09
       6.95000E-06       6.97500E-06       6.96250E-06       2.50001E-08       1.36139E-11       5.44552E-04       3.79145E-09       1.36721E-09
       6.97500E-06       7.00000E-06       6.98750E-06       2.50001E-08       1.36630E-11       5.46517E-04       3.81878E-09       1.38087E-09
       7.00000E-06       7.02500E-06       7.01250E-06       2.50001E-08       1.37121E-11       5.48481E-04       3.84622E-09       1.39459E-09
       7.02500E-06       7.05000E-06       7.03750E-06       2.50001E-08       1.37612E-11       5.50445E-04       3.87376E-09       1.40835E-09
       7.05000E-06       7.07500E-06       7.06250E-06       2.49996E-08       1.38096E-11       5.52391E-04       3.90126E-09       1.42216E-09
       7.07500E-06       7.10000E-06       7.08750E-06       2.50001E-08       1.38587E-11       5.54344E-04       3.92891E-09       1.43601E-09
       7.10000E-06       7.12500E-06       7.11250E-06       2.50001E-08       1.39078E-11       5.56308E-04       3.95674E-09       1.44992E-09
       7.12500E-06       7.15000E-06       7.13750E-06       2.50001E-08       1.39561E-11       5.58244E-04       3.98446E-09       1.46388E-09
       7.15000E-06       7.17500E-06       7.16250E-06       2.50001E-08       1.40052E-11       5.60208E-04       4.01249E-09       1.47788E-09
       7.17500E-06       7.20000E-06       7.18750E-06       2.49996E-08       1.40543E-11       5.62183E-04       4.04069E-09       1.49194E-09
       7.20000E-06       7.22500E-06       7.21250E-06       2.50001E-08       1.41027E-11       5.64107E-04       4.06862E-09       1.50604E-09
       7.22500E-06       7.25000E-06       7.23750E-06       2.50001E-08       1.41518E-11       5.66071E-04       4.09694E-09       1.52019E-09
       7.25000E-06       7.27500E-06       7.26250E-06       2.50001E-08       1.42009E-11       5.68035E-04       4.12536E-09       1.53439E-09
       7.27500E-06       7.30000E-06       7.28750E-06       2.50001E-08       1.42493E-11       5.69970E-04       4.15366E-09       1.54864E-09
       7.30000E-06       7.32500E-06       7.31250E-06       2.49996E-08       1.42984E-11       5.71946E-04       4.18235E-09       1.56294E-09
       7.32500E-06       7.35000E-06       7.33750E-06       2.50001E-08       1.43475E-11       5.73899E-04       4.21098E-09       1.57729E-09
       7.35000E-06       7.37500E-06       7.36250E-06       2.50001E-08       1.43966E-11       5.75863E-04       4.23979E-09       1.59169E-09
       7.37500E-06       7.40000E-06       7.38750E-06       2.50001E-08       1.44450E-11       5.77798E-04       4.26848E-09       1.60613E-09
       7.40000E-06       7.42500E-06       7.41250E-06       2.50001E-08       1.44941E-11       5.79762E-04       4.29749E-09       1.62062E-09
       7.42500E-06       7.45000E-06       7.43750E-06       2.49996E-08       1.45432E-11       5.81737E-04       4.32667E-09       1.63517E-09
       7.45000E-06       7.47500E-06       7.46250E-06       2.50001E-08       1.45916E-11       5.83662E-04       4.35557E-09       1.64976E-09
       7.47500E-06       7.50000E-06       7.48750E-06       2.50001E-08       1.46407E-11       5.85626E-04       4.38487E-09       1.66440E-09
       7.50000E-06       7.52500E-06       7.51250E-06       2.50001E-08       1.46898E-11       5.87590E-04       4.41427E-09       1.67909E-09
       7.52500E-06       7.55000E-06       7.53750E-06       2.50001E-08       1.47382E-11       5.89525E-04       4.44354E-09       1.69383E-09
       7.55000E-06       7.57500E-06       7.56250E-06       2.49996E-08       1.47873E-11       5.91500E-04       4.47322E-09       1.70862E-09
       7.57500E-06       7.60000E-06       7.58750E-06       2.50001E-08       1.48364E-11       5.93453E-04       4.50283E-09       1.72345E-09
       7.60000E-06       7.62500E-06       7.61250E-06       2.50001E-08       1.48855E-11       5.95417E-04       4.53261E-09       1.73834E-09
       7.62500E-06       7.65000E-06       7.63750E-06       2.50001E-08       1.49339E-11       5.97353E-04       4.56228E-09       1.75327E-09
       7.65000E-06       7.67500E-06       7.66250E-06       2.50001E-08       1.49830E-11       5.99317E-04       4.59226E-09       1.76825E-09
       7.67500E-06       7.70000E-06       7.68750E-06       2.49996E-08       1.50321E-11       6.01292E-04       4.62244E-09       1.78329E-09
       7.70000E-06       7.72500E-06       7.71250E-06       2.50001E-08       1.50805E-11       6.03216E-04       4.65230E-09       1.79837E-09
       7.72500E-06       7.75000E-06       7.73750E-06       2.50001E-08       1.51296E-11       6.05180E-04       4.68258E-09       1.81350E-09
       7.75000E-06       7.77500E-06       7.76250E-06       2.50001E-08       1.51787E-11       6.07144E-04       4.71296E-09       1.82867E-09
       7.77500E-06       7.80000E-06       7.78750E-06       2.50001E-08       1.52270E-11       6.09080E-04       4.74321E-09       1.84390E-09
       7.80000E-06       7.82500E-06       7.81250E-06       2.49996E-08       1.52762E-11       6.11055E-04       4.77387E-09       1.85918E-09
       7.82500E-06       7.85000E-06       7.83750E-06       2.50001E-08       1.53253E-11       6.13008E-04       4.80445E-09       1.87450E-09
       7.85000E-06       7.87500E-06       7.86250E-06       2.50001E-08       1.53736E-11       6.14943E-04       4.83499E-09       1.88988E-09
       7.87500E-06       7.90000E-06       7.88750E-06       2.50001E-08       1.54227E-11       6.16907E-04       4.86586E-09       1.90530E-09
       7.90000E-06       7.92500E-06       7.91250E-06       2.50001E-08       1.54718E-11       6.18871E-04       4.89682E-09       1.92077E-09
       7.92500E-06       7.95000E-06       7.93750E-06       2.49996E-08       1.55209E-11       6.20847E-04       4.92798E-09       1.93629E-09
       7.95000E-06       7.97500E-06       7.96250E-06       2.50001E-08       1.55693E-11       6.22771E-04       4.95881E-09       1.95186E-09
       7.97500E-06       8.00000E-06       7.98750E-06       2.50001E-08       1.56184E-11       6.24735E-04       4.99007E-09       1.96748E-09
       8.00000E-06       8.02500E-06       8.01250E-06       2.49996E-08       1.56675E-11       6.26711E-04       5.02152E-09       1.98315E-09
       8.02500E-06       8.05000E-06       8.03750E-06       2.50006E-08       1.57159E-11       6.28622E-04       5.05255E-09       1.99886E-09
       8.05000E-06       8.07500E-06       8.06250E-06       2.49996E-08       1.57650E-11       6.30610E-04       5.08430E-09       2.01463E-09
       8.07500E-06       8.10000E-06       8.08750E-06       2.50006E-08       1.58141E-11       6.32550E-04       5.11575E-09       2.03044E-09
       8.10000E-06       8.12500E-06       8.11250E-06       2.49996E-08       1.58625E-11       6.34510E-04       5.14746E-09       2.04630E-09
       8.12500E-06       8.15000E-06       8.13750E-06       2.49996E-08       1.59116E-11       6.36474E-04       5.17931E-09       2.06222E-09
       8.15000E-06       8.17500E-06       8.16250E-06       2.50006E-08       1.59607E-11       6.38414E-04       5.21105E-09       2.07818E-09
       8.17500E-06       8.20000E-06       8.18750E-06       2.49996E-08       1.60098E-11       6.40402E-04       5.24329E-09       2.09419E-09
       8.20000E-06       8.22500E-06       8.21250E-06       2.50006E-08       1.60582E-11       6.42313E-04       5.27500E-09       2.11025E-09
       8.22500E-06       8.25000E-06       8.23750E-06       2.49996E-08       1.61073E-11       6.44302E-04       5.30743E-09       2.12635E-09
       8.25000E-06       8.27500E-06       8.26250E-06       2.49996E-08       1.61564E-11       6.46266E-04       5.33977E-09       2.14251E-09
       8.27500E-06       8.30000E-06       8.28750E-06       2.50006E-08       1.62048E-11       6.48176E-04       5.37176E-09       2.15871E-09
       8.30000E-06       8.32500E-06       8.31250E-06       2.49996E-08       1.62539E-11       6.50165E-04       5.40450E-09       2.17497E-09
       8.32500E-06       8.35000E-06       8.33750E-06       2.50006E-08       1.63030E-11       6.52104E-04       5.43692E-09       2.19127E-09
       8.35000E-06       8.37500E-06       8.36250E-06       2.49996E-08       1.63514E-11       6.54065E-04       5.46962E-09       2.20762E-09
       8.37500E-06       8.40000E-06       8.38750E-06       2.49996E-08       1.64005E-11       6.56029E-04       5.50244E-09       2.22402E-09
       8.40000E-06       8.42500E-06       8.41250E-06       2.50006E-08       1.64496E-11       6.57968E-04       5.53515E-09       2.24047E-09
       8.42500E-06       8.45000E-06       8.43750E-06       2.49996E-08       1.64987E-11       6.59957E-04       5.56839E-09       2.25697E-09
       8.45000E-06       8.47500E-06       8.46250E-06       2.50006E-08       1.65471E-11       6.61867E-04       5.60105E-09       2.27352E-09
       8.47500E-06       8.50000E-06       8.48750E-06       2.49996E-08       1.65962E-11       6.63857E-04       5.63448E-09       2.29011E-09
       8.50000E-06       8.52500E-06       8.51250E-06       2.49996E-08       1.66453E-11       6.65821E-04       5.66780E-09       2.30676E-09
       8.52500E-06       8.55000E-06       8.53750E-06       2.50006E-08       1.66936E-11       6.67731E-04       5.70075E-09       2.32345E-09
       8.55000E-06       8.57500E-06       8.56250E-06       2.49996E-08       1.67427E-11       6.69720E-04       5.73448E-09       2.34020E-09
       8.57500E-06       8.60000E-06       8.58750E-06       2.50006E-08       1.67919E-11       6.71659E-04       5.76787E-09       2.35699E-09
       8.60000E-06       8.62500E-06       8.61250E-06       2.49996E-08       1.68402E-11       6.73620E-04       5.80155E-09       2.37383E-09
       8.62500E-06       8.65000E-06       8.63750E-06       2.49996E-08       1.68893E-11       6.75584E-04       5.83536E-09       2.39072E-09
       8.65000E-06       8.67500E-06       8.66250E-06       2.50006E-08       1.69384E-11       6.77522E-04       5.86904E-09       2.40766E-09
       8.67500E-06       8.70000E-06       8.68750E-06       2.49996E-08       1.69868E-11       6.79483E-04       5.90301E-09       2.42464E-09
       8.70000E-06       8.72500E-06       8.71250E-06       2.50006E-08       1.70359E-11       6.81421E-04       5.93688E-09       2.44168E-09
       8.72500E-06       8.75000E-06       8.73750E-06       2.49996E-08       1.70850E-11       6.83411E-04       5.97131E-09       2.45876E-09
       8.75000E-06       8.77500E-06       8.76250E-06       2.49996E-08       1.71341E-11       6.85376E-04       6.00560E-09       2.47590E-09
       8.77500E-06       8.80000E-06       8.78750E-06       2.50006E-08       1.71825E-11       6.87285E-04       6.03951E-09       2.49308E-09
       8.80000E-06       8.82500E-06       8.81250E-06       2.49996E-08       1.72316E-11       6.89275E-04       6.07424E-09       2.51031E-09
       8.82500E-06       8.85000E-06       8.83750E-06       2.50006E-08       1.72807E-11       6.91213E-04       6.10859E-09       2.52759E-09
       8.85000E-06       8.87500E-06       8.86250E-06       2.49996E-08       1.73291E-11       6.93174E-04       6.14326E-09       2.54492E-09
       8.87500E-06       8.90000E-06       8.88750E-06       2.49996E-08       1.73782E-11       6.95139E-04       6.17805E-09       2.56230E-09
       8.90000E-06       8.92500E-06       8.91250E-06       2.50006E-08       1.74273E-11       6.97076E-04       6.21269E-09       2.57973E-09
       8.92500E-06       8.95000E-06       8.93750E-06       2.49996E-08       1.74757E-11       6.99038E-04       6.24765E-09       2.59720E-09
       8.95000E-06       8.97500E-06       8.96250E-06       2.50006E-08       1.75248E-11       7.00975E-04       6.28249E-09       2.61473E-09
       8.97500E-06       9.00000E-06       8.98750E-06       2.49996E-08       1.75739E-11       7.02966E-04       6.31791E-09       2.63230E-09
       9.00000E-06       9.02500E-06       9.01250E-06       2.49996E-08       1.76230E-11       7.04931E-04       6.35319E-09       2.64992E-09
       9.02500E-06       9.05000E-06       9.03750E-06       2.50006E-08       1.76714E-11       7.06839E-04       6.38806E-09       2.66760E-09
       9.05000E-06       9.07500E-06       9.06250E-06       2.49996E-08       1.77205E-11       7.08830E-04       6.42377E-09       2.68532E-09
       9.07500E-06       9.10000E-06       9.08750E-06       2.50006E-08       1.77696E-11       7.10767E-04       6.45910E-09       2.70309E-09
       9.10000E-06       9.12500E-06       9.11250E-06       2.49996E-08       1.78180E-11       7.12729E-04       6.49475E-09       2.72090E-09
       9.12500E-06       9.15000E-06       9.13750E-06       2.49996E-08       1.78671E-11       7.14694E-04       6.53051E-09       2.73877E-09
       9.15000E-06       9.17500E-06       9.16250E-06       2.50006E-08       1.79162E-11       7.16630E-04       6.56613E-09       2.75669E-09
       9.17500E-06       9.20000E-06       9.18750E-06       2.49996E-08       1.79645E-11       7.18593E-04       6.60207E-09       2.77465E-09
       9.20000E-06       9.22500E-06       9.21250E-06       2.50006E-08       1.80137E-11       7.20530E-04       6.63788E-09       2.79266E-09
       9.22500E-06       9.25000E-06       9.23750E-06       2.49996E-08       1.80628E-11       7.22521E-04       6.67429E-09       2.81073E-09
       9.25000E-06       9.27500E-06       9.26250E-06       2.49996E-08       1.81111E-11       7.24457E-04       6.71028E-09       2.82884E-09
       9.27500E-06       9.30000E-06       9.28750E-06       2.50006E-08       1.81602E-11       7.26393E-04       6.74638E-09       2.84700E-09
       9.30000E-06       9.32500E-06       9.31250E-06       2.49996E-08       1.82093E-11       7.28385E-04       6.78308E-09       2.86521E-09
       9.32500E-06       9.35000E-06       9.33750E-06       2.50006E-08       1.82584E-11       7.30321E-04       6.81937E-09       2.88347E-09
       9.35000E-06       9.37500E-06       9.36250E-06       2.49996E-08       1.83068E-11       7.32284E-04       6.85601E-09       2.90177E-09
       9.37500E-06       9.40000E-06       9.38750E-06       2.49996E-08       1.83559E-11       7.34249E-04       6.89276E-09       2.92013E-09
       9.40000E-06       9.42500E-06       9.41250E-06       2.50006E-08       1.84050E-11       7.36185E-04       6.92934E-09       2.93853E-09
       9.42500E-06       9.45000E-06       9.43750E-06       2.49996E-08       1.84534E-11       7.38148E-04       6.96627E-09       2.95699E-09
       9.45000E-06       9.47500E-06       9.46250E-06       2.50006E-08       1.85025E-11       7.40084E-04       7.00304E-09       2.97549E-09
       9.47500E-06       9.50000E-06       9.48750E-06       2.49996E-08       1.85516E-11       7.42076E-04       7.04045E-09       2.99404E-09
       9.50000E-06       9.52500E-06       9.51250E-06       2.49996E-08       1.86000E-11       7.44012E-04       7.07741E-09       3.01264E-09
       9.52500E-06       9.55000E-06       9.53750E-06       2.50006E-08       1.86491E-11       7.45947E-04       7.11447E-09       3.03129E-09
       9.55000E-06       9.57500E-06       9.56250E-06       2.49996E-08       1.86982E-11       7.47940E-04       7.15217E-09       3.04999E-09
       9.57500E-06       9.60000E-06       9.58750E-06       2.50006E-08       1.87473E-11       7.49875E-04       7.18943E-09       3.06874E-09
       9.60000E-06       9.62500E-06       9.61250E-06       2.49996E-08       1.87957E-11       7.51839E-04       7.22706E-09       3.08753E-09
       9.62500E-06       9.65000E-06       9.63750E-06       2.49996E-08       1.88448E-11       7.53803E-04       7.26478E-09       3.10638E-09
       9.65000E-06       9.67500E-06       9.66250E-06       2.50006E-08       1.88939E-11       7.55739E-04       7.30232E-09       3.12527E-09
       9.67500E-06       9.70000E-06       9.68750E-06       2.49996E-08       1.89423E-11       7.57703E-04       7.34025E-09       3.14421E-09
       9.70000E-06       9.72500E-06       9.71250E-06       2.50006E-08       1.89914E-11       7.59638E-04       7.37799E-09       3.16320E-09
       9.72500E-06       9.75000E-06       9.73750E-06       2.49996E-08       1.90405E-11       7.61631E-04       7.41638E-09       3.18224E-09
       9.75000E-06       9.77500E-06       9.76250E-06       2.49996E-08       1.90889E-11       7.63567E-04       7.45432E-09       3.20133E-09
       9.77500E-06       9.80000E-06       9.78750E-06       2.50006E-08       1.91380E-11       7.65501E-04       7.49235E-09       3.22047E-09
       9.80000E-06       9.82500E-06       9.81250E-06       2.49996E-08       1.91871E-11       7.67495E-04       7.53104E-09       3.23966E-09
       9.82500E-06       9.85000E-06       9.83750E-06       2.50006E-08       1.92362E-11       7.69430E-04       7.56926E-09       3.25889E-09
       9.85000E-06       9.87500E-06       9.86250E-06       2.49996E-08       1.92846E-11       7.71394E-04       7.60788E-09       3.27818E-09
       9.87500E-06       9.90000E-06       9.88750E-06       2.49996E-08       1.93337E-11       7.73358E-04       7.64658E-09       3.29751E-09
       9.90000E-06       9.92500E-06       9.91250E-06       2.50006E-08       1.93828E-11       7.75293E-04       7.68509E-09       3.31690E-09
       9.92500E-06       9.95000E-06       9.93750E-06       2.49996E-08       1.94311E-11       7.77258E-04       7.72400E-09       3.33633E-09
       9.95000E-06       9.97500E-06       9.96250E-06       2.50006E-08       1.94803E-11       7.79192E-04       7.76270E-09       3.35581E-09
       9.97500E-06       1.00000E-05       9.98750E-06       2.49996E-08       1.95294E-11       7.81186E-04       7.80210E-09       3.37534E-09
       1.00000E-05       1.04713E-05       1.02356E-05       4.71300E-07       3.77300E-10       8.00552E-04       8.19417E-09       3.75264E-09
       1.04713E-05       1.09648E-05       1.07180E-05       4.93500E-07       4.13694E-10       8.38287E-04       8.98480E-09       4.16633E-09
       1.09648E-05       1.14815E-05       1.12232E-05       5.16700E-07       4.53620E-10       8.77917E-04       9.85300E-09       4.61995E-09
       1.14815E-05       1.20226E-05       1.17521E-05       5.41101E-07       4.97372E-10       9.19186E-04       1.08023E-08       5.11732E-09
       1.20226E-05       1.25892E-05       1.23059E-05       5.66600E-07       5.45363E-10       9.62519E-04       1.18447E-08       5.66269E-09
       1.25892E-05       1.31826E-05       1.28859E-05       5.93400E-07       5.97983E-10       1.00772E-03       1.29854E-08       6.26067E-09
       1.31826E-05       1.38038E-05       1.34932E-05       6.21200E-07       6.55665E-10       1.05548E-03       1.42418E-08       6.91633E-09
       1.38038E-05       1.44544E-05       1.41291E-05       6.50600E-07       7.18936E-10       1.10503E-03       1.56131E-08       7.63527E-09
       1.44544E-05       1.51356E-05       1.47950E-05       6.81200E-07       7.88251E-10       1.15715E-03       1.71200E-08       8.42352E-09
       1.51356E-05       1.58489E-05       1.54922E-05       7.13300E-07       8.64361E-10       1.21178E-03       1.87732E-08       9.28788E-09
       1.58489E-05       1.65959E-05       1.62224E-05       7.47000E-07       9.47764E-10       1.26876E-03       2.05823E-08       1.02356E-08
       1.65959E-05       1.73780E-05       1.69869E-05       7.82101E-07       1.03918E-09       1.32871E-03       2.25707E-08       1.12748E-08
       1.73780E-05       1.81970E-05       1.77875E-05       8.19000E-07       1.13941E-09       1.39122E-03       2.47464E-08       1.24142E-08
       1.81970E-05       1.90546E-05       1.86258E-05       8.57599E-07       1.24939E-09       1.45684E-03       2.71349E-08       1.36636E-08
       1.90546E-05       1.99526E-05       1.95036E-05       8.98001E-07       1.36991E-09       1.52551E-03       2.97529E-08       1.50335E-08
       1.99526E-05       2.08930E-05       2.04228E-05       9.40399E-07       1.50205E-09       1.59725E-03       3.26203E-08       1.65356E-08
       2.08930E-05       2.18776E-05       2.13853E-05       9.84600E-07       1.64698E-09       1.67274E-03       3.57720E-08       1.81826E-08
       2.18776E-05       2.29087E-05       2.23932E-05       1.03110E-06       1.80584E-09       1.75137E-03       3.92188E-08       1.99884E-08
       2.29087E-05       2.39883E-05       2.34485E-05       1.07960E-06       1.98009E-09       1.83409E-03       4.30068E-08       2.19685E-08
       2.39883E-05       2.51189E-05       2.45536E-05       1.13060E-06       2.17108E-09       1.92029E-03       4.71501E-08       2.41396E-08
       2.51189E-05       2.63027E-05       2.57108E-05       1.18380E-06       2.38057E-09       2.01095E-03       5.17032E-08       2.65201E-08
       2.63027E-05       2.75423E-05       2.69225E-05       1.23960E-06       2.61027E-09       2.10574E-03       5.66917E-08       2.91304E-08
       2.75423E-05       2.88403E-05       2.81913E-05       1.29800E-06       2.86214E-09       2.20504E-03       6.21629E-08       3.19926E-08
       2.88403E-05       3.01995E-05       2.95199E-05       1.35920E-06       3.13820E-09       2.30886E-03       6.81573E-08       3.51308E-08
       3.01995E-05       3.16228E-05       3.09111E-05       1.42330E-06       3.44098E-09       2.41760E-03       7.47309E-08       3.85717E-08
       3.16228E-05       3.31131E-05       3.23679E-05       1.49030E-06       3.77300E-09       2.53171E-03       8.19463E-08       4.23447E-08
       3.31131E-05       3.46737E-05       3.38934E-05       1.56060E-06       4.13702E-09       2.65091E-03       8.98485E-08       4.64818E-08
       3.46737E-05       3.63078E-05       3.54907E-05       1.63410E-06       4.49482E-09       2.75064E-03       9.76222E-08       5.09766E-08
       3.63078E-05       3.80189E-05       3.71634E-05       1.71110E-06       4.80908E-09       2.81052E-03       1.04448E-07       5.57857E-08
       3.80189E-05       3.98107E-05       3.89148E-05       1.79180E-06       5.14609E-09       2.87203E-03       1.11764E-07       6.09318E-08
       3.98107E-05       4.16869E-05       4.07488E-05       1.87620E-06       5.50960E-09       2.93657E-03       1.19662E-07       6.64414E-08
       4.16869E-05       4.36516E-05       4.26692E-05       1.96470E-06       5.90192E-09       3.00398E-03       1.28178E-07       7.23433E-08
       4.36516E-05       4.57088E-05       4.46802E-05       2.05720E-06       6.32558E-09       3.07485E-03       1.37385E-07       7.86688E-08
       4.57088E-05       4.78630E-05       4.67859E-05       2.15420E-06       6.78317E-09       3.14882E-03       1.47320E-07       8.54520E-08
       4.78630E-05       5.01187E-05       4.89908E-05       2.25570E-06       7.27767E-09       3.22635E-03       1.58062E-07       9.27297E-08
       5.01187E-05       5.24808E-05       5.12998E-05       2.36210E-06       7.81239E-09       3.30739E-03       1.69668E-07       1.00542E-07
       5.24808E-05       5.49541E-05       5.37174E-05       2.47330E-06       8.37282E-09       3.38528E-03       1.81849E-07       1.08915E-07
       5.49541E-05       5.75440E-05       5.62490E-05       2.58990E-06       8.96177E-09       3.46028E-03       1.94637E-07       1.17877E-07
       5.75440E-05       6.02560E-05       5.89000E-05       2.71200E-06       9.59729E-09       3.53882E-03       2.08437E-07       1.27474E-07
       6.02560E-05       6.30957E-05       6.16758E-05       2.83970E-06       1.02833E-08       3.62126E-03       2.23344E-07       1.37757E-07
       6.30957E-05       6.60693E-05       6.45825E-05       2.97360E-06       1.10242E-08       3.70735E-03       2.39430E-07       1.48781E-07
       6.60693E-05       6.91831E-05       6.76262E-05       3.11380E-06       1.18247E-08       3.79751E-03       2.56811E-07       1.60606E-07
       6.91831E-05       7.24436E-05       7.08134E-05       3.26051E-06       1.26738E-08       3.88707E-03       2.75257E-07       1.73280E-07
       7.24436E-05       7.58578E-05       7.41507E-05       3.41420E-06       1.35558E-08       3.97042E-03       2.94409E-07       1.86836E-07
       7.58578E-05       7.94328E-05       7.76453E-05       3.57500E-06       1.45053E-08       4.05743E-03       3.15040E-07       2.01341E-07
       7.94328E-05       8.31764E-05       8.13046E-05       3.74360E-06       1.55297E-08       4.14833E-03       3.37278E-07       2.16871E-07
       8.31764E-05       8.70964E-05       8.51364E-05       3.92000E-06       1.66350E-08       4.24363E-03       3.61287E-07       2.33506E-07
       8.70964E-05       9.12011E-05       8.91488E-05       4.10471E-06       1.78286E-08       4.34345E-03       3.87213E-07       2.51334E-07
       9.12011E-05       9.54993E-05       9.33502E-05       4.29820E-06       1.91179E-08       4.44789E-03       4.15211E-07       2.70452E-07
       9.54993E-05       1.00000E-04       9.77497E-05       4.50070E-06       2.05113E-08       4.55735E-03       4.45479E-07       2.90963E-07
       1.00000E-04       1.04713E-04       1.02356E-04       4.71300E-06       2.20180E-08       4.67177E-03       4.78186E-07       3.12981E-07
       1.04713E-04       1.09648E-04       1.07181E-04       4.93501E-06       2.36009E-08       4.78235E-03       5.12575E-07       3.36582E-07
       1.09648E-04       1.14815E-04       1.12232E-04       5.16700E-06       2.52614E-08       4.88898E-03       5.48698E-07       3.61844E-07
       1.14815E-04       1.20226E-04       1.17520E-04       5.41100E-06       2.70513E-08       4.99932E-03       5.87523E-07       3.88895E-07
       1.20226E-04       1.25892E-04       1.23059E-04       5.66600E-06       2.89847E-08       5.11554E-03       6.29514E-07       4.17880E-07
       1.25892E-04       1.31826E-04       1.28859E-04       5.93401E-06       3.10725E-08       5.23635E-03       6.74750E-07       4.48952E-07
       1.31826E-04       1.38038E-04       1.34932E-04       6.21199E-06       3.33274E-08       5.36500E-03       7.23911E-07       4.82280E-07
       1.38038E-04       1.44544E-04       1.41291E-04       6.50601E-06       3.57262E-08       5.49126E-03       7.75865E-07       5.18006E-07
       1.44544E-04       1.51356E-04       1.47950E-04       6.81200E-06       3.82128E-08       5.60963E-03       8.29944E-07       5.56219E-07
       1.51356E-04       1.58489E-04       1.54922E-04       7.13300E-06       4.08890E-08       5.73237E-03       8.88073E-07       5.97108E-07
       1.58489E-04       1.65959E-04       1.62224E-04       7.47000E-06       4.37754E-08       5.86016E-03       9.50659E-07       6.40883E-07
       1.65959E-04       1.73780E-04       1.69870E-04       7.82100E-06       4.68903E-08       5.99544E-03       1.01844E-06       6.87773E-07
       1.73780E-04       1.81970E-04       1.77875E-04       8.19000E-06       5.02535E-08       6.13596E-03       1.09143E-06       7.38027E-07
       1.81970E-04       1.90546E-04       1.86258E-04       8.57600E-06       5.38867E-08       6.28343E-03       1.17034E-06       7.91914E-07
       1.90546E-04       1.99526E-04       1.95036E-04       8.98000E-06       5.78125E-08       6.43792E-03       1.25563E-06       8.49726E-07
       1.99526E-04       2.08930E-04       2.04228E-04       9.40399E-06       6.20581E-08       6.59912E-03       1.34772E-06       9.11784E-07
       2.08930E-04       2.18776E-04       2.13853E-04       9.84601E-06       6.65327E-08       6.75732E-03       1.44507E-06       9.78317E-07
       2.18776E-04       2.29087E-04       2.23932E-04       1.03110E-05       7.12108E-08       6.90629E-03       1.54654E-06       1.04953E-06
       2.29087E-04       2.39883E-04       2.34485E-04       1.07960E-05       7.62573E-08       7.06348E-03       1.65628E-06       1.12578E-06
       2.39883E-04       2.51189E-04       2.45536E-04       1.13060E-05       8.17041E-08       7.22662E-03       1.77439E-06       1.20749E-06
       2.51189E-04       2.63027E-04       2.57108E-04       1.18380E-05       8.75878E-08       7.39886E-03       1.90231E-06       1.29508E-06
       2.63027E-04       2.75423E-04       2.69225E-04       1.23960E-05       9.39438E-08       7.57856E-03       2.04034E-06       1.38902E-06
       2.75423E-04       2.88403E-04       2.81913E-04       1.29800E-05       1.00740E-07       7.76113E-03       2.18796E-06       1.48976E-06
       2.88403E-04       3.01995E-04       2.95199E-04       1.35920E-05       1.07852E-07       7.93500E-03       2.34240E-06       1.59761E-06
       3.01995E-04       3.16228E-04       3.09111E-04       1.42330E-05       1.15511E-07       8.11571E-03       2.50866E-06       1.71312E-06
       3.16228E-04       3.31131E-04       3.23680E-04       1.49030E-05       1.23778E-07       8.30554E-03       2.68833E-06       1.83690E-06
       3.31131E-04       3.46737E-04       3.38934E-04       1.56060E-05       1.32709E-07       8.50370E-03       2.88219E-06       1.96961E-06
       3.46737E-04       3.63078E-04       3.54908E-04       1.63410E-05       1.42357E-07       8.71167E-03       3.09184E-06       2.11197E-06
       3.63078E-04       3.80189E-04       3.71634E-04       1.71110E-05       1.52789E-07       8.92929E-03       3.31842E-06       2.26476E-06
       3.80189E-04       3.98107E-04       3.89148E-04       1.79180E-05       1.64072E-07       9.15682E-03       3.56336E-06       2.42883E-06
       3.98107E-04       4.16869E-04       4.07488E-04       1.87620E-05       1.76280E-07       9.39558E-03       3.82859E-06       2.60511E-06
       4.16869E-04       4.36516E-04       4.26692E-04       1.96470E-05       1.89213E-07       9.63061E-03       4.10931E-06       2.79432E-06
       4.36516E-04       4.57088E-04       4.46802E-04       2.05720E-05       2.02753E-07       9.85576E-03       4.40357E-06       2.99707E-06
       4.57088E-04       4.78630E-04       4.67859E-04       2.15420E-05       2.17368E-07       1.00904E-02       4.72091E-06       3.21444E-06
       4.78630E-04       5.01187E-04       4.89909E-04       2.25570E-05       2.33160E-07       1.03365E-02       5.06393E-06       3.44760E-06
       5.01187E-04       5.24808E-04       5.12998E-04       2.36210E-05       2.50233E-07       1.05937E-02       5.43453E-06       3.69783E-06
       5.24808E-04       5.49541E-04       5.37175E-04       2.47330E-05       2.68696E-07       1.08638E-02       5.83578E-06       3.96653E-06
       5.49541E-04       5.75440E-04       5.62491E-04       2.58990E-05       2.88421E-07       1.11364E-02       6.26412E-06       4.25495E-06
       5.75440E-04       6.02560E-04       5.89000E-04       2.71200E-05       3.08829E-07       1.13875E-02       6.70724E-06       4.56378E-06
       6.02560E-04       6.30957E-04       6.16758E-04       2.83970E-05       3.30759E-07       1.16477E-02       7.18381E-06       4.89454E-06
       6.30957E-04       6.60693E-04       6.45825E-04       2.97360E-05       3.54436E-07       1.19194E-02       7.69786E-06       5.24898E-06
       6.60693E-04       6.91831E-04       6.76262E-04       3.11380E-05       3.80010E-07       1.22041E-02       8.25315E-06       5.62899E-06
       6.91831E-04       7.24436E-04       7.08133E-04       3.26050E-05       4.07644E-07       1.25025E-02       8.85344E-06       6.03663E-06
       7.24436E-04       7.58578E-04       7.41507E-04       3.41420E-05       4.37518E-07       1.28147E-02       9.50216E-06       6.47415E-06
       7.58578E-04       7.94328E-04       7.76453E-04       3.57500E-05       4.69829E-07       1.31421E-02       1.02042E-05       6.94398E-06
       7.94328E-04       8.31764E-04       8.13046E-04       3.74360E-05       5.04793E-07       1.34842E-02       1.09632E-05       7.44877E-06
       8.31764E-04       8.70964E-04       8.51364E-04       3.92000E-05       5.41848E-07       1.38227E-02       1.17681E-05       7.99062E-06
       8.70964E-04       9.12011E-04       8.91487E-04       4.10470E-05       5.80421E-07       1.41404E-02       1.26060E-05       8.57104E-06
       9.12011E-04       9.54993E-04       9.33502E-04       4.29820E-05       6.22029E-07       1.44718E-02       1.35095E-05       9.19307E-06
       9.54993E-04       1.00000E-03       9.77497E-04       4.50070E-05       6.66969E-07       1.48192E-02       1.44857E-05       9.86004E-06
       1.00000E-03       1.04713E-03       1.02356E-03       4.71300E-05       7.15543E-07       1.51823E-02       1.55401E-05       1.05756E-05
       1.04713E-03       1.09648E-03       1.07180E-03       4.93500E-05       7.68039E-07       1.55631E-02       1.66806E-05       1.13436E-05
       1.09648E-03       1.14815E-03       1.12231E-03       5.16700E-05       8.24255E-07       1.59523E-02       1.79035E-05       1.21679E-05
       1.14815E-03       1.20226E-03       1.17520E-03       5.41100E-05       8.82341E-07       1.63064E-02       1.91634E-05       1.30502E-05
       1.20226E-03       1.25892E-03       1.23059E-03       5.66600E-05       9.44717E-07       1.66734E-02       2.05181E-05       1.39949E-05
       1.25892E-03       1.31826E-03       1.28859E-03       5.93400E-05       1.01204E-06       1.70549E-02       2.19768E-05       1.50070E-05
       1.31826E-03       1.38038E-03       1.34932E-03       6.21200E-05       1.08470E-06       1.74613E-02       2.35609E-05       1.60917E-05
       1.38038E-03       1.44544E-03       1.41291E-03       6.50599E-05       1.16323E-06       1.78794E-02       2.52620E-05       1.72549E-05
       1.44544E-03       1.51356E-03       1.47950E-03       6.81201E-05       1.24807E-06       1.83217E-02       2.71069E-05       1.85030E-05
       1.51356E-03       1.58489E-03       1.54923E-03       7.13300E-05       1.33985E-06       1.87838E-02       2.91003E-05       1.98428E-05
       1.58489E-03       1.65959E-03       1.62224E-03       7.47000E-05       1.43911E-06       1.92652E-02       3.12527E-05       2.12819E-05
       1.65959E-03       1.73780E-03       1.69870E-03       7.82101E-05       1.54456E-06       1.97489E-02       3.35474E-05       2.28265E-05
       1.73780E-03       1.81970E-03       1.77875E-03       8.18999E-05       1.65416E-06       2.01973E-02       3.59260E-05       2.44806E-05
       1.81970E-03       1.90546E-03       1.86258E-03       8.57600E-05       1.77228E-06       2.06656E-02       3.84913E-05       2.62529E-05
       1.90546E-03       1.99526E-03       1.95036E-03       8.98001E-05       1.89982E-06       2.11562E-02       4.12621E-05       2.81528E-05
       1.99526E-03       2.08930E-03       2.04228E-03       9.40400E-05       2.03766E-06       2.16680E-02       4.42521E-05       3.01904E-05
       2.08930E-03       2.18776E-03       2.13853E-03       9.84600E-05       2.18664E-06       2.22084E-02       4.74933E-05       3.23770E-05
       2.18776E-03       2.29087E-03       2.23932E-03       1.03110E-04       2.34631E-06       2.27554E-02       5.09565E-05       3.47234E-05
       2.29087E-03       2.39883E-03       2.34485E-03       1.07960E-04       2.51133E-06       2.32616E-02       5.45451E-05       3.72347E-05
       2.39883E-03       2.51189E-03       2.45536E-03       1.13060E-04       2.68816E-06       2.37765E-02       5.83798E-05       3.99228E-05
       2.51189E-03       2.63027E-03       2.57108E-03       1.18380E-04       2.87900E-06       2.43200E-02       6.25286E-05       4.28018E-05
       2.63027E-03       2.75423E-03       2.69225E-03       1.23960E-04       3.08500E-06       2.48870E-02       6.70021E-05       4.58868E-05
       2.75423E-03       2.88403E-03       2.81913E-03       1.29800E-04       3.30748E-06       2.54814E-02       7.18353E-05       4.91943E-05
       2.88403E-03       3.01995E-03       2.95199E-03       1.35920E-04       3.54789E-06       2.61028E-02       7.70551E-05       5.27422E-05
       3.01995E-03       3.16228E-03       3.09112E-03       1.42330E-04       3.80779E-06       2.67533E-02       8.26974E-05       5.65500E-05
       3.16228E-03       3.31131E-03       3.23679E-03       1.49030E-04       4.08887E-06       2.74365E-02       8.88064E-05       6.06389E-05
       3.31131E-03       3.46737E-03       3.38934E-03       1.56060E-04       4.38528E-06       2.81000E-02       9.52404E-05       6.50242E-05
       3.46737E-03       3.63078E-03       3.54907E-03       1.63410E-04       4.68458E-06       2.86676E-02       1.01744E-04       6.97087E-05
       3.63078E-03       3.80189E-03       3.71633E-03       1.71110E-04       5.00565E-06       2.92540E-02       1.08718E-04       7.47144E-05
       3.80189E-03       3.98107E-03       3.89148E-03       1.79180E-04       5.35155E-06       2.98669E-02       1.16226E-04       8.00659E-05
       3.98107E-03       4.16869E-03       4.07488E-03       1.87620E-04       5.72434E-06       3.05103E-02       1.24326E-04       8.57903E-05
       4.16869E-03       4.36516E-03       4.26693E-03       1.96470E-04       6.12632E-06       3.11820E-02       1.33051E-04       9.19166E-05
       4.36516E-03       4.57088E-03       4.46802E-03       2.05720E-04       6.55717E-06       3.18743E-02       1.42415E-04       9.84738E-05
       4.57088E-03       4.78630E-03       4.67859E-03       2.15420E-04       7.00303E-06       3.25087E-02       1.52095E-04       1.05477E-04
       4.78630E-03       5.01187E-03       4.89909E-03       2.25570E-04       7.47943E-06       3.31579E-02       1.62443E-04       1.12956E-04
       5.01187E-03       5.24807E-03       5.12997E-03       2.36200E-04       7.99241E-06       3.38375E-02       1.73585E-04       1.20949E-04
       5.24807E-03       5.49541E-03       5.37174E-03       2.47340E-04       8.54504E-06       3.45477E-02       1.85581E-04       1.29494E-04
       5.49541E-03       5.75440E-03       5.62491E-03       2.58990E-04       9.14063E-06       3.52934E-02       1.98522E-04       1.38634E-04
       5.75440E-03       6.02560E-03       5.89000E-03       2.71200E-04       9.78302E-06       3.60731E-02       2.12470E-04       1.48417E-04
       6.02560E-03       6.30957E-03       6.16759E-03       2.83970E-04       1.04760E-05       3.68913E-02       2.27530E-04       1.58893E-04
       6.30957E-03       6.60693E-03       6.45825E-03       2.97360E-04       1.12241E-05       3.77459E-02       2.43772E-04       1.70117E-04
       6.60693E-03       6.91831E-03       6.76262E-03       3.11380E-04       1.20215E-05       3.86073E-02       2.61087E-04       1.82139E-04
       6.91831E-03       7.24436E-03       7.08133E-03       3.26050E-04       1.28489E-05       3.94077E-02       2.79059E-04       1.94988E-04
       7.24436E-03       7.58578E-03       7.41507E-03       3.41420E-04       1.37376E-05       4.02366E-02       2.98357E-04       2.08725E-04
       7.58578E-03       7.94328E-03       7.76453E-03       3.57500E-04       1.46954E-05       4.11061E-02       3.19170E-04       2.23421E-04
       7.94328E-03       8.31764E-03       8.13046E-03       3.74360E-04       1.57285E-05       4.20143E-02       3.41596E-04       2.39149E-04
       8.31764E-03       8.70964E-03       8.51364E-03       3.92000E-04       1.68430E-05       4.29668E-02       3.65804E-04       2.55992E-04
       8.70964E-03       9.12011E-03       8.91487E-03       4.10471E-04       1.80378E-05       4.39443E-02       3.91758E-04       2.74030E-04
       9.12011E-03       9.54993E-03       9.33502E-03       4.29819E-04       1.92612E-05       4.48124E-02       4.18325E-04       2.93291E-04
       9.54993E-03       1.00000E-02       9.77496E-03       4.50070E-04       2.05626E-05       4.56876E-02       4.46594E-04       3.13854E-04
       1.00000E-02       1.04713E-02       1.02357E-02       4.71300E-04       2.19636E-05       4.66021E-02       4.77003E-04       3.35818E-04
       1.04713E-02       1.09648E-02       1.07180E-02       4.93500E-04       2.34715E-05       4.75613E-02       5.09764E-04       3.59289E-04
       1.09648E-02       1.14815E-02       1.12232E-02       5.16700E-04       2.50972E-05       4.85721E-02       5.45132E-04       3.84386E-04
       1.14815E-02       1.20226E-02       1.17521E-02       5.41100E-04       2.68483E-05       4.96181E-02       5.83114E-04       4.11235E-04
       1.20226E-02       1.25892E-02       1.23059E-02       5.66601E-04       2.87380E-05       5.07201E-02       6.24156E-04       4.39973E-04
       1.25892E-02       1.31826E-02       1.28859E-02       5.93399E-04       3.07769E-05       5.18654E-02       6.68332E-04       4.70750E-04
       1.31826E-02       1.38038E-02       1.34932E-02       6.21200E-04       3.29438E-05       5.30325E-02       7.15578E-04       5.03693E-04
       1.38038E-02       1.44544E-02       1.41291E-02       6.50601E-04       3.51558E-05       5.40359E-02       7.63479E-04       5.38849E-04
       1.44544E-02       1.51356E-02       1.47950E-02       6.81199E-04       3.75211E-05       5.50810E-02       8.14923E-04       5.76370E-04
       1.51356E-02       1.58489E-02       1.54923E-02       7.13301E-04       4.00671E-05       5.61714E-02       8.70222E-04       6.16437E-04
       1.58489E-02       1.65959E-02       1.62224E-02       7.47000E-04       4.28080E-05       5.73065E-02       9.29649E-04       6.59245E-04
       1.65959E-02       1.73780E-02       1.69870E-02       7.82100E-04       4.57599E-05       5.85091E-02       9.93891E-04       7.05005E-04
       1.73780E-02       1.81970E-02       1.77875E-02       8.19000E-04       4.89228E-05       5.97348E-02       1.06253E-03       7.53928E-04
       1.81970E-02       1.90546E-02       1.86258E-02       8.57600E-04       5.21426E-05       6.08007E-02       1.13246E-03       8.06071E-04
       1.90546E-02       1.99526E-02       1.95036E-02       8.98000E-04       5.55482E-05       6.18577E-02       1.20645E-03       8.61619E-04
       1.99526E-02       2.08930E-02       2.04228E-02       9.40400E-04       5.92067E-05       6.29590E-02       1.28580E-03       9.20826E-04
       2.08930E-02       2.18776E-02       2.13853E-02       9.84600E-04       6.31377E-05       6.41253E-02       1.37134E-03       9.83963E-04
       2.18776E-02       2.29087E-02       2.23931E-02       1.03110E-03       6.73635E-05       6.53317E-02       1.46298E-03       1.05133E-03
       2.29087E-02       2.39883E-02       2.34485E-02       1.07960E-03       7.19092E-05       6.66071E-02       1.56184E-03       1.12324E-03
       2.39883E-02       2.51189E-02       2.45536E-02       1.13060E-03       7.68017E-05       6.79301E-02       1.66793E-03       1.20004E-03
       2.51189E-02       2.63027E-02       2.57108E-02       1.18380E-03       8.20702E-05       6.93279E-02       1.78247E-03       1.28211E-03
       2.63027E-02       2.75423E-02       2.69225E-02       1.23960E-03       8.76954E-05       7.07449E-02       1.90463E-03       1.36980E-03
       2.75423E-02       2.88403E-02       2.81913E-02       1.29800E-03       9.35221E-05       7.20509E-02       2.03121E-03       1.46333E-03
       2.88403E-02       3.01995E-02       2.95199E-02       1.35920E-03       9.97568E-05       7.33938E-02       2.16658E-03       1.56308E-03
       3.01995E-02       3.16228E-02       3.09112E-02       1.42330E-03       1.06461E-04       7.47985E-02       2.31211E-03       1.66954E-03
       3.16228E-02       3.31131E-02       3.23680E-02       1.49030E-03       1.13674E-04       7.62758E-02       2.46889E-03       1.78322E-03
       3.31131E-02       3.46737E-02       3.38934E-02       1.56060E-03       1.21441E-04       7.78169E-02       2.63748E-03       1.90466E-03
       3.46737E-02       3.63078E-02       3.54908E-02       1.63410E-03       1.29752E-04       7.94028E-02       2.81807E-03       2.03441E-03
       3.63078E-02       3.80189E-02       3.71633E-02       1.71110E-03       1.38020E-04       8.06615E-02       2.99765E-03       2.17243E-03
       3.80189E-02       3.98107E-02       3.89148E-02       1.79180E-03       1.46654E-04       8.18472E-02       3.18507E-03       2.31908E-03
       3.98107E-02       4.16869E-02       4.07488E-02       1.87620E-03       1.55899E-04       8.30930E-02       3.38594E-03       2.47498E-03
       4.16869E-02       4.36516E-02       4.26693E-02       1.96470E-03       1.65806E-04       8.43922E-02       3.60095E-03       2.64079E-03
       4.36516E-02       4.57088E-02       4.46802E-02       2.05720E-03       1.76427E-04       8.57608E-02       3.83181E-03       2.81722E-03
       4.57088E-02       4.78630E-02       4.67859E-02       2.15420E-03       1.87818E-04       8.71871E-02       4.07913E-03       3.00503E-03
       4.78630E-02       5.01187E-02       4.89908E-02       2.25570E-03       2.00044E-04       8.86836E-02       4.34469E-03       3.20508E-03
       5.01187E-02       5.24808E-02       5.12998E-02       2.36210E-03       2.13171E-04       9.02465E-02       4.62962E-03       3.41825E-03
       5.24808E-02       5.49541E-02       5.37174E-02       2.47330E-03       2.27150E-04       9.18408E-02       4.93345E-03       3.64540E-03
       5.49541E-02       5.75440E-02       5.62491E-02       2.58990E-03       2.41478E-04       9.32384E-02       5.24457E-03       3.88688E-03
       5.75440E-02       6.02560E-02       5.89000E-02       2.71200E-03       2.56717E-04       9.46598E-02       5.57546E-03       4.14359E-03
       6.02560E-02       6.30957E-02       6.16758E-02       2.83970E-03       2.73045E-04       9.61527E-02       5.93030E-03       4.41664E-03
       6.30957E-02       6.60693E-02       6.45825E-02       2.97360E-03       2.90552E-04       9.77107E-02       6.31040E-03       4.70719E-03
       6.60693E-02       6.91831E-02       6.76262E-02       3.11380E-03       3.09332E-04       9.93422E-02       6.71813E-03       5.01652E-03
       6.91831E-02       7.24436E-02       7.08134E-02       3.26050E-03       3.29450E-04       1.01043E-01       7.15518E-03       5.34597E-03
       7.24436E-02       7.58578E-02       7.41507E-02       3.41420E-03       3.50406E-04       1.02632E-01       7.61023E-03       5.69638E-03
       7.58578E-02       7.94328E-02       7.76453E-02       3.57500E-03       3.72612E-04       1.04227E-01       8.09274E-03       6.06899E-03
       7.94328E-02       8.31764E-02       8.13046E-02       3.74360E-03       3.96416E-04       1.05892E-01       8.60947E-03       6.46541E-03
       8.31764E-02       8.70964E-02       8.51364E-02       3.92000E-03       4.21942E-04       1.07638E-01       9.16393E-03       6.88735E-03
       8.70964E-02       9.12011E-02       8.91488E-02       4.10470E-03       4.49556E-04       1.09522E-01       9.76376E-03       7.33690E-03
       9.12011E-02       9.54993E-02       9.33502E-02       4.29820E-03       4.81040E-04       1.11917E-01       1.04474E-02       7.81794E-03
       9.54993E-02       1.00000E-01       9.77497E-02       4.50070E-03       5.15834E-04       1.14612E-01       1.12033E-02       8.33378E-03
       1.00000E-01       1.04713E-01       1.02357E-01       4.71300E-03       5.57998E-04       1.18395E-01       1.21185E-02       8.89178E-03
       1.04713E-01       1.09648E-01       1.07180E-01       4.93500E-03       6.04994E-04       1.22593E-01       1.31395E-02       9.49677E-03
       1.09648E-01       1.14815E-01       1.12231E-01       5.16700E-03       6.54668E-04       1.26702E-01       1.42199E-02       1.01514E-02
       1.14815E-01       1.20226E-01       1.17520E-01       5.41100E-03       7.08371E-04       1.30913E-01       1.53850E-02       1.08598E-02
       1.20226E-01       1.25892E-01       1.23059E-01       5.66600E-03       7.66840E-04       1.35341E-01       1.66549E-02       1.16266E-02
       1.25892E-01       1.31826E-01       1.28859E-01       5.93400E-03       8.30487E-04       1.39954E-01       1.80343E-02       1.24571E-02
       1.31826E-01       1.38038E-01       1.34932E-01       6.21200E-03       8.99751E-04       1.44841E-01       1.95437E-02       1.33569E-02
       1.38038E-01       1.44544E-01       1.41291E-01       6.50600E-03       9.75110E-04       1.49879E-01       2.11765E-02       1.43320E-02
       1.44544E-01       1.51356E-01       1.47950E-01       6.81200E-03       1.05418E-03       1.54753E-01       2.28958E-02       1.53862E-02
       1.51356E-01       1.58489E-01       1.54923E-01       7.13300E-03       1.13878E-03       1.59649E-01       2.47332E-02       1.65250E-02
       1.58489E-01       1.65959E-01       1.62224E-01       7.47000E-03       1.23072E-03       1.64755E-01       2.67272E-02       1.77557E-02
       1.65959E-01       1.73780E-01       1.69869E-01       7.82100E-03       1.33068E-03       1.70142E-01       2.89020E-02       1.90864E-02
       1.73780E-01       1.81970E-01       1.77875E-01       8.19000E-03       1.43910E-03       1.75714E-01       3.12552E-02       2.05255E-02
       1.81970E-01       1.90546E-01       1.86258E-01       8.57600E-03       1.55390E-03       1.81192E-01       3.37484E-02       2.20794E-02
       1.90546E-01       1.99526E-01       1.95036E-01       8.98000E-03       1.67766E-03       1.86822E-01       3.64370E-02       2.37570E-02
       1.99526E-01       2.08930E-01       2.04228E-01       9.40400E-03       1.82166E-03       1.93711E-01       3.95612E-02       2.55787E-02
       2.08930E-01       2.18776E-01       2.13853E-01       9.84600E-03       2.10991E-03       2.14291E-01       4.58269E-02       2.76886E-02
       2.18776E-01       2.29087E-01       2.23931E-01       1.03110E-02       2.49355E-03       2.41834E-01       5.41543E-02       3.01821E-02
       2.29087E-01       2.39883E-01       2.34485E-01       1.07960E-02       2.92784E-03       2.71196E-01       6.35915E-02       3.31100E-02
       2.39883E-01       2.51189E-01       2.45536E-01       1.13060E-02       3.41300E-03       3.01876E-01       7.41213E-02       3.65230E-02
       2.51189E-01       2.63027E-01       2.57108E-01       1.18380E-02       3.93927E-03       3.32765E-01       8.55565E-02       4.04622E-02
       2.63027E-01       2.75423E-01       2.69225E-01       1.23960E-02       4.51312E-03       3.64079E-01       9.80191E-02       4.49754E-02
       2.75423E-01       2.88403E-01       2.81913E-01       1.29800E-02       5.15075E-03       3.96822E-01       1.11869E-01       5.01261E-02
       2.88403E-01       3.01995E-01       2.95199E-01       1.35920E-02       5.83263E-03       4.29122E-01       1.26676E-01       5.59588E-02
       3.01995E-01       3.16228E-01       3.09112E-01       1.42330E-02       6.57374E-03       4.61866E-01       1.42768E-01       6.25325E-02
       3.16228E-01       3.31131E-01       3.23680E-01       1.49030E-02       7.39473E-03       4.96190E-01       1.60607E-01       6.99272E-02
       3.31131E-01       3.46737E-01       3.38934E-01       1.56060E-02       8.30379E-03       5.32089E-01       1.80343E-01       7.82310E-02
       3.46737E-01       3.63078E-01       3.54908E-01       1.63410E-02       9.29798E-03       5.68997E-01       2.01941E-01       8.75290E-02
       3.63078E-01       3.80189E-01       3.71633E-01       1.71110E-02       1.03515E-02       6.04964E-01       2.24825E-01       9.78805E-02
       3.80189E-01       3.98107E-01       3.89148E-01       1.79180E-02       1.15093E-02       6.42331E-01       2.49962E-01       1.09390E-01
       3.98107E-01       4.16869E-01       4.07488E-01       1.87620E-02       1.27861E-02       6.81490E-01       2.77699E-01       1.22176E-01
       4.16869E-01       4.36516E-01       4.26692E-01       1.96470E-02       1.41596E-02       7.20702E-01       3.07518E-01       1.36336E-01
       4.36516E-01       4.57088E-01       4.46802E-01       2.05720E-02       1.56137E-02       7.58977E-01       3.39112E-01       1.51949E-01
       4.57088E-01       4.78630E-01       4.67859E-01       2.15420E-02       1.72107E-02       7.98936E-01       3.73789E-01       1.69160E-01
       4.78630E-01       5.01187E-01       4.89909E-01       2.25570E-02       1.89660E-02       8.40805E-01       4.11918E-01       1.88126E-01
       5.01187E-01       5.24808E-01       5.12998E-01       2.36210E-02       2.08954E-02       8.84613E-01       4.53804E-01       2.09021E-01
       5.24808E-01       5.49541E-01       5.37174E-01       2.47330E-02       2.30155E-02       9.30557E-01       4.99871E-01       2.32037E-01
       5.49541E-01       5.75440E-01       5.62490E-01       2.58990E-02       2.53496E-02       9.78787E-01       5.50558E-01       2.57386E-01
       5.75440E-01       6.02560E-01       5.89000E-01       2.71200E-02       2.79223E-02       1.02958E+00       6.06425E-01       2.85309E-01
       6.02560E-01       6.30957E-01       6.16758E-01       2.83970E-02       3.08818E-02       1.08750E+00       6.70726E-01       3.16191E-01
       6.30957E-01       6.60693E-01       6.45825E-01       2.97360E-02       4.31510E-02       1.45114E+00       9.37181E-01       3.59342E-01
       6.60693E-01       6.91831E-01       6.76262E-01       3.11380E-02       3.67207E-02       1.17929E+00       7.97509E-01       3.96062E-01
       6.91831E-01       7.24436E-01       7.08133E-01       3.26050E-02       3.46171E-02       1.06171E+00       7.51834E-01       4.30679E-01
       7.24436E-01       7.58578E-01       7.41507E-01       3.41420E-02       3.41802E-02       1.00112E+00       7.42336E-01       4.64860E-01
       7.58578E-01       7.94328E-01       7.76453E-01       3.57500E-02       3.37851E-02       9.45038E-01       7.33777E-01       4.98645E-01
       7.94328E-01       8.31764E-01       8.13046E-01       3.74360E-02       3.33438E-02       8.90689E-01       7.24171E-01       5.31989E-01
       8.31764E-01       8.70964E-01       8.51364E-01       3.92000E-02       3.28407E-02       8.37772E-01       7.13249E-01       5.64829E-01
       8.70964E-01       9.12011E-01       8.91487E-01       4.10470E-02       3.21674E-02       7.83671E-01       6.98633E-01       5.96997E-01
       9.12011E-01       9.54993E-01       9.33502E-01       4.29820E-02       3.12482E-02       7.27007E-01       6.78662E-01       6.28245E-01
       9.54993E-01       1.00000E+00       9.77497E-01       4.50070E-02       3.00507E-02       6.67688E-01       6.52663E-01       6.58295E-01
       1.00000E+00       1.04713E+00       1.02357E+00       4.71300E-02       2.85393E-02       6.05544E-01       6.19814E-01       6.86835E-01
       1.04713E+00       1.09648E+00       1.07181E+00       4.93500E-02       2.66807E-02       5.40643E-01       5.79464E-01       7.13515E-01
       1.09648E+00       1.14815E+00       1.12231E+00       5.16700E-02       2.46423E-02       4.76917E-01       5.35251E-01       7.38158E-01
       1.14815E+00       1.20226E+00       1.17520E+00       5.41100E-02       2.22996E-02       4.12117E-01       4.84322E-01       7.60457E-01
       1.20226E+00       1.25892E+00       1.23059E+00       5.66600E-02       1.95600E-02       3.45218E-01       4.24822E-01       7.80017E-01
       1.25892E+00       1.31826E+00       1.28859E+00       5.93400E-02       1.64824E-02       2.77761E-01       3.57920E-01       7.96500E-01
       1.31826E+00       1.38038E+00       1.34932E+00       6.21200E-02       1.32452E-02       2.13220E-01       2.87702E-01       8.09745E-01
       1.38038E+00       1.44544E+00       1.41291E+00       6.50600E-02       1.24040E-02       1.90656E-01       2.69379E-01       8.22149E-01
       1.44544E+00       1.51356E+00       1.47950E+00       6.81200E-02       1.20741E-02       1.77248E-01       2.62238E-01       8.34223E-01
       1.51356E+00       1.58489E+00       1.54923E+00       7.13300E-02       1.16407E-02       1.63195E-01       2.52826E-01       8.45864E-01
       1.58489E+00       1.65959E+00       1.62224E+00       7.47000E-02       1.10900E-02       1.48461E-01       2.40839E-01       8.56954E-01
       1.65959E+00       1.73780E+00       1.69869E+00       7.82100E-02       1.04420E-02       1.33513E-01       2.26797E-01       8.67396E-01
       1.73780E+00       1.81970E+00       1.77875E+00       8.19000E-02       1.02662E-02       1.25350E-01       2.22967E-01       8.77662E-01
       1.81970E+00       1.90546E+00       1.86258E+00       8.57600E-02       1.02650E-02       1.19694E-01       2.22940E-01       8.87927E-01
       1.90546E+00       1.99526E+00       1.95036E+00       8.98000E-02       1.02167E-02       1.13772E-01       2.21896E-01       8.98144E-01
       1.99526E+00       2.08930E+00       2.04228E+00       9.40400E-02       1.00899E-02       1.07294E-01       2.19124E-01       9.08234E-01
       2.08930E+00       2.18776E+00       2.13853E+00       9.84600E-02       9.82194E-03       9.97557E-02       2.13330E-01       9.18056E-01
       2.18776E+00       2.29087E+00       2.23932E+00       1.03110E-01       9.46392E-03       9.17847E-02       2.05535E-01       9.27520E-01
       2.29087E+00       2.39883E+00       2.34485E+00       1.07960E-01       8.98719E-03       8.32455E-02       1.95198E-01       9.36507E-01
       2.39883E+00       2.51189E+00       2.45536E+00       1.13060E-01       8.36401E-03       7.39785E-02       1.81644E-01       9.44871E-01
       2.51189E+00       2.63027E+00       2.57108E+00       1.18380E-01       7.64068E-03       6.45436E-02       1.65947E-01       9.52511E-01
       2.63027E+00       2.75423E+00       2.69225E+00       1.23960E-01       6.92089E-03       5.58317E-02       1.50313E-01       9.59432E-01
       2.75423E+00       2.88403E+00       2.81913E+00       1.29800E-01       6.13640E-03       4.72758E-02       1.33277E-01       9.65569E-01
       2.88403E+00       3.01995E+00       2.95199E+00       1.35920E-01       5.46287E-03       4.01918E-02       1.18646E-01       9.71032E-01
       3.01995E+00       3.16228E+00       3.09111E+00       1.42330E-01       4.80785E-03       3.37796E-02       1.04417E-01       9.75839E-01
       3.16228E+00       3.31131E+00       3.23679E+00       1.49030E-01       4.26838E-03       2.86410E-02       9.27052E-02       9.80108E-01
       3.31131E+00       3.46737E+00       3.38934E+00       1.56060E-01       3.80657E-03       2.43917E-02       8.26717E-02       9.83914E-01
       3.46737E+00       3.63078E+00       3.54908E+00       1.63410E-01       3.38616E-03       2.07219E-02       7.35435E-02       9.87300E-01
       3.63078E+00       3.80189E+00       3.71633E+00       1.71110E-01       2.99762E-03       1.75187E-02       6.51053E-02       9.90298E-01
       3.80189E+00       3.98107E+00       3.89148E+00       1.79180E-01       2.59879E-03       1.45038E-02       5.64412E-02       9.92897E-01
       3.98107E+00       4.16869E+00       4.07488E+00       1.87620E-01       2.16815E-03       1.15561E-02       4.70896E-02       9.95065E-01
       4.16869E+00       4.36516E+00       4.26692E+00       1.96470E-01       1.70691E-03       8.68791E-03       3.70707E-02       9.96772E-01
       4.36516E+00       4.57088E+00       4.46802E+00       2.05720E-01       1.24798E-03       6.06640E-03       2.71048E-02       9.98020E-01
       4.57088E+00       4.78630E+00       4.67859E+00       2.15420E-01       8.52793E-04       3.95874E-03       1.85213E-02       9.98873E-01
       4.78630E+00       5.00000E+00       4.89315E+00       2.13700E-01       5.39514E-04       2.52463E-03       1.23534E-02       9.99412E-01
       5.00000E+00       5.20000E+00       5.10000E+00       2.00000E-01       3.20286E-04       1.60143E-03       8.16729E-03       9.99733E-01
       5.20000E+00       5.40000E+00       5.30000E+00       2.00000E-01       1.94751E-04       9.73756E-04       5.16091E-03       9.99927E-01
       5.40000E+00       5.60000E+00       5.50000E+00       2.00000E-01       7.27161E-05       3.63580E-04       1.99969E-03       1.00000E+00

 Sum =                                                                         1.00000E+00
 Renormalization bin#   973 =                                                  1.38484E-01 barn        1.94000E+07        1.96000E+07        1.95000E+07
 Avg. Energy     bin#   973 =                                                  1.01319E+00 MeV         1.94000E+07        1.96000E+07
