"        MT=  4 recoil spectrum "
" Initial neutron energy corresponds to the group:"
   2.12000E+01    2.14000E+01       0.00000E+00           451           906           456



          Low               High              Mid              Energy           Number             dn/de            E*dn/de          Cumulative
         Energy            Energy            Energy             Width          Fraction                               Sum   
         [MeV]             [MeV]             [MeV]              [MeV]

       5.87500E-06       5.90000E-06       5.88750E-06       2.50001E-08       0.00000E+00       0.00000E+00       0.00000E+00       0.00000E+00
       5.90000E-06       5.92500E-06       5.91250E-06       2.50001E-08       5.41189E-12       2.16475E-04       1.27991E-09       5.41189E-12
       5.92500E-06       5.95000E-06       5.93750E-06       2.49996E-08       5.43456E-12       2.17386E-04       1.29073E-09       1.08464E-11
       5.95000E-06       5.97500E-06       5.96250E-06       2.50001E-08       5.45723E-12       2.18288E-04       1.30154E-09       1.63037E-11
       5.97500E-06       6.00000E-06       5.98750E-06       2.50001E-08       5.48044E-12       2.19217E-04       1.31256E-09       2.17841E-11
       6.00000E-06       6.02500E-06       6.01250E-06       2.50001E-08       5.50311E-12       2.20124E-04       1.32349E-09       2.72872E-11
       6.02500E-06       6.05000E-06       6.03750E-06       2.50001E-08       5.52632E-12       2.21052E-04       1.33460E-09       3.28135E-11
       6.05000E-06       6.07500E-06       6.06250E-06       2.49996E-08       5.54899E-12       2.21963E-04       1.34565E-09       3.83625E-11
       6.07500E-06       6.10000E-06       6.08750E-06       2.50001E-08       5.57166E-12       2.22866E-04       1.35669E-09       4.39342E-11
       6.10000E-06       6.12500E-06       6.11250E-06       2.50001E-08       5.59487E-12       2.23794E-04       1.36794E-09       4.95291E-11
       6.12500E-06       6.15000E-06       6.13750E-06       2.50001E-08       5.61754E-12       2.24701E-04       1.37910E-09       5.51466E-11
       6.15000E-06       6.17500E-06       6.16250E-06       2.50001E-08       5.64021E-12       2.25608E-04       1.39031E-09       6.07868E-11
       6.17500E-06       6.20000E-06       6.18750E-06       2.49996E-08       5.66343E-12       2.26540E-04       1.40172E-09       6.64503E-11
       6.20000E-06       6.22500E-06       6.21250E-06       2.50001E-08       5.68610E-12       2.27443E-04       1.41299E-09       7.21364E-11
       6.22500E-06       6.25000E-06       6.23750E-06       2.50001E-08       5.70931E-12       2.28371E-04       1.42447E-09       7.78457E-11
       6.25000E-06       6.27500E-06       6.26250E-06       2.50001E-08       5.73198E-12       2.29278E-04       1.43586E-09       8.35776E-11
       6.27500E-06       6.30000E-06       6.28750E-06       2.50001E-08       5.75465E-12       2.30185E-04       1.44729E-09       8.93323E-11
       6.30000E-06       6.32500E-06       6.31250E-06       2.49996E-08       5.77786E-12       2.31118E-04       1.45893E-09       9.51101E-11
       6.32500E-06       6.35000E-06       6.33750E-06       2.50001E-08       5.80053E-12       2.32020E-04       1.47043E-09       1.00911E-10
       6.35000E-06       6.37500E-06       6.36250E-06       2.50001E-08       5.82374E-12       2.32949E-04       1.48214E-09       1.06734E-10
       6.37500E-06       6.40000E-06       6.38750E-06       2.50001E-08       5.84641E-12       2.33856E-04       1.49375E-09       1.12581E-10
       6.40000E-06       6.42500E-06       6.41250E-06       2.50001E-08       5.86908E-12       2.34762E-04       1.50541E-09       1.18450E-10
       6.42500E-06       6.45000E-06       6.43750E-06       2.49996E-08       5.89229E-12       2.35695E-04       1.51729E-09       1.24342E-10
       6.45000E-06       6.47500E-06       6.46250E-06       2.50001E-08       5.91497E-12       2.36598E-04       1.52901E-09       1.30257E-10
       6.47500E-06       6.50000E-06       6.48750E-06       2.50001E-08       5.93818E-12       2.37526E-04       1.54095E-09       1.36195E-10
       6.50000E-06       6.52500E-06       6.51250E-06       2.50001E-08       5.96085E-12       2.38433E-04       1.55279E-09       1.42156E-10
       6.52500E-06       6.55000E-06       6.53750E-06       2.50001E-08       5.98352E-12       2.39340E-04       1.56468E-09       1.48140E-10
       6.55000E-06       6.57500E-06       6.56250E-06       2.49996E-08       6.00673E-12       2.40273E-04       1.57679E-09       1.54146E-10
       6.57500E-06       6.60000E-06       6.58750E-06       2.50001E-08       6.02940E-12       2.41175E-04       1.58874E-09       1.60176E-10
       6.60000E-06       6.62500E-06       6.61250E-06       2.50001E-08       6.05261E-12       2.42103E-04       1.60091E-09       1.66228E-10
       6.62500E-06       6.65000E-06       6.63750E-06       2.50001E-08       6.07528E-12       2.43010E-04       1.61298E-09       1.72304E-10
       6.65000E-06       6.67500E-06       6.66250E-06       2.50001E-08       6.09795E-12       2.43917E-04       1.62510E-09       1.78402E-10
       6.67500E-06       6.70000E-06       6.68750E-06       2.49996E-08       6.12116E-12       2.44850E-04       1.63744E-09       1.84523E-10
       6.70000E-06       6.72500E-06       6.71250E-06       2.50001E-08       6.14383E-12       2.45752E-04       1.64961E-09       1.90667E-10
       6.72500E-06       6.75000E-06       6.73750E-06       2.50001E-08       6.16651E-12       2.46659E-04       1.66187E-09       1.96833E-10
       6.75000E-06       6.77500E-06       6.76250E-06       2.50001E-08       6.18972E-12       2.47588E-04       1.67431E-09       2.03023E-10
       6.77500E-06       6.80000E-06       6.78750E-06       2.50001E-08       6.21239E-12       2.48495E-04       1.68666E-09       2.09235E-10
       6.80000E-06       6.82500E-06       6.81250E-06       2.49996E-08       6.23560E-12       2.49428E-04       1.69923E-09       2.15471E-10
       6.82500E-06       6.85000E-06       6.83750E-06       2.50001E-08       6.25827E-12       2.50330E-04       1.71163E-09       2.21729E-10
       6.85000E-06       6.87500E-06       6.86250E-06       2.50001E-08       6.28094E-12       2.51237E-04       1.72411E-09       2.28010E-10
       6.87500E-06       6.90000E-06       6.88750E-06       2.50001E-08       6.30415E-12       2.52165E-04       1.73679E-09       2.34314E-10
       6.90000E-06       6.92500E-06       6.91250E-06       2.50001E-08       6.32682E-12       2.53072E-04       1.74936E-09       2.40641E-10
       6.92500E-06       6.95000E-06       6.93750E-06       2.49996E-08       6.35003E-12       2.54005E-04       1.76216E-09       2.46991E-10
       6.95000E-06       6.97500E-06       6.96250E-06       2.50001E-08       6.37270E-12       2.54907E-04       1.77479E-09       2.53364E-10
       6.97500E-06       7.00000E-06       6.98750E-06       2.50001E-08       6.39537E-12       2.55814E-04       1.78750E-09       2.59759E-10
       7.00000E-06       7.02500E-06       7.01250E-06       2.50001E-08       6.41859E-12       2.56742E-04       1.80041E-09       2.66178E-10
       7.02500E-06       7.05000E-06       7.03750E-06       2.50001E-08       6.44126E-12       2.57649E-04       1.81321E-09       2.72619E-10
       7.05000E-06       7.07500E-06       7.06250E-06       2.49996E-08       6.46447E-12       2.58583E-04       1.82624E-09       2.79084E-10
       7.07500E-06       7.10000E-06       7.08750E-06       2.50001E-08       6.48714E-12       2.59485E-04       1.83910E-09       2.85571E-10
       7.10000E-06       7.12500E-06       7.11250E-06       2.50001E-08       6.50981E-12       2.60391E-04       1.85203E-09       2.92080E-10
       7.12500E-06       7.15000E-06       7.13750E-06       2.50001E-08       6.53302E-12       2.61320E-04       1.86517E-09       2.98614E-10
       7.15000E-06       7.17500E-06       7.16250E-06       2.50001E-08       6.55569E-12       2.62227E-04       1.87820E-09       3.05169E-10
       7.17500E-06       7.20000E-06       7.18750E-06       2.49996E-08       6.57890E-12       2.63160E-04       1.89146E-09       3.11748E-10
       7.20000E-06       7.22500E-06       7.21250E-06       2.50001E-08       6.60157E-12       2.64062E-04       1.90455E-09       3.18350E-10
       7.22500E-06       7.25000E-06       7.23750E-06       2.50001E-08       6.62424E-12       2.64969E-04       1.91771E-09       3.24974E-10
       7.25000E-06       7.27500E-06       7.26250E-06       2.50001E-08       6.64745E-12       2.65897E-04       1.93108E-09       3.31621E-10
       7.27500E-06       7.30000E-06       7.28750E-06       2.50001E-08       6.67012E-12       2.66804E-04       1.94433E-09       3.38292E-10
       7.30000E-06       7.32500E-06       7.31250E-06       2.49996E-08       6.69280E-12       2.67716E-04       1.95767E-09       3.44984E-10
       7.32500E-06       7.35000E-06       7.33750E-06       2.50001E-08       6.71601E-12       2.68639E-04       1.97114E-09       3.51700E-10
       7.35000E-06       7.37500E-06       7.36250E-06       2.50001E-08       6.73868E-12       2.69546E-04       1.98453E-09       3.58439E-10
       7.37500E-06       7.40000E-06       7.38750E-06       2.50001E-08       6.76189E-12       2.70474E-04       1.99813E-09       3.65201E-10
       7.40000E-06       7.42500E-06       7.41250E-06       2.50001E-08       6.78456E-12       2.71381E-04       2.01161E-09       3.71985E-10
       7.42500E-06       7.45000E-06       7.43750E-06       2.49996E-08       6.80723E-12       2.72293E-04       2.02518E-09       3.78793E-10
       7.45000E-06       7.47500E-06       7.46250E-06       2.50001E-08       6.83044E-12       2.73217E-04       2.03888E-09       3.85623E-10
       7.47500E-06       7.50000E-06       7.48750E-06       2.50001E-08       6.85311E-12       2.74123E-04       2.05250E-09       3.92476E-10
       7.50000E-06       7.52500E-06       7.51250E-06       2.50001E-08       6.87632E-12       2.75052E-04       2.06633E-09       3.99353E-10
       7.52500E-06       7.55000E-06       7.53750E-06       2.50001E-08       6.89899E-12       2.75959E-04       2.08004E-09       4.06252E-10
       7.55000E-06       7.57500E-06       7.56250E-06       2.49996E-08       6.92167E-12       2.76871E-04       2.09384E-09       4.13173E-10
       7.57500E-06       7.60000E-06       7.58750E-06       2.50001E-08       6.94488E-12       2.77794E-04       2.10776E-09       4.20118E-10
       7.60000E-06       7.62500E-06       7.61250E-06       2.50001E-08       6.96755E-12       2.78701E-04       2.12161E-09       4.27086E-10
       7.62500E-06       7.65000E-06       7.63750E-06       2.50001E-08       6.99076E-12       2.79629E-04       2.13567E-09       4.34076E-10
       7.65000E-06       7.67500E-06       7.66250E-06       2.50001E-08       7.01343E-12       2.80536E-04       2.14961E-09       4.41090E-10
       7.67500E-06       7.70000E-06       7.68750E-06       2.49996E-08       7.03610E-12       2.81448E-04       2.16363E-09       4.48126E-10
       7.70000E-06       7.72500E-06       7.71250E-06       2.50001E-08       7.05931E-12       2.82371E-04       2.17779E-09       4.55185E-10
       7.72500E-06       7.75000E-06       7.73750E-06       2.50001E-08       7.08198E-12       2.83278E-04       2.19186E-09       4.62267E-10
       7.75000E-06       7.77500E-06       7.76250E-06       2.50001E-08       7.10519E-12       2.84207E-04       2.20615E-09       4.69372E-10
       7.77500E-06       7.80000E-06       7.78750E-06       2.50001E-08       7.12786E-12       2.85113E-04       2.22032E-09       4.76500E-10
       7.80000E-06       7.82500E-06       7.81250E-06       2.49996E-08       7.15053E-12       2.86026E-04       2.23458E-09       4.83651E-10
       7.82500E-06       7.85000E-06       7.83750E-06       2.50001E-08       7.17374E-12       2.86949E-04       2.24896E-09       4.90825E-10
       7.85000E-06       7.87500E-06       7.86250E-06       2.50001E-08       7.19642E-12       2.87856E-04       2.26326E-09       4.98021E-10
       7.87500E-06       7.90000E-06       7.88750E-06       2.50001E-08       7.21909E-12       2.88762E-04       2.27761E-09       5.05240E-10
       7.90000E-06       7.92500E-06       7.91250E-06       2.50001E-08       7.24230E-12       2.89691E-04       2.29218E-09       5.12482E-10
       7.92500E-06       7.95000E-06       7.93750E-06       2.49996E-08       7.26497E-12       2.90603E-04       2.30666E-09       5.19747E-10
       7.95000E-06       7.97500E-06       7.96250E-06       2.50001E-08       7.28818E-12       2.91526E-04       2.32128E-09       5.27035E-10
       7.97500E-06       8.00000E-06       7.98750E-06       2.50001E-08       7.31085E-12       2.92433E-04       2.33581E-09       5.34346E-10
       8.00000E-06       8.02500E-06       8.01250E-06       2.49996E-08       7.33352E-12       2.93345E-04       2.35043E-09       5.41680E-10
       8.02500E-06       8.05000E-06       8.03750E-06       2.50006E-08       7.35673E-12       2.94263E-04       2.36513E-09       5.49037E-10
       8.05000E-06       8.07500E-06       8.06250E-06       2.49996E-08       7.37940E-12       2.95181E-04       2.37989E-09       5.56416E-10
       8.07500E-06       8.10000E-06       8.08750E-06       2.50006E-08       7.40261E-12       2.96098E-04       2.39469E-09       5.63819E-10
       8.10000E-06       8.12500E-06       8.11250E-06       2.49996E-08       7.42528E-12       2.97016E-04       2.40954E-09       5.71244E-10
       8.12500E-06       8.15000E-06       8.13750E-06       2.49996E-08       7.44796E-12       2.97923E-04       2.42435E-09       5.78692E-10
       8.15000E-06       8.17500E-06       8.16250E-06       2.50006E-08       7.47117E-12       2.98840E-04       2.43928E-09       5.86163E-10
       8.17500E-06       8.20000E-06       8.18750E-06       2.49996E-08       7.49384E-12       2.99758E-04       2.45427E-09       5.93657E-10
       8.20000E-06       8.22500E-06       8.21250E-06       2.50006E-08       7.51705E-12       3.00675E-04       2.46929E-09       6.01174E-10
       8.22500E-06       8.25000E-06       8.23750E-06       2.49996E-08       7.53972E-12       3.01593E-04       2.48438E-09       6.08714E-10
       8.25000E-06       8.27500E-06       8.26250E-06       2.49996E-08       7.56239E-12       3.02500E-04       2.49941E-09       6.16276E-10
       8.27500E-06       8.30000E-06       8.28750E-06       2.50006E-08       7.58560E-12       3.03417E-04       2.51457E-09       6.23862E-10
       8.30000E-06       8.32500E-06       8.31250E-06       2.49996E-08       7.60827E-12       3.04336E-04       2.52979E-09       6.31470E-10
       8.32500E-06       8.35000E-06       8.33750E-06       2.50006E-08       7.63148E-12       3.05252E-04       2.54504E-09       6.39101E-10
       8.35000E-06       8.37500E-06       8.36250E-06       2.49996E-08       7.65415E-12       3.06171E-04       2.56035E-09       6.46756E-10
       8.37500E-06       8.40000E-06       8.38750E-06       2.49996E-08       7.67682E-12       3.07078E-04       2.57561E-09       6.54432E-10
       8.40000E-06       8.42500E-06       8.41250E-06       2.50006E-08       7.70004E-12       3.07994E-04       2.59100E-09       6.62132E-10
       8.42500E-06       8.45000E-06       8.43750E-06       2.49996E-08       7.72271E-12       3.08913E-04       2.60645E-09       6.69855E-10
       8.45000E-06       8.47500E-06       8.46250E-06       2.50006E-08       7.74592E-12       3.09830E-04       2.62193E-09       6.77601E-10
       8.47500E-06       8.50000E-06       8.48750E-06       2.49996E-08       7.76859E-12       3.10748E-04       2.63748E-09       6.85370E-10
       8.50000E-06       8.52500E-06       8.51250E-06       2.49996E-08       7.79126E-12       3.11655E-04       2.65296E-09       6.93161E-10
       8.52500E-06       8.55000E-06       8.53750E-06       2.50006E-08       7.81447E-12       3.12572E-04       2.66858E-09       7.00975E-10
       8.55000E-06       8.57500E-06       8.56250E-06       2.49996E-08       7.83714E-12       3.13490E-04       2.68426E-09       7.08812E-10
       8.57500E-06       8.60000E-06       8.58750E-06       2.50006E-08       7.85981E-12       3.14385E-04       2.69978E-09       7.16672E-10
       8.60000E-06       8.62500E-06       8.61250E-06       2.49996E-08       7.88302E-12       3.15326E-04       2.71574E-09       7.24555E-10
       8.62500E-06       8.65000E-06       8.63750E-06       2.49996E-08       7.90569E-12       3.16233E-04       2.73146E-09       7.32461E-10
       8.65000E-06       8.67500E-06       8.66250E-06       2.50006E-08       7.92890E-12       3.17149E-04       2.74730E-09       7.40390E-10
       8.67500E-06       8.70000E-06       8.68750E-06       2.49996E-08       7.95158E-12       3.18068E-04       2.76321E-09       7.48341E-10
       8.70000E-06       8.72500E-06       8.71250E-06       2.50006E-08       7.97425E-12       3.18963E-04       2.77896E-09       7.56316E-10
       8.72500E-06       8.75000E-06       8.73750E-06       2.49996E-08       7.99746E-12       3.19903E-04       2.79515E-09       7.64313E-10
       8.75000E-06       8.77500E-06       8.76250E-06       2.49996E-08       8.02013E-12       3.20810E-04       2.81110E-09       7.72333E-10
       8.77500E-06       8.80000E-06       8.78750E-06       2.50006E-08       8.04334E-12       3.21726E-04       2.82717E-09       7.80377E-10
       8.80000E-06       8.82500E-06       8.81250E-06       2.49996E-08       8.06601E-12       3.22645E-04       2.84331E-09       7.88443E-10
       8.82500E-06       8.85000E-06       8.83750E-06       2.50006E-08       8.08868E-12       3.23540E-04       2.85928E-09       7.96531E-10
       8.85000E-06       8.87500E-06       8.86250E-06       2.49996E-08       8.11189E-12       3.24481E-04       2.87571E-09       8.04643E-10
       8.87500E-06       8.90000E-06       8.88750E-06       2.49996E-08       8.13456E-12       3.25387E-04       2.89188E-09       8.12778E-10
       8.90000E-06       8.92500E-06       8.91250E-06       2.50006E-08       8.15777E-12       3.26303E-04       2.90818E-09       8.20935E-10
       8.92500E-06       8.95000E-06       8.93750E-06       2.49996E-08       8.18044E-12       3.27223E-04       2.92455E-09       8.29116E-10
       8.95000E-06       8.97500E-06       8.96250E-06       2.50006E-08       8.20312E-12       3.28117E-04       2.94075E-09       8.37319E-10
       8.97500E-06       9.00000E-06       8.98750E-06       2.49996E-08       8.22633E-12       3.29058E-04       2.95741E-09       8.45545E-10
       9.00000E-06       9.02500E-06       9.01250E-06       2.49996E-08       8.24900E-12       3.29965E-04       2.97381E-09       8.53794E-10
       9.02500E-06       9.05000E-06       9.03750E-06       2.50006E-08       8.27221E-12       3.30881E-04       2.99033E-09       8.62067E-10
       9.05000E-06       9.07500E-06       9.06250E-06       2.49996E-08       8.29488E-12       3.31800E-04       3.00694E-09       8.70361E-10
       9.07500E-06       9.10000E-06       9.08750E-06       2.50006E-08       8.31755E-12       3.32694E-04       3.02336E-09       8.78679E-10
       9.10000E-06       9.12500E-06       9.11250E-06       2.49996E-08       8.34076E-12       3.33635E-04       3.04025E-09       8.87020E-10
       9.12500E-06       9.15000E-06       9.13750E-06       2.49996E-08       8.36343E-12       3.34542E-04       3.05688E-09       8.95383E-10
       9.15000E-06       9.17500E-06       9.16250E-06       2.50006E-08       8.38610E-12       3.35436E-04       3.07344E-09       9.03769E-10
       9.17500E-06       9.20000E-06       9.18750E-06       2.49996E-08       8.40931E-12       3.36378E-04       3.09047E-09       9.12179E-10
       9.20000E-06       9.22500E-06       9.21250E-06       2.50006E-08       8.43198E-12       3.37272E-04       3.10712E-09       9.20611E-10
       9.22500E-06       9.25000E-06       9.23750E-06       2.49996E-08       8.45519E-12       3.38213E-04       3.12424E-09       9.29066E-10
       9.25000E-06       9.27500E-06       9.26250E-06       2.49996E-08       8.47787E-12       3.39120E-04       3.14110E-09       9.37544E-10
       9.27500E-06       9.30000E-06       9.28750E-06       2.50006E-08       8.50054E-12       3.40014E-04       3.15788E-09       9.46044E-10
       9.30000E-06       9.32500E-06       9.31250E-06       2.49996E-08       8.52375E-12       3.40955E-04       3.17514E-09       9.54568E-10
       9.32500E-06       9.35000E-06       9.33750E-06       2.50006E-08       8.54642E-12       3.41849E-04       3.19201E-09       9.63114E-10
       9.35000E-06       9.37500E-06       9.36250E-06       2.49996E-08       8.56963E-12       3.42790E-04       3.20938E-09       9.71684E-10
       9.37500E-06       9.40000E-06       9.38750E-06       2.49996E-08       8.59230E-12       3.43697E-04       3.22646E-09       9.80276E-10
       9.40000E-06       9.42500E-06       9.41250E-06       2.50006E-08       8.61497E-12       3.44591E-04       3.24346E-09       9.88891E-10
       9.42500E-06       9.45000E-06       9.43750E-06       2.49996E-08       8.63818E-12       3.45533E-04       3.26096E-09       9.97529E-10
       9.45000E-06       9.47500E-06       9.46250E-06       2.50006E-08       8.66085E-12       3.46426E-04       3.27806E-09       1.00619E-09
       9.47500E-06       9.50000E-06       9.48750E-06       2.49996E-08       8.68406E-12       3.47368E-04       3.29565E-09       1.01487E-09
       9.50000E-06       9.52500E-06       9.51250E-06       2.49996E-08       8.70673E-12       3.48275E-04       3.31296E-09       1.02358E-09
       9.52500E-06       9.55000E-06       9.53750E-06       2.50006E-08       8.72941E-12       3.49168E-04       3.33019E-09       1.03231E-09
       9.55000E-06       9.57500E-06       9.56250E-06       2.49996E-08       8.75262E-12       3.50110E-04       3.34793E-09       1.04106E-09
       9.57500E-06       9.60000E-06       9.58750E-06       2.50006E-08       8.77529E-12       3.51003E-04       3.36525E-09       1.04984E-09
       9.60000E-06       9.62500E-06       9.61250E-06       2.49996E-08       8.79850E-12       3.51945E-04       3.38307E-09       1.05864E-09
       9.62500E-06       9.65000E-06       9.63750E-06       2.49996E-08       8.82117E-12       3.52852E-04       3.40061E-09       1.06746E-09
       9.65000E-06       9.67500E-06       9.66250E-06       2.50006E-08       8.84384E-12       3.53746E-04       3.41807E-09       1.07630E-09
       9.67500E-06       9.70000E-06       9.68750E-06       2.49996E-08       8.86705E-12       3.54687E-04       3.43603E-09       1.08517E-09
       9.70000E-06       9.72500E-06       9.71250E-06       2.50006E-08       8.88972E-12       3.55581E-04       3.45358E-09       1.09406E-09
       9.72500E-06       9.75000E-06       9.73750E-06       2.49996E-08       8.91239E-12       3.56501E-04       3.47143E-09       1.10297E-09
       9.75000E-06       9.77500E-06       9.76250E-06       2.49996E-08       8.93560E-12       3.57430E-04       3.48941E-09       1.11191E-09
       9.77500E-06       9.80000E-06       9.78750E-06       2.50006E-08       8.95827E-12       3.58323E-04       3.50708E-09       1.12086E-09
       9.80000E-06       9.82500E-06       9.81250E-06       2.49996E-08       8.98148E-12       3.59265E-04       3.52529E-09       1.12985E-09
       9.82500E-06       9.85000E-06       9.83750E-06       2.50006E-08       9.00416E-12       3.60158E-04       3.54305E-09       1.13885E-09
       9.85000E-06       9.87500E-06       9.86250E-06       2.49996E-08       9.02683E-12       3.61079E-04       3.56114E-09       1.14788E-09
       9.87500E-06       9.90000E-06       9.88750E-06       2.49996E-08       9.05004E-12       3.62007E-04       3.57934E-09       1.15693E-09
       9.90000E-06       9.92500E-06       9.91250E-06       2.50006E-08       9.07271E-12       3.62900E-04       3.59725E-09       1.16600E-09
       9.92500E-06       9.95000E-06       9.93750E-06       2.49996E-08       9.09592E-12       3.63842E-04       3.61568E-09       1.17510E-09
       9.95000E-06       9.97500E-06       9.96250E-06       2.50006E-08       9.11859E-12       3.64735E-04       3.63367E-09       1.18421E-09
       9.97500E-06       1.00000E-05       9.98750E-06       2.49996E-08       9.14126E-12       3.65656E-04       3.65199E-09       1.19336E-09
       1.00000E-05       1.04713E-05       1.02356E-05       4.71300E-07       1.76612E-10       3.74734E-04       3.83565E-09       1.36997E-09
       1.04713E-05       1.09648E-05       1.07180E-05       4.93500E-07       1.93648E-10       3.92397E-04       4.20573E-09       1.56362E-09
       1.09648E-05       1.14815E-05       1.12232E-05       5.16700E-07       2.12335E-10       4.10945E-04       4.61210E-09       1.77595E-09
       1.14815E-05       1.20226E-05       1.17521E-05       5.41101E-07       2.32815E-10       4.30262E-04       5.05645E-09       2.00877E-09
       1.20226E-05       1.25892E-05       1.23059E-05       5.66600E-07       2.55281E-10       4.50548E-04       5.54440E-09       2.26405E-09
       1.25892E-05       1.31826E-05       1.28859E-05       5.93400E-07       2.79911E-10       4.71707E-04       6.07837E-09       2.54396E-09
       1.31826E-05       1.38038E-05       1.34932E-05       6.21200E-07       3.06911E-10       4.94062E-04       6.66648E-09       2.85087E-09
       1.38038E-05       1.44544E-05       1.41291E-05       6.50600E-07       3.36529E-10       5.17259E-04       7.30841E-09       3.18740E-09
       1.44544E-05       1.51356E-05       1.47950E-05       6.81200E-07       3.68992E-10       5.41679E-04       8.01414E-09       3.55639E-09
       1.51356E-05       1.58489E-05       1.54922E-05       7.13300E-07       4.04591E-10       5.67210E-04       8.78735E-09       3.96098E-09
       1.58489E-05       1.65959E-05       1.62224E-05       7.47000E-07       4.43628E-10       5.93879E-04       9.63415E-09       4.40461E-09
       1.65959E-05       1.73780E-05       1.69869E-05       7.82101E-07       4.86427E-10       6.21950E-04       1.05650E-08       4.89104E-09
       1.73780E-05       1.81970E-05       1.77875E-05       8.19000E-07       5.33356E-10       6.51228E-04       1.15837E-08       5.42439E-09
       1.81970E-05       1.90546E-05       1.86258E-05       8.57599E-07       5.84803E-10       6.81907E-04       1.27011E-08       6.00919E-09
       1.90546E-05       1.99526E-05       1.95036E-05       8.98001E-07       6.41211E-10       7.14043E-04       1.39264E-08       6.65041E-09
       1.99526E-05       2.08930E-05       2.04228E-05       9.40399E-07       7.03124E-10       7.47687E-04       1.52699E-08       7.35353E-09
       2.08930E-05       2.18776E-05       2.13853E-05       9.84600E-07       7.70921E-10       7.82979E-04       1.67442E-08       8.12445E-09
       2.18776E-05       2.29087E-05       2.23932E-05       1.03110E-06       8.45304E-10       8.19807E-04       1.83581E-08       8.96975E-09
       2.29087E-05       2.39883E-05       2.34485E-05       1.07960E-06       9.26865E-10       8.58527E-04       2.01312E-08       9.89662E-09
       2.39883E-05       2.51189E-05       2.45536E-05       1.13060E-06       1.01631E-09       8.98910E-04       2.20715E-08       1.09129E-08
       2.51189E-05       2.63027E-05       2.57108E-05       1.18380E-06       1.11433E-09       9.41318E-04       2.42021E-08       1.20273E-08
       2.63027E-05       2.75423E-05       2.69225E-05       1.23960E-06       1.22186E-09       9.85688E-04       2.65372E-08       1.32491E-08
       2.75423E-05       2.88403E-05       2.81913E-05       1.29800E-06       1.33975E-09       1.03216E-03       2.90980E-08       1.45889E-08
       2.88403E-05       3.01995E-05       2.95199E-05       1.35920E-06       1.46897E-09       1.08076E-03       3.19040E-08       1.60578E-08
       3.01995E-05       3.16228E-05       3.09111E-05       1.42330E-06       1.61072E-09       1.13168E-03       3.49815E-08       1.76686E-08
       3.16228E-05       3.31131E-05       3.23679E-05       1.49030E-06       1.76612E-09       1.18508E-03       3.83586E-08       1.94347E-08
       3.31131E-05       3.46737E-05       3.38934E-05       1.56060E-06       1.93653E-09       1.24089E-03       4.20580E-08       2.13712E-08
       3.46737E-05       3.63078E-05       3.54907E-05       1.63410E-06       2.12335E-09       1.29940E-03       4.61167E-08       2.34946E-08
       3.63078E-05       3.80189E-05       3.71634E-05       1.71110E-06       2.32820E-09       1.36064E-03       5.05661E-08       2.58228E-08
       3.80189E-05       3.98107E-05       3.89148E-05       1.79180E-06       2.52506E-09       1.40923E-03       5.48400E-08       2.83478E-08
       3.98107E-05       4.16869E-05       4.07488E-05       1.87620E-06       2.70125E-09       1.43974E-03       5.86678E-08       3.10491E-08
       4.16869E-05       4.36516E-05       4.26692E-05       1.96470E-06       2.89066E-09       1.47130E-03       6.27792E-08       3.39397E-08
       4.36516E-05       4.57088E-05       4.46802E-05       2.05720E-06       3.09497E-09       1.50445E-03       6.72193E-08       3.70347E-08
       4.57088E-05       4.78630E-05       4.67859E-05       2.15420E-06       3.31547E-09       1.53907E-03       7.20069E-08       4.03502E-08
       4.78630E-05       5.01187E-05       4.89908E-05       2.25570E-06       3.55362E-09       1.57540E-03       7.71800E-08       4.39038E-08
       5.01187E-05       5.24808E-05       5.12998E-05       2.36210E-06       3.81083E-09       1.61332E-03       8.27629E-08       4.77146E-08
       5.24808E-05       5.49541E-05       5.37174E-05       2.47330E-06       4.08887E-09       1.65320E-03       8.88059E-08       5.18035E-08
       5.49541E-05       5.75440E-05       5.62490E-05       2.58990E-06       4.38926E-09       1.69476E-03       9.53288E-08       5.61927E-08
       5.75440E-05       6.02560E-05       5.89000E-05       2.71200E-06       4.70309E-09       1.73418E-03       1.02143E-07       6.08958E-08
       6.02560E-05       6.30957E-05       6.16758E-05       2.83970E-06       5.03409E-09       1.77276E-03       1.09336E-07       6.59299E-08
       6.30957E-05       6.60693E-05       6.45825E-05       2.97360E-06       5.39127E-09       1.81304E-03       1.17091E-07       7.13212E-08
       6.60693E-05       6.91831E-05       6.76262E-05       3.11380E-06       5.77689E-09       1.85525E-03       1.25464E-07       7.70981E-08
       6.91831E-05       7.24436E-05       7.08134E-05       3.26051E-06       6.19333E-09       1.89950E-03       1.34510E-07       8.32914E-08
       7.24436E-05       7.58578E-05       7.41507E-05       3.41420E-06       6.64335E-09       1.94580E-03       1.44282E-07       8.99348E-08
       7.58578E-05       7.94328E-05       7.76453E-05       3.57500E-06       7.11879E-09       1.99127E-03       1.54613E-07       9.70536E-08
       7.94328E-05       8.31764E-05       8.13046E-05       3.74360E-06       7.61421E-09       2.03393E-03       1.65368E-07       1.04668E-07
       8.31764E-05       8.70964E-05       8.51364E-05       3.92000E-06       8.14789E-09       2.07855E-03       1.76960E-07       1.12816E-07
       8.70964E-05       9.12011E-05       8.91488E-05       4.10471E-06       8.72358E-09       2.12526E-03       1.89464E-07       1.21539E-07
       9.12011E-05       9.54993E-05       9.33502E-05       4.29820E-06       9.34498E-09       2.17416E-03       2.02959E-07       1.30884E-07
       9.54993E-05       1.00000E-04       9.77497E-05       4.50070E-06       1.00158E-08       2.22539E-03       2.17531E-07       1.40900E-07
       1.00000E-04       1.04713E-04       1.02356E-04       4.71300E-06       1.07407E-08       2.27895E-03       2.33266E-07       1.51641E-07
       1.04713E-04       1.09648E-04       1.07181E-04       4.93501E-06       1.15238E-08       2.33511E-03       2.50278E-07       1.63165E-07
       1.09648E-04       1.14815E-04       1.12232E-04       5.16700E-06       1.23706E-08       2.39416E-03       2.68700E-07       1.75535E-07
       1.14815E-04       1.20226E-04       1.17520E-04       5.41100E-06       1.32568E-08       2.44997E-03       2.87922E-07       1.88792E-07
       1.20226E-04       1.25892E-04       1.23059E-04       5.66600E-06       1.41898E-08       2.50438E-03       3.08186E-07       2.02982E-07
       1.25892E-04       1.31826E-04       1.28859E-04       5.93401E-06       1.51965E-08       2.56091E-03       3.29996E-07       2.18178E-07
       1.31826E-04       1.38038E-04       1.34932E-04       6.21199E-06       1.62827E-08       2.62117E-03       3.53679E-07       2.34461E-07
       1.38038E-04       1.44544E-04       1.41291E-04       6.50601E-06       1.74564E-08       2.68312E-03       3.79100E-07       2.51917E-07
       1.44544E-04       1.51356E-04       1.47950E-04       6.81200E-06       1.87240E-08       2.74868E-03       4.06667E-07       2.70641E-07
       1.51356E-04       1.58489E-04       1.54922E-04       7.13300E-06       2.00674E-08       2.81332E-03       4.35846E-07       2.90709E-07
       1.58489E-04       1.65959E-04       1.62224E-04       7.47000E-06       2.14640E-08       2.87336E-03       4.66128E-07       3.12173E-07
       1.65959E-04       1.73780E-04       1.69870E-04       7.82100E-06       2.29679E-08       2.93670E-03       4.98855E-07       3.35141E-07
       1.73780E-04       1.81970E-04       1.77875E-04       8.19000E-06       2.45902E-08       3.00247E-03       5.34064E-07       3.59731E-07
       1.81970E-04       1.90546E-04       1.86258E-04       8.57600E-06       2.63412E-08       3.07150E-03       5.72091E-07       3.86072E-07
       1.90546E-04       1.99526E-04       1.95036E-04       8.98000E-06       2.82315E-08       3.14382E-03       6.13158E-07       4.14303E-07
       1.99526E-04       2.08930E-04       2.04228E-04       9.40399E-06       3.02740E-08       3.21927E-03       6.57464E-07       4.44577E-07
       2.08930E-04       2.18776E-04       2.13853E-04       9.84601E-06       3.24812E-08       3.29893E-03       7.05485E-07       4.77059E-07
       2.18776E-04       2.29087E-04       2.23932E-04       1.03110E-05       3.48671E-08       3.38154E-03       7.57234E-07       5.11926E-07
       2.29087E-04       2.39883E-04       2.34485E-04       1.07960E-05       3.73718E-08       3.46163E-03       8.11701E-07       5.49298E-07
       2.39883E-04       2.51189E-04       2.45536E-04       1.13060E-05       4.00008E-08       3.53802E-03       8.68711E-07       5.89298E-07
       2.51189E-04       2.63027E-04       2.57108E-04       1.18380E-05       4.28376E-08       3.61865E-03       9.30384E-07       6.32136E-07
       2.63027E-04       2.75423E-04       2.69225E-04       1.23960E-05       4.58994E-08       3.70276E-03       9.96876E-07       6.78035E-07
       2.75423E-04       2.88403E-04       2.81913E-04       1.29800E-05       4.92063E-08       3.79093E-03       1.06871E-06       7.27242E-07
       2.88403E-04       3.01995E-04       2.95199E-04       1.35920E-05       5.27792E-08       3.88311E-03       1.14629E-06       7.80021E-07
       3.01995E-04       3.16228E-04       3.09111E-04       1.42330E-05       5.66008E-08       3.97673E-03       1.22925E-06       8.36622E-07
       3.16228E-04       3.31131E-04       3.23680E-04       1.49030E-05       6.06341E-08       4.06858E-03       1.31692E-06       8.97256E-07
       3.31131E-04       3.46737E-04       3.38934E-04       1.56060E-05       6.49847E-08       4.16409E-03       1.41135E-06       9.62241E-07
       3.46737E-04       3.63078E-04       3.54908E-04       1.63410E-05       6.96841E-08       4.26437E-03       1.51346E-06       1.03192E-06
       3.63078E-04       3.80189E-04       3.71634E-04       1.71110E-05       7.47629E-08       4.36929E-03       1.62378E-06       1.10669E-06
       3.80189E-04       3.98107E-04       3.89148E-04       1.79180E-05       8.02553E-08       4.47903E-03       1.74301E-06       1.18694E-06
       3.98107E-04       4.16869E-04       4.07488E-04       1.87620E-05       8.61951E-08       4.59413E-03       1.87205E-06       1.27314E-06
       4.16869E-04       4.36516E-04       4.26692E-04       1.96470E-05       9.26234E-08       4.71438E-03       2.01159E-06       1.36576E-06
       4.36516E-04       4.57088E-04       4.46802E-04       2.05720E-05       9.95828E-08       4.84069E-03       2.16283E-06       1.46534E-06
       4.57088E-04       4.78630E-04       4.67859E-04       2.15420E-05       1.06935E-07       4.96401E-03       2.32246E-06       1.57228E-06
       4.78630E-04       5.01187E-04       4.89909E-04       2.25570E-05       1.14667E-07       5.08341E-03       2.49041E-06       1.68695E-06
       5.01187E-04       5.24808E-04       5.12998E-04       2.36210E-05       1.23021E-07       5.20814E-03       2.67176E-06       1.80997E-06
       5.24808E-04       5.49541E-04       5.37175E-04       2.47330E-05       1.32053E-07       5.33914E-03       2.86805E-06       1.94202E-06
       5.49541E-04       5.75440E-04       5.62491E-04       2.58990E-05       1.41823E-07       5.47601E-03       3.08020E-06       2.08384E-06
       5.75440E-04       6.02560E-04       5.89000E-04       2.71200E-05       1.52396E-07       5.61934E-03       3.30979E-06       2.23624E-06
       6.02560E-04       6.30957E-04       6.16758E-04       2.83970E-05       1.63657E-07       5.76320E-03       3.55450E-06       2.39990E-06
       6.30957E-04       6.60693E-04       6.45825E-04       2.97360E-05       1.75326E-07       5.89608E-03       3.80784E-06       2.57522E-06
       6.60693E-04       6.91831E-04       6.76262E-04       3.11380E-05       1.87890E-07       6.03411E-03       4.08064E-06       2.76311E-06
       6.91831E-04       7.24436E-04       7.08133E-04       3.26050E-05       2.01460E-07       6.17882E-03       4.37543E-06       2.96457E-06
       7.24436E-04       7.58578E-04       7.41507E-04       3.41420E-05       2.16125E-07       6.33018E-03       4.69387E-06       3.18070E-06
       7.58578E-04       7.94328E-04       7.76453E-04       3.57500E-05       2.31980E-07       6.48896E-03       5.03837E-06       3.41268E-06
       7.94328E-04       8.31764E-04       8.13046E-04       3.74360E-05       2.49130E-07       6.65484E-03       5.41069E-06       3.66181E-06
       8.31764E-04       8.70964E-04       8.51364E-04       3.92000E-05       2.67687E-07       6.82875E-03       5.81375E-06       3.92950E-06
       8.70964E-04       9.12011E-04       8.91487E-04       4.10470E-05       2.87776E-07       7.01089E-03       6.25012E-06       4.21727E-06
       9.12011E-04       9.54993E-04       9.33502E-04       4.29820E-05       3.08984E-07       7.18868E-03       6.71065E-06       4.52626E-06
       9.54993E-04       1.00000E-03       9.77497E-04       4.50070E-05       3.31135E-07       7.35741E-03       7.19184E-06       4.85739E-06
       1.00000E-03       1.04713E-03       1.02356E-03       4.71300E-05       3.55053E-07       7.53348E-03       7.71100E-06       5.21244E-06
       1.04713E-03       1.09648E-03       1.07180E-03       4.93500E-05       3.80888E-07       7.71809E-03       8.27229E-06       5.59333E-06
       1.09648E-03       1.14815E-03       1.12231E-03       5.16700E-05       4.08837E-07       7.91245E-03       8.88026E-06       6.00217E-06
       1.14815E-03       1.20226E-03       1.17520E-03       5.41100E-05       4.39046E-07       8.11395E-03       9.53555E-06       6.44121E-06
       1.20226E-03       1.25892E-03       1.23059E-03       5.66600E-05       4.71304E-07       8.31811E-03       1.02362E-05       6.91252E-06
       1.25892E-03       1.31826E-03       1.28859E-03       5.93400E-05       5.04697E-07       8.50518E-03       1.09597E-05       7.41721E-06
       1.31826E-03       1.38038E-03       1.34932E-03       6.21200E-05       5.40589E-07       8.70234E-03       1.17422E-05       7.95780E-06
       1.38038E-03       1.44544E-03       1.41291E-03       6.50599E-05       2.29961E-05       3.53461E-01       4.99408E-04       3.09540E-05
       1.44544E-03       1.51356E-03       1.47950E-03       6.81201E-05       3.46553E-05       5.08738E-01       7.52677E-04       6.56092E-05
       1.51356E-03       1.58489E-03       1.54923E-03       7.13300E-05       3.62666E-05       5.08434E-01       7.87679E-04       1.01876E-04
       1.58489E-03       1.65959E-03       1.62224E-03       7.47000E-05       3.79739E-05       5.08352E-01       8.24669E-04       1.39850E-04
       1.65959E-03       1.73780E-03       1.69870E-03       7.82101E-05       3.97508E-05       5.08257E-01       8.63374E-04       1.79601E-04
       1.73780E-03       1.81970E-03       1.77875E-03       8.18999E-05       4.16111E-05       5.08073E-01       9.03734E-04       2.21212E-04
       1.81970E-03       1.90546E-03       1.86258E-03       8.57600E-05       4.35537E-05       5.07856E-01       9.45922E-04       2.64765E-04
       1.90546E-03       1.99526E-03       1.95036E-03       8.98001E-05       4.55778E-05       5.07548E-01       9.89901E-04       3.10343E-04
       1.99526E-03       2.08930E-03       2.04228E-03       9.40400E-05       4.76991E-05       5.07221E-01       1.03589E-03       3.58042E-04
       2.08930E-03       2.18776E-03       2.13853E-03       9.84600E-05       4.99180E-05       5.06987E-01       1.08421E-03       4.07960E-04
       2.18776E-03       2.29087E-03       2.23932E-03       1.03110E-04       5.22480E-05       5.06721E-01       1.13471E-03       4.60208E-04
       2.29087E-03       2.39883E-03       2.34485E-03       1.07960E-04       5.46899E-05       5.06575E-01       1.18784E-03       5.14898E-04
       2.39883E-03       2.51189E-03       2.45536E-03       1.13060E-04       5.72300E-05       5.06192E-01       1.24288E-03       5.72128E-04
       2.51189E-03       2.63027E-03       2.57108E-03       1.18380E-04       5.98783E-05       5.05814E-01       1.30049E-03       6.32007E-04
       2.63027E-03       2.75423E-03       2.69225E-03       1.23960E-04       6.26654E-05       5.05530E-01       1.36101E-03       6.94672E-04
       2.75423E-03       2.88403E-03       2.81913E-03       1.29800E-04       6.55653E-05       5.05126E-01       1.42401E-03       7.60237E-04
       2.88403E-03       3.01995E-03       2.95199E-03       1.35920E-04       6.85933E-05       5.04660E-01       1.48975E-03       8.28831E-04
       3.01995E-03       3.16228E-03       3.09112E-03       1.42330E-04       7.17621E-05       5.04195E-01       1.55852E-03       9.00593E-04
       3.16228E-03       3.31131E-03       3.23679E-03       1.49030E-04       7.50729E-05       5.03744E-01       1.63052E-03       9.75666E-04
       3.31131E-03       3.46737E-03       3.38934E-03       1.56060E-04       7.85533E-05       5.03353E-01       1.70603E-03       1.05422E-03
       3.46737E-03       3.63078E-03       3.54907E-03       1.63410E-04       8.21771E-05       5.02889E-01       1.78479E-03       1.13640E-03
       3.63078E-03       3.80189E-03       3.71633E-03       1.71110E-04       8.59531E-05       5.02327E-01       1.86682E-03       1.22235E-03
       3.80189E-03       3.98107E-03       3.89148E-03       1.79180E-04       8.99026E-05       5.01744E-01       1.95253E-03       1.31225E-03
       3.98107E-03       4.16869E-03       4.07488E-03       1.87620E-04       9.40094E-05       5.01063E-01       2.04177E-03       1.40626E-03
       4.16869E-03       4.36516E-03       4.26693E-03       1.96470E-04       9.83011E-05       5.00336E-01       2.13489E-03       1.50456E-03
       4.36516E-03       4.57088E-03       4.46802E-03       2.05720E-04       1.02806E-04       4.99740E-01       2.23285E-03       1.60737E-03
       4.57088E-03       4.78630E-03       4.67859E-03       2.15420E-04       1.07486E-04       4.98960E-01       2.33443E-03       1.71485E-03
       4.78630E-03       5.01187E-03       4.89909E-03       2.25570E-04       1.12379E-04       4.98200E-01       2.44072E-03       1.82723E-03
       5.01187E-03       5.24807E-03       5.12997E-03       2.36200E-04       1.17478E-04       4.97367E-01       2.55148E-03       1.94471E-03
       5.24807E-03       5.49541E-03       5.37174E-03       2.47340E-04       1.22780E-04       4.96399E-01       2.66653E-03       2.06749E-03
       5.49541E-03       5.75440E-03       5.62491E-03       2.58990E-04       1.28339E-04       4.95537E-01       2.78735E-03       2.19583E-03
       5.75440E-03       6.02560E-03       5.89000E-03       2.71200E-04       1.34105E-04       4.94488E-01       2.91254E-03       2.32994E-03
       6.02560E-03       6.30957E-03       6.16759E-03       2.83970E-04       1.40159E-04       4.93571E-01       3.04414E-03       2.47009E-03
       6.30957E-03       6.60693E-03       6.45825E-03       2.97360E-04       1.46451E-04       4.92504E-01       3.18071E-03       2.61655E-03
       6.60693E-03       6.91831E-03       6.76262E-03       3.11380E-04       1.53009E-04       4.91390E-01       3.32308E-03       2.76955E-03
       6.91831E-03       7.24436E-03       7.08133E-03       3.26050E-04       1.59848E-04       4.90256E-01       3.47167E-03       2.92940E-03
       7.24436E-03       7.58578E-03       7.41507E-03       3.41420E-04       1.66978E-04       4.89068E-01       3.62647E-03       3.09638E-03
       7.58578E-03       7.94328E-03       7.76453E-03       3.57500E-04       1.74388E-04       4.87799E-01       3.78753E-03       3.27077E-03
       7.94328E-03       8.31764E-03       8.13046E-03       3.74360E-04       1.82111E-04       4.86460E-01       3.95514E-03       3.45288E-03
       8.31764E-03       8.70964E-03       8.51364E-03       3.92000E-04       1.90150E-04       4.85076E-01       4.12976E-03       3.64303E-03
       8.70964E-03       9.12011E-03       8.91487E-03       4.10471E-04       1.98522E-04       4.83644E-01       4.31163E-03       3.84155E-03
       9.12011E-03       9.54993E-03       9.33502E-03       4.29819E-04       2.07256E-04       4.82194E-01       4.50129E-03       4.04881E-03
       9.54993E-03       1.00000E-02       9.77496E-03       4.50070E-04       2.16325E-04       4.80647E-01       4.69831E-03       4.26513E-03
       1.00000E-02       1.04713E-02       1.02357E-02       4.71300E-04       2.34819E-04       4.98236E-01       5.09977E-03       4.49995E-03
       1.04713E-02       1.09648E-02       1.07180E-02       4.93500E-04       2.52443E-04       5.11536E-01       5.48267E-03       4.75239E-03
       1.09648E-02       1.14815E-02       1.12232E-02       5.16700E-04       2.63406E-04       5.09785E-01       5.72139E-03       5.01580E-03
       1.14815E-02       1.20226E-02       1.17521E-02       5.41100E-04       2.74802E-04       5.07858E-01       5.96837E-03       5.29060E-03
       1.20226E-02       1.25892E-02       1.23059E-02       5.66601E-04       2.86711E-04       5.06020E-01       6.22703E-03       5.57731E-03
       1.25892E-02       1.31826E-02       1.28859E-02       5.93399E-04       2.99048E-04       5.03957E-01       6.49394E-03       5.87636E-03
       1.31826E-02       1.38038E-02       1.34932E-02       6.21200E-04       3.11814E-04       5.01954E-01       6.77297E-03       6.18817E-03
       1.38038E-02       1.44544E-02       1.41291E-02       6.50601E-04       3.25120E-04       4.99723E-01       7.06063E-03       6.51329E-03
       1.44544E-02       1.51356E-02       1.47950E-02       6.81199E-04       3.38905E-04       4.97512E-01       7.36069E-03       6.85220E-03
       1.51356E-02       1.58489E-02       1.54923E-02       7.13301E-04       3.53166E-04       4.95115E-01       7.67044E-03       7.20536E-03
       1.58489E-02       1.65959E-02       1.62224E-02       7.47000E-04       3.67957E-04       4.92580E-01       7.99083E-03       7.57332E-03
       1.65959E-02       1.73780E-02       1.69870E-02       7.82100E-04       3.83287E-04       4.90074E-01       8.32487E-03       7.95661E-03
       1.73780E-02       1.81970E-02       1.77875E-02       8.19000E-04       3.99202E-04       4.87426E-01       8.67008E-03       8.35581E-03
       1.81970E-02       1.90546E-02       1.86258E-02       8.57600E-04       4.15703E-04       4.84728E-01       9.02845E-03       8.77151E-03
       1.90546E-02       1.99526E-02       1.95036E-02       8.98000E-04       4.32840E-04       4.82004E-01       9.40082E-03       9.20435E-03
       1.99526E-02       2.08930E-02       2.04228E-02       9.40400E-04       4.50672E-04       4.79234E-01       9.78730E-03       9.65502E-03
       2.08930E-02       2.18776E-02       2.13853E-02       9.84600E-04       4.68909E-04       4.76243E-01       1.01846E-02       1.01239E-02
       2.18776E-02       2.29087E-02       2.23931E-02       1.03110E-03       4.87805E-04       4.73092E-01       1.05940E-02       1.06117E-02
       2.29087E-02       2.39883E-02       2.34485E-02       1.07960E-03       5.07517E-04       4.70097E-01       1.10231E-02       1.11193E-02
       2.39883E-02       2.51189E-02       2.45536E-02       1.13060E-03       5.65802E-04       5.00444E-01       1.22877E-02       1.16851E-02
       2.51189E-02       2.63027E-02       2.57108E-02       1.18380E-03       6.03786E-04       5.10041E-01       1.31136E-02       1.22888E-02
       2.63027E-02       2.75423E-02       2.69225E-02       1.23960E-03       6.28488E-04       5.07008E-01       1.36499E-02       1.29173E-02
       2.75423E-02       2.88403E-02       2.81913E-02       1.29800E-03       6.54787E-04       5.04459E-01       1.42213E-02       1.35721E-02
       2.88403E-02       3.01995E-02       2.95199E-02       1.35920E-03       6.83968E-04       5.03214E-01       1.48548E-02       1.42561E-02
       3.01995E-02       3.16228E-02       3.09112E-02       1.42330E-03       7.11604E-04       4.99968E-01       1.54546E-02       1.49677E-02
       3.16228E-02       3.31131E-02       3.23680E-02       1.49030E-03       7.40448E-04       4.96845E-01       1.60818E-02       1.57081E-02
       3.31131E-02       3.46737E-02       3.38934E-02       1.56060E-03       7.71686E-04       4.94481E-01       1.67596E-02       1.64798E-02
       3.46737E-02       3.63078E-02       3.54908E-02       1.63410E-03       8.03048E-04       4.91431E-01       1.74412E-02       1.72829E-02
       3.63078E-02       3.80189E-02       3.71633E-02       1.71110E-03       8.36765E-04       4.89022E-01       1.81737E-02       1.81196E-02
       3.80189E-02       3.98107E-02       3.89148E-02       1.79180E-03       8.71284E-04       4.86262E-01       1.89228E-02       1.89909E-02
       3.98107E-02       4.16869E-02       4.07488E-02       1.87620E-03       9.05700E-04       4.82731E-01       1.96707E-02       1.98966E-02
       4.16869E-02       4.36516E-02       4.26693E-02       1.96470E-03       9.41299E-04       4.79105E-01       2.04431E-02       2.08379E-02
       4.36516E-02       4.57088E-02       4.46802E-02       2.05720E-03       9.78303E-04       4.75551E-01       2.12477E-02       2.18162E-02
       4.57088E-02       4.78630E-02       4.67859E-02       2.15420E-03       1.01679E-03       4.72005E-01       2.20832E-02       2.28330E-02
       4.78630E-02       5.01187E-02       4.89908E-02       2.25570E-03       1.05684E-03       4.68519E-01       2.29531E-02       2.38899E-02
       5.01187E-02       5.24808E-02       5.12998E-02       2.36210E-03       1.09858E-03       4.65087E-01       2.38588E-02       2.49884E-02
       5.24808E-02       5.49541E-02       5.37174E-02       2.47330E-03       1.14210E-03       4.61771E-01       2.48052E-02       2.61305E-02
       5.49541E-02       5.75440E-02       5.62491E-02       2.58990E-03       1.18751E-03       4.58515E-01       2.57910E-02       2.73180E-02
       5.75440E-02       6.02560E-02       5.89000E-02       2.71200E-03       1.23488E-03       4.55341E-01       2.68196E-02       2.85529E-02
       6.02560E-02       6.30957E-02       6.16758E-02       2.83970E-03       1.28404E-03       4.52174E-01       2.78882E-02       2.98370E-02
       6.30957E-02       6.60693E-02       6.45825E-02       2.97360E-03       1.33543E-03       4.49095E-01       2.90037E-02       3.11724E-02
       6.60693E-02       6.91831E-02       6.76262E-02       3.11380E-03       1.38929E-03       4.46172E-01       3.01729E-02       3.25617E-02
       6.91831E-02       7.24436E-02       7.08134E-02       3.26050E-03       1.44578E-03       4.43422E-01       3.14002E-02       3.40075E-02
       7.24436E-02       7.58578E-02       7.41507E-02       3.41420E-03       1.50513E-03       4.40845E-01       3.26890E-02       3.55126E-02
       7.58578E-02       7.94328E-02       7.76453E-02       3.57500E-03       1.56752E-03       4.38466E-01       3.40448E-02       3.70801E-02
       7.94328E-02       8.31764E-02       8.13046E-02       3.74360E-03       1.63286E-03       4.36172E-01       3.54628E-02       3.87130E-02
       8.31764E-02       8.70964E-02       8.51364E-02       3.92000E-03       1.70154E-03       4.34067E-01       3.69549E-02       4.04145E-02
       8.70964E-02       9.12011E-02       8.91488E-02       4.10470E-03       1.77401E-03       4.32189E-01       3.85292E-02       4.21885E-02
       9.12011E-02       9.54993E-02       9.33502E-02       4.29820E-03       1.85055E-03       4.30540E-01       4.01910E-02       4.40391E-02
       9.54993E-02       1.00000E-01       9.77497E-02       4.50070E-03       1.93158E-03       4.29173E-01       4.19516E-02       4.59706E-02
       1.00000E-01       1.04713E-01       1.02357E-01       4.71300E-03       2.01844E-03       4.28270E-01       4.38363E-02       4.79891E-02
       1.04713E-01       1.09648E-01       1.07180E-01       4.93500E-03       2.11091E-03       4.27743E-01       4.58457E-02       5.01000E-02
       1.09648E-01       1.14815E-01       1.12231E-01       5.16700E-03       2.21174E-03       4.28050E-01       4.80407E-02       5.23117E-02
       1.14815E-01       1.20226E-01       1.17520E-01       5.41100E-03       2.31918E-03       4.28606E-01       5.03699E-02       5.46309E-02
       1.20226E-01       1.25892E-01       1.23059E-01       5.66600E-03       2.43257E-03       4.29327E-01       5.28326E-02       5.70635E-02
       1.25892E-01       1.31826E-01       1.28859E-01       5.93400E-03       2.55280E-03       4.30200E-01       5.54351E-02       5.96163E-02
       1.31826E-01       1.38038E-01       1.34932E-01       6.21200E-03       2.68033E-03       4.31476E-01       5.82200E-02       6.22966E-02
       1.38038E-01       1.44544E-01       1.41291E-01       6.50600E-03       2.81567E-03       4.32780E-01       6.11479E-02       6.51123E-02
       1.44544E-01       1.51356E-01       1.47950E-01       6.81200E-03       2.95893E-03       4.34371E-01       6.42652E-02       6.80712E-02
       1.51356E-01       1.58489E-01       1.54923E-01       7.13300E-03       3.11045E-03       4.36064E-01       6.75561E-02       7.11816E-02
       1.58489E-01       1.65959E-01       1.62224E-01       7.47000E-03       3.26856E-03       4.37558E-01       7.09824E-02       7.44502E-02
       1.65959E-01       1.73780E-01       1.69869E-01       7.82100E-03       3.43435E-03       4.39119E-01       7.45929E-02       7.78846E-02
       1.73780E-01       1.81970E-01       1.77875E-01       8.19000E-03       3.60851E-03       4.40599E-01       7.83716E-02       8.14931E-02
       1.81970E-01       1.90546E-01       1.86258E-01       8.57600E-03       3.79102E-03       4.42050E-01       8.23353E-02       8.52841E-02
       1.90546E-01       1.99526E-01       1.95036E-01       8.98000E-03       3.98145E-03       4.43369E-01       8.64729E-02       8.92655E-02
       1.99526E-01       2.08930E-01       2.04228E-01       9.40400E-03       4.17801E-03       4.44280E-01       9.07345E-02       9.34435E-02
       2.08930E-01       2.18776E-01       2.13853E-01       9.84600E-03       4.38146E-03       4.44999E-01       9.51644E-02       9.78250E-02
       2.18776E-01       2.29087E-01       2.23931E-01       1.03110E-02       4.60204E-03       4.46323E-01       9.99458E-02       1.02427E-01
       2.29087E-01       2.39883E-01       2.34485E-01       1.07960E-02       4.92243E-03       4.55950E-01       1.06913E-01       1.07349E-01
       2.39883E-01       2.51189E-01       2.45536E-01       1.13060E-02       5.29868E-03       4.68661E-01       1.15073E-01       1.12648E-01
       2.51189E-01       2.63027E-01       2.57108E-01       1.18380E-02       5.70413E-03       4.81849E-01       1.23887E-01       1.18352E-01
       2.63027E-01       2.75423E-01       2.69225E-01       1.23960E-02       6.13814E-03       4.95171E-01       1.33313E-01       1.24490E-01
       2.75423E-01       2.88403E-01       2.81913E-01       1.29800E-02       6.59216E-03       5.07871E-01       1.43175E-01       1.31083E-01
       2.88403E-01       3.01995E-01       2.95199E-01       1.35920E-02       7.07122E-03       5.20248E-01       1.53577E-01       1.38154E-01
       3.01995E-01       3.16228E-01       3.09112E-01       1.42330E-02       7.58298E-03       5.32775E-01       1.64687E-01       1.45737E-01
       3.16228E-01       3.31131E-01       3.23680E-01       1.49030E-02       8.11288E-03       5.44379E-01       1.76204E-01       1.53850E-01
       3.31131E-01       3.46737E-01       3.38934E-01       1.56060E-02       8.67261E-03       5.55723E-01       1.88353E-01       1.62522E-01
       3.46737E-01       3.63078E-01       3.54908E-01       1.63410E-02       9.27343E-03       5.67494E-01       2.01408E-01       1.71796E-01
       3.63078E-01       3.80189E-01       3.71633E-01       1.71110E-02       9.92064E-03       5.79781E-01       2.15466E-01       1.81716E-01
       3.80189E-01       3.98107E-01       3.89148E-01       1.79180E-02       1.06107E-02       5.92182E-01       2.30446E-01       1.92327E-01
       3.98107E-01       4.16869E-01       4.07488E-01       1.87620E-02       1.13306E-02       6.03910E-01       2.46086E-01       2.03658E-01
       4.16869E-01       4.36516E-01       4.26692E-01       1.96470E-02       1.21112E-02       6.16442E-01       2.63031E-01       2.15769E-01
       4.36516E-01       4.57088E-01       4.46802E-01       2.05720E-02       1.29641E-02       6.30182E-01       2.81566E-01       2.28733E-01
       4.57088E-01       4.78630E-01       4.67859E-01       2.15420E-02       1.38729E-02       6.43992E-01       3.01297E-01       2.42606E-01
       4.78630E-01       5.01187E-01       4.89909E-01       2.25570E-02       1.48385E-02       6.57823E-01       3.22273E-01       2.57444E-01
       5.01187E-01       5.24808E-01       5.12998E-01       2.36210E-02       1.59032E-02       6.73266E-01       3.45384E-01       2.73348E-01
       5.24808E-01       5.49541E-01       5.37174E-01       2.47330E-02       1.70808E-02       6.90606E-01       3.70976E-01       2.90428E-01
       5.49541E-01       5.75440E-01       5.62490E-01       2.58990E-02       1.83862E-02       7.09921E-01       3.99324E-01       3.08815E-01
       5.75440E-01       6.02560E-01       5.89000E-01       2.71200E-02       1.98353E-02       7.31391E-01       4.30789E-01       3.28650E-01
       6.02560E-01       6.30957E-01       6.16758E-01       2.83970E-02       2.14480E-02       7.55292E-01       4.65833E-01       3.50098E-01
       6.30957E-01       6.60693E-01       6.45825E-01       2.97360E-02       2.32427E-02       7.81634E-01       5.04799E-01       3.73341E-01
       6.60693E-01       6.91831E-01       6.76262E-01       3.11380E-02       2.53598E-02       8.14434E-01       5.50771E-01       3.98700E-01
       6.91831E-01       7.24436E-01       7.08133E-01       3.26050E-02       3.39391E-02       1.04092E+00       7.37109E-01       4.32640E-01
       7.24436E-01       7.58578E-01       7.41507E-01       3.41420E-02       2.88395E-02       8.44692E-01       6.26345E-01       4.61479E-01
       7.58578E-01       7.94328E-01       7.76453E-01       3.57500E-02       2.80680E-02       7.85118E-01       6.09608E-01       4.89547E-01
       7.94328E-01       8.31764E-01       8.13046E-01       3.74360E-02       2.79636E-02       7.46971E-01       6.07322E-01       5.17511E-01
       8.31764E-01       8.70964E-01       8.51364E-01       3.92000E-02       2.78984E-02       7.11693E-01       6.05910E-01       5.45409E-01
       8.70964E-01       9.12011E-01       8.91487E-01       4.10470E-02       2.77797E-02       6.76777E-01       6.03338E-01       5.73189E-01
       9.12011E-01       9.54993E-01       9.33502E-01       4.29820E-02       2.76005E-02       6.42140E-01       5.99439E-01       6.00789E-01
       9.54993E-01       1.00000E+00       9.77497E-01       4.50070E-02       2.72674E-02       6.05849E-01       5.92215E-01       6.28057E-01
       1.00000E+00       1.04713E+00       1.02357E+00       4.71300E-02       2.67272E-02       5.67095E-01       5.80458E-01       6.54784E-01
       1.04713E+00       1.09648E+00       1.07181E+00       4.93500E-02       2.59498E-02       5.25832E-01       5.63589E-01       6.80734E-01
       1.09648E+00       1.14815E+00       1.12231E+00       5.16700E-02       2.49109E-02       4.82116E-01       5.41086E-01       7.05644E-01
       1.14815E+00       1.20226E+00       1.17520E+00       5.41100E-02       2.35936E-02       4.36031E-01       5.12425E-01       7.29238E-01
       1.20226E+00       1.25892E+00       1.23059E+00       5.66600E-02       2.21219E-02       3.90433E-01       4.80463E-01       7.51360E-01
       1.25892E+00       1.31826E+00       1.28859E+00       5.93400E-02       2.04077E-02       3.43912E-01       4.43161E-01       7.71768E-01
       1.31826E+00       1.38038E+00       1.34932E+00       6.21200E-02       1.84259E-02       2.96617E-01       4.00232E-01       7.90194E-01
       1.38038E+00       1.44544E+00       1.41291E+00       6.50600E-02       1.62233E-02       2.49359E-01       3.52321E-01       8.06417E-01
       1.44544E+00       1.51356E+00       1.47950E+00       6.81200E-02       1.40404E-02       2.06113E-01       3.04945E-01       8.20457E-01
       1.51356E+00       1.58489E+00       1.54923E+00       7.13300E-02       1.35203E-02       1.89545E-01       2.93648E-01       8.33978E-01
       1.58489E+00       1.65959E+00       1.62224E+00       7.47000E-02       1.32856E-02       1.77852E-01       2.88519E-01       8.47263E-01
       1.65959E+00       1.73780E+00       1.69869E+00       7.82100E-02       1.30107E-02       1.66356E-01       2.82587E-01       8.60274E-01
       1.73780E+00       1.81970E+00       1.77875E+00       8.19000E-02       1.26647E-02       1.54636E-01       2.75058E-01       8.72938E-01
       1.81970E+00       1.90546E+00       1.86258E+00       8.57600E-02       1.22482E-02       1.42820E-01       2.66013E-01       8.85187E-01
       1.90546E+00       1.99526E+00       1.95036E+00       8.98000E-02       1.20901E-02       1.34633E-01       2.62583E-01       8.97277E-01
       1.99526E+00       2.08930E+00       2.04228E+00       9.40400E-02       1.20116E-02       1.27729E-01       2.60858E-01       9.09288E-01
       2.08930E+00       2.18776E+00       2.13853E+00       9.84600E-02       1.20382E-02       1.22265E-01       2.61467E-01       9.21327E-01
       2.18776E+00       2.29087E+00       2.23932E+00       1.03110E-01       1.23896E-02       1.20159E-01       2.69075E-01       9.33716E-01
       2.29087E+00       2.39883E+00       2.34485E+00       1.07960E-01       1.19407E-02       1.10603E-01       2.59347E-01       9.45657E-01
       2.39883E+00       2.51189E+00       2.45536E+00       1.13060E-01       1.00333E-02       8.87430E-02       2.17896E-01       9.55690E-01
       2.51189E+00       2.63027E+00       2.57108E+00       1.18380E-01       9.31964E-03       7.87265E-02       2.02412E-01       9.65010E-01
       2.63027E+00       2.75423E+00       2.69225E+00       1.23960E-01       6.87501E-03       5.54615E-02       1.49316E-01       9.71885E-01
       2.75423E+00       2.88403E+00       2.81913E+00       1.29800E-01       4.00541E-03       3.08583E-02       8.69935E-02       9.75890E-01
       2.88403E+00       3.01995E+00       2.95199E+00       1.35920E-01       3.58641E-03       2.63862E-02       7.78917E-02       9.79477E-01
       3.01995E+00       3.16228E+00       3.09111E+00       1.42330E-01       3.14497E-03       2.20963E-02       6.83023E-02       9.82621E-01
       3.16228E+00       3.31131E+00       3.23679E+00       1.49030E-01       2.78267E-03       1.86719E-02       6.04371E-02       9.85404E-01
       3.31131E+00       3.46737E+00       3.38934E+00       1.56060E-01       2.44409E-03       1.56612E-02       5.30812E-02       9.87848E-01
       3.46737E+00       3.63078E+00       3.54908E+00       1.63410E-01       2.16836E-03       1.32694E-02       4.70943E-02       9.90017E-01
       3.63078E+00       3.80189E+00       3.71633E+00       1.71110E-01       1.93600E-03       1.13144E-02       4.20479E-02       9.91953E-01
       3.80189E+00       3.98107E+00       3.89148E+00       1.79180E-01       1.72191E-03       9.60994E-03       3.73969E-02       9.93675E-01
       3.98107E+00       4.16869E+00       4.07488E+00       1.87620E-01       1.51912E-03       8.09681E-03       3.29935E-02       9.95194E-01
       4.16869E+00       4.36516E+00       4.26692E+00       1.96470E-01       1.30935E-03       6.66438E-03       2.84364E-02       9.96503E-01
       4.36516E+00       4.57088E+00       4.46802E+00       2.05720E-01       1.08496E-03       5.27398E-03       2.35642E-02       9.97588E-01
       4.57088E+00       4.78630E+00       4.67859E+00       2.15420E-01       8.49438E-04       3.94317E-03       1.84485E-02       9.98437E-01
       4.78630E+00       5.00000E+00       4.89315E+00       2.13700E-01       5.90773E-04       2.76450E-03       1.35271E-02       9.99028E-01
       5.00000E+00       5.20000E+00       5.10000E+00       2.00000E-01       3.72446E-04       1.86223E-03       9.49738E-03       9.99401E-01
       5.20000E+00       5.40000E+00       5.30000E+00       2.00000E-01       2.48821E-04       1.24410E-03       6.59376E-03       9.99650E-01
       5.40000E+00       5.60000E+00       5.50000E+00       2.00000E-01       1.66805E-04       8.34027E-04       4.58715E-03       9.99816E-01
       5.60000E+00       5.80000E+00       5.70000E+00       2.00000E-01       1.09725E-04       5.48624E-04       3.12716E-03       9.99926E-01
       5.80000E+00       6.00000E+00       5.90000E+00       2.00000E-01       6.47764E-05       3.23882E-04       1.91090E-03       9.99991E-01
       6.00000E+00       6.20000E+00       6.10000E+00       2.00000E-01       9.26304E-06       4.63152E-05       2.82523E-04       1.00000E+00

 Sum =                                                                         1.00000E+00
 Renormalization bin#   982 =                                                  1.85259E-01 barn        2.12000E+07        2.14000E+07        2.13000E+07
 Avg. Energy     bin#   982 =                                                  9.83834E-01 MeV         2.12000E+07        2.14000E+07
