"        MT= 91 recoil spectrum "
" Initial neutron energy corresponds to the group:"
   2.56000E+01    2.58000E+01       0.00000E+00           615           912           298



          Low               High              Mid              Energy           Number             dn/de            E*dn/de          Cumulative
         Energy            Energy            Energy             Width          Fraction                               Sum   
         [MeV]             [MeV]             [MeV]              [MeV]

       9.97500E-06       1.00000E-05       9.98750E-06       2.49996E-08       0.00000E+00       0.00000E+00       0.00000E+00       0.00000E+00
       1.00000E-05       1.04713E-05       1.02356E-05       4.71300E-07       1.42461E-10       3.02272E-04       3.09395E-09       1.42461E-10
       1.04713E-05       1.09648E-05       1.07180E-05       4.93500E-07       1.56196E-10       3.16506E-04       3.39232E-09       2.98656E-10
       1.09648E-05       1.14815E-05       1.12232E-05       5.16700E-07       1.71277E-10       3.31483E-04       3.72029E-09       4.69934E-10
       1.14815E-05       1.20226E-05       1.17521E-05       5.41101E-07       1.87790E-10       3.47052E-04       4.07857E-09       6.57724E-10
       1.20226E-05       1.25892E-05       1.23059E-05       5.66600E-07       2.05912E-10       3.63417E-04       4.47217E-09       8.63636E-10
       1.25892E-05       1.31826E-05       1.28859E-05       5.93400E-07       2.25787E-10       3.80497E-04       4.90304E-09       1.08942E-09
       1.31826E-05       1.38038E-05       1.34932E-05       6.21200E-07       2.47557E-10       3.98514E-04       5.37723E-09       1.33698E-09
       1.38038E-05       1.44544E-05       1.41291E-05       6.50600E-07       2.71449E-10       4.17229E-04       5.89507E-09       1.60843E-09
       1.44544E-05       1.51356E-05       1.47950E-05       6.81200E-07       2.97631E-10       4.36922E-04       6.46426E-09       1.90606E-09
       1.51356E-05       1.58489E-05       1.54922E-05       7.13300E-07       3.26352E-10       4.57525E-04       7.08809E-09       2.23241E-09
       1.58489E-05       1.65959E-05       1.62224E-05       7.47000E-07       3.57839E-10       4.79035E-04       7.77110E-09       2.59025E-09
       1.65959E-05       1.73780E-05       1.69869E-05       7.82101E-07       3.92367E-10       5.01683E-04       8.52206E-09       2.98262E-09
       1.73780E-05       1.81970E-05       1.77875E-05       8.19000E-07       4.30220E-10       5.25299E-04       9.34376E-09       3.41284E-09
       1.81970E-05       1.90546E-05       1.86258E-05       8.57599E-07       4.71722E-10       5.50050E-04       1.02451E-08       3.88456E-09
       1.90546E-05       1.99526E-05       1.95036E-05       8.98001E-07       5.17230E-10       5.75980E-04       1.12337E-08       4.40179E-09
       1.99526E-05       2.08930E-05       2.04228E-05       9.40399E-07       5.67137E-10       6.03081E-04       1.23166E-08       4.96893E-09
       2.08930E-05       2.18776E-05       2.13853E-05       9.84600E-07       6.21849E-10       6.31575E-04       1.35064E-08       5.59078E-09
       2.18776E-05       2.29087E-05       2.23932E-05       1.03110E-06       6.81843E-10       6.61276E-04       1.48081E-08       6.27262E-09
       2.29087E-05       2.39883E-05       2.34485E-05       1.07960E-06       7.47631E-10       6.92507E-04       1.62383E-08       7.02025E-09
       2.39883E-05       2.51189E-05       2.45536E-05       1.13060E-06       8.19749E-10       7.25057E-04       1.78028E-08       7.84000E-09
       2.51189E-05       2.63027E-05       2.57108E-05       1.18380E-06       8.98854E-10       7.59296E-04       1.95221E-08       8.73885E-09
       2.63027E-05       2.75423E-05       2.69225E-05       1.23960E-06       9.85566E-10       7.95069E-04       2.14052E-08       9.72442E-09
       2.75423E-05       2.88403E-05       2.81913E-05       1.29800E-06       1.08065E-09       8.32548E-04       2.34706E-08       1.08051E-08
       2.88403E-05       3.01995E-05       2.95199E-05       1.35920E-06       1.18491E-09       8.71770E-04       2.57346E-08       1.19900E-08
       3.01995E-05       3.16228E-05       3.09111E-05       1.42330E-06       1.29919E-09       9.12797E-04       2.82156E-08       1.32892E-08
       3.16228E-05       3.31131E-05       3.23679E-05       1.49030E-06       1.42461E-09       9.55923E-04       3.09413E-08       1.47138E-08
       3.31131E-05       3.46737E-05       3.38934E-05       1.56060E-06       1.56207E-09       1.00094E-03       3.39254E-08       1.62758E-08
       3.46737E-05       3.63078E-05       3.54907E-05       1.63410E-06       1.71277E-09       1.04814E-03       3.71994E-08       1.79886E-08
       3.63078E-05       3.80189E-05       3.71634E-05       1.71110E-06       1.87790E-09       1.09748E-03       4.07860E-08       1.98665E-08
       3.80189E-05       3.98107E-05       3.89148E-05       1.79180E-06       2.05912E-09       1.14919E-03       4.47206E-08       2.19256E-08
       3.98107E-05       4.16869E-05       4.07488E-05       1.87620E-06       2.25775E-09       1.20336E-03       4.90355E-08       2.41834E-08
       4.16869E-05       4.36516E-05       4.26692E-05       1.96470E-06       2.47557E-09       1.26003E-03       5.37643E-08       2.66590E-08
       4.36516E-05       4.57088E-05       4.46802E-05       2.05720E-06       2.71449E-09       1.31951E-03       5.89559E-08       2.93735E-08
       4.57088E-05       4.78630E-05       4.67859E-05       2.15420E-06       2.95020E-09       1.36951E-03       6.40739E-08       3.23237E-08
       4.78630E-05       5.01187E-05       4.89908E-05       2.25570E-06       3.15658E-09       1.39938E-03       6.85568E-08       3.54802E-08
       5.01187E-05       5.24808E-05       5.12998E-05       2.36210E-06       3.37774E-09       1.42997E-03       7.33572E-08       3.88580E-08
       5.24808E-05       5.49541E-05       5.37174E-05       2.47330E-06       3.61631E-09       1.46214E-03       7.85423E-08       4.24743E-08
       5.49541E-05       5.75440E-05       5.62490E-05       2.58990E-06       3.87383E-09       1.49575E-03       8.41343E-08       4.63481E-08
       5.75440E-05       6.02560E-05       5.89000E-05       2.71200E-06       4.15186E-09       1.53092E-03       9.01713E-08       5.05000E-08
       6.02560E-05       6.30957E-05       6.16758E-05       2.83970E-06       4.45219E-09       1.56784E-03       9.66977E-08       5.49522E-08
       6.30957E-05       6.60693E-05       6.45825E-05       2.97360E-06       4.77671E-09       1.60638E-03       1.03744E-07       5.97289E-08
       6.60693E-05       6.91831E-05       6.76262E-05       3.11380E-06       5.12759E-09       1.64673E-03       1.11362E-07       6.48565E-08
       6.91831E-05       7.24436E-05       7.08134E-05       3.26051E-06       5.49576E-09       1.68555E-03       1.19360E-07       7.03522E-08
       7.24436E-05       7.58578E-05       7.41507E-05       3.41420E-06       5.88228E-09       1.72289E-03       1.27753E-07       7.62345E-08
       7.58578E-05       7.94328E-05       7.76453E-05       3.57500E-06       6.29933E-09       1.76205E-03       1.36815E-07       8.25338E-08
       7.94328E-05       8.31764E-05       8.13046E-05       3.74360E-06       6.74964E-09       1.80298E-03       1.46591E-07       8.92835E-08
       8.31764E-05       8.70964E-05       8.51364E-05       3.92000E-06       7.23583E-09       1.84588E-03       1.57151E-07       9.65193E-08
       8.70964E-05       9.12011E-05       8.91488E-05       4.10471E-06       7.76113E-09       1.89079E-03       1.68561E-07       1.04280E-07
       9.12011E-05       9.54993E-05       9.33502E-05       4.29820E-06       8.31886E-09       1.93543E-03       1.80673E-07       1.12599E-07
       9.54993E-05       1.00000E-04       9.77497E-05       4.50070E-06       8.89782E-09       1.97698E-03       1.93250E-07       1.21497E-07
       1.00000E-04       1.04713E-04       1.02356E-04       4.71300E-06       9.52112E-09       2.02018E-03       2.06779E-07       1.31018E-07
       1.04713E-04       1.09648E-04       1.07181E-04       4.93501E-06       1.01931E-08       2.06546E-03       2.21377E-07       1.41211E-07
       1.09648E-04       1.14815E-04       1.12232E-04       5.16700E-06       1.09188E-08       2.11318E-03       2.37165E-07       1.52130E-07
       1.14815E-04       1.20226E-04       1.17520E-04       5.41100E-06       1.17018E-08       2.16261E-03       2.54150E-07       1.63832E-07
       1.20226E-04       1.25892E-04       1.23059E-04       5.66600E-06       1.25482E-08       2.21465E-03       2.72533E-07       1.76380E-07
       1.25892E-04       1.31826E-04       1.28859E-04       5.93401E-06       1.34628E-08       2.26875E-03       2.92349E-07       1.89843E-07
       1.31826E-04       1.38038E-04       1.34932E-04       6.21199E-06       1.44512E-08       2.32633E-03       3.13897E-07       2.04294E-07
       1.38038E-04       1.44544E-04       1.41291E-04       6.50601E-06       1.54915E-08       2.38111E-03       3.36429E-07       2.19786E-07
       1.44544E-04       1.51356E-04       1.47950E-04       6.81200E-06       1.65806E-08       2.43403E-03       3.60115E-07       2.36366E-07
       1.51356E-04       1.58489E-04       1.54922E-04       7.13300E-06       1.77559E-08       2.48927E-03       3.85643E-07       2.54122E-07
       1.58489E-04       1.65959E-04       1.62224E-04       7.47000E-06       1.90246E-08       2.54680E-03       4.13152E-07       2.73147E-07
       1.65959E-04       1.73780E-04       1.69870E-04       7.82100E-06       2.03945E-08       2.60766E-03       4.42961E-07       2.93541E-07
       1.73780E-04       1.81970E-04       1.77875E-04       8.19000E-06       2.18748E-08       2.67091E-03       4.75088E-07       3.15416E-07
       1.81970E-04       1.90546E-04       1.86258E-04       8.57600E-06       2.34498E-08       2.73435E-03       5.09295E-07       3.38866E-07
       1.90546E-04       1.99526E-04       1.95036E-04       8.98000E-06       2.50821E-08       2.79311E-03       5.44757E-07       3.63948E-07
       1.99526E-04       2.08930E-04       2.04228E-04       9.40399E-06       2.68385E-08       2.85395E-03       5.82857E-07       3.90786E-07
       2.08930E-04       2.18776E-04       2.13853E-04       9.84601E-06       2.87330E-08       2.91824E-03       6.24074E-07       4.19519E-07
       2.18776E-04       2.29087E-04       2.23932E-04       1.03110E-05       3.07772E-08       2.98489E-03       6.68411E-07       4.50297E-07
       2.29087E-04       2.39883E-04       2.34485E-04       1.07960E-05       3.29844E-08       3.05525E-03       7.16410E-07       4.83281E-07
       2.39883E-04       2.51189E-04       2.45536E-04       1.13060E-05       3.53687E-08       3.12831E-03       7.68113E-07       5.18650E-07
       2.51189E-04       2.63027E-04       2.57108E-04       1.18380E-05       3.79457E-08       3.20541E-03       8.24137E-07       5.56595E-07
       2.63027E-04       2.75423E-04       2.69225E-04       1.23960E-05       4.07317E-08       3.28588E-03       8.84640E-07       5.97327E-07
       2.75423E-04       2.88403E-04       2.81913E-04       1.29800E-05       4.36704E-08       3.36443E-03       9.48477E-07       6.40998E-07
       2.88403E-04       3.01995E-04       2.95199E-04       1.35920E-05       4.67410E-08       3.43886E-03       1.01515E-06       6.87739E-07
       3.01995E-04       3.16228E-04       3.09111E-04       1.42330E-05       5.00529E-08       3.51668E-03       1.08705E-06       7.37791E-07
       3.16228E-04       3.31131E-04       3.23680E-04       1.49030E-05       5.36277E-08       3.59845E-03       1.16474E-06       7.91419E-07
       3.31131E-04       3.46737E-04       3.38934E-04       1.56060E-05       5.74890E-08       3.68378E-03       1.24856E-06       8.48908E-07
       3.46737E-04       3.63078E-04       3.54908E-04       1.63410E-05       6.16602E-08       3.77334E-03       1.33919E-06       9.10568E-07
       3.63078E-04       3.80189E-04       3.71634E-04       1.71110E-05       6.61624E-08       3.86666E-03       1.43698E-06       9.76731E-07
       3.80189E-04       3.98107E-04       3.89148E-04       1.79180E-05       7.10092E-08       3.96301E-03       1.54220E-06       1.04774E-06
       3.98107E-04       4.16869E-04       4.07488E-04       1.87620E-05       7.62490E-08       4.06401E-03       1.65604E-06       1.12399E-06
       4.16869E-04       4.36516E-04       4.26692E-04       1.96470E-05       8.19184E-08       4.16951E-03       1.77910E-06       1.20591E-06
       4.36516E-04       4.57088E-04       4.46802E-04       2.05720E-05       8.80560E-08       4.28037E-03       1.91248E-06       1.29396E-06
       4.57088E-04       4.78630E-04       4.67859E-04       2.15420E-05       9.47017E-08       4.39615E-03       2.05678E-06       1.38866E-06
       4.78630E-04       5.01187E-04       4.89909E-04       2.25570E-05       1.01902E-07       4.51751E-03       2.21317E-06       1.49057E-06
       5.01187E-04       5.24808E-04       5.12998E-04       2.36210E-05       1.09706E-07       4.64441E-03       2.38257E-06       1.60027E-06
       5.24808E-04       5.49541E-04       5.37175E-04       2.47330E-05       1.18166E-07       4.77765E-03       2.56643E-06       1.71844E-06
       5.49541E-04       5.75440E-04       5.62491E-04       2.58990E-05       1.27151E-07       4.90951E-03       2.76155E-06       1.84559E-06
       5.75440E-04       6.02560E-04       5.89000E-04       2.71200E-05       1.36568E-07       5.03568E-03       2.96602E-06       1.98216E-06
       6.02560E-04       6.30957E-04       6.16758E-04       2.83970E-05       1.46751E-07       5.16783E-03       3.18730E-06       2.12891E-06
       6.30957E-04       6.60693E-04       6.45825E-04       2.97360E-05       1.57775E-07       5.30586E-03       3.42666E-06       2.28668E-06
       6.60693E-04       6.91831E-04       6.76262E-04       3.11380E-05       1.69717E-07       5.45047E-03       3.68595E-06       2.45640E-06
       6.91831E-04       7.24436E-04       7.08133E-04       3.26050E-05       1.82655E-07       5.60206E-03       3.96700E-06       2.63905E-06
       7.24436E-04       7.58578E-04       7.41507E-04       3.41420E-05       1.96503E-07       5.75545E-03       4.26771E-06       2.83556E-06
       7.58578E-04       7.94328E-04       7.76453E-04       3.57500E-05       2.10813E-07       5.89688E-03       4.57865E-06       3.04637E-06
       7.94328E-04       8.31764E-04       8.13046E-04       3.74360E-05       2.26212E-07       6.04264E-03       4.91295E-06       3.27258E-06
       8.31764E-04       8.70964E-04       8.51364E-04       3.92000E-05       2.42863E-07       6.19549E-03       5.27461E-06       3.51545E-06
       8.70964E-04       9.12011E-04       8.91487E-04       4.10470E-05       2.60877E-07       6.35556E-03       5.66590E-06       3.77632E-06
       9.12011E-04       9.54993E-04       9.33502E-04       4.29820E-05       2.80375E-07       6.52307E-03       6.08930E-06       4.05670E-06
       9.54993E-04       1.00000E-03       9.77497E-04       4.50070E-05       3.01484E-07       6.69861E-03       6.54787E-06       4.35818E-06
       1.00000E-03       1.04713E-03       1.02356E-03       4.71300E-05       3.24354E-07       6.88211E-03       7.04429E-06       4.68254E-06
       1.04713E-03       1.09648E-03       1.07180E-03       4.93500E-05       3.49126E-07       7.07450E-03       7.58248E-06       5.03166E-06
       1.09648E-03       1.14815E-03       1.12231E-03       5.16700E-05       3.75434E-07       7.26600E-03       8.15474E-06       5.40710E-06
       1.14815E-03       1.20226E-03       1.17520E-03       5.41100E-05       4.02776E-07       7.44365E-03       8.74782E-06       5.80987E-06
       1.20226E-03       1.25892E-03       1.23059E-03       5.66600E-05       4.32319E-07       7.63004E-03       9.38946E-06       6.24219E-06
       1.25892E-03       1.31826E-03       1.28859E-03       5.93400E-05       4.64271E-07       7.82391E-03       1.00818E-05       6.70646E-06
       1.31826E-03       1.38038E-03       1.34932E-03       6.21200E-05       4.98829E-07       8.03009E-03       1.08352E-05       7.20529E-06
       1.38038E-03       1.44544E-03       1.41291E-03       6.50599E-05       5.36259E-07       8.24254E-03       1.16460E-05       7.74155E-06
       1.44544E-03       1.51356E-03       1.47950E-03       6.81201E-05       5.76358E-07       8.46091E-03       1.25179E-05       8.31791E-06
       1.51356E-03       1.58489E-03       1.54923E-03       7.13300E-05       6.17806E-07       8.66125E-03       1.34182E-05       8.93571E-06
       1.58489E-03       1.65959E-03       1.62224E-03       7.47000E-05       6.62315E-07       8.86634E-03       1.43833E-05       9.59803E-06
       1.65959E-03       1.73780E-03       1.69870E-03       7.82101E-05       7.10401E-07       9.08323E-03       1.54296E-05       1.03084E-05
       1.73780E-03       1.81970E-03       1.77875E-03       8.18999E-05       7.62382E-07       9.30871E-03       1.65579E-05       1.10708E-05
       1.81970E-03       1.90546E-03       1.86258E-03       8.57600E-05       8.18602E-07       9.54527E-03       1.77788E-05       1.18894E-05
       1.90546E-03       1.99526E-03       1.95036E-03       8.98001E-05       8.79420E-07       9.79309E-03       1.91000E-05       1.27688E-05
       1.99526E-03       2.08930E-03       2.04228E-03       9.40400E-05       9.45264E-07       1.00517E-02       2.05284E-05       1.37141E-05
       2.08930E-03       2.18776E-03       2.13853E-03       9.84600E-05       1.01656E-06       1.03246E-02       2.20795E-05       1.47307E-05
       2.18776E-03       2.29087E-03       2.23932E-03       1.03110E-04       1.09239E-06       1.05944E-02       2.37242E-05       1.58230E-05
       2.29087E-03       2.39883E-03       2.34485E-03       1.07960E-04       1.17114E-06       1.08479E-02       2.54367E-05       1.69942E-05
       2.39883E-03       2.51189E-03       2.45536E-03       1.13060E-04       1.25607E-06       1.11098E-02       2.72786E-05       1.82503E-05
       2.51189E-03       2.63027E-03       2.57108E-03       1.18380E-04       1.34789E-06       1.13861E-02       2.92746E-05       1.95981E-05
       2.63027E-03       2.75423E-03       2.69225E-03       1.23960E-04       1.44717E-06       1.16745E-02       3.14306E-05       2.10453E-05
       2.75423E-03       2.88403E-03       2.81913E-03       1.29800E-04       1.55456E-06       1.19766E-02       3.37636E-05       2.25999E-05
       2.88403E-03       3.01995E-03       2.95199E-03       1.35920E-04       1.66983E-06       1.22854E-02       3.62663E-05       2.42697E-05
       3.01995E-03       3.16228E-03       3.09112E-03       1.42330E-04       1.78896E-06       1.25691E-02       3.88525E-05       2.60587E-05
       3.16228E-03       3.31131E-03       3.23679E-03       1.49030E-04       1.91665E-06       1.28608E-02       4.16278E-05       2.79753E-05
       3.31131E-03       3.46737E-03       3.38934E-03       1.56060E-04       2.05457E-06       1.31652E-02       4.46214E-05       3.00299E-05
       3.46737E-03       3.63078E-03       3.54907E-03       1.63410E-04       2.20355E-06       1.34848E-02       4.78585E-05       3.22334E-05
       3.63078E-03       3.80189E-03       3.71633E-03       1.71110E-04       2.36458E-06       1.38191E-02       5.13564E-05       3.45980E-05
       3.80189E-03       3.98107E-03       3.89148E-03       1.79180E-04       2.53875E-06       1.41687E-02       5.51371E-05       3.71368E-05
       3.98107E-03       4.16869E-03       4.07488E-03       1.87620E-04       2.72714E-06       1.45355E-02       5.92303E-05       3.98639E-05
       4.16869E-03       4.36516E-03       4.26693E-03       1.96470E-04       2.93107E-06       1.49186E-02       6.36567E-05       4.27950E-05
       4.36516E-03       4.57088E-03       4.46802E-03       2.05720E-04       3.14582E-06       1.52918E-02       6.83241E-05       4.59408E-05
       4.57088E-03       4.78630E-03       4.67859E-03       2.15420E-04       3.36075E-06       1.56009E-02       7.29903E-05       4.93015E-05
       4.78630E-03       5.01187E-03       4.89909E-03       2.25570E-04       3.59110E-06       1.59201E-02       7.79939E-05       5.28926E-05
       5.01187E-03       5.24807E-03       5.12997E-03       2.36200E-04       3.83928E-06       1.62544E-02       8.33845E-05       5.67319E-05
       5.24807E-03       5.49541E-03       5.37174E-03       2.47340E-04       4.10673E-06       1.66036E-02       8.91901E-05       6.08387E-05
       5.49541E-03       5.75440E-03       5.62491E-03       2.58990E-04       4.39515E-06       1.69704E-02       9.54567E-05       6.52338E-05
       5.75440E-03       6.02560E-03       5.89000E-03       2.71200E-04       4.70432E-06       1.73463E-02       1.02170E-04       6.99381E-05
       6.02560E-03       6.30957E-03       6.16759E-03       2.83970E-04       5.02372E-06       1.76911E-02       1.09111E-04       7.49618E-05
       6.30957E-03       6.60693E-03       6.45825E-03       2.97360E-04       5.36474E-06       1.80412E-02       1.16515E-04       8.03266E-05
       6.60693E-03       6.91831E-03       6.76262E-03       3.11380E-04       5.73189E-06       1.84080E-02       1.24487E-04       8.60585E-05
       6.91831E-03       7.24436E-03       7.08133E-03       3.26050E-04       6.12733E-06       1.87926E-02       1.33077E-04       9.21858E-05
       7.24436E-03       7.58578E-03       7.41507E-03       3.41420E-04       6.55352E-06       1.91949E-02       1.42332E-04       9.87393E-05
       7.58578E-03       7.94328E-03       7.76453E-03       3.57500E-04       7.01306E-06       1.96170E-02       1.52316E-04       1.05752E-04
       7.94328E-03       8.31764E-03       8.13046E-03       3.74360E-04       7.50882E-06       2.00578E-02       1.63079E-04       1.13261E-04
       8.31764E-03       8.70964E-03       8.51364E-03       3.92000E-04       8.04384E-06       2.05200E-02       1.74700E-04       1.21305E-04
       8.70964E-03       9.12011E-03       8.91487E-03       4.10471E-04       8.61446E-06       2.09868E-02       1.87094E-04       1.29919E-04
       9.12011E-03       9.54993E-03       9.33502E-03       4.29819E-04       9.20636E-06       2.14191E-02       1.99948E-04       1.39126E-04
       9.54993E-03       1.00000E-02       9.77496E-03       4.50070E-04       9.84194E-06       2.18676E-02       2.13755E-04       1.48968E-04
       1.00000E-02       1.04713E-02       1.02357E-02       4.71300E-04       1.05270E-05       2.23362E-02       2.28626E-04       1.59495E-04
       1.04713E-02       1.09648E-02       1.07180E-02       4.93500E-04       1.12654E-05       2.28276E-02       2.44668E-04       1.70760E-04
       1.09648E-02       1.14815E-02       1.12232E-02       5.16700E-04       1.20625E-05       2.33453E-02       2.62007E-04       1.82823E-04
       1.14815E-02       1.20226E-02       1.17521E-02       5.41100E-04       1.29192E-05       2.38759E-02       2.80591E-04       1.95742E-04
       1.20226E-02       1.25892E-02       1.23059E-02       5.66601E-04       1.38186E-05       2.43885E-02       3.00123E-04       2.09561E-04
       1.25892E-02       1.31826E-02       1.28859E-02       5.93399E-04       1.47819E-05       2.49105E-02       3.20994E-04       2.24342E-04
       1.31826E-02       1.38038E-02       1.34932E-02       6.21200E-04       1.58201E-05       2.54670E-02       3.43631E-04       2.40163E-04
       1.38038E-02       1.44544E-02       1.41291E-02       6.50601E-04       1.69409E-05       2.60389E-02       3.67906E-04       2.57103E-04
       1.44544E-02       1.51356E-02       1.47950E-02       6.81199E-04       1.81501E-05       2.66443E-02       3.94203E-04       2.75254E-04
       1.51356E-02       1.58489E-02       1.54923E-02       7.13301E-04       1.94564E-05       2.72766E-02       4.22576E-04       2.94710E-04
       1.58489E-02       1.65959E-02       1.62224E-02       7.47000E-04       2.08676E-05       2.79352E-02       4.53175E-04       3.15578E-04
       1.65959E-02       1.73780E-02       1.69870E-02       7.82100E-04       2.23929E-05       2.86318E-02       4.86367E-04       3.37970E-04
       1.73780E-02       1.81970E-02       1.77875E-02       8.19000E-04       2.40233E-05       2.93325E-02       5.21752E-04       3.61994E-04
       1.81970E-02       1.90546E-02       1.86258E-02       8.57600E-04       2.57082E-05       2.99769E-02       5.58344E-04       3.87702E-04
       1.90546E-02       1.99526E-02       1.95036E-02       8.98000E-04       2.75168E-05       3.06423E-02       5.97636E-04       4.15219E-04
       1.99526E-02       2.08930E-02       2.04228E-02       9.40400E-04       2.94686E-05       3.13363E-02       6.39974E-04       4.44687E-04
       2.08930E-02       2.18776E-02       2.13853E-02       9.84600E-04       3.15757E-05       3.20696E-02       6.85817E-04       4.76263E-04
       2.18776E-02       2.29087E-02       2.23931E-02       1.03110E-03       3.38508E-05       3.28298E-02       7.35163E-04       5.10114E-04
       2.29087E-02       2.39883E-02       2.34485E-02       1.07960E-03       3.62960E-05       3.36198E-02       7.88334E-04       5.46410E-04
       2.39883E-02       2.51189E-02       2.45536E-02       1.13060E-03       3.87899E-05       3.43092E-02       8.42414E-04       5.85200E-04
       2.51189E-02       2.63027E-02       2.57108E-02       1.18380E-03       4.14334E-05       3.50003E-02       8.99887E-04       6.26633E-04
       2.63027E-02       2.75423E-02       2.69225E-02       1.23960E-03       4.42795E-05       3.57207E-02       9.61692E-04       6.70913E-04
       2.75423E-02       2.88403E-02       2.81913E-02       1.29800E-03       4.73462E-05       3.64762E-02       1.02831E-03       7.18259E-04
       2.88403E-02       3.01995E-02       2.95199E-02       1.35920E-03       5.06517E-05       3.72658E-02       1.10008E-03       7.68910E-04
       3.01995E-02       3.16228E-02       3.09112E-02       1.42330E-03       5.42169E-05       3.80924E-02       1.17748E-03       8.23127E-04
       3.16228E-02       3.31131E-02       3.23680E-02       1.49030E-03       5.80635E-05       3.89609E-02       1.26108E-03       8.81191E-04
       3.31131E-02       3.46737E-02       3.38934E-02       1.56060E-03       6.22166E-05       3.98672E-02       1.35123E-03       9.43408E-04
       3.46737E-02       3.63078E-02       3.54908E-02       1.63410E-03       6.66602E-05       4.07932E-02       1.44778E-03       1.01007E-03
       3.63078E-02       3.80189E-02       3.71633E-02       1.71110E-03       7.12576E-05       4.16444E-02       1.54765E-03       1.08133E-03
       3.80189E-02       3.98107E-02       3.89148E-02       1.79180E-03       7.61840E-05       4.25181E-02       1.65458E-03       1.15751E-03
       3.98107E-02       4.16869E-02       4.07488E-02       1.87620E-03       8.14933E-05       4.34353E-02       1.76994E-03       1.23900E-03
       4.16869E-02       4.36516E-02       4.26693E-02       1.96470E-03       8.72186E-05       4.43928E-02       1.89421E-03       1.32622E-03
       4.36516E-02       4.57088E-02       4.46802E-02       2.05720E-03       9.33964E-05       4.53998E-02       2.02847E-03       1.41962E-03
       4.57088E-02       4.78630E-02       4.67859E-02       2.15420E-03       1.00033E-04       4.64362E-02       2.17256E-03       1.51965E-03
       4.78630E-02       5.01187E-02       4.89908E-02       2.25570E-03       1.06746E-04       4.73228E-02       2.31838E-03       1.62640E-03
       5.01187E-02       5.24808E-02       5.12998E-02       2.36210E-03       1.13809E-04       4.81814E-02       2.47170E-03       1.74021E-03
       5.24808E-02       5.49541E-02       5.37174E-02       2.47330E-03       1.21401E-04       4.90847E-02       2.63670E-03       1.86161E-03
       5.49541E-02       5.75440E-02       5.62491E-02       2.58990E-03       1.29566E-04       5.00273E-02       2.81399E-03       1.99117E-03
       5.75440E-02       6.02560E-02       5.89000E-02       2.71200E-03       1.38351E-04       5.10145E-02       3.00475E-03       2.12952E-03
       6.02560E-02       6.30957E-02       6.16758E-02       2.83970E-03       1.47808E-04       5.20506E-02       3.21027E-03       2.27733E-03
       6.30957E-02       6.60693E-02       6.45825E-02       2.97360E-03       1.57995E-04       5.31325E-02       3.43143E-03       2.43533E-03
       6.60693E-02       6.91831E-02       6.76262E-02       3.11380E-03       1.68973E-04       5.42657E-02       3.66978E-03       2.60430E-03
       6.91831E-02       7.24436E-02       7.08134E-02       3.26050E-03       1.80712E-04       5.54245E-02       3.92479E-03       2.78501E-03
       7.24436E-02       7.58578E-02       7.41507E-02       3.41420E-03       1.92795E-04       5.64686E-02       4.18719E-03       2.97781E-03
       7.58578E-02       7.94328E-02       7.76453E-02       3.57500E-03       2.05691E-04       5.75361E-02       4.46740E-03       3.18350E-03
       7.94328E-02       8.31764E-02       8.13046E-02       3.74360E-03       2.19564E-04       5.86506E-02       4.76856E-03       3.40306E-03
       8.31764E-02       8.70964E-02       8.51364E-02       3.92000E-03       2.34494E-04       5.98198E-02       5.09284E-03       3.63756E-03
       8.70964E-02       9.12011E-02       8.91488E-02       4.10470E-03       2.50567E-04       6.10440E-02       5.44199E-03       3.88812E-03
       9.12011E-02       9.54993E-02       9.33502E-02       4.29820E-03       2.67857E-04       6.23185E-02       5.81745E-03       4.15598E-03
       9.54993E-02       1.00000E-01       9.77497E-02       4.50070E-03       2.85940E-04       6.35323E-02       6.21026E-03       4.44192E-03
       1.00000E-01       1.04713E-01       1.02357E-01       4.71300E-03       3.05172E-04       6.47511E-02       6.62770E-03       4.74709E-03
       1.04713E-01       1.09648E-01       1.07180E-01       4.93500E-03       3.25856E-04       6.60296E-02       7.07709E-03       5.07295E-03
       1.09648E-01       1.14815E-01       1.12231E-01       5.16700E-03       3.48138E-04       6.73772E-02       7.56184E-03       5.42109E-03
       1.14815E-01       1.20226E-01       1.17520E-01       5.41100E-03       3.72304E-04       6.88049E-02       8.08599E-03       5.79339E-03
       1.20226E-01       1.25892E-01       1.23059E-01       5.66600E-03       3.99981E-04       7.05933E-02       8.68714E-03       6.19337E-03
       1.25892E-01       1.31826E-01       1.28859E-01       5.93400E-03       4.30622E-04       7.25686E-02       9.35112E-03       6.62399E-03
       1.31826E-01       1.38038E-01       1.34932E-01       6.21200E-03       4.67301E-04       7.52256E-02       1.01503E-02       7.09129E-03
       1.38038E-01       1.44544E-01       1.41291E-01       6.50600E-03       5.08210E-04       7.81140E-02       1.10368E-02       7.59950E-03
       1.44544E-01       1.51356E-01       1.47950E-01       6.81200E-03       5.51409E-04       8.09467E-02       1.19761E-02       8.15091E-03
       1.51356E-01       1.58489E-01       1.54923E-01       7.13300E-03       5.98208E-04       8.38649E-02       1.29926E-02       8.74912E-03
       1.58489E-01       1.65959E-01       1.62224E-01       7.47000E-03       6.49217E-04       8.69099E-02       1.40989E-02       9.39834E-03
       1.65959E-01       1.73780E-01       1.69869E-01       7.82100E-03       7.04828E-04       9.01199E-02       1.53086E-02       1.01032E-02
       1.73780E-01       1.81970E-01       1.77875E-01       8.19000E-03       7.65475E-04       9.34646E-02       1.66250E-02       1.08686E-02
       1.81970E-01       1.90546E-01       1.86258E-01       8.57600E-03       8.31531E-04       9.69602E-02       1.80596E-02       1.17002E-02
       1.90546E-01       1.99526E-01       1.95036E-01       8.98000E-03       9.00830E-04       1.00315E-01       1.95651E-02       1.26010E-02
       1.99526E-01       2.08930E-01       2.04228E-01       9.40400E-03       9.74935E-04       1.03672E-01       2.11728E-02       1.35759E-02
       2.08930E-01       2.18776E-01       2.13853E-01       9.84600E-03       1.05558E-03       1.07209E-01       2.29270E-02       1.46315E-02
       2.18776E-01       2.29087E-01       2.23931E-01       1.03110E-02       1.14337E-03       1.10888E-01       2.48313E-02       1.57749E-02
       2.29087E-01       2.39883E-01       2.34485E-01       1.07960E-02       1.23869E-03       1.14736E-01       2.69039E-02       1.70136E-02
       2.39883E-01       2.51189E-01       2.45536E-01       1.13060E-02       1.33955E-03       1.18482E-01       2.90915E-02       1.83531E-02
       2.51189E-01       2.63027E-01       2.57108E-01       1.18380E-02       1.44835E-03       1.22347E-01       3.14565E-02       1.98015E-02
       2.63027E-01       2.75423E-01       2.69225E-01       1.23960E-02       1.57829E-03       1.27322E-01       3.42784E-02       2.13798E-02
       2.75423E-01       2.88403E-01       2.81913E-01       1.29800E-02       1.88936E-03       1.45559E-01       4.10350E-02       2.32691E-02
       2.88403E-01       3.01995E-01       2.95199E-01       1.35920E-02       2.31104E-03       1.70029E-01       5.01925E-02       2.55802E-02
       3.01995E-01       3.16228E-01       3.09112E-01       1.42330E-02       2.78908E-03       1.95959E-01       6.05731E-02       2.83692E-02
       3.16228E-01       3.31131E-01       3.23680E-01       1.49030E-02       3.32511E-03       2.23117E-01       7.22184E-02       3.16944E-02
       3.31131E-01       3.46737E-01       3.38934E-01       1.56060E-02       3.90852E-03       2.50450E-01       8.48861E-02       3.56029E-02
       3.46737E-01       3.63078E-01       3.54908E-01       1.63410E-02       4.54603E-03       2.78198E-01       9.87344E-02       4.01489E-02
       3.63078E-01       3.80189E-01       3.71633E-01       1.71110E-02       5.25663E-03       3.07207E-01       1.14169E-01       4.54055E-02
       3.80189E-01       3.98107E-01       3.89148E-01       1.79180E-02       6.01880E-03       3.35908E-01       1.30718E-01       5.14243E-02
       3.98107E-01       4.16869E-01       4.07488E-01       1.87620E-02       6.84861E-03       3.65026E-01       1.48744E-01       5.82730E-02
       4.16869E-01       4.36516E-01       4.26692E-01       1.96470E-02       7.77024E-03       3.95493E-01       1.68754E-01       6.60432E-02
       4.36516E-01       4.57088E-01       4.46802E-01       2.05720E-02       8.79312E-03       4.27432E-01       1.90977E-01       7.48363E-02
       4.57088E-01       4.78630E-01       4.67859E-01       2.15420E-02       9.91461E-03       4.60245E-01       2.15330E-01       8.47509E-02
       4.78630E-01       5.01187E-01       4.89909E-01       2.25570E-02       1.11047E-02       4.92293E-01       2.41179E-01       9.58556E-02
       5.01187E-01       5.24808E-01       5.12998E-01       2.36210E-02       1.24147E-02       5.25578E-01       2.69620E-01       1.08270E-01
       5.24808E-01       5.49541E-01       5.37174E-01       2.47330E-02       1.38623E-02       5.60478E-01       3.01075E-01       1.22133E-01
       5.49541E-01       5.75440E-01       5.62490E-01       2.58990E-02       1.54225E-02       5.95485E-01       3.34955E-01       1.37555E-01
       5.75440E-01       6.02560E-01       5.89000E-01       2.71200E-02       1.70747E-02       6.29597E-01       3.70833E-01       1.54630E-01
       6.02560E-01       6.30957E-01       6.16758E-01       2.83970E-02       1.88924E-02       6.65295E-01       4.10326E-01       1.73522E-01
       6.30957E-01       6.60693E-01       6.45825E-01       2.97360E-02       2.08936E-02       7.02635E-01       4.53779E-01       1.94416E-01
       6.60693E-01       6.91831E-01       6.76262E-01       3.11380E-02       2.30962E-02       7.41737E-01       5.01609E-01       2.17512E-01
       6.91831E-01       7.24436E-01       7.08133E-01       3.26050E-02       2.55200E-02       7.82703E-01       5.54259E-01       2.43032E-01
       7.24436E-01       7.58578E-01       7.41507E-01       3.41420E-02       2.81947E-02       8.25808E-01       6.12342E-01       2.71227E-01
       7.58578E-01       7.94328E-01       7.76453E-01       3.57500E-02       3.11509E-02       8.71353E-01       6.76565E-01       3.02378E-01
       7.94328E-01       8.31764E-01       8.13046E-01       3.74360E-02       3.45602E-02       9.23181E-01       7.50589E-01       3.36938E-01
       8.31764E-01       8.70964E-01       8.51364E-01       3.92000E-02       4.95237E-02       1.26336E+00       1.07558E+00       3.86461E-01
       8.70964E-01       9.12011E-01       8.91487E-01       4.10470E-02       4.10987E-02       1.00126E+00       8.92610E-01       4.27560E-01
       9.12011E-01       9.54993E-01       9.33502E-01       4.29820E-02       3.86507E-02       8.99229E-01       8.39432E-01       4.66211E-01
       9.54993E-01       1.00000E+00       9.77497E-01       4.50070E-02       3.80404E-02       8.45210E-01       8.26190E-01       5.04251E-01
       1.00000E+00       1.04713E+00       1.02357E+00       4.71300E-02       3.74686E-02       7.95005E-01       8.13739E-01       5.41720E-01
       1.04713E+00       1.09648E+00       1.07181E+00       4.93500E-02       3.68343E-02       7.46389E-01       7.99983E-01       5.78554E-01
       1.09648E+00       1.14815E+00       1.12231E+00       5.16700E-02       3.61232E-02       6.99114E-01       7.84627E-01       6.14677E-01
       1.14815E+00       1.20226E+00       1.17520E+00       5.41100E-02       3.52050E-02       6.50619E-01       7.64610E-01       6.49882E-01
       1.20226E+00       1.25892E+00       1.23059E+00       5.66600E-02       3.39922E-02       5.99934E-01       7.38272E-01       6.83874E-01
       1.25892E+00       1.31826E+00       1.28859E+00       5.93400E-02       3.24449E-02       5.46763E-01       7.04554E-01       7.16319E-01
       1.31826E+00       1.38038E+00       1.34932E+00       6.21200E-02       3.05198E-02       4.91304E-01       6.62927E-01       7.46839E-01
       1.38038E+00       1.44544E+00       1.41291E+00       6.50600E-02       2.81801E-02       4.33139E-01       6.11987E-01       7.75019E-01
       1.44544E+00       1.51356E+00       1.47950E+00       6.81200E-02       2.56179E-02       3.76071E-01       5.56396E-01       8.00637E-01
       1.51356E+00       1.58489E+00       1.54923E+00       7.13300E-02       2.26930E-02       3.18141E-01       4.92872E-01       8.23330E-01
       1.58489E+00       1.65959E+00       1.62224E+00       7.47000E-02       1.92900E-02       2.58233E-01       4.18916E-01       8.42620E-01
       1.65959E+00       1.73780E+00       1.69869E+00       7.82100E-02       1.54809E-02       1.97940E-01       3.36240E-01       8.58101E-01
       1.73780E+00       1.81970E+00       1.77875E+00       8.19000E-02       1.14826E-02       1.40202E-01       2.49385E-01       8.69584E-01
       1.81970E+00       1.90546E+00       1.86258E+00       8.57600E-02       1.04433E-02       1.21773E-01       2.26813E-01       8.80027E-01
       1.90546E+00       1.99526E+00       1.95036E+00       8.98000E-02       1.00622E-02       1.12051E-01       2.18541E-01       8.90089E-01
       1.99526E+00       2.08930E+00       2.04228E+00       9.40400E-02       9.57912E-03       1.01862E-01       2.08031E-01       8.99668E-01
       2.08930E+00       2.18776E+00       2.13853E+00       9.84600E-02       8.98083E-03       9.12130E-02       1.95062E-01       9.08649E-01
       2.18776E+00       2.29087E+00       2.23932E+00       1.03110E-01       8.28060E-03       8.03084E-02       1.79836E-01       9.16930E-01
       2.29087E+00       2.39883E+00       2.34485E+00       1.07960E-01       7.95616E-03       7.36954E-02       1.72805E-01       9.24886E-01
       2.39883E+00       2.51189E+00       2.45536E+00       1.13060E-01       7.75912E-03       6.86283E-02       1.68507E-01       9.32645E-01
       2.51189E+00       2.63027E+00       2.57108E+00       1.18380E-01       7.49768E-03       6.33357E-02       1.62841E-01       9.40143E-01
       2.63027E+00       2.75423E+00       2.69225E+00       1.23960E-01       7.15835E-03       5.77472E-02       1.55470E-01       9.47301E-01
       2.75423E+00       2.88403E+00       2.81913E+00       1.29800E-01       6.72057E-03       5.17763E-02       1.45964E-01       9.54022E-01
       2.88403E+00       3.01995E+00       2.95199E+00       1.35920E-01       6.18615E-03       4.55131E-02       1.34354E-01       9.60208E-01
       3.01995E+00       3.16228E+00       3.09111E+00       1.42330E-01       5.60690E-03       3.93936E-02       1.21770E-01       9.65815E-01
       3.16228E+00       3.31131E+00       3.23679E+00       1.49030E-01       5.01541E-03       3.36537E-02       1.08930E-01       9.70830E-01
       3.31131E+00       3.46737E+00       3.38934E+00       1.56060E-01       4.36460E-03       2.79675E-02       9.47913E-02       9.75195E-01
       3.46737E+00       3.63078E+00       3.54908E+00       1.63410E-01       3.84185E-03       2.35105E-02       8.34406E-02       9.79036E-01
       3.63078E+00       3.80189E+00       3.71633E+00       1.71110E-01       3.30623E-03       1.93222E-02       7.18079E-02       9.82343E-01
       3.80189E+00       3.98107E+00       3.89148E+00       1.79180E-01       2.91137E-03       1.62483E-02       6.32299E-02       9.85254E-01
       3.98107E+00       4.16869E+00       4.07488E+00       1.87620E-01       2.54398E-03       1.35592E-02       5.52522E-02       9.87798E-01
       4.16869E+00       4.36516E+00       4.26692E+00       1.96470E-01       2.25701E-03       1.14878E-02       4.90176E-02       9.90055E-01
       4.36516E+00       4.57088E+00       4.46802E+00       2.05720E-01       2.00133E-03       9.72843E-03       4.34668E-02       9.92056E-01
       4.57088E+00       4.78630E+00       4.67859E+00       2.15420E-01       1.75736E-03       8.15785E-03       3.81672E-02       9.93814E-01
       4.78630E+00       5.00000E+00       4.89315E+00       2.13700E-01       1.44675E-03       6.77000E-03       3.31266E-02       9.95260E-01
       5.00000E+00       5.20000E+00       5.10000E+00       2.00000E-01       1.11435E-03       5.57173E-03       2.84158E-02       9.96375E-01
       5.20000E+00       5.40000E+00       5.30000E+00       2.00000E-01       9.06721E-04       4.53360E-03       2.40281E-02       9.97282E-01
       5.40000E+00       5.60000E+00       5.50000E+00       2.00000E-01       7.22317E-04       3.61158E-03       1.98637E-02       9.98004E-01
       5.60000E+00       5.80000E+00       5.70000E+00       2.00000E-01       5.65035E-04       2.82518E-03       1.61035E-02       9.98569E-01
       5.80000E+00       6.00000E+00       5.90000E+00       2.00000E-01       4.33792E-04       2.16896E-03       1.27969E-02       9.99003E-01
       6.00000E+00       6.20000E+00       6.10000E+00       2.00000E-01       3.24707E-04       1.62353E-03       9.90356E-03       9.99327E-01
       6.20000E+00       6.40000E+00       6.30000E+00       2.00000E-01       2.36632E-04       1.18316E-03       7.45392E-03       9.99564E-01
       6.40000E+00       6.60000E+00       6.50000E+00       2.00000E-01       1.68683E-04       8.43415E-04       5.48220E-03       9.99733E-01
       6.60000E+00       6.80000E+00       6.70000E+00       2.00000E-01       1.19533E-04       5.97665E-04       4.00435E-03       9.99852E-01
       6.80000E+00       7.00000E+00       6.90000E+00       2.00000E-01       8.15227E-05       4.07614E-04       2.81253E-03       9.99934E-01
       7.00000E+00       7.20000E+00       7.10000E+00       2.00000E-01       5.07528E-05       2.53764E-04       1.80172E-03       9.99985E-01
       7.20000E+00       7.40000E+00       7.30000E+00       2.00000E-01       1.55864E-05       7.79320E-05       5.68904E-04       1.00000E+00

 Sum =                                                                         1.00000E+00
 Renormalization bin#  1004 =                                                  8.38756E-02 barn        2.56000E+07        2.58000E+07        2.57000E+07
 Avg. Energy     bin#  1004 =                                                  1.19256E+00 MeV         2.56000E+07        2.58000E+07
